Cases/SDM_Urocitellus_beldingi/westernUsClimate_modern/BIO04.asc
NCOLS 316 
NROWS 299 
XLLCORNER -124.820833001 
YLLCORNER 29.1625003333339 
CELLSIZE 0.0666666666645545 
NODATA_value -3.4e+38 
[rows 96 to 119 of 299, columns 0 to 54 of 316]
-3.4e+38 -3.4e+38 -3.4e+38 -3.4e+38 26193.2666666667 27450.0483870968 38042.71875 45088.296875 49226.140625 51862.140625 52546.140625 51521.109375 50050.203125 51519.34375 55098.125 55028.234375 57178.9375 56676.734375 56826.59375 59649.21875 60233.203125 59776.84375 58483.015625 56193.6875 56045.6875 57254.5 58132.21875 56468.71875 58448.6875 60024.1875 60542.765625 60865.40625 60436.65625 59667.890625 61550.234375 59813.515625 60382.78125 61588.6875 64453.96875 66306.234375 65164.25 63543.109375 65733.59375 65084.859375 65646.640625 65207.84375 65108.6875 64542.9375 65127.0625 65132.265625 65582.640625 66279.71875 66375.796875 66095.359375 66412
-3.4e+38 -3.4e+38 -3.4e+38 -3.4e+38 -3.4e+38 26496.6666666667 32978.921875 42247.09375 47505.015625 52633.125 53701.828125 53234.09375 50085.734375 51336.6875 55249.75 55839.703125 56411.203125 56022.5625 58940.703125 56795.390625 60349.3125 59870.8125 59982.75 58041.71875 59279.1875 59545.40625 59915.65625 59654.703125 59747.140625 61353.40625 61193.59375 60875.1875 60888.609375 60108.671875 61517.09375 60481.390625 61643.234375 62407.296875 63908.390625 64322.859375 62632.015625 63911.40625 65418.75 66750.453125 66259.109375 65426.140625 66542.703125 65813 65777.5625 65843.859375 65505.890625 66913.109375 66708.921875 66086.984375 66256.171875
-3.4e+38 -3.4e+38 -3.4e+38 -3.4e+38 23757 25344.5636363636 34030.5625 43641.296875 45866.46875 50835.921875 52875 54818.125 50346.921875 52912.75 56208.90625 56795.6875 56842.53125 56973.59375 58098.546875 58841.546875 60581.546875 60883.265625 60707.984375 59081.265625 60959.78125 60105.3125 60724.90625 61902.8125 62946.5 63136.546875 62529.703125 61538.71875 61785.578125 62161.28125 60706.546875 59780.203125 61178.796875 63249.109375 63884.6875 63824.9375 63154.234375 64943.59375 65952.375 67112.359375 64935.53125 64928.640625 65547.0625 66181.296875 67403.09375 66976.4375 66800.09375 67423.84375 67730.34375 67500.984375 67182.640625
-3.4e+38 -3.4e+38 -3.4e+38 -3.4e+38 24015 25105.671875 35657.171875 41405.546875 46024.203125 51748.515625 55321.671875 52659.25 50363.59375 54358.140625 56479.984375 55932.96875 56334.046875 55460.421875 55667.296875 59436.671875 61494.15625 61736.25 61009.78125 60225.453125 61328.859375 61377.328125 61863.140625 63110.65625 64375.96875 64255.484375 63565.390625 62368.5625 61614.6875 61824.4375 63413.8125 62281.640625 62034.21875 63265.578125 64721.484375 62919.0625 63628.375 65233.359375 66484.421875 66994.359375 64836.546875 65235.578125 66500.40625 66917.390625 67429.59375 67845.421875 67728.15625 67952.921875 67707.375 67621.796875 67537.609375
-3.4e+38 -3.4e+38 -3.4e+38 -3.4e+38 23624.5625 24697.25 37119.65625 42122.515625 50211.90625 52882.984375 54919.6875 52836.625 52722.8125 56270.609375 57287.296875 56856.03125 56104.6875 56430.5625 57295.640625 60277.828125 60905.796875 60665.84375 60617.625 59014.71875 60587.015625 61785.640625 62532.9375 63220.09375 64803.4375 65007.515625 62956.53125 62513.03125 62295.828125 60500.5 62382.453125 63567.890625 63071.375 61916.6875 61738.515625 62419.09375 63057.015625 63547.59375 64488.6875 65785.8125 66754.125 64765.171875 66289.625 68442.96875 67956.609375 68529.609375 68293.40625 68304.015625 68002.328125 68029.671875 67627.640625
-3.4e+38 -3.4e+38 -3.4e+38 -3.4e+38 22735.625 24251.328125 40002.984375 41610.328125 48948 52800.609375 55758.6875 53632.328125 51993.703125 56651.96875 58681.453125 58628.546875 58060.046875 57998.484375 59352.53125 59572.390625 59841.0625 59639.109375 59667.28125 59056.140625 58298.828125 60339.84375 62299.703125 63675.46875 62934.28125 62989.0625 62698.546875 63149.84375 63673.921875 62956.890625 62712.203125 63459.125 62718 61122.21875 60402.765625 61696.734375 62405.109375 62557.34375 63187.859375 65767.765625 67652.609375 66050.46875 66591.15625 67997.328125 68874.28125 69599.28125 69599.125 69486.65625 69004.390625 68103.96875 68034.5625
-3.4e+38 -3.4e+38 -3.4e+38 -3.4e+38 22590 23566.46875 32657.421875 41829.828125 46965.40625 51727.59375 52890.875 53323.015625 55040.484375 57210.890625 57706.84375 58877.359375 59034.609375 59086.3125 59705.984375 59441.625 59193.453125 57551.765625 56221.78125 59135.109375 59500.71875 60400.25 62622.609375 62703.78125 63097.6875 62690.203125 62122.578125 62804.859375 62885.234375 63506.734375 63653 64567.875 64107.109375 63552.71875 62204.953125 61783.03125 62722.640625 63281.46875 63580.984375 65398.515625 68022.203125 66952.53125 67484.65625 69051.546875 69131.953125 69867.390625 70115.328125 69877.21875 69758.984375 68963.203125 69609.484375
-3.4e+38 -3.4e+38 -3.4e+38 -3.4e+38 -3.4e+38 23100.0333333333 27287.828125 42227.234375 43619.484375 48949.15625 50446.265625 52191.203125 55132.0625 55856.859375 56172.5625 58262.6875 58878.5625 59324.359375 59935.9375 59534.515625 59119.75 57337.515625 57212.921875 57362.375 57483.109375 58100.6875 60725.265625 61757.796875 61516.859375 62197.84375 63062.3125 61524.96875 61383.3125 63085.265625 64143.4375 65825.84375 65614.53125 64781.625 64494.625 65620.921875 64093.078125 64469.8125 64353.40625 65071.546875 67015.859375 69944.6875 68916.75 68427.28125 68484.5625 69018.578125 68506.515625 68512.640625 68462.3125 69283.4375 70036.75
-3.4e+38 -3.4e+38 -3.4e+38 -3.4e+38 -3.4e+38 22998 23254.4126984127 37732.28125 43467.40625 42651.421875 46889.296875 48854.171875 51596.796875 54291.203125 55620.46875 56284.125 58657.046875 59552.59375 59346.890625 59211.03125 58212.015625 57461.3125 57331.53125 56080.28125 55501.90625 57958.578125 60577.984375 59812.109375 61991.875 61694.640625 60006.6875 61973.640625 63141.75 64022.265625 65088.46875 65808.1875 66268.578125 65630.3125 65593.3125 65047.625 64958.671875 65166.140625 65561.546875 66515.171875 68240.640625 68833.375 68900.890625 68771.796875 70218.078125 67685.453125 67876.28125 69369.625 68124.625 66401.171875 67938.921875
-3.4e+38 -3.4e+38 -3.4e+38 -3.4e+38 -3.4e+38 -3.4e+38 21298.025 24599.4375 34650.3125 40754.734375 43102.625 44092.671875 50861.875 54349.34375 55671.125 55675.875 57723.5 58912.3125 59198.375 58666.75 57354.71875 56150.890625 55282.453125 55541.609375 57796.484375 59915.5625 58596.15625 58362.5 58544.484375 58448.90625 58919.078125 60944.078125 64059.109375 64777.328125 64939.09375 65727.140625 67410.5 66760.40625 65955.859375 65346.171875 65026.328125 65441.890625 67852.171875 66776.546875 66162.09375 65986.0625 67297.828125 66826.015625 67852 67943.765625 67919.3125 68453.625 70350 66253.234375 66069.578125
-3.4e+38 -3.4e+38 -3.4e+38 -3.4e+38 -3.4e+38 -3.4e+38 20694 21262.8292682927 22347.4375 34643.671875 42595.078125 43651.46875 49782.15625 53701.484375 54446.921875 54755.578125 54727.421875 57086.453125 59013.46875 59307.890625 59582.4375 58429.796875 58579.625 58902.796875 60040.53125 61021.75 59179.859375 59475.046875 59278.515625 59865.78125 64395.875 65311.734375 67803.15625 66826.4375 67284.5625 68332.875 68187.6875 67845.28125 66757.46875 67224.828125 66974.921875 67077.875 66963.296875 66518.84375 64355.609375 63752.40625 65105.359375 66188.109375 66720.515625 67108.28125 67249.484375 66689.515625 67763.046875 67846.609375 67809.71875
-3.4e+38 -3.4e+38 -3.4e+38 -3.4e+38 -3.4e+38 -3.4e+38 -3.4e+38 -3.4e+38 21963.1136363636 27091.21875 37761.734375 43154.90625 50850.71875 53295.34375 55171.90625 55768.3125 55577.578125 57538.921875 58947.546875 59897.5625 61812.828125 62956.90625 63658.4375 62994.1875 62898.34375 62033.375 62195.609375 60891.984375 61888.046875 68298.25 67738.625 66105.6875 66340.453125 68494.53125 69013.796875 68771.734375 69040.015625 68708.75 68057.875 68061.78125 67657.640625 67417.21875 66756.359375 66325.8125 66496.734375 64862.109375 65572.046875 66552.734375 67856.875 67379.1875 67376.25 66978.21875 67771.546875 68700.078125 69958.3125
-3.4e+38 -3.4e+38 -3.4e+38 -3.4e+38 -3.4e+38 -3.4e+38 -3.4e+38 19431.6666666667 20699.6290322581 23027.296875 33135.390625 42472.34375 47235.6875 51411.328125 54713.203125 56666.234375 56446.046875 58313.25 60618.15625 62862.921875 63680.546875 64747.5625 63982.40625 65061.453125 64922.96875 66807.78125 68034.296875 65861.390625 67223.15625 69365.65625 69829.453125 69534.578125 67886 69543 69702.046875 69933.328125 69109.6875 68215.375 65806.484375 67700.234375 66682.4375 66069.515625 66208.328125 66494.125 68609.390625 66838.90625 66809.671875 68270.640625 68490.796875 66835.046875 66890.078125 67078.53125 67668.640625 69554.390625 70892.390625
-3.4e+38 -3.4e+38 -3.4e+38 -3.4e+38 -3.4e+38 -3.4e+38 -3.4e+38 19397.4285714286 20316.171875 22965.375 33547.0625 42668.421875 46071.75 51419.609375 54544.828125 55647.65625 56940.078125 59305.078125 63113.21875 64310.84375 64196.3125 63355.65625 63229.046875 64301.453125 65270.046875 65637.765625 68190.8125 68041 69443.125 69613.265625 69376.5 69990.375 70460.859375 70665 70768.703125 71228.578125 68679.140625 67342.78125 66422.375 66898.265625 67263.3125 65592.625 65996.234375 67995.296875 69687.203125 68398.921875 68469.234375 69367.890625 68224.984375 67213.65625 67252.59375 67050.34375 68051.46875 70445.640625 71246.375
-3.4e+38 -3.4e+38 -3.4e+38 -3.4e+38 -3.4e+38 -3.4e+38 -3.4e+38 -3.4e+38 20386.6875 22615.140625 38838.453125 43649.125 47286.25 50828.640625 55802.5625 57557.859375 56578.703125 59972.4375 63310.359375 63652.46875 63457.03125 63774.8125 64664.4375 64255.875 63776.703125 65011.953125 66588.203125 69243.796875 69371.859375 68195.828125 68387.625 68854.84375 70732.84375 71466.671875 71357.53125 71013.796875 69299.234375 67074.828125 67290.296875 67869.515625 68436.015625 68272.71875 67463.3125 68771.375 67604.46875 68107.90625 69259.046875 70001.265625 71367.46875 70825.453125 68555.53125 67870.9375 68047.984375 69575.21875 70511.59375
-3.4e+38 -3.4e+38 -3.4e+38 -3.4e+38 -3.4e+38 -3.4e+38 -3.4e+38 -3.4e+38 20614 21799.56 34612.28125 42281.765625 47930.609375 55008.890625 57309.03125 57223.09375 57416.1875 60856.5 63828.40625 62993.671875 63392.421875 64813.9375 66040.515625 64264.1875 64937.03125 68759.296875 69036.921875 69661.875 70293.703125 69567.453125 68658.546875 68622.859375 69218.59375 70663.671875 70545.828125 70283.8125 69274.703125 67012.296875 65408.953125 65551.5 68595 69696.734375 68770.203125 67446.46875 67235.890625 69486.828125 70499.609375 70583.0625 70219 70764.453125 70656.515625 68464.765625 68041.515625 68382.953125 70016.765625
-3.4e+38 -3.4e+38 -3.4e+38 -3.4e+38 -3.4e+38 -3.4e+38 -3.4e+38 -3.4e+38 -3.4e+38 20765.8333333333 23291.453125 36687.84375 43260.328125 50349.828125 58791.9375 59683.984375 58656.5 61927.203125 63257.71875 63047.390625 65007.59375 65075.578125 66495.140625 66998.046875 67389.140625 68240.859375 67880.203125 69953.578125 68924.046875 67596.78125 67684.296875 68797.171875 66871.5 68193.890625 69421.828125 69404.671875 68764.203125 66736.78125 65329.859375 64333.046875 64275.34375 68732.9375 68037.921875 67827.328125 68244.703125 67826.796875 68914.390625 66366.5625 66494.03125 67875.5625 70861.265625 69647.0625 69247.203125 69427.015625 70623.515625
-3.4e+38 -3.4e+38 -3.4e+38 -3.4e+38 -3.4e+38 -3.4e+38 -3.4e+38 -3.4e+38 -3.4e+38 20146.3333333333 21105.3833333333 29595.4375 37953.890625 49855.21875 56656.609375 59426.9375 59942.25 61803.25 64125.796875 62913.953125 66316.515625 68469.765625 68139.34375 67595.140625 68416.734375 67218.828125 66767.84375 69334.328125 67874.765625 66971.796875 67866.421875 66861.8125 65707.0625 67478.78125 68705.328125 68914.625 67641.359375 65380.953125 64165.828125 61806 60319.34375 62879.796875 61785.765625 68604.734375 68897.796875 68128.609375 69138.8125 69490.625 69622.359375 69602.4375 69931.53125 69554.796875 68903 69825.171875 70398.703125
-3.4e+38 -3.4e+38 -3.4e+38 -3.4e+38 -3.4e+38 -3.4e+38 -3.4e+38 -3.4e+38 -3.4e+38 -3.4e+38 20660.5853658537 30322.546875 40977.640625 43721.65625 52414.296875 57498.09375 59491.578125 59598.34375 62929.25 63162.15625 65431.640625 66615.078125 67515.453125 68371.75 67418.75 67485.59375 65542.578125 65792.625 67738.140625 66507.40625 66539.546875 63872.96875 62289 65795.953125 66207.625 67383.609375 65811.953125 62385.90625 60882.53125 59493.296875 59886.703125 60157.859375 59047.734375 63709.5 70058.875 70216.8125 70512.890625 71238.625 72544.6875 72650.421875 70887.25 69609.625 69364.828125 69559.125 70027.296875
-3.4e+38 -3.4e+38 -3.4e+38 -3.4e+38 -3.4e+38 -3.4e+38 -3.4e+38 -3.4e+38 -3.4e+38 -3.4e+38 21158.475 28649.828125 35817.59375 40700.5 49548.109375 59470.8125 61623.71875 62852.265625 65910.25 64500.6875 64863.046875 66300.890625 68311.53125 65252.640625 66323.40625 67670.015625 65729.390625 64889.171875 66928.859375 65579.4375 64824.203125 65139.1875 64929.140625 61128.890625 63156.4375 64207.109375 64714.03125 60896.265625 60139.125 57548.359375 60317.578125 65529.3125 66680.15625 67647.265625 69449.578125 68772.546875 68774.15625 68696.078125 69126.8125 70458.421875 70090.84375 69609.59375 69500.984375 69280.15625 70038.109375
-3.4e+38 -3.4e+38 -3.4e+38 -3.4e+38 -3.4e+38 -3.4e+38 -3.4e+38 -3.4e+38 -3.4e+38 -3.4e+38 21176.9230769231 28605.609375 32811.84375 40020.484375 45198.953125 59294.265625 59777.9375 62791.0625 63708.921875 64343.1875 67963.6875 67434.453125 68254.75 66005.125 68025.703125 66996.046875 68883.96875 62961.6875 65349.765625 65083.734375 63426.109375 63303.640625 61221.734375 61142.734375 61974.71875 62142.765625 62829.59375 64029.578125 61737.515625 61679.953125 61742.84375 64964.0625 63075.953125 63630.203125 65804.34375 68659.71875 69099.921875 68450.515625 67366.296875 69048.59375 70226.296875 69582.5 68772.40625 68241.84375 68685.75
-3.4e+38 -3.4e+38 -3.4e+38 -3.4e+38 -3.4e+38 -3.4e+38 -3.4e+38 -3.4e+38 -3.4e+38 20651.6153846154 21571.078125 31188.359375 35339.5625 41110.1875 49082.671875 54172.796875 59681.203125 58344.734375 60053.71875 65323.53125 68718.8125 69786.921875 67774.03125 67937.734375 68676.9375 67511.90625 66147 62857.25 61859.875 63664.140625 61981.90625 60990.765625 61693.9375 59626.328125 59778.625 59531.890625 63395.078125 65397.875 64554.5625 64551.875 64453.328125 63223.1875 62691.5625 62644.078125 63487.046875 65832.59375 68758.484375 67762.390625 67259.84375 67612.390625 68260.421875 68063.21875 68361.203125 68507.234375 67884
-3.4e+38 -3.4e+38 -3.4e+38 -3.4e+38 -3.4e+38 -3.4e+38 -3.4e+38 -3.4e+38 -3.4e+38 20748.59375 23858.96875 35731.25 38044.390625 42469.375 50267.96875 56193.25 58097.515625 60352.359375 62653.5625 62930.34375 65388.03125 67784.0625 67838.828125 67617.890625 68024.046875 67869.75 67744.09375 62944.328125 60201.03125 60955.71875 61299.03125 63347.328125 65368.53125 60655.71875 58392.03125 62219.84375 65664.8125 65556.6875 64951.21875 65566.1875 64447.25 63876.53125 61950.78125 61515 62141.03125 65314.40625 67675.078125 67966.0625 67801.453125 67400.640625 67862.828125 67438.328125 66359.453125 68246.984375 67709
-3.4e+38 -3.4e+38 -3.4e+38 -3.4e+38 -3.4e+38 -3.4e+38 -3.4e+38 -3.4e+38 -3.4e+38 20658.3333333333 27187.0625 33621.078125 37489.46875 45684.671875 52910.828125 53136.953125 57331.234375 60788.609375 60714.609375 63181.140625 63654.96875 66452.390625 66296.734375 67634.65625 68172.875 67352.3125 65951.140625 62090.71875 61173.828125 64360.28125 66563.984375 68263.84375 67088.34375 65045.015625 63753.0625 64254.515625 68051.921875 67330.3125 69598.953125 67222.390625 65779.609375 64362.21875 61901.09375 63612.3125 64248.53125 65092.171875 66710.921875 68426.8125 67988.15625 67166.828125 67286.09375 66852.921875 66814.671875 65326.234375 67727.59375
