Cases/SDM_Urocitellus_beldingi/westernUsClimate_modern/BIO05.asc
NCOLS 316 
NROWS 299 
XLLCORNER -124.820833001 
YLLCORNER 29.1625003333339 
CELLSIZE 0.0666666666645545 
NODATA_value -3.4e+38 
[rows 105 to 125 of 299, columns 46 to 91 of 316]
2855.78467941284 2849.38097000122 2841.14247894287 2871.79647064209 2898.40526580811 2881.61357116699 2747.17186737061 2848.28369903564 2880.58760452271 2853.79276657104 2847.83955764771 2770.39189910889 2697.09795761108 2643.77979278564 2638.92081451416 2625.32782363892 2583.87850952148 2611.34852981567 2808.48467636108 2827.93016433716 2858.09706878662 2829.07441711426 2330.88740539551 2465.06591415405 2602.47744750977 2676.00263977051 2838.29180145264 2980.07774734497 3019.60038375854 3076.66669464111 2680.94258499146 2719.39209365845 2837.82852554321 2918.75391387939 2726.41415405273 2691.49042510986 2753.79295730591 2744.82207870483 2747.60966491699 2747.43309402466 2718.88496780396 2944.46797180176 3039.14033889771 3043.88495635986 3068.03038024902 2689.74100494385
2858.05554580688 2873.88604354858 2895.46026611328 2921.29618835449 2925.92860412598 2913.6865234375 2843.24628067017 2801.37158203125 2892.29452514648 2929.48740768433 2900.1201133728 2867.33721542358 2756.75380706787 2710.19795608521 2697.55312347412 2607.56336975098 2662.30107879639 2693.99257278442 2761.3307800293 2847.10750961304 2872.92421722412 2900.98984909058 2530.18211364746 2203.54697227478 2347.4909362793 2722.50030136108 2854.94063186646 2840.90664291382 2766.93475341797 3009.87911224365 2611.69044113159 2739.68719863892 2796.74463653564 2909.60908126831 2671.98455429077 2674.017578125 2697.97333908081 2756.81092834473 2842.16747283936 2849.06114959717 2832.09784698486 2944.62852096558 3084.81650924683 3138.77382278442 3159.94678115845 2864.58397293091
2875.51582717896 2903.68047332764 2910.97665023804 2936.66240692139 2932.47870254517 2925.68526077271 2902.63270568848 2874.61826705933 2895.58652496338 2970.2304725647 2994.9257774353 2952.6455078125 2871.85077667236 2817.59512710571 2727.43769073486 2689.0410194397 2682.66767120361 2672.65928649902 2795.58359146118 2886.10321807861 2918.58241653442 2877.22226333618 2380.93398094177 2409.53964805603 2564.67069625854 2801.45518875122 2829.76727294922 2786.38847732544 2604.23789978027 2835.30876922607 2741.28349304199 2726.39354324341 2793.04188156128 2845.99530029297 2721.01611709595 2647.99335098267 2639.12353134155 2799.74042892456 2889.84608840942 2838.91201782227 2840.0544090271 3016.26316833496 3220.36210250854 3226.38946151733 3231.39598846436 3149.53730010986
2873.10848617554 2881.33633041382 2892.58633422852 2932.41249847412 2929.04824829102 2923.63466644287 2920.89238739014 2873.01749420166 2930.64823150635 2985.50389862061 2993.90596389771 2969.07333374023 2882.05595397949 2808.67392730713 2799.93231582642 2809.27421569824 2799.65115356445 2776.33984375 2844.7194480896 2929.08182144165 2942.69432449341 2834.39639663696 2534.60791397095 2684.48184204102 2993.724609375 2885.99296951294 2789.3161239624 2674.59716415405 2650.80294036865 2748.47179031372 2731.6904335022 2700.72989273071 2711.68162536621 2784.99677658081 2738.65438079834 2552.98007202148 2631.21620559692 2793.05029296875 2817.51057434082 2890.27286148071 3044.50371932983 3070.0869102478 3024.52313613892 3228.93309783936 3279.40781021118 3232.49668884277
2859.00712585449 2866.05058288574 2894.69102478027 2919.84259796143 2924.16999816895 2924.83556365967 2916.01934432983 2873.59180831909 2919.63427352905 2967.0791015625 2968.91288375854 2948.15673446655 2885.33739852905 2818.32557678223 2859.29922866821 2851.40781402588 2851.05557250977 2828.87313079834 2880.30791091919 2959.87110137939 2960.8629989624 2648.14804077148 2694.81649780273 2823.22322463989 3024.01454925537 2913.6311416626 2760.1467666626 2646.6279258728 2704.99161529541 2779.74287033081 2810.7685508728 2672.61308288574 2677.13095474243 2780.31289672852 2777.32598495483 2721.21708679199 2725.84763717651 2752.48038482666 2762.37207794189 2926.02646636963 2965.09581375122 3025.94834899902 2823.44101333618 3165.53233337402 3262.10889053345 3142.57255554199
2834.69638061523 2854.07275772095 2875.61709594727 2900.1767539978 2912.78896713257 2922.43818283081 2931.09971237183 2935.22109603882 2936.05204391479 2946.21406555176 2943.44765090942 2915.09501647949 2883.11114501953 2888.08260345459 2872.87967681885 2841.76679611206 2889.67938613892 2857.59441757202 2906.09072113037 2984.73283004761 2971.39268112183 2681.25547409058 2451.22305297852 2985.04851913452 3045.23320388794 2917.79415130615 2711.55165863037 2662.20049285889 2816.8874130249 2822.18007278442 2710.19521713257 2669.22773361206 2762.36172103882 2722.49003219604 2734.9196395874 2736.25116729736 2703.79639816284 2696.68729782104 2797.46982192993 2835.27196884155 2775.41641235352 2777.14472579956 3094.15839385986 3203.93788909912 2981.35861968994 2760.56072616577
2765.67744064331 2723.0478553772 2718.96854782104 2780.04278564453 2873.78584289551 2907.50096893311 2926.43534469604 2956.35242462158 2953.56210708618 2940.38935089111 2910.56903076172 2886.39209747314 2900.65362167358 2907.53449630737 2923.21483230591 2913.75801086426 2945.65732192993 2933.4101524353 2929.84490966797 2956.62139129639 2964.65976333618 2583.60740661621 2629.12520980835 3074.37754821777 3032.76513671875 2884.58877563477 2818.10185623169 2655.65752792358 2844.86777114868 2820.04501724243 2710.31571960449 2792.93260192871 2817.55067825317 2694.02041625977 2731.271484375 2713.12676620483 2713.10967636108 2775.67205810547 2758.41532516479 2769.36455154419 2716.86220169067 2833.59363555908 3150.26093673706 3063.06962966919 2567.8066368103 2209.19844055176
2604.53232955933 2453.5465965271 2442.34354782104 2500.86189651489 2797.47481918335 2900.29239654541 2943.25937271118 2960.83973312378 2946.66153335571 2925.89755630493 2897.8249168396 2871.47889709473 2906.71025466919 2940.31464004517 2957.26435089111 2944.78555679321 2971.15565109253 2967.96142959595 2965.16620635986 2962.73829269409 2948.39220809937 2668.88104248047 2483.47615432739 2927.19150543213 2985.16855239868 2967.67694854736 2895.12595748901 2671.86299514771 2827.30176925659 2851.43994140625 2822.97030639648 2812.02723693848 2806.40127182007 2737.44981002808 2660.83251953125 2801.67655944824 2702.16651535034 2742.51337814331 2803.23770523071 2839.19882202148 2755.94199371338 2795.41717910767 2822.6279296875 3041.5661277771 2664.66318511963 2844.97277069092
2600.67930603027 2603.86445999146 2571.69618225098 2647.24950408936 2737.4912147522 2950.69599914551 2978.43642425537 2966.39041519165 2933.53917312622 2908.99226760864 2898.72696304321 2895.86845779419 2924.94169998169 2950.90839385986 3004.10166931152 2961.21269226074 2961.03966140747 3014.92139434814 3057.44551467896 3044.29745483398 2929.35095977783 2626.8906288147 2620.13819885254 2950.07479476929 3050.11455535889 3035.21758270264 2966.72411727905 2552.94473266602 2781.77412414551 2852.27061462402 2827.77256393433 2707.82149124146 2638.72725296021 2695.5700340271 2758.15538024902 2874.34718704224 2906.82489013672 2820.07344055176 2744.7243270874 2827.38681793213 2882.26874160767 2600.56855010986 2603.99686813354 2963.96865844727 3139.58769989014 3250.30535888672
2803.01807022095 2813.08436965942 2810.9485244751 2833.09012985229 2885.6884765625 2948.69834136963 2956.77402114868 2946.20069885254 2919.90838623047 2857.30226516724 2913.08993530273 2905.83465576172 2978.51864624023 3081.09862518311 3092.73310852051 3076.84178543091 3061.99492263794 3086.66239929199 3102.67372894287 3039.58739852905 2930.49657440186 2703.63759994507 2542.34893035889 2845.38457870483 3051.02764511108 3049.12265014648 2990.83505249023 2672.94891357422 2794.89922714233 2837.25166702271 2844.40282440186 2720.50674438477 2687.18748855591 2759.64002990723 2874.10509490967 2920.03603744507 2898.42012405396 2800.9511756897 2873.73915481567 3044.13614654541 2886.40655517578 2414.74921417236 2601.79043579102 3153.30810165405 3386.85019683838 3401.00310897827
2864.46034622192 2926.29384231567 2946.95584869385 2922.7460975647 2934.89793777466 2949.12763214111 2963.97196578979 2945.13584136963 2919.97880935669 2831.20263671875 2905.29880905151 2939.04316711426 2925.87538528442 2918.28582763672 2982.31874465942 3060.78692626953 3020.22577667236 3022.19013595581 3027.29042434692 2968.52520751953 2871.02342987061 2652.26426315308 2320.68221473694 2468.21386146545 3008.19190216064 3043.63914871216 2968.65155792236 2729.89405059814 2815.13663101196 2774.5039100647 2785.84423446655 2805.50771331787 2721.37060928345 2805.36874008179 2871.79179763794 2902.86193084717 2781.26230239868 2939.87227249146 3184.0712928772 3055.65635681152 2825.58242034912 2586.87577438354 2963.35066604614 3381.83895492554 3370.54139709473 3421.07684326172
2833.81767272949 2940.40195846558 3007.70703887939 2892.6940574646 2923.02382278442 2936.55947113037 2962.84629440308 2973.75762176514 2959.27606582642 2930.77080535889 2804.58057785034 2775.61602783203 2738.38028335571 2596.80048751831 2677.33125305176 2844.73808670044 2894.10985946655 2944.53926086426 3012.03575134277 2944.98556137085 2843.67100143433 2649.82334136963 2339.34091949463 2257.58399200439 2942.57274627686 3038.40879440308 2877.66007232666 2593.11572265625 2642.72568893433 2652.90254211426 2767.82773590088 2760.50008392334 2743.98104858398 2732.80116653442 2797.79592132568 2893.90547561646 2960.28651428223 3131.08818817139 3285.97891616821 2874.96461868286 2747.07099914551 2934.06299209595 3173.94786071777 3380.54627227783 3361.17040252686 3427.07304763794
2839.98690795898 2955.58622360229 3022.61962509155 2998.77753067017 2929.57988357544 2864.21444702148 2879.83202362061 2915.1875 2979.31008148193 2984.77479171753 2781.14804458618 2790.94873809814 2861.43252944946 2690.98603820801 2475.17530059814 2660.91221237183 2771.83710861206 2891.88897323608 3013.16582870483 2948.95322036743 2863.21407699585 2817.45799255371 2530.5908203125 2248.01769256592 2702.95880508423 3032.76425933838 2965.54833984375 2500.66455078125 2651.15037536621 2718.02136993408 2840.33017730713 2809.99570083618 2775.57276535034 2827.7783164978 2865.57577514648 2849.94688796997 3013.90692901611 3006.35186767578 3247.22548675537 3212.67998504639 2695.04326248169 2997.4001083374 3301.1953125 3400.67783355713 3419.43934631348 3438.27518844604
2881.75574874878 2957.24989700317 3038.67958831787 3071.80937957764 3078.55918121338 3079.27714538574 2770.30802536011 2836.51680755615 2969.66465377808 2998.69675827026 2997.37216567993 2981.6604385376 2957.87070465088 2844.0751953125 2517.47478866577 2528.03770828247 2620.78974914551 2725.42206954956 2939.02939987183 2904.26542663574 2906.02830886841 2819.89637756348 2525.2695274353 2399.95527648926 2497.40255355835 2949.18193054199 3023.17627716064 2715.63114547729 2863.68086624146 2874.62060546875 2767.63975143433 2748.89081573486 2885.60127639771 2950.21776199341 2900.65566635132 2795.28526687622 2959.22089385986 2776.92020797729 3056.57928848267 3387.75917816162 3300.90417480469 3185.33281326294 3395.71112442017 3439.73281097412 3447.97412490845 3442.02987670898
2773.39677810669 2912.04376220703 3060.13778686523 3116.29647827148 3112.85723876953 3129.17782211304 2954.33839416504 2739.57683944702 2946.18085861206 2983.51359939575 2974.86123275757 2951.701171875 2941.31269073486 2839.52548599243 2781.37958526611 2744.72022247314 2667.77802276611 2612.45048141479 2717.27579879761 2675.45068740845 2839.74531936646 2647.55506896973 2495.25058364868 2289.41347122192 2425.39247131348 2804.50155258179 2899.72108840942 2957.86571502686 2988.72529602051 2790.16787338257 2723.33446884155 2798.09492492676 2887.49062347412 2905.35078430176 2662.50185775757 2789.03955459595 2809.73817825317 2625.87149810791 3003.58018112183 3413.09325408936 3431.9130859375 3331.63115310669 3388.25293731689 3456.16691970825 3459.6572227478 3454.98133850098
2959.53155517578 3132.958984375 3026.5507850647 3109.63886642456 3122.64823150635 3131.50605392456 3108.99598693848 2905.0839881897 2857.80001449585 2927.79725646973 2876.58749771118 2786.52852630615 2797.62479400635 2809.29228591919 2751.92129898071 2849.26707839966 2827.93153762817 2722.89406585693 2715.74814987183 2818.59140396118 2767.22707748413 2722.83544921875 2651.79530715942 2536.42091751099 2568.35419082642 2722.7294960022 2789.50868988037 3052.53358078003 3050.3362197876 2955.2565536499 2898.43380355835 2844.81649017334 2743.49531173706 2695.98710632324 2689.58262634277 2865.36632156372 2938.89226913452 2745.15223693848 3012.47059631348 3415.38944244385 3436.52431869507 3313.01229858398 3363.54121398926 3471.21513366699 3469.18465805054 3435.04658126831
3113.23867416382 3170.97088623047 3233.91543197632 3139.27208709717 3087.46591949463 3093.02635192871 3111.71602630615 3002.2331199646 2869.02410507202 2773.37911224365 2708.87215805054 2726.19718551636 2730.09698867798 2753.23838043213 2730.14725494385 2692.00263977051 2775.71044540405 2800.57373809814 2883.42052459717 2799.88993835449 2618.87149047852 2658.55516052246 2749.35525894165 2697.54912185669 2694.70976257324 2747.54909515381 2910.11610412598 3068.44902420044 3074.09139633179 3051.705078125 3061.59219360352 2955.51599121094 2710.05039978027 2622.88144683838 2959.98836517334 3179.86152267456 3242.79892349243 3098.27432250977 3103.58369827271 3430.33173370361 3449.55575180054 3346.46102905273 3403.80819702148 3480.07461547852 3482.84609603882 3449.91619491577
3083.70526123047 3144.98280715942 3171.60752105713 3175.92335891724 3054.64618682861 3038.50468826294 2996.36484146118 2963.42636871338 2895.91358184814 2757.87334823608 2753.14687728882 2785.82099533081 2765.18124771118 2703.01026535034 2728.57207489014 2762.24912261963 2774.16505050659 2886.73622894287 2909.51543426514 2744.05899810791 2674.24034118652 2820.75304412842 2865.2177772522 2836.65264129639 2735.84032821655 2620.07968521118 2697.45401000977 2786.64678192139 2868.54119110107 3054.4801902771 2992.61964416504 2898.16611099243 2798.77754974365 2769.44834899902 2909.20128250122 3284.67792510986 3359.33641052246 3296.86298751831 3354.07569122314 3440.35927963257 3453.64519882202 3456.24327087402 3469.62909698486 3478.97246932983 3481.59376144409 3463.73642349243
2998.25712203979 3012.94160842896 3052.66404724121 3115.00379943848 3046.51933670044 2931.43925476074 2794.2734413147 2803.2578163147 2778.72373962402 2876.89433288574 2895.56649398804 2866.81670379639 2746.07412338257 2706.6826133728 2786.1308631897 2860.44697570801 2863.34864425659 2904.24704742432 2928.88691711426 2948.42557525635 2944.36270141602 2937.57334136963 2935.30898284912 2911.91201782227 2831.28076171875 2723.33739471436 2651.43925094604 2686.96113204956 2766.10216140747 2972.77548980713 2839.3561668396 2814.9450340271 2983.44912338257 2962.55274200439 2677.01708984375 3106.35509109497 3360.15538024902 3388.12247467041 3419.45409393311 3426.56221008301 3441.55479431152 3451.92196655273 3451.56075668335 3446.67637252808 3450.40830993652 3406.46455764771
2856.36045074463 2686.24952697754 2780.69892501831 2984.92011260986 3086.00682830811 2820.49522018433 2721.80703353882 2692.81366729736 2576.58085632324 2700.23955917358 2755.49990463257 2749.27032089233 2661.95849609375 2663.81945037842 2727.06874465942 2825.48252105713 2782.58543395996 2785.54786682129 2769.33534622192 2771.23282623291 2889.12148666382 2927.04726791382 2879.97931671143 2741.84198760986 2792.99259185791 2795.67432022095 2810.87929916382 2847.03857421875 2892.45254135132 2957.08211898804 2807.90353775024 2765.86640548706 2958.59373855591 3232.75078582764 2759.41102218628 2844.55458831787 3351.29834747314 3344.84980773926 3393.35194778442 3409.86054229736 3399.82148361206 3367.46103668213 3377.24501419067 3395.30223083496 3377.78192520142 3247.66562271118
2751.65703582764 2666.0700378418 2488.61631774902 2724.17373657227 2964.18387985229 2834.63935852051 2739.22382736206 2682.33632278442 2698.52110671997 2696.75108337402 2714.18692779541 2710.64345550537 2752.90312194824 2735.29531097412 2760.27754592896 2860.20928192139 2686.36502838135 2631.0273399353 2844.8281211853 2781.73613739014 2835.01435852051 2889.71269226074 2645.65537643433 2688.29442596436 2902.94804382324 2842.91680526733 2807.35916137695 2856.11307907104 3086.25881195068 2987.96875762939 2778.08396148682 2795.06378555298 3070.73008346558 3342.90790557861 3223.6110458374 2916.10487365723 3240.33680343628 3348.2470703125 3343.02791213989 3287.79706954956 3152.45332717896 3275.92361831665 3198.1527557373 3299.84978485107 3195.66279220581 3253.7343788147
