Cases/SDM_Urocitellus_beldingi/westernUsClimate_modern/BIO04.asc
NCOLS 316 
NROWS 299 
XLLCORNER -124.820833001 
YLLCORNER 29.1625003333339 
CELLSIZE 0.0666666666645545 
NODATA_value -3.4e+38 
[rows 48 to 71 of 299, columns 0 to 54 of 316]
-3.4e+38 -3.4e+38 -3.4e+38 -3.4e+38 -3.4e+38 -3.4e+38 -3.4e+38 -3.4e+38 -3.4e+38 -3.4e+38 -3.4e+38 29840.2083333333 31538.125 39877.765625 42892.75 44097.359375 45291.796875 49044.109375 46944.15625 50413.5 55045.421875 53271.9375 51131.640625 49396.21875 48638.21875 50058.1875 53625.953125 53153.109375 52396.703125 53566.375 54433.359375 52977.140625 52201.484375 51962.734375 51931.984375 53409.84375 53911.0625 54227.078125 54333.109375 54743.90625 54452.625 55338.203125 59530.671875 59780.40625 59128.78125 58719.5625 59438.3125 61766.765625 64231.375 63480.796875 63080.53125 63298.40625 64430.203125 65619.71875 66922.171875
-3.4e+38 -3.4e+38 -3.4e+38 -3.4e+38 -3.4e+38 -3.4e+38 -3.4e+38 -3.4e+38 -3.4e+38 -3.4e+38 -3.4e+38 29899.9130434783 32398.875 41623.796875 39127.8125 39542.390625 44092.15625 48077.40625 49930.171875 51021.84375 53749.140625 52907.328125 51211.515625 50361.171875 50577.34375 53394.96875 53583.09375 53285.21875 52738.6875 54742.046875 54579.4375 52950.671875 52087.765625 51542.609375 51183 52293.234375 54173.40625 54498.484375 55394.46875 55864.265625 56118.140625 56384.375 59628.140625 62111.0625 61302.359375 61963.046875 62617.09375 62753.1875 65895.90625 63458.4375 64697.5625 65272.203125 67079.71875 67965.03125 68019.34375
-3.4e+38 -3.4e+38 -3.4e+38 -3.4e+38 -3.4e+38 -3.4e+38 -3.4e+38 -3.4e+38 -3.4e+38 -3.4e+38 -3.4e+38 29950 30789.8064516129 36719.390625 36526.640625 41081.984375 43826.9375 48220.921875 50978.453125 50419.65625 52499.0625 52962.4375 52082.8125 52529.734375 52998.671875 53970.71875 52718.828125 53126.65625 53324.75 53955.078125 53657.921875 53052.578125 52387.765625 52036.3125 52010.1875 52415.59375 53697.625 54480.203125 55817.375 55626.421875 56834.890625 55355.640625 58729.0625 61188 60601.96875 59525.890625 62591.078125 62332.890625 63739.609375 63148.9375 65444.390625 65186.953125 65411.234375 66318.828125 68968.046875
-3.4e+38 -3.4e+38 -3.4e+38 -3.4e+38 -3.4e+38 -3.4e+38 -3.4e+38 -3.4e+38 -3.4e+38 -3.4e+38 -3.4e+38 -3.4e+38 30313.612244898 36166.25 39887 42020.1875 44519.15625 50022.40625 51950.875 49821.453125 50242.4375 51443.484375 51873.765625 52815.34375 53022.765625 53158.328125 52976.28125 52903.890625 53515.515625 53620.28125 53658.671875 53427.703125 52848.109375 52882.921875 52980.546875 53370.328125 53409.34375 53264.609375 53870.78125 54330.234375 53677.546875 54719.96875 56192.359375 58069.4375 58982.8125 60317.28125 61864.46875 63922.5625 62344.09375 62162.578125 64222.125 64334.890625 66575.625 69325.59375 70871.375
-3.4e+38 -3.4e+38 -3.4e+38 -3.4e+38 -3.4e+38 -3.4e+38 -3.4e+38 -3.4e+38 -3.4e+38 -3.4e+38 -3.4e+38 29028.375 30124.380952381 38135.90625 39542.25 44518.765625 48554.484375 51690.609375 51226.859375 50179.984375 49499.9375 50898.8125 51296.4375 52767.796875 53291.59375 53077.84375 52974.71875 53076.875 53046.453125 53662.015625 53940.4375 53909.421875 54244.421875 54559.859375 53973.625 53842.109375 54285.75 53499.28125 52604.71875 53426.90625 53129.703125 54587.296875 55605.578125 55180.9375 55809.703125 59950.40625 62966.765625 62488.703125 62435.15625 62538.421875 65580.96875 65065.078125 67082.640625 68960.609375 71871.75
-3.4e+38 -3.4e+38 -3.4e+38 -3.4e+38 -3.4e+38 -3.4e+38 -3.4e+38 -3.4e+38 -3.4e+38 -3.4e+38 -3.4e+38 29059.9166666667 30323.515625 32376.015625 38164.46875 40449.46875 44384.59375 50575.875 50517.546875 50988.546875 49599.28125 51096.03125 52086.3125 53157.5 53772.734375 54772.96875 53934.6875 53227.75 53098.359375 52945.09375 53021.046875 53725.625 53854.609375 53479.96875 53483.40625 54177.53125 54415.6875 53788.0625 53751.96875 52597.078125 52300.578125 53968.265625 54191.15625 54831.375 56229.125 57602.25 60215.8125 60393.90625 61455.484375 63809.65625 65350.875 66212.796875 66868.3125 68497.796875 69109.046875
-3.4e+38 -3.4e+38 -3.4e+38 -3.4e+38 -3.4e+38 -3.4e+38 -3.4e+38 -3.4e+38 -3.4e+38 -3.4e+38 -3.4e+38 29388.5 31806.296875 36851.40625 32258.25 34384.484375 38823.921875 43437.15625 49479.59375 51247.671875 50656.734375 51064.3125 52524.953125 53805.34375 53971.828125 54304.015625 53865.421875 53604.734375 53248.6875 52661.5625 52896.21875 53311.46875 53878.765625 53554.359375 53027.96875 52904.4375 52722.546875 52047.234375 52499.921875 52913.921875 52252 51897.90625 52725.78125 54252.40625 56648.1875 57592.359375 60746.203125 60644.4375 61075.578125 62930.890625 64555.109375 64908.421875 66885.90625 67797.6875 68458.453125
-3.4e+38 -3.4e+38 -3.4e+38 -3.4e+38 -3.4e+38 -3.4e+38 -3.4e+38 -3.4e+38 -3.4e+38 -3.4e+38 -3.4e+38 30581.6296296296 31263.234375 35132.890625 33648.375 34692.390625 41725.65625 49056.609375 50454.671875 51407.328125 51376.5 51769.328125 52995.234375 53457.53125 53512 53443.6875 53326.59375 53542.53125 53311.71875 52997.984375 52968.28125 53400.5 54133.8125 54486.96875 53726.859375 53076.25 52803.828125 51804.84375 52734.875 53057.671875 53519.125 52787.015625 53894.5625 56087.71875 56823.875 57183.671875 57567.28125 57887.328125 59584.59375 60111.34375 61384.734375 63975.859375 66355.078125 67986.15625 68573.28125
-3.4e+38 -3.4e+38 -3.4e+38 -3.4e+38 -3.4e+38 -3.4e+38 -3.4e+38 -3.4e+38 -3.4e+38 -3.4e+38 -3.4e+38 30577.325 32004.4375 37023.609375 36440.75 39647.359375 42166.03125 45831.0625 51597.96875 50744.984375 51445.5625 51682.6875 52817.90625 53362.015625 53643.75 53314.375 53081.9375 53120.34375 53338.984375 53198.46875 52804.921875 53183.203125 54030.765625 54326.953125 53711.734375 52902.9375 52688.984375 52137.5 53156.796875 54283.875 53423.34375 52307.890625 54129.109375 55461.28125 57062.09375 56985.6875 56668.515625 56896.21875 58028.703125 58098.46875 60727.015625 64365 67079.71875 67583.96875 69682.53125
-3.4e+38 -3.4e+38 -3.4e+38 -3.4e+38 -3.4e+38 -3.4e+38 -3.4e+38 -3.4e+38 -3.4e+38 -3.4e+38 -3.4e+38 30786.2692307692 30921.0625 38891.109375 37183.171875 38844.875 39965.328125 43326.046875 49685.625 51815.453125 51814.796875 51980.0625 52309.484375 53196.21875 52854.984375 53111.34375 53176.875 53156.390625 52883.28125 52805.78125 52662.84375 52913.34375 53152.953125 52860.03125 52506.34375 52624.046875 52274.5 52131.875 52660.53125 53864.34375 51523.78125 54010.453125 54179.046875 55050.171875 56907.03125 57549.515625 57298.984375 56939.03125 58124.375 60474.6875 64821.03125 66915.046875 67840.828125 68765.921875 70301.359375
-3.4e+38 -3.4e+38 -3.4e+38 -3.4e+38 -3.4e+38 -3.4e+38 -3.4e+38 -3.4e+38 -3.4e+38 -3.4e+38 -3.4e+38 30298.2083333333 30120.875 33812.078125 38371.46875 40969.90625 43376.203125 46103.25 51121.25 52640.984375 53257.828125 53316.15625 53441.109375 53049.984375 52531.328125 52637.90625 52934.75 53115.3125 52690.4375 52592.1875 52512.203125 52579.34375 52645.328125 52381.171875 52169.703125 51784.359375 51456.1875 51352.109375 50972.296875 51562.15625 50409.640625 54743.359375 57089.25 57169.109375 57680.140625 57548.0625 59186.140625 59254.921875 60584.546875 62818.875 66607.84375 67593.421875 68688.140625 69672.046875 70605.375
-3.4e+38 -3.4e+38 -3.4e+38 -3.4e+38 -3.4e+38 -3.4e+38 -3.4e+38 -3.4e+38 -3.4e+38 -3.4e+38 -3.4e+38 31016.8787878788 31696.8125 37261.96875 40306.09375 40618.84375 43327.890625 47271.671875 51987.25 52864.375 53418.140625 53644.84375 53458.640625 52929.359375 53162.84375 53102.734375 53098.90625 53039.890625 52660.421875 52681.21875 52571.15625 52672.265625 52740.140625 51782.5 51724.34375 51931.859375 49616.46875 48003.65625 49664.203125 52980.265625 53925.296875 55579.671875 57251.515625 58135.421875 57807.484375 58792.296875 59493.015625 60461.28125 63235.765625 64229.515625 65619.953125 67787.140625 69099.546875 69807.140625 70630.90625
-3.4e+38 -3.4e+38 -3.4e+38 -3.4e+38 -3.4e+38 -3.4e+38 -3.4e+38 -3.4e+38 -3.4e+38 -3.4e+38 -3.4e+38 30858.2711864407 37547.453125 40306.828125 41449.046875 40689.6875 42731.328125 47396.265625 51342.5 52351.1875 52699.609375 53165.15625 53153.8125 53123.96875 53223.59375 52885.203125 52884.53125 52772.25 52645.6875 52539.578125 52492.609375 52443.25 52103.171875 52045.734375 51899 50505.1875 47883.4375 50557.0625 52692.484375 54848.21875 54390.265625 56653.09375 57478.515625 58668.140625 58404.609375 58454.828125 58554.296875 59386.15625 61448.25 64407.09375 65315.109375 65847.671875 66564.390625 67973.140625 69687.8125
-3.4e+38 -3.4e+38 -3.4e+38 -3.4e+38 -3.4e+38 -3.4e+38 -3.4e+38 -3.4e+38 -3.4e+38 -3.4e+38 -3.4e+38 30382.65625 34664.140625 39329.765625 40634.84375 44613.25 48964.1875 50003.578125 51574.234375 51877.234375 52568.640625 53148.421875 53091.046875 52951.171875 53044.359375 52546.171875 52782.953125 52836.015625 52702.59375 52358.984375 52673.515625 52812.734375 52142.5 51393.0625 49156.203125 49168.40625 48910.203125 53099.125 54703.703125 54154.34375 55256.25 57253.015625 55893.875 58249.9375 58976.765625 58192.859375 60494.8125 62485.453125 63493.09375 64851.828125 65679.71875 65836.984375 66004.515625 66855.921875 70074.125
-3.4e+38 -3.4e+38 -3.4e+38 -3.4e+38 -3.4e+38 -3.4e+38 -3.4e+38 -3.4e+38 -3.4e+38 -3.4e+38 29327.6666666667 29662.265625 34870.953125 40979.53125 43145.796875 44023.171875 47018.453125 47269.40625 48088.03125 49245.1875 50215.078125 52408.78125 52958.40625 52777.125 52974.03125 52805.34375 52766.875 52936 52641.5 52139.59375 52231.984375 51948.875 51120.234375 49063.671875 47308.578125 48471.0625 49349.359375 52458.015625 54221.34375 56736.59375 54977.9375 56100.984375 55750.84375 57046.4375 58828.59375 57775.0625 58365.875 62104.078125 64325.234375 65406.171875 66042.25 65949.109375 66820.078125 67756.140625 70386.78125
-3.4e+38 -3.4e+38 -3.4e+38 -3.4e+38 -3.4e+38 -3.4e+38 -3.4e+38 -3.4e+38 -3.4e+38 -3.4e+38 28645.3428571429 29372.875 36145.171875 39433.109375 42361.78125 44643.875 47688.40625 46745.46875 47140.125 49294.328125 51281.4375 51794.328125 52178.34375 52500.34375 52618.1875 52337.828125 51981.609375 52260.390625 51998 51881.625 51666.546875 50996.203125 49997.375 47704.46875 47404.03125 48226.046875 48931.21875 50913.96875 53594.609375 55489.0625 54248.234375 55993.578125 56375.625 56619.328125 59156.4375 58910.90625 57704.46875 61941.328125 64619.46875 65315.296875 66215.5625 66114.015625 68086.3125 69223.984375 69635.28125
-3.4e+38 -3.4e+38 -3.4e+38 -3.4e+38 -3.4e+38 -3.4e+38 -3.4e+38 -3.4e+38 -3.4e+38 -3.4e+38 27913.4285714286 31672.5625 36266.5 37113.546875 41889.890625 44447.65625 46425.75 47519.90625 48166.953125 48658.078125 51016.640625 51744.125 51582.453125 51728.109375 51921.96875 52032.015625 51847.34375 51839.6875 51774.40625 51732.234375 51639.5 51103.390625 50640.203125 50423.296875 50553.953125 50947.9375 50228.484375 49987.8125 54098.90625 55154.515625 55540.34375 58008.8125 58225.546875 57251.375 56779.40625 55834.875 60435.796875 61159.15625 64512.171875 65292.203125 66001.453125 67124.4375 68597.078125 69346.046875 69717.234375
-3.4e+38 -3.4e+38 -3.4e+38 -3.4e+38 -3.4e+38 -3.4e+38 -3.4e+38 -3.4e+38 -3.4e+38 -3.4e+38 26982.6744186047 28712.328125 36771.96875 38385.640625 41453.609375 43084.390625 46278.890625 48245.28125 48928.828125 50492.796875 51652.28125 51591.046875 51539.84375 51612.125 51674.9375 51941.4375 52032.171875 51906.9375 51751.21875 51566.703125 51483.328125 51144.609375 51195.96875 50852.578125 50519.3125 50633.84375 50138.796875 51205.171875 54887.71875 56716.390625 57907.578125 57585.796875 56482.875 57215.546875 56509.4375 56495.046875 61067.203125 63296.875 63732.515625 65024.578125 66047.078125 67312.359375 69610.90625 70741.546875 69668.84375
-3.4e+38 -3.4e+38 -3.4e+38 -3.4e+38 -3.4e+38 -3.4e+38 -3.4e+38 -3.4e+38 -3.4e+38 -3.4e+38 26600.575 27855.5 32940.84375 35892.9375 40560.5625 42662.578125 44696.890625 47302.265625 49296.109375 50235.453125 51717.09375 50486.5625 51040.265625 51696.875 51769.984375 51867.484375 51873.5 51779.625 51574.8125 51391.609375 51276.5625 51269.765625 50317.90625 48565.71875 49353.078125 50461.5625 51898.890625 53272.78125 53429.875 54466.859375 57678.796875 56662.453125 57511.734375 59124.359375 56795.375 55376.34375 61919.65625 64102.1875 65677.734375 64909.078125 65892.5625 66472.21875 68352.5625 69281.765625 68292.15625
-3.4e+38 -3.4e+38 -3.4e+38 -3.4e+38 -3.4e+38 -3.4e+38 -3.4e+38 -3.4e+38 -3.4e+38 -3.4e+38 26702.8695652174 26880.21875 30741.703125 35340.5625 40663.046875 42990.546875 45352.765625 47157.59375 49289.265625 51173.53125 51206.328125 50660.484375 51002.625 51665.75 51817.359375 51757.875 51697.421875 51591.0625 51404.46875 51383.65625 51327.5 51171.53125 51246.21875 50399.453125 50938.8125 54806.296875 55602.15625 56053.78125 53311.984375 52297.140625 54256.265625 53529.15625 57323.71875 58433.5625 56000.4375 56055.84375 63004.796875 66827.40625 66097.703125 65497.953125 64587.5 66056.078125 66839.0625 66397.3125 65480.484375
-3.4e+38 -3.4e+38 -3.4e+38 -3.4e+38 -3.4e+38 -3.4e+38 -3.4e+38 -3.4e+38 -3.4e+38 27553.7777777778 26986.984375 28693.640625 35809.09375 40243.0625 41989.109375 43976.34375 47852.03125 49474.359375 49822.40625 50245.3125 50992.15625 51517.84375 51513.734375 51635.59375 51695.921875 51814.8125 51625.109375 51458.296875 51255.625 51441.25 51161.625 51321.78125 51822.375 51915.4375 54014.140625 55353.609375 54819.671875 53677.625 53857.96875 54882.171875 55547.734375 54872.140625 57258.71875 55470.140625 56712.125 57527.453125 62176.21875 63017.578125 62512.15625 64674.21875 66144.609375 66213 65916.4375 65653.984375 64560
-3.4e+38 -3.4e+38 -3.4e+38 -3.4e+38 -3.4e+38 -3.4e+38 -3.4e+38 -3.4e+38 -3.4e+38 27713.5625 27156.78125 30679.265625 37966.890625 41671.546875 45303.546875 47135.5 49767 51081.390625 50312.15625 50542.625 50958 51424.53125 51405.921875 51603.171875 51552.234375 51639.5 51612.296875 51422.484375 52020.796875 51473.09375 50655.21875 51043.8125 52139.65625 52329.15625 53591.484375 54727.734375 55033.390625 53350.53125 54670.375 54368.0625 56300.515625 55999.734375 57310.671875 57023.140625 56558.96875 59723.125 60601.265625 61409.609375 62164.53125 63604.515625 63854.515625 64904.421875 65044.078125 65181.9375 64750.453125
-3.4e+38 -3.4e+38 -3.4e+38 -3.4e+38 -3.4e+38 -3.4e+38 -3.4e+38 -3.4e+38 -3.4e+38 28314.5625 27547.984375 32672.171875 38586.96875 40608.140625 41693.15625 46594.421875 49376.90625 50455.71875 49627.546875 51637.3125 51398.265625 51199.25 51451.78125 51529.140625 51519.640625 51628.265625 51498.71875 51351.9375 51566.328125 52158.40625 51141.71875 50017.4375 50824.8125 51551.6875 51248.390625 53007.75 57166.5 56423.71875 57246.953125 55947.328125 54259.8125 56991.578125 57852.1875 57539.953125 59855.09375 60072.21875 60096.53125 60643.28125 62766.078125 63274.71875 63710.046875 64332.578125 64293.90625 64291.359375 64085.03125
-3.4e+38 -3.4e+38 -3.4e+38 -3.4e+38 -3.4e+38 -3.4e+38 -3.4e+38 -3.4e+38 -3.4e+38 28657.68 29304.59375 37611.859375 40460.140625 41952.875 43695.640625 46551.203125 48974.453125 49493.09375 50288.21875 52197.203125 52454.734375 51370.234375 51582.828125 51548.703125 51689.40625 51649.515625 51384.3125 51336.953125 51556.421875 50703.640625 50439.09375 50369.234375 51293.375 53949.734375 55473.703125 55317.09375 56611.625 54825.46875 53566.78125 54938.5625 55043.8125 57707.375 59457.03125 58695.28125 57135.515625 59638.640625 60958.171875 60967.109375 62482.953125 63527.03125 63693.1875 63896.4375 64089.96875 64272.703125 63961.8125
