Cases/SDM_Urocitellus_beldingi/westernUsClimate_modern/BIO04.asc
NCOLS 316 
NROWS 299 
XLLCORNER -124.820833001 
YLLCORNER 29.1625003333339 
CELLSIZE 0.0666666666645545 
NODATA_value -3.4e+38 
[rows 48 to 71 of 299, columns 110 to 164 of 316]
74015.59375 74667.40625 73969.5625 73911.34375 73052.5 71624.84375 72313.328125 72438.625 74303.859375 75740.0625 76265.1875 76338.328125 74775.09375 73797.8125 73266.21875 73578.453125 74732.125 75107.265625 72599.59375 70005.125 69450.546875 71783.875 72591.234375 73552.65625 74629.96875 74344.109375 73864.5 73704.71875 73839.75 73617.8125 73501.578125 73117.9375 72048.71875 75039.984375 74475.765625 72772.3125 70228.015625 72044.0625 73491.1875 74485.921875 75221.28125 75973.515625 75455.4375 74756.828125 74459.1875 75087.421875 74698.59375 75791 77235.9375 77245.515625 76822.890625 77883.6875 77220.5625 76659.921875 76957.578125
73546.96875 74101.234375 74972.546875 74265.53125 73682.671875 73629.765625 72614.1875 72491.484375 73222.5 72991.203125 75755.84375 76797.171875 77574.609375 76880.03125 76413.640625 74216.328125 73926.4375 75087.71875 74468.375 71745.0625 70914.03125 71253.953125 72221.140625 73637.78125 73477.015625 73972.03125 74253.21875 73461.71875 73657.609375 73923.78125 73728.0625 74272.609375 73145.1875 72606.28125 71554.53125 70866.515625 69095.328125 72197.203125 72565.765625 74370.6875 74872.75 74894.046875 74853.53125 72855.359375 74397.984375 74733.625 76138.59375 77337.296875 78057.5625 76389.03125 76645.953125 77522.3125 77784.265625 77163.578125 76174.765625
73364.796875 74083.953125 75273.09375 74984.78125 74510.828125 73943.109375 73213.078125 72618.75 72683.8125 72539.578125 74701.203125 75467.515625 76455.6875 76744.984375 77595.71875 75685.859375 73883.828125 75262.640625 74896.203125 72777.296875 73161.09375 73166.34375 72807.9375 72892.625 72150.71875 72031.59375 72662.234375 73624.96875 73414.75 74659.625 74251.9375 75216.78125 73733.3125 70947.1875 68978.296875 68169.890625 71374.65625 70428.6875 71603.53125 73462.328125 75242.71875 76054.703125 76090.796875 74743.828125 74662.796875 75445.46875 76096.28125 77652.09375 77841.734375 76377.78125 76567.375 77529.484375 77432.15625 77492.984375 75572.828125
73069.890625 73828.828125 74466.265625 74579.71875 74420.734375 73462.84375 72709.28125 72390.15625 74366.375 74910.84375 74719.015625 76091.15625 74298.28125 73694.125 77510.625 77573.5 76909.625 75763.671875 74942.546875 74976.09375 74121.5 74032.109375 72920.25 70464.234375 72566.640625 70929.59375 69021.6875 69359.796875 71118.59375 70179.515625 71496.109375 73883.125 73201.75 68201.59375 64895.625 70395.359375 71677.625 71182.5 71968.328125 73363.59375 74131.8125 76073.984375 75502.796875 74662.15625 74685.265625 75928.078125 75384.671875 77872.96875 78052.296875 78027.21875 78692.328125 78287.078125 78662.0625 77729.671875 77123.0625
72735.90625 72925.5 72671.953125 73015.546875 72480.234375 71548.90625 70166.171875 72274.84375 74431.046875 74960.953125 75800.8125 76164.0625 73355.640625 71541.578125 77596.4375 78274.1875 75651.078125 77630.171875 76668.609375 76321.578125 74384.625 74255.234375 71372.15625 68212.890625 68943.84375 70590.15625 69590.46875 69697.03125 68783.53125 71175.84375 73098.390625 71413.8125 72690.765625 70358.421875 74460.3125 72653.046875 71295.125 72835.890625 73100.125 73954.53125 74061.765625 75555.125 75500.90625 75125.421875 75065.0625 76323.78125 77265.765625 78303.625 79596.84375 80023.21875 79049.671875 77502.09375 81162.015625 80739.96875 80225.65625
72866.609375 72620.953125 72114.96875 72364.5625 71360.21875 70346.109375 70220.734375 72698.71875 74052.578125 74636.109375 75108.078125 75138.140625 71386.421875 77603.515625 76307.484375 74353.375 75821.21875 77312.46875 77172.546875 74145.703125 75111.671875 74222.4375 72537.71875 71627.390625 72090.84375 75175.640625 71324.53125 70904.4375 73182.84375 74244.9375 74500.796875 72444.421875 78156.59375 77044.53125 74320.0625 76245.25 76037.25 77012.484375 75573.015625 75139.828125 74138.0625 75745.1875 75938.796875 75571.5 77442.828125 77065.015625 77123.1875 79106.875 78646.4375 81204.578125 80314.796875 83127.171875 84862 85069.921875 82046.171875
71457.734375 72835.640625 73330.28125 72965.953125 71955.25 70733.25 71298.484375 72365.3125 73523.90625 74619.875 76270.03125 71742.046875 72666.421875 77183.40625 77427.078125 72945.796875 78154.90625 77651.90625 78580.421875 78083.3125 77505.96875 75728.734375 76220.546875 76410.6875 76270.125 77179.171875 76592.234375 77185.796875 75542.21875 74786.953125 76497.5625 77566.9375 75382.796875 72334.03125 73839.515625 74372.65625 73500.78125 77470.359375 79941.21875 77082.171875 75622.65625 77401.28125 77888.421875 78579 78119.03125 78992.453125 78206.03125 79329.15625 82935.59375 84609.53125 83879.59375 84285.46875 87206.046875 84985.828125 80599
69311.21875 69506.328125 72027.84375 72296.03125 72667.1875 72139.59375 71549.859375 72804.53125 73516.640625 74030.578125 75926.515625 73837.96875 76783.75 74413.625 72178.25 72177.234375 78155.5 77192.015625 77538.640625 78430.828125 77629.96875 77562.28125 77069.875 73942.1875 71166.1875 72213.09375 72022.28125 75989.9375 77115.671875 77893.6875 77598.9375 70066.90625 70741.8125 73324.8125 74495.78125 74379.859375 74417.125 76484 77131 78902.421875 80885.109375 84510.890625 81617.6875 78266.78125 79337.265625 81029.90625 79992.140625 85148.265625 88632.984375 88657.671875 87727.140625 87752.5625 88090.671875 88464.21875 85601.1875
65142.8125 65858.140625 67007.171875 71660.828125 74101.3125 73092.8125 72419.5625 72688.546875 72796.78125 73761.703125 74620.4375 72686.03125 78095.15625 69055.375 66669.15625 75437.546875 78030.390625 76576.34375 72608.140625 73932.1875 75004.171875 76071.921875 72162.1875 72234.890625 70497.53125 69052.03125 70784.828125 70787.578125 70772.9375 77675.96875 73276.625 70356.828125 72687.515625 74121.390625 74098 74489.5625 75193.03125 76184.59375 76070.390625 73567.890625 73737.375 77777.046875 85164.171875 82424.25 85691.015625 87583.171875 87869.671875 87823.53125 86449.15625 80301.78125 79878.546875 82474.671875 83607.546875 89498.6875 88655.125
64545.125 64853.046875 63992.734375 63851.4375 67183.59375 69774.421875 72918.6875 72633.390625 72917.734375 73512.578125 74488.96875 77435.53125 76362.9375 67464.5625 67747.234375 73718.484375 76930.671875 78714.5 71157.015625 71183.734375 72586.546875 75006.21875 71728.28125 71683.5625 71929.359375 71040.03125 70406.671875 69265.4375 70064.609375 76504.9375 76540.125 70635.28125 73778.640625 75197.375 76543.484375 76242.171875 76938.9375 76920.890625 77352.734375 75007.546875 74188.46875 78352.421875 83801.4375 82412.59375 79864.015625 82830.890625 85438.640625 87940.203125 83668.640625 76197.6875 77747.8125 79050.75 80207.484375 89264.5 89296.734375
66650.5 63127.9375 61331.375 63050.1875 61001.734375 63462.25 71589.984375 72694.40625 73343.390625 74218.125 74350.421875 80014.28125 72952.328125 66237.53125 71076.78125 74400.34375 73585.46875 79823.21875 75486.765625 73684.0625 73663.109375 73254.546875 71583.953125 71124.5625 71271.65625 70780.125 68410.28125 69301.078125 75908.125 74075.015625 71382.46875 70729.703125 73770.5625 75229.265625 76796.90625 76502.953125 76979.5 77351.53125 77977.578125 75996.90625 78383.59375 83946.15625 80104.96875 74078.40625 76470.765625 80773.90625 80114.03125 84672.3125 80064.65625 79927.015625 80207.171875 76143.0625 82490.03125 90317.34375 90413.9375
65093.953125 65614.71875 64589.375 61958.671875 66524.0625 67743.234375 70949.65625 72879.734375 74283.5625 75821.546875 80922.21875 81793.8125 74469.4375 72526.78125 73396.625 75406.953125 77510.5625 81173.265625 77549.328125 74078.21875 74276.328125 74326.9375 72561.90625 70653.328125 70701.09375 73325.140625 69576.421875 72025.84375 76922.015625 72599.296875 69810.890625 70544.21875 73971.078125 74442 76346.265625 76546.015625 77944.015625 79332.484375 81371.984375 80542.296875 82321.125 84722.8125 75891.359375 72690.421875 74866.84375 77245.578125 78372.140625 81281.5 83091.40625 83134.125 79834.765625 78387.421875 82157.953125 90519.984375 90476.59375
70773.328125 67697.21875 69518.375 65238.921875 66781.84375 67042.953125 70502.71875 73152.703125 76100.09375 79149.8125 83741.78125 79795.984375 77553.328125 76793.0625 76691.78125 78204.453125 78956.578125 81084.75 79106.4375 74980.046875 75751.1875 74937.53125 73973.90625 72909.78125 72141.875 76801.796875 75967.59375 77844.109375 73660.78125 70426.5 69613.53125 71855.390625 74260.953125 74085.78125 74674.484375 76592.8125 75742.5625 77028.078125 78857.390625 78881.203125 80887.90625 86026.453125 77738.125 76271.5 75504.546875 75649.234375 78321.96875 80715.21875 82474.3125 80786.53125 77489.765625 81128.28125 84552.96875 89329.921875 83761.09375
74694.390625 74256.609375 72958.921875 70476.140625 73229.09375 74401.984375 75779.34375 77045.84375 79370.78125 84904.5 81434.59375 78086.90625 77367.859375 76904.015625 76893.15625 78864.234375 80921.921875 82006.375 82655.953125 77496.59375 75550.765625 75975.40625 73773.953125 72720.09375 72282.765625 76174.3125 78642.125 76447.5 74052.90625 73311.390625 73304.328125 73192.765625 74957.75 75742.578125 75137.515625 74945.703125 75171.46875 76253.53125 75657.34375 77572.09375 82676.234375 86915.65625 76499.515625 77142.578125 77960.234375 77386.734375 78432.359375 80412.875 78338.890625 76185.703125 76199.359375 77639.25 84590.28125 85726.3125 79512.015625
76986.109375 76380.015625 76260.03125 76220.5 77753.5 80602.625 82288.140625 83569.671875 83691.3125 86311.3125 82493.734375 79619.234375 77292.53125 77625.75 78944.96875 78267.421875 79561.96875 80293.453125 82207.09375 77530.828125 77462.78125 77821.28125 75271.078125 74196.03125 71962.6875 76547.796875 78595.59375 75478.65625 75257.453125 74486.265625 75210.625 74329.90625 74846.625 75553.828125 74800.40625 75123.0625 76091.875 75817.140625 76243 78956.140625 82079.703125 86723.625 78859.953125 81636.1875 76820.5625 77482.953125 79039.796875 78660.1875 76566.40625 74928.265625 81224.375 83152.28125 88966.65625 82710.046875 78313.109375
77577.140625 78179.296875 77742.703125 79225.046875 78951.265625 82313.296875 84194.875 86208.265625 86472.09375 86977.9375 81587.671875 74400.953125 77960.734375 83312.203125 85005.328125 85573.828125 82615.71875 76716.5625 77919.25 77625.625 78540.46875 78191.9375 75285.09375 73585.859375 73917.65625 74322.421875 78338.234375 74625.78125 72402.75 73381.640625 73344.609375 73570.125 74209.0625 74468.109375 74041.15625 75449.4375 77161.09375 77554.453125 77797.921875 78796.453125 84183.75 82937.109375 79872.515625 78535.046875 80990.8125 81373.078125 78341.234375 75679.40625 74827.609375 74316.734375 80541.265625 81752.671875 88921.375 83031.4375 76238.84375
80117.140625 79689.25 81352.421875 82059.328125 82335.25 82360.03125 84536.875 85646.09375 87536.609375 79691.640625 73043.140625 70601.9375 76511.640625 82215.9375 89155.90625 89649.375 83749.171875 76916.265625 75687.8125 77093.5625 78278.953125 77909.59375 76071.234375 75701.671875 74224.03125 72531.296875 75858.96875 73287.640625 71421.609375 75241.875 73605.890625 72877.359375 73367.984375 72861.8125 75642.21875 78321.96875 77632.265625 78912.328125 79732.421875 83063.53125 83501.25 74551.625 72981.078125 77962.75 79535.203125 81160.40625 75545.890625 75064.078125 79126.015625 79096.703125 83902.4375 87121.796875 88443.078125 78235.8125 73993.3125
79494.390625 76544.25 77813.21875 81466.90625 82800.578125 83846.4375 85088.15625 82452.515625 81763 80570.953125 75485.875 72631.546875 76388.15625 80221.765625 86812.328125 90888.421875 84226.5625 77095.78125 75347.53125 76432.890625 79507.921875 78798.546875 78175.6875 75859.203125 74219.90625 72695.609375 75626.546875 73686.03125 73306.203125 74773.3125 73217.96875 72584.78125 73286.3125 76023.828125 77045.875 77862.453125 79014.296875 80399.234375 81796.046875 79212.65625 81009.609375 78213 74645.28125 76468.046875 78160.34375 75814.703125 74369.640625 80283.6875 82794.40625 81286.484375 87032.484375 88969.484375 86231.640625 81076.6875 73061.453125
80232.78125 77314.875 75089.296875 77106.5 81097.171875 84485 83640.296875 77236.34375 76064.546875 79821.28125 82414.515625 83288.40625 86184.609375 89188.84375 90767.375 91024.421875 88242.8125 81481.125 79325.59375 75066.234375 79006.421875 80009.3125 78594.828125 77212.328125 74187.4375 73511.75 77031.921875 77223.90625 74319.859375 75118.921875 73405.140625 73146.796875 72114.875 73185.828125 75423.5 76653.921875 77546.78125 75999.015625 78671.765625 77817.59375 79714.28125 81186.875 79112.609375 78339.15625 75733.265625 75651 77134.203125 78723.375 84101.671875 85420.046875 87978.859375 90126.015625 88957.140625 86313.3125 77612.6875
81804.234375 80747.1875 76888.890625 76059.796875 79628.453125 85647.03125 79568.046875 75558.34375 74884.875 78919.578125 87021.625 90836.75 91985.0625 92028.203125 90973.625 90863.640625 88516.125 79661.96875 76272.390625 75577.90625 80288.734375 80955.765625 78371.5625 76239.234375 75775.3125 74017.84375 76857.984375 77299.8125 73742.203125 75490.484375 73625.484375 72588.359375 74975.578125 75310.484375 74938.171875 73054.828125 75346.34375 74651.359375 74204.28125 76903 79002.15625 75472.078125 74301.453125 78392.328125 74571.96875 73345.125 79501.15625 84588.40625 86423.6875 90597.734375 83990 84054.3125 89911.34375 89752.671875 87942.421875
80957.390625 82736.578125 81222.484375 81926.78125 86257.203125 84798.453125 78552.109375 77641.59375 78714.75 81608.9375 88866.734375 91796.5 92717.578125 91298.28125 90658.390625 90031.84375 88093 81915.984375 78993.25 75759.59375 79192.09375 81427.609375 80325.90625 78806.046875 74737.59375 75103.328125 74704.734375 74880.359375 74325.640625 74305.109375 75040.59375 75216.765625 77046.3125 74531.578125 73311.734375 73660.265625 75188.171875 74404.21875 74368.0625 76605.75 75555.890625 76017.4375 75316.59375 75479.96875 74335.1875 77278.171875 79721.328125 84045.890625 90292.78125 91846.765625 84500.203125 80678.96875 86288.25 89388.28125 89378.796875
81545.15625 83122.328125 85317.78125 83584.328125 87271.96875 84685.171875 80702.828125 80716.421875 83671.328125 85479.34375 89163.15625 90673.328125 90596.4375 90339.65625 89628.5625 88757.984375 87526.078125 81664.921875 79186.640625 75441.5625 74133.875 80276.65625 79997.0625 77726.25 74820.96875 77180.21875 75499.8125 74241.25 76689.375 74681.453125 76504.9375 74544.65625 76165.03125 74995.875 73922.765625 74785.296875 75296.015625 74377.21875 73501.40625 73173.6875 72758.78125 75019.5 74952.671875 76173.375 74335.796875 75074.875 74503.140625 79434.203125 87206.8125 91545.390625 89743.375 82472.203125 78432.125 84854.109375 87542.4375
81681.640625 83958.40625 87837.875 87992.34375 87054.21875 87326.015625 84440.265625 84232.5625 87292.75 88292.21875 88705.015625 87957.28125 88858.5625 89298.015625 88657.65625 87673.703125 85574.890625 81726.078125 79364.390625 76262.296875 74046.21875 78528.984375 79185.4375 75594.703125 78289.328125 78807.421875 75863.28125 76162.71875 77131.34375 75685.609375 75651.59375 76559.640625 76503.90625 74214.03125 76219.796875 78051.484375 75684.734375 74031.328125 73760.640625 74962.0625 76525.484375 76832.484375 76944.546875 75652.375 78037.234375 76913.875 73448.578125 77633.296875 86463.890625 86342.71875 88462.359375 86019.359375 75490.96875 76191.21875 81374.296875
83124.03125 84719.078125 88206.234375 91516.109375 89818.546875 89295.734375 88480.859375 88188.65625 88244.8125 88707.046875 88294.171875 87065.765625 87563.140625 87648.765625 86953.4375 84922.078125 84425.390625 83467.21875 82487.296875 78233.015625 77567.5625 79176.875 77993.59375 77996.5625 80234.921875 79219.390625 76930.5 80687.703125 78305.53125 73929.9375 76159 74779.203125 74344.765625 74653.671875 75598.40625 77967.40625 77953.4375 74822.8125 75484.25 75785.109375 77022.71875 78417.46875 76042.015625 77482.4375 78217.46875 79660.078125 74334.5 81526.265625 86052.03125 79607.171875 83569.484375 86359.640625 78379.421875 70436.515625 76334.1875
