Cases/SDM_Urocitellus_beldingi/westernUsClimate_modern/BIO05.asc
NCOLS 316 
NROWS 299 
XLLCORNER -124.820833001 
YLLCORNER 29.1625003333339 
CELLSIZE 0.0666666666645545 
NODATA_value -3.4e+38 
[rows 210 to 230 of 299, columns 230 to 275 of 316]
3227.92519378662 3237.56991195679 3213.83582687378 3128.2642326355 3096.77677154541 3071.07939910889 3080.49354171753 3149.80898666382 3187.37156295776 3190.38299942017 3115.75321960449 2997.68837738037 2943.25322341919 2947.25957107544 2940.56885147095 2927.3366317749 2933.50799942017 2938.08046722412 2864.21114349365 2696.15350723267 2676.02080154419 2736.54052352905 2728.04560852051 2937.41865539551 3140.02724838257 3086.19188308716 3025.30194473267 3111.27011871338 3143.65536880493 3180.66083908081 3162.20529174805 3163.53826904297 3226.40157699585 3210.35967636108 3089.53504943848 3227.4091796875 3292.79434585571 3317.67704772949 3323.68751525879 3212.97647094727 3263.79646682739 3388.52841186523 3403.3935546875 3323.07813262939 3266.38740921021 3035.80733108521
3125.38301849365 3133.48849487305 3127.13662338257 3115.86963653564 3118.68877410889 3102.37471389771 3131.47256851196 3197.91758728027 3150.2258605957 3039.42363739014 3008.92012023926 2959.15830993652 2902.34180450439 2863.9641456604 2902.20792007446 2889.81973648071 2901.72754669189 2907.36180496216 2888.3281211853 2806.94316482544 2751.61515426636 2762.06132507324 2763.69884109497 2850.81592559814 3043.57987594604 2969.28202056885 2960.56679153442 3053.85702896118 3094.12333679199 3136.94931411743 3158.80508804321 3162.28739929199 3236.86005783081 3265.37677383423 3245.74610900879 3253.70381164551 3294.04130172729 3327.78525161743 3336.02968597412 3243.95928192139 3289.96277999878 3363.2128944397 3355.85057830811 3320.80391311646 3261.21326446533 3091.33729553223
3124.05407714844 3114.19755554199 3129.08671951294 3158.49061965942 3132.79463195801 3111.69491958618 3181.36200714111 3191.49452209473 3119.16103363037 3050.67135620117 2953.341796875 2929.16190719604 2902.94823074341 2861.15752792358 2881.57870101929 2861.65576171875 2880.32999038696 2876.92158508301 2845.32109451294 2811.41493606567 2804.91404724121 2829.39910125732 2869.49520492554 2924.74532699585 2953.26523208618 2834.51599502563 2927.0751953125 2997.80958557129 3100.44285964966 3133.47111129761 3157.19571304321 3193.8232421875 3250.70801925659 3276.60634994507 3288.81874465942 3301.57931137085 3350.77921295166 3350.55390930176 3289.45038604736 3264.00126647949 3327.71984100342 3380.38008117676 3361.47276687622 3326.84540176392 3263.44942855835 3122.51279067993
3148.80097579956 3173.71171569824 3211.78887176514 3191.76436233521 3148.10311508179 3186.7516708374 3209.25390625 3174.33769607544 3104.89120864868 3045.25322723389 2995.93935012817 2981.89990997314 2975.94138717651 2946.61697769165 2900.48495864868 2879.13114929199 2850.71612167358 2840.74169540405 2779.72840881348 2807.89659500122 2854.34366989136 2882.31131362915 2909.2939414978 2907.54386520386 2869.16903686523 2789.73896026611 2843.68515014648 2944.1728515625 3060.58427810669 3114.49384307861 3219.78046798706 3242.51601409912 3244.02177429199 3234.54228591919 3155.45977020264 3192.84012985229 3369.34911727905 3361.61494445801 3282.72743225098 3295.71736907959 3364.6784324646 3414.08174133301 3388.53105926514 3332.21473693848 3264.26308441162 3150.92734146118
3193.39715576172 3252.12861251831 3242.30812454224 3222.09627914429 3228.77156448364 3200.23984909058 3162.71220016479 3164.00332641602 3135.32021331787 3072.22441482544 3047.54276657104 3039.8747253418 3001.95722579956 2945.25801086426 2933.70800018311 2889.76983642578 2876.61658477783 2836.00538253784 2807.3996963501 2846.97101211548 2906.87110519409 2927.62795257568 2908.63690567017 2897.13456726074 2715.78398895264 2755.06826400757 2812.72204971313 2875.90350723267 2953.65752029419 3110.30155944824 3226.30624771118 3213.37774658203 3144.99187850952 3129.994140625 3088.79131317139 3155.62509155273 3367.70888900757 3385.03750610352 3343.71427536011 3324.42666625977 3363.91502761841 3424.00850296021 3395.69773483276 3349.43721008301 3265.79022979736 2971.82323455811
3263.95820236206 3297.76013946533 3279.71759414673 3284.01377105713 3253.2594871521 3167.05167388916 3091.68144989014 3082.63066482544 3119.40147018433 3108.33808517456 3074.95399093628 3055.53945541382 3031.74618530273 2988.28996658325 2946.91393280029 2907.47987365723 2906.70567321777 2870.01279449463 2863.29256820679 2879.5341758728 2921.04921340942 2951.54452133179 2939.79160690308 2858.28388214111 2722.81729125977 2755.81904983521 2842.13906478882 2881.24228668213 2909.71398544312 3018.03632736206 3194.29306793213 3123.24101257324 3080.57723999023 2978.89812850952 3084.53866958618 3197.01902008057 3313.39774703979 3384.34364318848 3411.61815643311 3357.4052734375 3423.21426773071 3432.68711090088 3402.65321350098 3372.68027877808 3274.5449256897 2956.3437538147
3317.95811080933 3321.56826019287 3301.55223464966 3259.76308059692 3211.28086090088 3167.67625808716 3100.23438262939 3069.98417282104 3029.66533660889 3033.80791091919 3017.7490272522 3024.73505401611 3039.39571380615 2993.54627227783 2952.55596160889 2925.51708984375 2896.86660385132 2874.74608612061 2899.72471618652 2914.61406707764 2933.22236251831 2950.53409957886 2928.09981155396 2808.75741195679 2824.66220092773 2798.8818359375 2862.36983108521 2877.3300743103 2916.01895523071 3020.70058441162 3050.85399627686 3063.12343215942 2994.25030517578 3005.68584060669 3171.51922607422 3220.02588653564 3311.5263671875 3355.82373428345 3434.1370010376 3407.47100067139 3488.30381393433 3484.50312423706 3429.96122360229 3384.76951980591 3259.28914642334 2807.53300476074
3282.96971893311 3294.23495864868 3283.85369491577 3274.1132850647 3235.44570159912 3206.79648208618 3170.14463043213 3136.20174789429 3106.29247283936 3057.18418121338 3030.74667739868 2966.44932174683 3030.54844284058 3036.7018737793 3019.857421875 2949.01581573486 2886.07469940186 2881.3547668457 2907.51104354858 2924.15838623047 2937.24005508423 2925.27470779419 2915.39912414551 2833.82081604004 2805.79608535767 2784.91269302368 2798.80030059814 2932.27860641479 3023.845703125 2941.21963500977 3060.39686584473 3131.564037323 3036.15420532227 3135.56307220459 3220.49971008301 3302.39715194702 3367.74453735352 3382.43409347534 3451.25440597534 3444.75917434692 3499.43996047974 3489.37119293213 3441.84843444824 3397.74405288696 3219.99413299561 2634.4228477478
3233.44237136841 3257.51483535767 3245.71328735352 3194.93719863892 3218.73593902588 3224.18592834473 3196.13614273071 3158.8596496582 3118.30235671997 3135.41221237183 3129.19540786743 3106.01835250854 3087.14950561523 3067.37247085571 3046.43925857544 3005.78330230713 2937.91854476929 2871.18807220459 2892.787109375 2920.08046722412 2930.85080718994 2905.32734680176 2876.12491607666 2809.53915405273 2841.75791549683 2891.19305801392 2899.03623580933 3018.68944168091 3052.50144958496 3057.71015167236 3175.91621017456 3185.15243148804 3086.75215530396 3151.52031707764 3181.70694351196 3298.50469589233 3362.86719512939 3406.08378601074 3472.44404602051 3489.62450790405 3532.68037414551 3494.29392623901 3443.77733612061 3405.02147674561 3281.88875961304 2985.92803955078
3172.05597305298 3189.5849571228 3199.70402145386 3105.77235412598 3067.03387832642 3110.05771255493 3137.84081268311 3127.71886444092 3109.07471847534 3108.22902297974 3127.72011184692 3117.20801544189 3088.55186080933 2982.03877258301 2976.81328201294 2963.09072494507 2878.27715301514 2884.66346740723 2875.19316482544 2889.07138824463 2911.49610900879 2891.59405136108 2844.83195114136 2835.86611175537 2883.93935012817 2927.76993560791 2950.73524475098 3046.47880935669 3068.35585784912 3085.05204391479 3147.93954849243 3204.87001037598 3180.59248733521 3169.22129821777 3209.16240692139 3141.30313491821 3163.25470352173 3378.8896522522 3501.49285125732 3552.04170608521 3576.38819885254 3501.09912490845 3433.32069396973 3392.29140472412 3315.22677230835 3216.38017654419
3098.64365768433 3091.68115234375 3065.83915328979 3017.44688034058 2981.37540435791 2956.57961654663 2981.76212310791 3009.48846817017 3039.45693588257 3054.15673446655 3078.84318161011 3036.45545959473 3013.02460861206 2985.728515625 2972.46417236328 2914.61082458496 2873.8886756897 2886.0957069397 2878.67470932007 2845.48740386963 2871.11075592041 2859.23416900635 2848.95264434814 2865.45771408081 2897.65711593628 2924.09414291382 2847.52303695679 2934.14542007446 3010.89903259277 3093.61465072632 3136.23905563354 3141.84345245361 3202.873046875 3250.1725730896 3231.28038406372 3120.17059707642 3152.79306411743 3353.6429901123 3477.89569854736 3581.14042663574 3562.08644104004 3466.17207336426 3401.57450866699 3291.71004867554 3189.84686660767 3215.71220779419
3044.73252868652 3088.66542053223 3093.53136062622 2961.97109985352 2900.97459411621 2884.28261947632 2918.72021484375 2899.7011756897 2953.53652191162 2973.89854431152 2962.10555648804 2922.04862213135 2868.10898208618 2866.5592880249 2970.56550979614 2959.97001266479 2945.95586395264 2928.99726486206 2892.23467254639 2865.48690032959 2839.27237701416 2772.78897094727 2736.89460754395 2716.29061508179 2767.88116073608 2764.30047607422 2806.12313079834 2837.90898513794 2826.99736785889 2935.86201477051 3016.07479858398 3030.23838806152 2983.76270675659 3171.84022521973 3266.51662063599 3321.21494293213 3361.35771560669 3430.06650161743 3480.54951858521 3560.67157745361 3482.08768844604 3393.935546875 3341.95644760132 3108.78280258179 3113.60419464111 3135.98292541504
2933.58095169067 3030.78398513794 2996.16278076172 2947.76816558838 2878.85829925537 2835.9052696228 2835.90605163574 2813.09326553345 2836.44471740723 2839.45351791382 2928.40967559814 2911.0647354126 2862.56014633179 2827.27353286743 2907.67061233521 2864.13009643555 2920.10186004639 2916.57060241699 2872.28643035889 2855.88133621216 2820.01094055176 2805.6701965332 2752.4089012146 2660.93388748169 2712.2785987854 2710.16211700439 2807.71298980713 2906.73260879517 2851.19785690308 2783.7255859375 2892.05049133301 2912.73582458496 2862.52723693848 3069.00294494629 3213.49717330933 3279.06396484375 3275.96924972534 3359.71981811523 3467.08611297607 3475.48553466797 3401.75967407227 3360.82402420044 3278.4592666626 3180.42938995361 3147.28455734253 3101.55916976929
2733.51990890503 2879.21699142456 2897.03672027588 2815.34746551514 2840.22420120239 2809.74021911621 2757.79931640625 2706.23652648926 2737.486328125 2813.91249465942 2870.42391586304 2872.66366195679 2876.22146224976 2818.86201858521 2798.53593826294 2676.35994338989 2763.55899047852 2886.81229019165 2791.06201553345 2749.33320617676 2829.67061233521 2814.95479202271 2774.24747085571 2749.89130783081 2781.27715682983 2805.7038192749 2876.3249168396 2927.12929534912 2906.45907974243 2817.66134643555 2810.02431869507 2921.41983413696 2998.19023132324 3059.27031326294 3175.64335632324 3218.00428771973 3190.35039138794 3234.12997055054 3431.20734405518 3406.06298065186 3369.27334213257 3301.91845703125 3194.86337280273 3108.81103134155 3169.73915100098 3200.77793884277
2606.33155059814 2748.00634002686 2831.0598526001 2804.73623275757 2749.00770187378 2788.08260726929 2770.27880477905 2682.20156478882 2645.24043655396 2734.74032211304 2825.96170806885 2775.2141418457 2769.15301895142 2774.82587814331 2745.87978363037 2727.5107460022 2701.49228286743 2839.40703201294 2768.18798446655 2724.82118988037 2838.70018768311 2837.11064147949 2741.12675857544 2734.28036499023 2810.80213546753 2848.99951553345 2899.27479553223 2925.34881591797 2925.3701171875 2871.97607803345 2846.31707000732 2914.18918228149 3007.56191253662 3071.91611099243 3044.48026275635 3194.6494178772 3184.74959564209 3266.69511032104 3392.17578125 3391.13651275635 3328.23778915405 3246.18378067017 3137.67608261108 3092.26231002808 3211.61406707764 3262.93006896973
2492.59482574463 2527.32089233398 2575.28584289551 2617.68770980835 2668.88096618652 2671.21033859253 2681.05615615845 2574.30176925659 2581.80487823486 2622.7490272522 2720.94705200195 2609.99873352051 2607.2160949707 2652.50155258179 2645.58368301392 2618.89522171021 2649.04013824463 2631.52341842651 2694.65840530396 2831.70440673828 2875.17128753662 2881.59090805054 2870.47206878662 2864.1586151123 2857.84394836426 2885.57724380493 2916.16611099243 2910.76102828979 2901.29676818848 2918.29863357544 2893.34219741821 2916.86288833618 2975.87889862061 2911.76727294922 2717.52324295044 3035.5260848999 3184.19980621338 3182.26396942139 3368.87978363037 3398.56865692139 3332.05421066284 3239.37783050537 3226.37567901611 3168.71952438354 3256.47549438477 3316.86874771118
2325.97979354858 2266.0976524353 2277.48974609375 2498.74931335449 2627.46416854858 2436.27930450439 2505.15282058716 2456.90465927124 2584.44766616821 2639.5078163147 2686.03924942017 2791.47648239136 2775.27471160889 2749.73896789551 2776.15069580078 2725.26016235352 2677.61366653442 2707.61543273926 2728.89071273804 2833.84324645996 2775.59823226929 2904.96641921997 2936.36962509155 2931.6936416626 2905.4538230896 2912.96982955933 2915.84180450439 2867.94454956055 2814.93243408203 2862.15633773804 2896.45011138916 2966.49090194702 2947.93025588989 2834.55693054199 2505.73163223267 2785.91494369507 3089.12803649902 3254.24169158936 3371.30885696411 3426.76669311523 3363.19179916382 3278.15830230713 3286.40087509155 3281.64922714233 3322.34629440308 3335.62861633301
2243.74942398071 2297.39198303223 2305.14813613892 2439.21338653564 2489.67227172852 2208.40528106689 2457.09471893311 2494.32207489014 2721.10361862183 2794.31407928467 2736.85938262939 2775.94374847412 2846.86172485352 2736.42420959473 2861.55282211304 2867.24676895142 2834.330078125 2907.28896713257 2893.95097732544 2948.99676513672 2948.52520370483 2953.70643997192 2937.68409347534 2924.36514282227 2897.36357498169 2919.45693206787 2902.99707794189 2811.59510421753 2724.69110488892 2702.77032852173 2754.1496887207 2972.27889251709 3013.87929153442 2976.31874465942 2724.740234375 2791.83798217773 3107.07167434692 3251.05274200439 3407.71279144287 3502.18622207642 3433.04365539551 3357.58330917358 3367.15838623047 3379.89736175537 3376.28329849243 3345.74541854858
2313.62588500977 2322.42615127563 2420.56201171875 2417.31767272949 2398.76231384277 2419.98603820801 2563.02803039551 2650.81837081909 2827.17099761963 2831.27107620239 2691.28191757202 2786.98477935791 2919.32869338989 2958.83592605591 2835.61191558838 2700.06230545044 2796.91328811646 2929.46015167236 2992.36357879639 2996.13603210449 2969.73154449463 2945.69522476196 2928.76366424561 2836.45294570923 2815.53360366821 2880.87540054321 2879.91923141479 2730.69697952271 2665.70449829102 2572.80751419067 2598.22655105591 2905.39141464233 3101.79823303223 3124.23829650879 2962.92919540405 3112.48106765747 3226.69412994385 3249.96133804321 3434.47616195679 3561.20623779297 3471.37511444092 3384.88416290283 3417.56838226318 3428.61552047729 3402.83584594727 3324.02499389648
2450.40683364868 2521.15419387817 2517.57276153564 2477.65742111206 2466.03486251831 2524.35458374023 2657.77313613892 2788.60537338257 2797.24481964111 2741.93330383301 2927.54620361328 3017.65926742554 3001.44150543213 2893.70684051514 2716.50507736206 2643.47216415405 2806.89170455933 2976.2046661377 3006.63134002686 2955.90418624878 2930.4528427124 2886.77177810669 2836.88115692139 2732.26132965088 2678.61297988892 2805.16414642334 2846.93144989014 2818.70839309692 2752.94395065308 2664.22441864014 2577.54572296143 2946.0986366272 3115.3508682251 3212.79922103882 3187.36745834351 3256.30897903442 3334.25917816162 3385.35751342773 3509.87001419067 3568.59288787842 3490.78818511963 3425.79374694824 3445.1210975647 3444.01006317139 3415.90810775757 3319.24782180786
2609.86034393311 2615.63584136963 2602.21397399902 2541.08759689331 2597.68660736084 2719.64842605591 2884.94805526733 2683.06357192993 2702.86612319946 2936.81680297852 3127.27363586426 3115.93926239014 2913.12178421021 2745.50077819824 2624.19314575195 2597.63173294067 2741.67657852173 2940.65877151489 2935.85578536987 2759.59413528442 2744.38456726074 2786.02735519409 2769.50038528442 2746.17831802368 2700.40203475952 2741.79512405396 2799.1230430603 2884.14884185791 2820.55488586426 2761.12305450439 2763.52732849121 2924.86650466919 3106.57050323486 3209.77090835571 3311.98789596558 3367.38056564331 3427.24180984497 3493.97834396362 3553.00880813599 3487.70840072632 3486.99911117554 3471.11074829102 3460.57608795166 3459.10693359375 3440.28340148926 3342.55800247192
