Cases/SDM_Urocitellus_beldingi/westernUsClimate_modern/BIO06.asc
NCOLS 316 
NROWS 299 
XLLCORNER -124.820833001 
YLLCORNER 29.1625003333339 
CELLSIZE 0.0666666666645545 
NODATA_value -3.4e+38 
[rows 0 to 19 of 299, columns 270 to 314 of 316]
-1848.82141985212 -1846.67812456403 -1826.46617780413 -1805.78715951102 -1813.2733328683 -1829.17377362932 -1834.90591430664 -1821.72902134487 -1766.41763087681 -1731.00357491629 -1747.3844909668 -1779.16372898647 -1795.89119175502 -1771.88459777832 -1758.29163033622 -1751.13180759975 -1757.81853376116 -1707.90311758859 -1713.06372724261 -1766.59933907645 -1782.62199183873 -1780.45748683384 -1776.71774509975 -1753.98626491002 -1772.31552342006 -1796.45067051479 -1717.93839372907 -1746.06685529436 -1754.89442443848 -1833.81807817732 -1792.78895350865 -1784.55847385951 -1806.31272234235 -1815.06049673898 -1812.01328822545 -1816.88773018973 -1813.25457763672 -1813.68861607143 -1822.12991550991 -1841.27980477469 -1855.99698747907 -1854.94765581403 -1873.41472298758 -1882.28393554688 -1887.45100838797
-1852.37910461426 -1843.54618644714 -1819.86933135986 -1803.58994102478 -1771.67109107971 -1793.7871131897 -1830.06347846985 -1831.17499160767 -1806.48242378235 -1738.45937919617 -1730.38193321228 -1736.11533164978 -1754.01005935669 -1757.98613166809 -1770.05839920044 -1786.84385108948 -1791.30195617676 -1772.10879516602 -1721.05039215088 -1746.51679801941 -1814.55751609802 -1812.85478401184 -1806.84580421448 -1754.25360870361 -1757.04043006897 -1759.74013710022 -1781.81991958618 -1806.45859336853 -1785.23935508728 -1826.55595207214 -1756.32147789001 -1750.34013366699 -1759.22919464111 -1752.78525543213 -1770.19717025757 -1789.61552429199 -1812.57851409912 -1832.02509307861 -1836.83076095581 -1845.78916358948 -1867.12236595154 -1884.5600566864 -1896.39950752258 -1902.86074066162 -1911.64072227478
-1855.20878791809 -1845.81465339661 -1837.2045955658 -1796.06962394714 -1687.30878829956 -1769.19247627258 -1810.48750114441 -1821.65948486328 -1819.9983291626 -1789.93661308289 -1738.96718788147 -1728.68799591064 -1733.74501609802 -1757.69747161865 -1766.71357345581 -1768.91562843323 -1781.31718254089 -1808.03437232971 -1811.61923789978 -1797.48779678345 -1821.21015548706 -1823.70635223389 -1788.7690448761 -1707.44892120361 -1675.31718254089 -1736.37352752686 -1788.64609527588 -1833.94432830811 -1842.75527000427 -1781.69560432434 -1774.58895683289 -1753.37226867676 -1752.24160003662 -1747.31337356567 -1731.44150161743 -1739.6313495636 -1753.96904182434 -1793.91386795044 -1842.52529144287 -1867.40938186646 -1885.66249275208 -1901.01864814758 -1907.69356155396 -1918.94179344177 -1928.85410308838
-1845.1962928772 -1826.94354248047 -1810.01698875427 -1763.64540290833 -1674.38398551941 -1702.68926811218 -1758.09385490417 -1779.81015205383 -1776.37079811096 -1788.13105201721 -1802.87176895142 -1782.56513786316 -1716.34306144714 -1717.0805644989 -1748.77557945251 -1784.42099380493 -1798.49736976624 -1801.09932327271 -1788.25107002258 -1815.10146331787 -1817.79374885559 -1781.94531440735 -1696.9423866272 -1664.36269378662 -1706.02871704102 -1734.45244026184 -1756.42978668213 -1806.18613433838 -1846.66758346558 -1787.37861442566 -1816.85537147522 -1812.50781059265 -1789.9650478363 -1806.45302963257 -1773.54140472412 -1745.55703163147 -1742.93203353882 -1771.3984375 -1812.60088348389 -1862.48407745361 -1893.25457763672 -1906.22481155396 -1910.95342063904 -1915.46523857117 -1917.91240119934
-1837.39980316162 -1831.21796226501 -1813.2685585022 -1729.16231155396 -1758.63534736633 -1784.43759918213 -1804.09492683411 -1814.79296875 -1809.52431678772 -1791.17813682556 -1775.01387023926 -1789.17235946655 -1791.79326057434 -1784.34336280823 -1710.12763977051 -1722.98300933838 -1755.94267272949 -1778.03583335876 -1779.21679878235 -1784.90859222412 -1794.92373657227 -1742.72041893005 -1671.33799171448 -1644.98379707336 -1648.92500686646 -1656.41250419617 -1745.06270217896 -1796.89979553223 -1828.22138214111 -1823.1134853363 -1832.79657554626 -1826.36973381042 -1852.77725219727 -1850.48105239868 -1840.38573455811 -1808.40898513794 -1777.72167205811 -1775.36592483521 -1825.4233379364 -1864.66738700867 -1890.2021446228 -1895.81181716919 -1896.68584442139 -1889.31190872192 -1889.00868988037
-1814.89326286316 -1814.47617149353 -1796.04756164551 -1763.86904144287 -1783.56182479858 -1821.1870136261 -1821.51689910889 -1827.11552047729 -1826.58632850647 -1809.31836700439 -1782.28309822083 -1761.17930030823 -1751.1840763092 -1763.6059589386 -1744.82880592346 -1705.89217948914 -1708.50946426392 -1734.4746055603 -1726.80575561523 -1728.2563495636 -1762.89823722839 -1732.54306602478 -1654.88407707214 -1628.3867149353 -1668.13486862183 -1692.83515930176 -1714.37275505066 -1701.45663642883 -1728.89491653442 -1719.45673179626 -1746.86503219604 -1806.04384803772 -1805.14726066589 -1801.93760490417 -1845.16846847534 -1842.59219360352 -1815.43447875977 -1809.2241153717 -1818.84238243103 -1849.82509803772 -1867.03476142883 -1871.46592330933 -1871.58905792236 -1869.10341644287 -1869.50331306458
-1721.54726409912 -1625.55342102051 -1669.75849914551 -1768.85556602478 -1791.34941291809 -1802.9741230011 -1811.63740730286 -1816.62128829956 -1821.46855354309 -1819.0043926239 -1799.93790054321 -1770.38614273071 -1735.99463272095 -1711.60341453552 -1719.74891853333 -1744.42950057983 -1739.63320541382 -1718.92392730713 -1710.74102020264 -1690.64823913574 -1731.05488395691 -1749.29228591919 -1706.31465339661 -1655.27530097961 -1678.20302772522 -1642.26142692566 -1661.1181640625 -1704.3984413147 -1703.38007545471 -1714.3332118988 -1730.64716339111 -1710.14374732971 -1757.96963119507 -1761.34736824036 -1817.11152648926 -1834.11083221436 -1812.01846122742 -1801.60849189758 -1824.80994415283 -1834.52460861206 -1844.78437614441 -1846.26836395264 -1845.32304000854 -1843.20869445801 -1848.04765129089
-1627.19697761536 -1594.14004135132 -1664.5734462738 -1736.27470588684 -1761.01856231689 -1767.52041435242 -1780.29608726501 -1785.16709327698 -1790.44462776184 -1779.08114814758 -1760.09305763245 -1726.51112747192 -1700.89306640625 -1672.27323722839 -1653.28066253662 -1676.95634841919 -1694.49951171875 -1736.0883846283 -1737.16973495483 -1733.56083679199 -1719.82548332214 -1747.19316482544 -1665.59149932861 -1625.41972923279 -1668.20214080811 -1702.8627948761 -1700.93446731567 -1672.44082641602 -1687.67597579956 -1721.83437347412 -1774.35810089111 -1776.07167816162 -1771.7924785614 -1794.93622398376 -1807.83368301392 -1816.76913070679 -1803.23779678345 -1808.04043197632 -1819.58222579956 -1825.84502601624 -1828.03809738159 -1827.75175666809 -1828.04892539978 -1830.88280105591 -1839.82569313049
-1587.73309516907 -1645.99325752258 -1602.81093215942 -1663.24277687073 -1722.56561470032 -1712.84052658081 -1702.31211090088 -1730.71562194824 -1734.08720970154 -1736.03457069397 -1720.10038375854 -1692.18300819397 -1667.91708755493 -1671.17148780823 -1703.10312652588 -1712.41856384277 -1713.5229511261 -1724.90537071228 -1721.03437805176 -1704.46933937073 -1723.5334854126 -1739.43613815308 -1726.34912490845 -1680.7402381897 -1661.35019111633 -1657.6596622467 -1696.28173828125 -1722.72715187073 -1689.61562728882 -1697.14854049683 -1741.76327896118 -1748.59111595154 -1790.84755897522 -1793.44570350647 -1805.7802696228 -1798.56464004517 -1795.12607574463 -1807.7495098114 -1816.87607765198 -1817.67636299133 -1815.89081764221 -1817.98387527466 -1819.74139976501 -1823.01943778992 -1835.43427848816
-1590.08622932434 -1598.98544883728 -1586.90108299255 -1591.20537376404 -1635.71015739441 -1671.06649589539 -1648.99609375 -1709.71474647522 -1714.82040786743 -1700.53358650208 -1700.55283927917 -1678.31015014648 -1648.86845970154 -1638.56777191162 -1636.24970626831 -1632.18115234375 -1632.02030563354 -1633.92812728882 -1637.23066329956 -1640.37479782104 -1670.68056869507 -1704.90634918213 -1729.83662033081 -1736.62558937073 -1683.7109375 -1658.15097999573 -1656.13017463684 -1697.58838272095 -1718.63242912292 -1751.68008613586 -1734.6232509613 -1738.884765625 -1771.38428115845 -1795.94756507874 -1796.25654602051 -1793.22304534912 -1800.28212928772 -1801.66464424133 -1800.07686424255 -1802.5251865387 -1803.50840377808 -1808.65185165405 -1808.70283126831 -1821.02412605286 -1827.08320236206
-1638.2719745636 -1599.24550247192 -1589.1699256897 -1541.27802848816 -1544.04228782654 -1634.14882850647 -1636.10087966919 -1642.09051513672 -1643.90605354309 -1667.56035232544 -1668.55068397522 -1661.98564720154 -1633.89218711853 -1634.04716110229 -1634.13427352905 -1637.17558097839 -1644.40370559692 -1657.85136604309 -1666.66659736633 -1669.97968864441 -1655.02031707764 -1639.27285957336 -1659.02168083191 -1714.60332107544 -1736.4457950592 -1727.56670188904 -1689.57011985779 -1677.5751991272 -1712.73291015625 -1722.3559589386 -1757.46347236633 -1770.20702934265 -1776.49481391907 -1790.96796226501 -1792.64511489868 -1775.38544464111 -1777.9599609375 -1771.83144950867 -1769.79989433289 -1775.00849914551 -1774.9580078125 -1780.12646484375 -1792.06698989868 -1816.13057327271 -1815.21523857117
-1632.78134918213 -1623.06766891479 -1613.1430683136 -1588.11474609375 -1548.25800132751 -1567.70244407654 -1648.63691139221 -1586.51239967346 -1603.04306983948 -1653.69160270691 -1660.30097198486 -1657.92578125 -1638.20654678345 -1653.58623695374 -1651.91357040405 -1647.80673217773 -1643.55556678772 -1648.43242645264 -1657.74228477478 -1638.09188842773 -1647.52275276184 -1651.23378562927 -1629.58680915833 -1652.47274780273 -1677.41533470154 -1716.91582107544 -1704.30527305603 -1694.05155944824 -1716.54043006897 -1739.00829696655 -1754.50371742249 -1771.73114204407 -1784.33164024353 -1779.63446617126 -1767.29286956787 -1754.38232421875 -1738.14150428772 -1730.01142501831 -1730.63730812073 -1736.43437385559 -1757.47373199463 -1748.84394264221 -1777.59833717346 -1797.60557174683 -1793.33378219604
-1619.13173484802 -1610.01953315735 -1616.19492149353 -1615.31621170044 -1608.87363433838 -1583.63076019287 -1625.29618453979 -1598.58339881897 -1586.30927658081 -1600.4404296875 -1641.64765548706 -1627.13037109375 -1604.24101448059 -1632.78583335876 -1639.2700214386 -1654.54560852051 -1628.06514167786 -1629.45761489868 -1658.58749389648 -1648.20331192017 -1639.63067054749 -1645.15732383728 -1652.35038757324 -1643.6684551239 -1661.80097579956 -1698.62236595154 -1692.05751228333 -1708.46660041809 -1729.63046646118 -1740.41317939758 -1747.5151386261 -1763.85233879089 -1731.33681678772 -1706.90625 -1710.0864200592 -1730.73759841919 -1714.75516319275 -1712.04521560669 -1716.33925056458 -1663.31669425964 -1681.17940139771 -1719.02011680603 -1763.21132850647 -1773.39327049255 -1767.91866111755
-1611.66699028015 -1603.97744941711 -1615.08115196228 -1615.9121055603 -1616.05878257751 -1610.34374809265 -1616.86249923706 -1609.36904525757 -1613.64492225647 -1620.83183479309 -1632.0268573761 -1637.44873428345 -1622.19306755066 -1613.0244102478 -1618.41337203979 -1634.99188423157 -1642.26542472839 -1624.01767349243 -1629.57852172852 -1655.9624042511 -1656.02704811096 -1670.54794883728 -1668.32040596008 -1659.51581954956 -1677.48202323914 -1677.40019035339 -1676.61171531677 -1701.20995903015 -1694.07900047302 -1680.86466026306 -1681.73916244507 -1725.76093482971 -1750.97724914551 -1715.54775238037 -1696.47304916382 -1711.06484222412 -1711.47305297852 -1710.11630821228 -1733.21211051941 -1690.24326133728 -1679.40624809265 -1712.14608955383 -1727.45595741272 -1724.43242263794 -1714.97860908508
-1591.70078659058 -1600.92782402039 -1611.56874275208 -1602.2133808136 -1596.43144035339 -1583.30644416809 -1591.74395561218 -1594.40566825867 -1607.56698989868 -1624.63857460022 -1645.09413528442 -1658.34619903564 -1658.45527267456 -1652.72860717773 -1638.7871055603 -1632.86786651611 -1648.93007659912 -1658.91475105286 -1688.39052581787 -1709.14912223816 -1719.92763900757 -1716.33329772949 -1703.22040557861 -1684.83223152161 -1686.52471160889 -1671.47813034058 -1665.1228427887 -1693.68105697632 -1713.98349571228 -1727.27178382874 -1729.2480506897 -1738.97109985352 -1763.19442558289 -1760.14218330383 -1767.71424674988 -1752.34101104736 -1731.85136222839 -1732.4760761261 -1714.91933250427 -1732.80029296875 -1724.24501037598 -1698.03739738464 -1665.01054000854 -1678.11202049255 -1665.35243797302
-1589.79843711853 -1590.82305145264 -1602.25624656677 -1567.810546875 -1558.84834671021 -1536.33437156677 -1540.98788261414 -1550.05351066589 -1589.76651000977 -1629.89960289001 -1657.95673179626 -1676.19941711426 -1683.86874389648 -1685.7021484375 -1675.83515357971 -1672.02549171448 -1683.05741691589 -1709.02939224243 -1729.90254211426 -1720.10645294189 -1709.33036613464 -1720.94638252258 -1709.74941635132 -1688.30888175964 -1688.08085250854 -1695.78681564331 -1710.3618106842 -1698.16260147095 -1668.30712509155 -1680.72235679626 -1689.23300361633 -1664.29902458191 -1688.35019302368 -1718.33174133301 -1701.66542625427 -1702.7211933136 -1723.76611328125 -1706.93788146973 -1710.83193016052 -1738.23926353455 -1698.82988357544 -1659.90497398376 -1648.39248466492 -1681.11396980286 -1703.64208602905
-1582.34921455383 -1585.67568206787 -1564.5537147522 -1546.0654258728 -1518.56699180603 -1502.31494140625 -1500.61249923706 -1477.70947265625 -1493.5139503479 -1570.47236251831 -1636.59335517883 -1642.37080192566 -1638.27207374573 -1654.38242149353 -1657.45049285889 -1635.51884651184 -1660.8291015625 -1677.73242378235 -1649.54423522949 -1625.98456954956 -1649.39257049561 -1657.50430297852 -1678.87753105164 -1638.55371856689 -1607.39823913574 -1628.2031211853 -1635.64540863037 -1617.07080078125 -1630.5380821228 -1633.94706916809 -1639.16600990295 -1676.13768768311 -1646.44540977478 -1659.30976486206 -1685.47070503235 -1685.10752105713 -1639.44365119934 -1656.65526771545 -1682.84560012817 -1676.73983955383 -1699.37294960022 -1717.03028297424 -1711.17304801941 -1710.97344207764 -1720.57383346558
-1574.07402420044 -1546.80683135986 -1567.54610061646 -1558.05068778992 -1534.76396179199 -1522.89081764221 -1520.77217102051 -1516.13486099243 -1485.63759613037 -1502.80869293213 -1552.57588195801 -1533.65370941162 -1562.84784698486 -1609.47822380066 -1610.20858573914 -1572.84365844727 -1593.42099952698 -1640.94229125977 -1612.74326133728 -1573.1894493103 -1592.34676933289 -1603.59609603882 -1610.28476524353 -1646.56474113464 -1608.28848075867 -1610.67959022522 -1589.39932060242 -1577.74081230164 -1597.17608451843 -1618.77734375 -1623.70234298706 -1631.08544921875 -1652.29286956787 -1628.8930683136 -1641.40419769287 -1634.45858955383 -1599.97186660767 -1602.8764705658 -1633.47021865845 -1655.16103172302 -1658.14609718323 -1679.94121551514 -1699.60234260559 -1681.36025619507 -1667.63661956787
-1464.24970817566 -1490.14150238037 -1544.22577857971 -1550.8667011261 -1542.54990959167 -1532.52363395691 -1549.68182945251 -1526.70263671875 -1511.00986289978 -1492.73525810242 -1484.33633232117 -1533.70088386536 -1558.33622932434 -1581.46221351624 -1608.51484107971 -1576.00673866272 -1597.65585517883 -1600.96737670898 -1584.58184242249 -1547.08711051941 -1570.58046340942 -1594.43437004089 -1596.95341491699 -1637.96015167236 -1599.47089576721 -1601.39932441711 -1613.11112976074 -1598.89219093323 -1591.37782859802 -1589.00165939331 -1603.03564453125 -1598.03701591492 -1628.04628944397 -1616.0864276886 -1569.11737823486 -1578.79365158081 -1592.11952590942 -1596.54794502258 -1606.08750152588 -1614.47656440735 -1619.32461738586 -1657.38124084473 -1682.70966148376 -1670.31162643433 -1668.85614585876
-1546.70185279846 -1593.45086860657 -1579.70244789124 -1575.57373046875 -1536.36620330811 -1493.68378639221 -1544.13066673279 -1558.80107116699 -1550.05430030823 -1528.95908164978 -1493.43739509583 -1514.95332145691 -1562.27665901184 -1579.18027496338 -1589.64716529846 -1553.99853897095 -1565.56445503235 -1565.04209136963 -1552.83369064331 -1558.5556640625 -1559.00205421448 -1559.29189109802 -1561.46601486206 -1618.60322189331 -1607.79316902161 -1588.16630744934 -1579.83174133301 -1599.38955497742 -1601.93281936646 -1585.80449104309 -1550.78583717346 -1556.75331878662 -1562.64794158936 -1561.25283813477 -1566.93915367126 -1565.23749923706 -1568.46279716492 -1565.27890968323 -1574.17929458618 -1588.29364967346 -1612.51308631897 -1644.51601791382 -1651.94073486328 -1627.36610984802 -1620.80175209045
