Cases/SDM_Urocitellus_beldingi/westernUsClimate_modern/BIO08.asc
NCOLS 316 
NROWS 299 
XLLCORNER -124.820833001 
YLLCORNER 29.1625003333339 
CELLSIZE 0.0666666666645545 
NODATA_value -3.4e+38 
[rows 0 to 25 of 299, columns 232 to 289 of 316]
1568.53571428571 1575.83928571429 1574.67857142857 1586.41071428571 1580.73214285714 1549.42857142857 1535.08928571429 1539.89285714286 1546.80357142857 1557.78571428571 1562.01785714286 1566.76785714286 1576.25 1581.16071428571 1584.42857142857 1588.78571428571 1593.875 1594.91071428571 1597.19642857143 1595.21428571429 1597.16071428571 1601.67857142857 1593.21428571429 1593.875 1600.23214285714 1594.35714285714 1596.23214285714 1587.94642857143 1584.71428571429 1602.69642857143 1599.53571428571 1595.89285714286 1574.03571428571 1549.85714285714 1563.80357142857 1575.51785714286 1575.05357142857 1570.26785714286 1575.83928571429 1572.07142857143 1553.01785714286 1538.71428571429 1525.71428571429 1517.94642857143 1519.76785714286 1511.69642857143 1505.35714285714 1509.17857142857 1524.89285714286 1540.39285714286 1553.375 1561.05357142857 1567.85714285714 1574.26785714286 1581.39285714286 1575.82142857143 1574 1580.28571428571
1612.6875 1621.71875 1626.28125 1629.234375 1615.421875 1575.21875 1541.78125 1547.28125 1568.765625 1579 1582.96875 1588.875 1600.796875 1605.15625 1610.765625 1610.28125 1613.4375 1619.25 1623.75 1627.703125 1631.9375 1640.4375 1634.5 1624.859375 1629.546875 1642.046875 1626.21875 1622.5 1620.75 1612.171875 1634.203125 1621.3125 1599.015625 1565.5 1579.75 1591.078125 1604.34375 1598.234375 1602.078125 1591.15625 1572.421875 1551.703125 1522.578125 1511.640625 1526.828125 1530.234375 1525.078125 1519.609375 1530.34375 1541.84375 1555 1567.640625 1579.796875 1591.828125 1599.5625 1594.375 1589.125 1584.328125
1640.28125 1644.125 1643.109375 1632.78125 1610.71875 1590.59375 1548.40625 1529.859375 1550.25 1573.328125 1581.765625 1595.78125 1602.765625 1616.09375 1622.421875 1624.03125 1622.109375 1619.78125 1617.6875 1616.265625 1618.25 1621.515625 1644.703125 1639.65625 1627.765625 1644.5 1650.640625 1630.296875 1614.203125 1618.796875 1639.84375 1610.671875 1598.703125 1575.984375 1588.6875 1598.359375 1614.671875 1621.1875 1602.796875 1595.140625 1580.203125 1549.171875 1528.171875 1508.03125 1516.875 1531.90625 1540.328125 1541.703125 1539.59375 1543.109375 1553.875 1567.296875 1580.84375 1593.0625 1602.03125 1610.578125 1612.484375 1608.765625
1666.546875 1660.84375 1645.671875 1627.234375 1599.625 1556.265625 1511.625 1524 1535.625 1552.90625 1580.953125 1594.125 1605.3125 1614.875 1617.03125 1620.53125 1625.578125 1629.71875 1631.421875 1627.21875 1623.96875 1621.9375 1626.625 1653.5625 1667.671875 1670.015625 1661.296875 1631 1606.96875 1612.21875 1631.859375 1653.015625 1613.359375 1602.8125 1600.875 1617.421875 1636.484375 1616.90625 1600.125 1586.65625 1565.5625 1543.84375 1527.109375 1501.203125 1491.46875 1499.15625 1513.90625 1537.84375 1558.96875 1564.09375 1564.609375 1572.859375 1584.734375 1600.703125 1614.875 1623.34375 1622.40625 1635.125
1680.015625 1671.171875 1651.390625 1633.375 1625.953125 1603.265625 1560.78125 1533.53125 1536.53125 1554.96875 1580.15625 1591.46875 1602.6875 1614.609375 1617.96875 1623.359375 1624.625 1631.5625 1621.984375 1621.1875 1624.96875 1631.6875 1633.390625 1644.234375 1666.078125 1686.09375 1671.875 1631.171875 1615.4375 1609.453125 1626.5 1659.171875 1636.9375 1627.28125 1630.21875 1644.34375 1639.671875 1626.359375 1610.828125 1595.21875 1569.46875 1537.6875 1521.234375 1504.46875 1494.078125 1499.890625 1509.1875 1523.6875 1546.328125 1573.109375 1590.765625 1596.453125 1594.15625 1602.015625 1615.71875 1629.75 1640.484375 1659.4375
1684.109375 1690.703125 1659.140625 1632.90625 1633.5625 1627.765625 1619.25 1599.234375 1568.25 1569.0625 1574.515625 1584 1595.421875 1604.859375 1616.734375 1628.4375 1634.046875 1647.671875 1642.53125 1627.578125 1628.453125 1631.25 1637.171875 1642.859375 1659.765625 1692.21875 1693.6875 1642.109375 1629.90625 1623.578125 1638.25 1666.046875 1674.296875 1653.3125 1657.9375 1649.671875 1650.90625 1639.140625 1622.71875 1601.46875 1570.078125 1536.078125 1524.015625 1531.640625 1513.15625 1517.546875 1522.671875 1529.4375 1541.53125 1564.28125 1589.171875 1612.8125 1618.84375 1618.703125 1625.609375 1633.78125 1643.828125 1665.6875
1675.546875 1698.6875 1676.015625 1662.421875 1654.796875 1649.875 1651.9375 1637.078125 1627.71875 1627.140625 1618.046875 1612.65625 1605.53125 1618.4375 1622.71875 1624.328125 1625.609375 1633.53125 1652.75 1657.0625 1646.84375 1652.359375 1654.515625 1656.4375 1664.359375 1688.765625 1713.15625 1678.515625 1658.421875 1651.3125 1659.390625 1704.515625 1664.96875 1661.703125 1663.40625 1667.6875 1671.5625 1649.265625 1624.703125 1596.96875 1574.703125 1560.421875 1545 1553.3125 1551.015625 1544 1549.25 1555.03125 1557.578125 1566.984375 1589.171875 1610.390625 1629.765625 1647.234375 1653.796875 1654.875 1659.265625 1671.328125
1717.8125 1710.953125 1705.6875 1702.984375 1700.015625 1692.546875 1683.578125 1682.875 1670.171875 1669.625 1666.96875 1659.640625 1660.84375 1644.671875 1636.234375 1633.40625 1637.921875 1643.75 1643.28125 1652.03125 1669.765625 1674.40625 1677.15625 1687.75 1703.453125 1718.984375 1717.265625 1720.953125 1694.390625 1687.984375 1681.0625 1713.6875 1690.015625 1689.296875 1683.453125 1702.453125 1680.25 1655.203125 1626.78125 1613.71875 1592.0625 1587.71875 1581.234375 1581.578125 1581 1575.734375 1572.96875 1570.78125 1577.109375 1585.890625 1602.828125 1617.390625 1634.796875 1648.234375 1660.5 1678.046875 1687.859375 1696.390625
1675.171875 1680.546875 1683.859375 1692.53125 1704.828125 1712.171875 1713.25 1715.171875 1711.3125 1707.09375 1707.5 1687.984375 1680.40625 1661.84375 1652.328125 1658.5 1652.53125 1648.96875 1654.453125 1655.875 1659.53125 1666.796875 1685.234375 1709.4375 1723.3125 1723.4375 1731.359375 1733.078125 1722.15625 1704.15625 1700.703125 1710.890625 1709.515625 1704.5625 1711.921875 1719.21875 1693.3125 1684.84375 1664.6875 1649.40625 1632.078125 1621.46875 1628.515625 1626.296875 1610.015625 1602.3125 1593.828125 1601.03125 1613.9375 1623.046875 1630.078125 1647.875 1669.375 1677.140625 1682.375 1682.703125 1688.359375 1695.25
1611.75 1612.4375 1633.234375 1650.125 1665.625 1683.234375 1696.203125 1697.609375 1704.0625 1712.875 1723.4375 1727.859375 1723.140625 1713.203125 1705.140625 1695.5 1688.578125 1663.4375 1657.421875 1659 1668.734375 1687.125 1704.296875 1719.5 1719.515625 1732.203125 1725.90625 1727 1700.171875 1694.34375 1700.78125 1705.921875 1733.1875 1742.609375 1749.671875 1740.109375 1723.53125 1714.65625 1709.15625 1698.21875 1679.125 1668.625 1663.265625 1664.203125 1652.828125 1651.875 1633.453125 1623.296875 1640.828125 1647.015625 1639.8125 1647.609375 1655.21875 1657.1875 1660.96875 1661.359375 1661.625 1665.53125
1542.375 1584.515625 1604.859375 1597.3125 1619.375 1639.3125 1651.34375 1662.703125 1678 1682.875 1693.046875 1704.078125 1714.28125 1715.265625 1728.5 1735.171875 1734.6875 1729.140625 1715.984375 1707.21875 1712.4375 1718.140625 1741.03125 1742.046875 1744.3125 1747.578125 1739.15625 1721.578125 1694.765625 1685 1699.703125 1720.109375 1735.6875 1751.921875 1764.0625 1772.296875 1770.75 1754.09375 1739.296875 1720.1875 1709.625 1699.640625 1695.375 1697.890625 1694.53125 1678.625 1650.359375 1638.140625 1650.3125 1659.71875 1649.6875 1655.9375 1663.09375 1667.734375 1672.8125 1674.078125 1674.140625 1677.0625
1443.953125 1506.828125 1543.859375 1541.78125 1545.28125 1564.5 1589.09375 1628.9375 1651.109375 1671.015625 1681.15625 1682.921875 1683.609375 1689.4375 1708.203125 1708.78125 1707.71875 1726.265625 1732.9375 1740.0625 1752.796875 1746.453125 1737.453125 1731.046875 1720.921875 1731.171875 1743.578125 1710.390625 1714.375 1701.25 1712.328125 1719.8125 1732.84375 1735.984375 1734.421875 1740.375 1763.484375 1781.484375 1772.015625 1754.578125 1740.28125 1727.859375 1716.9375 1709.8125 1730.21875 1698.4375 1677.453125 1672.390625 1680.921875 1682.109375 1667.765625 1678.875 1691.390625 1695.140625 1690.859375 1696.328125 1710.328125 1700.203125
1335.421875 1379.9375 1463.046875 1467.140625 1466.25 1544.71875 1575.078125 1604.171875 1620.953125 1634.5 1653.734375 1660.0625 1674.65625 1686.328125 1695.09375 1702.859375 1705.046875 1702.890625 1712.171875 1715 1730.21875 1720.15625 1711.75 1704.4375 1703.921875 1718.390625 1740.796875 1715.25 1707.96875 1710.171875 1707.40625 1720.40625 1713.515625 1716.0625 1725.96875 1743.828125 1752.75 1772.984375 1792.5 1791.421875 1772.265625 1757.546875 1744.53125 1735.78125 1751.515625 1724.546875 1702.8125 1698.96875 1714.890625 1714.75 1693.421875 1694.171875 1713.109375 1736.921875 1718.96875 1719.140625 1740.5 1746.453125
1337.34375 1401.703125 1377.09375 1388.296875 1450.984375 1520.453125 1563.140625 1593.875 1607.640625 1613.34375 1634.140625 1638.890625 1658.265625 1672.609375 1687.3125 1695.65625 1697.4375 1701.890625 1707.34375 1714.640625 1725.34375 1731.296875 1717.96875 1706.15625 1707.890625 1722.9375 1733.1875 1739.421875 1714.046875 1704.96875 1706.328125 1716.40625 1702.21875 1703.890625 1726.390625 1745.96875 1756.453125 1767.953125 1788.5625 1806.671875 1805.0625 1773.890625 1771.609375 1775.6875 1776.109375 1757.921875 1749.109375 1743.359375 1744.890625 1753.484375 1738.125 1729.640625 1731.796875 1752.234375 1772.59375 1762.859375 1763.875 1780.1875
1376.40625 1450.859375 1471.390625 1462.53125 1498.28125 1544.703125 1573.828125 1592.625 1612.703125 1621.5 1631.203125 1625.328125 1624.59375 1653.875 1671.546875 1686.09375 1702.4375 1710.765625 1712.640625 1713.078125 1718.0625 1725.9375 1731.25 1721.59375 1718.703125 1727.40625 1736.78125 1745.703125 1724.09375 1712.453125 1720.96875 1715.984375 1706.21875 1720 1736.8125 1744.203125 1750.390625 1758.203125 1766.484375 1782.921875 1795.265625 1804.046875 1805.28125 1808.609375 1810.28125 1809.015625 1798.921875 1789.328125 1789.359375 1788.1875 1784.0625 1782.375 1784.421875 1789.53125 1809.40625 1803.984375 1803.515625 1803.515625
1426.859375 1500.390625 1541.015625 1570.828125 1593.828125 1610.03125 1612.015625 1619.8125 1609.0625 1586.484375 1584.40625 1575.453125 1580.359375 1624.5 1653.953125 1674.875 1683.4375 1694.875 1701.453125 1707.25 1717.375 1725.15625 1732.21875 1727.109375 1726.828125 1727.859375 1741.6875 1736.359375 1722.65625 1721 1721.546875 1712.859375 1714.9375 1726.359375 1738.375 1751.296875 1763.703125 1773.828125 1781.84375 1782.28125 1784.171875 1771.78125 1791.421875 1817.703125 1827.34375 1830.34375 1830.953125 1822.65625 1820.84375 1817.859375 1812.140625 1813.125 1822.484375 1829.640625 1832.5625 1824.125 1807 1793.53125
1475.828125 1542.5625 1572.671875 1612.84375 1661.53125 1654.671875 1628.609375 1615.59375 1572.578125 1531.3125 1476.875 1461.328125 1510.609375 1560.875 1629.484375 1659.65625 1669.875 1680.21875 1689.140625 1705.640625 1721.984375 1729.796875 1722.859375 1720.453125 1726.59375 1734.875 1733.265625 1718.34375 1715.359375 1717.203125 1714.546875 1715.78125 1718.734375 1728.15625 1741.296875 1752.546875 1753.46875 1758.8125 1778.765625 1785.328125 1767.96875 1762.484375 1781.9375 1809.828125 1801.59375 1777.65625 1777.0625 1799 1819.25 1815.96875 1809.984375 1813.46875 1814.421875 1805.40625 1809.125 1804.625 1783.6875 1773.3125
1568.765625 1610.71875 1643.046875 1644.796875 1692.53125 1697.265625 1666.25 1612.328125 1554.40625 1480.125 1437.75 1417.625 1452.84375 1532.578125 1626.71875 1661.140625 1678.828125 1697.65625 1703.03125 1711.25 1714.4375 1719 1726.65625 1730.875 1740.75 1732.703125 1720.546875 1713.953125 1712.140625 1716.15625 1716.828125 1740.75 1721.515625 1727.390625 1745.21875 1749.734375 1752.84375 1765.890625 1769.84375 1756.1875 1759.328125 1766.4375 1779.578125 1783.53125 1779.796875 1764.9375 1757.921875 1763.703125 1780.328125 1774.484375 1778.9375 1792.703125 1795.71875 1773.875 1779.546875 1794.96875 1773.953125 1750.546875
1614.03125 1669.359375 1705.765625 1719.578125 1755.8125 1772.453125 1752.28125 1682.453125 1606.25 1571.28125 1537.890625 1516.390625 1575.765625 1592.515625 1630.96875 1669.8125 1688.46875 1702.421875 1701.15625 1709.265625 1715.921875 1718.1875 1725.359375 1734.453125 1743.3125 1731.0625 1723.734375 1752.40625 1726.109375 1725.390625 1739.8125 1776.328125 1756.921875 1750.5625 1748.546875 1757.046875 1763.0625 1761.265625 1756.34375 1754.140625 1757.484375 1771.6875 1773.96875 1766.921875 1779.96875 1755 1753.78125 1755.1875 1752.453125 1763.0625 1770.453125 1782.25 1793.875 1768.75 1778.359375 1776.5625 1761.125 1739.96875
1687.375 1736.265625 1742.453125 1764.953125 1787 1802.46875 1796.375 1742.65625 1681.484375 1658.765625 1627.84375 1616.25 1655.359375 1661.359375 1666.015625 1684.96875 1695 1715.875 1717 1714.171875 1713.875 1721.21875 1729.875 1743.09375 1741.890625 1734.125 1728.46875 1758.875 1768.890625 1757.59375 1758.1875 1778.875 1754.328125 1755.3125 1771.84375 1775.65625 1769.296875 1759.84375 1759.828125 1768.796875 1770.21875 1771.796875 1763.15625 1757.515625 1771.453125 1779.46875 1771.828125 1762.125 1753.6875 1757.65625 1772.625 1783.375 1785.84375 1762.09375 1760.984375 1756.796875 1745.703125 1744.71875
1708.546875 1676.9375 1684.171875 1715.984375 1742.484375 1779.125 1794.28125 1782.078125 1753.796875 1730.765625 1716 1722.0625 1713.65625 1710.984375 1714.296875 1714.90625 1719.921875 1736.5 1737.8125 1732.546875 1728.671875 1732.75 1736.984375 1754.546875 1743.046875 1745.03125 1741.9375 1769.3125 1777.359375 1770.59375 1762.234375 1785.46875 1774.0625 1766.1875 1760.109375 1764.796875 1761.90625 1767.984375 1769.28125 1769.453125 1759.6875 1769.125 1764.203125 1761.875 1768.890625 1779.859375 1780.28125 1772.421875 1757.5 1748.5625 1753.828125 1762.1875 1773.375 1753.1875 1732.359375 1734.34375 1734.390625 1735.53125
1663.921875 1648.796875 1641 1661.03125 1703.15625 1741.5625 1774.90625 1789.875 1780.734375 1767.5625 1760.875 1755.921875 1747.140625 1749.734375 1749.625 1756.53125 1758.03125 1771.828125 1765.484375 1770.78125 1757.828125 1755.390625 1755.765625 1757.578125 1761.03125 1769.0625 1764.046875 1776.625 1780.3125 1779.4375 1772.484375 1768.4375 1768.203125 1766.296875 1761.1875 1761.203125 1765 1768.171875 1763.625 1760.921875 1758.109375 1757.546875 1756.78125 1758.65625 1765.625 1778.546875 1784.609375 1772.265625 1757.3125 1747.3125 1743.875 1753.234375 1754.828125 1736.125 1726.8125 1727.421875 1728.75 1735.109375
1627.4375 1626.046875 1621.078125 1644.484375 1689.640625 1737.125 1774.4375 1791.15625 1784.375 1774.359375 1772.984375 1768.296875 1764.9375 1767.015625 1770.859375 1768.03125 1773.4375 1775.25 1775.421875 1776.15625 1769.40625 1765.390625 1765.953125 1766.625 1774.75 1775.953125 1768.53125 1791.78125 1792.265625 1788.078125 1791.890625 1788.75 1782.6875 1775.1875 1770.078125 1770.578125 1769.515625 1766.109375 1759.625 1750.65625 1751.46875 1747.546875 1748.96875 1754.90625 1762.9375 1775.546875 1784.96875 1774.265625 1763.890625 1757.546875 1746.421875 1741.921875 1733.96875 1730.1875 1720.421875 1718.421875 1718.328125 1726.484375
1608.65625 1612.078125 1619.765625 1671.375 1713.171875 1744.296875 1759.578125 1754.21875 1752.921875 1743.71875 1748.234375 1746.75 1753.203125 1767.46875 1776.140625 1778.953125 1789.828125 1792.015625 1805.921875 1817.109375 1803.96875 1776.96875 1773.96875 1789.6875 1778.125 1784.75 1785.921875 1796.75 1802.546875 1785.28125 1785.4375 1765.140625 1769.921875 1775.984375 1765.59375 1764.21875 1766.765625 1754.890625 1756 1739.5 1743.78125 1746.625 1747.046875 1753.5625 1763.21875 1774.671875 1779.28125 1769.28125 1763.609375 1749.625 1739.484375 1731.84375 1727.359375 1725.578125 1723.09375 1725.140625 1729.359375 1726.625
1595.296875 1581.609375 1606.515625 1659.390625 1687.0625 1700.078125 1695.265625 1693.4375 1701.6875 1709.46875 1712.640625 1713.5 1715.203125 1729.359375 1743.0625 1749.0625 1751.390625 1763.078125 1772.375 1783.28125 1795.875 1790.71875 1783.5625 1779.84375 1766.59375 1762.671875 1750.078125 1748.953125 1778.859375 1766.421875 1748.140625 1744.71875 1764.21875 1767.109375 1773.359375 1764.484375 1758.5 1753.875 1747.359375 1748.109375 1747.40625 1746.015625 1749.6875 1760.109375 1765.96875 1776.015625 1767.234375 1763.53125 1755.765625 1751.3125 1742.390625 1731.71875 1728.59375 1732.453125 1738.640625 1739.78125 1744.34375 1750.734375
1566.28125 1565.953125 1603.703125 1626.578125 1624.890625 1635.734375 1636.75 1654.890625 1673.15625 1688.53125 1693.796875 1690.96875 1690.84375 1697.90625 1717.0625 1728.109375 1745.296875 1763.40625 1772.84375 1799.328125 1803.96875 1594.0625 1786.328125 1788.1875 1766.578125 1765.53125 1751.96875 1732.890625 1737.921875 1729.828125 1727.4375 1733.71875 1742.84375 1747.984375 1754.296875 1756.78125 1761.34375 1761.9375 1757.671875 1757.46875 1757.765625 1759.75 1760.234375 1766.375 1777.578125 1776.578125 1758.953125 1763.28125 1757.515625 1743.546875 1740.46875 1729.453125 1728.5625 1733.75 1739.9375 1750.6875 1760.5 1746.859375
