Cases/SDM_Urocitellus_beldingi/westernUsClimate_modern/BIO03.asc
NCOLS 316 
NROWS 299 
XLLCORNER -124.820833001 
YLLCORNER 29.1625003333339 
CELLSIZE 0.0666666666645545 
NODATA_value -3.4e+38 
[rows 168 to 195 of 299, columns 128 to 191 of 316]
39.5625 38.8125 39.46875 42.84375 41.890625 39.265625 40.859375 43.53125 43.9375 41.0625 39.8125 41.140625 39.421875 41.859375 44 43.765625 37.890625 37.59375 41.28125 41.359375 38.5 43.734375 44.9375 44.515625 39.8125 37.09375 37.78125 40.75 40.296875 43.734375 41.875 39.40625 37.640625 39.3125 37.3125 40.03125 43.53125 44.1875 44.75 44.96875 44.671875 44.046875 43.34375 43.03125 42.984375 42.421875 40.75 42.234375 42.578125 40.21875 40.671875 41 41 40.34375 40.984375 39.984375 42.328125 45.484375 44.875 42 39.546875 40.484375 41.203125 42.953125
38.6875 40.484375 41.015625 42.96875 41.640625 37.828125 41.671875 44.046875 44.609375 43.78125 38.96875 38.328125 38.828125 41.65625 43.390625 41.046875 41.484375 41.078125 43.203125 39.09375 38.109375 44.265625 45 44.390625 41.734375 37.234375 40.765625 43.984375 44.640625 42.09375 39.40625 35.828125 36.71875 41.171875 41.703125 43.4375 44 44.78125 45.046875 45.34375 45 44.6875 42.84375 41.34375 41.765625 41.46875 39.296875 41.390625 41.390625 39.859375 40.0625 39.421875 40.5 37.0625 38.28125 40.109375 42 44.03125 44.484375 42.140625 40.28125 40.265625 42.203125 42.578125
37.421875 41.4375 41.3125 41.3125 38.28125 40.0625 43.15625 44.625 44.828125 43.25 39.4375 37.90625 37.953125 38.53125 38.90625 38.453125 40.53125 43.578125 42.046875 37.6875 38 44.34375 44.984375 42.0625 38.109375 36.3125 38.046875 44.359375 44.3125 41.140625 38.078125 37.890625 41.609375 43.109375 42.328125 42.328125 44 44.21875 44.234375 44.984375 44.65625 43.421875 38.78125 38.421875 39.984375 39.875 40.109375 40.328125 39.59375 38.359375 37.8125 37.859375 36.625 38.640625 40.34375 40.640625 41.09375 42.515625 43.671875 42.25 40.96875 41.40625 41.796875 41.328125
37.9375 42.671875 39.78125 40.203125 40.203125 43.1875 44.984375 45.015625 44.65625 40.640625 37.859375 37.015625 37.59375 38.515625 37.40625 40.40625 41.078125 40.90625 41.65625 38.953125 40.296875 43.625 44.25 39.84375 35.328125 36.421875 39.109375 43.546875 41.640625 37.328125 37.015625 39.3125 42.171875 40.34375 38.546875 37.78125 39.375 42.359375 43.875 44.078125 43.40625 40.5 39 38.28125 39.109375 39.328125 40.71875 39.28125 38.515625 38.59375 37.359375 36.15625 36.765625 40.984375 40.25 41 41.609375 43.171875 43.21875 41.015625 41 41.59375 42 42.3125
40.140625 43.171875 38.78125 38.6875 42.890625 44.875 44.34375 42.875 41.28125 39.421875 38.375 37.421875 38.03125 37.640625 40.5 43.65625 42.109375 43.421875 42.0625 42.828125 44 43.828125 39.875 35.25 34.3125 37.46875 40.71875 40.625 42.1875 37.171875 37.71875 40.1875 40.171875 37.65625 38.828125 39.75 41.21875 40.578125 43.03125 42.265625 38.25 37.9375 38.53125 38.28125 38.703125 39.375 40.640625 38.890625 37.890625 36.90625 36.390625 36.015625 38.109375 41.15625 40.6875 41.671875 42.390625 43.25 41.28125 39.578125 40.40625 41.265625 42.171875 42.78125
42.359375 43.09375 38.265625 37.8125 40.734375 40.640625 39.890625 37.328125 37.90625 42.828125 43.53125 42.328125 38.578125 37.1875 41.859375 43.578125 40.875 39.984375 36.640625 39.828125 43.5 43.359375 36.65625 35.140625 34.765625 38.546875 34.953125 35.21875 37.203125 39.09375 41.4375 41.1875 39.125 37.671875 34.9375 36.40625 38.1875 37.375 38.953125 37.203125 37.03125 37.234375 37.265625 38.234375 38.84375 39.328125 39.65625 39.109375 37.296875 37.546875 37.890625 36.953125 37.1875 39.578125 40.75 41.34375 42.796875 42.28125 39.1875 39.140625 39.03125 41.6875 42.625 43.28125
42.828125 42.953125 38.921875 38.171875 39.796875 43.609375 40.890625 36.171875 37.421875 40.0625 44 44 40.59375 37.078125 38.953125 42.859375 44.15625 38.21875 36.109375 37.015625 42.421875 42.890625 37.25 34.453125 33.796875 36.234375 34.578125 34.9375 34.6875 36.421875 37.375 37.953125 34.859375 36.8125 34.734375 35.296875 36.359375 36.65625 36.21875 36.671875 36.84375 36.40625 36.703125 37.703125 39.59375 40.234375 39.578125 40.125 39.296875 39.453125 40 38.546875 40.078125 38.265625 40.953125 42.515625 42.703125 42.046875 39.046875 38.578125 38.546875 41.15625 42.359375 42.8125
41.84375 41.5 38.984375 38.546875 42.34375 44 42.8125 37.609375 37.359375 37.71875 43.78125 44 43.984375 38.421875 36.1875 40.140625 45.5625 39.140625 36.65625 37.453125 42.328125 42.46875 36.484375 33.59375 32.828125 34.296875 34.8125 33.375 34.140625 33.8125 33.828125 35.046875 35 35.84375 36.671875 35.734375 35.765625 36.203125 39.203125 39.09375 37.78125 36.734375 36.765625 37.390625 38.625 40.03125 40.296875 41.03125 40.640625 41.5 40.6875 40.71875 40.484375 39.3125 41.234375 42.59375 42.921875 43.109375 40.3125 40.515625 41.484375 42.125 41.046875 41.96875
39.765625 39.59375 39.625 41.859375 43.75 44 43.4375 40.90625 40.546875 41.09375 43.578125 44 44 39.234375 36.28125 35.5625 43.046875 42.15625 40.4375 38.078125 41.203125 39.921875 33.0625 32.671875 32.265625 34.0625 36.71875 34.53125 33.65625 32.828125 33.765625 34.984375 36.796875 35.828125 39.65625 35.046875 35.34375 38.15625 39.515625 37.625 36.78125 37.234375 37.140625 37.765625 38.53125 40.640625 41.65625 42.421875 42.765625 42.140625 41.125 41.1875 40.296875 40.375 41.828125 42.796875 43.078125 42.796875 42.875 42.84375 42.65625 41.359375 41.203125 41.40625
38.4375 39.5 40.21875 39.6875 42.3125 43.90625 43.765625 44 43.375 41.28125 38.8125 42.75 44 42.890625 37.21875 34.5 36.375 42.671875 39.140625 35 34.6875 32.984375 31.921875 32.921875 36.890625 33.796875 34.09375 38.953125 32.3125 32.703125 36.921875 38.015625 39.875 39.828125 40.21875 37.890625 38.46875 40.0625 35.0625 35.84375 36.390625 37.140625 37.109375 38.140625 39.859375 40.484375 41.671875 41.203125 41.6875 41.96875 41.53125 41.390625 40.875 41.921875 43.96875 42.078125 42.609375 42.125 42.703125 42.359375 40.734375 41.96875 41.8125 39.921875
39.15625 40.90625 41.59375 42.578125 42.21875 42.03125 40.984375 43.671875 43.5 40.578125 38.125 41.640625 43.921875 42.5625 36.171875 35.1875 34.59375 39.703125 41.140625 38.234375 33.546875 32.40625 33.1875 41.453125 37.375 32.953125 38.03125 41.265625 35.171875 36.453125 39.65625 38.53125 40.125 40.921875 39.96875 32.6875 32.140625 39.9375 38.5 37.015625 36.484375 37.640625 37.734375 40.546875 41.140625 41.015625 40.84375 40.09375 40.34375 40.296875 41.125 41.28125 41.71875 42.859375 42.5625 42.265625 43.125 42.34375 42.53125 41.046875 40.171875 40.671875 41.59375 40.4375
39.171875 40.09375 42.5625 43 39.859375 36.4375 40.703125 41.328125 41 38.75 38.71875 38.265625 41.828125 41.921875 40.265625 34.015625 36.734375 35.890625 35.875 40.640625 33.53125 32.40625 39.640625 38.96875 34.609375 36.96875 40.71875 41.5625 40.234375 41.859375 41.25 37.046875 37.53125 43.109375 38.765625 32.3125 32.0625 35.09375 37.84375 39.78125 39.296875 40.03125 40.34375 40.71875 39.8125 37.234375 37.890625 38.8125 39.5 39.703125 39.546875 39.484375 40.8125 41.125 41.546875 42.484375 43.0625 42.421875 42.84375 42.0625 40.90625 41.328125 41.640625 40.375
39.125 39 42.78125 43 40.953125 37.15625 39.984375 39.359375 35.5 35.796875 37.875 36.984375 37.1875 38.515625 42.046875 41.65625 39.9375 35.765625 38.9375 41.75 36.390625 37.84375 37.671875 33.21875 36.78125 40.359375 39.09375 34.578125 35.125 41.53125 39.65625 38.34375 38.390625 42 39.625 34.03125 32.3125 33.078125 36.21875 39.453125 39.65625 39.125 37.953125 36.5 38.53125 36.53125 37.5 38.953125 39 39.84375 39.171875 39.515625 40.53125 39.875 38.90625 40.875 42.828125 41.21875 42.765625 42.390625 42.078125 41.84375 39.078125 37.21875
39.15625 37.625 40.375 42.875 41.46875 39.046875 37.34375 35.109375 35.046875 36.65625 37.71875 39.53125 40.625 38 42.296875 43 41.59375 38.265625 39.5625 42.8125 42.25 38.09375 31.640625 36.265625 40.078125 37.3125 32.25 31.140625 31.890625 37.96875 40.359375 39.625 39.984375 40.984375 41.390625 40.125 34.953125 35.40625 36.859375 39.171875 38.9375 38.84375 39.015625 39.59375 39.359375 38.21875 39.203125 39.9375 40.53125 40.515625 39.8125 40.625 40.984375 41.328125 41.78125 43.734375 44.4375 43.734375 43.75 43.25 43.171875 41.703125 37.984375 37.6875
39.328125 38.1875 38.96875 40.5 40.4375 39.515625 38.125 36.890625 36.640625 40.84375 38.9375 38.65625 42.890625 38.0625 39.859375 41.140625 41.234375 38.59375 38.296875 41.765625 42.328125 34.9375 31.984375 36.578125 40.90625 35.921875 31.984375 31.046875 31.46875 33.25 38.890625 39.21875 39.59375 40.046875 40.3125 41.609375 37.6875 36.828125 33.578125 35.84375 37.25 36.5 36.78125 37.90625 36.171875 38.546875 40.078125 40.203125 40.9375 41.09375 41.296875 41.015625 40.8125 42.59375 43.65625 45.1875 45.4375 44.859375 43.96875 42.65625 41.171875 40.359375 37.953125 38.625
38.09375 38.078125 37.953125 41.296875 41.421875 41.765625 39.9375 38.6875 39.265625 41.015625 40.09375 38.09375 42.5 38.40625 37.640625 37.328125 38.015625 38.171875 36.515625 39.734375 42 36.015625 32.734375 35.8125 40.140625 37.21875 32.9375 31.4375 33.03125 34.953125 38.375 39.890625 40.328125 41.515625 41.3125 40.125 32.546875 31.8125 31.90625 33.828125 34.390625 33.59375 35.75 38.078125 36.921875 38.40625 40.34375 41 41.15625 41.8125 42.046875 42.984375 42.9375 44.109375 44.375 44.59375 44.34375 42.8125 40.96875 40.09375 40.25 39.546875 36.6875 36.140625
39.921875 37.765625 37.46875 38.890625 42.25 41.765625 38.96875 38.3125 39.78125 41.046875 40.734375 37.375 42.046875 40.34375 37.96875 37.703125 38.046875 39.21875 36.484375 38.046875 40.921875 40.078125 37.203125 37.375 40.390625 39.234375 36.390625 37.5625 38.453125 38.09375 38.46875 41.46875 43.265625 43.328125 41.6875 35.03125 31.84375 31.953125 34.078125 34.953125 35.9375 36.234375 37.40625 39.21875 38.78125 37.3125 40.03125 41.171875 41.84375 42 42.28125 43.453125 44.234375 44.5 43.640625 42.15625 40.578125 40.34375 39.296875 39.59375 38.953125 38.234375 36.21875 35.796875
38.65625 38.65625 37.59375 38.125 38.609375 37.75 37.984375 38.421875 40.171875 42.3125 41.078125 38.796875 40.59375 36.03125 37.65625 38.4375 40.359375 39.578125 36.640625 36.625 40.203125 37.078125 38.90625 40.375 41.1875 41.390625 38.515625 39.53125 39.484375 39.734375 41.140625 41.078125 39.515625 38.625 37.71875 32.578125 32.859375 35.296875 35.828125 36.296875 38.53125 38.515625 37.796875 39.5 39.9375 37.359375 38.140625 41.6875 42.34375 42.40625 42.515625 43.8125 43.359375 42.125 40.859375 39.375 39.640625 39.921875 39.8125 39.515625 39.34375 38.546875 37.15625 37.765625
39.796875 38.5 37.90625 37.078125 36.96875 38.0625 38.25 38.140625 42.046875 42.921875 39.90625 41.234375 40.765625 37.765625 38.015625 40.0625 42.1875 40.109375 37.796875 36.296875 37.546875 34.25 35.46875 39.4375 41.0625 41.859375 41.671875 40.8125 39.453125 41.203125 38.375 34.671875 32.71875 32.359375 32.265625 32.890625 34.359375 34.9375 34.953125 35.546875 37.046875 38.453125 38.625 39.296875 40.453125 39.359375 37.84375 41.53125 42.953125 43.0625 43.09375 42.71875 41.21875 40.09375 39.765625 39.3125 39.703125 40 39.9375 39.34375 39.859375 39.390625 37.28125 35.859375
42.390625 40.203125 38.875 38.625 37.40625 37.96875 39.1875 40.125 42.796875 42.9375 42.09375 42.65625 41.40625 38.1875 39.125 41.703125 40.25 40.125 38.875 37.1875 36.78125 36.078125 38.109375 39.796875 40.328125 36.796875 40.75 42.125 40.0625 40.859375 36.171875 34.640625 31.5625 31.703125 32.96875 33.53125 34.15625 33.78125 32.859375 35.5 37.140625 39.234375 39.953125 39.5625 40.546875 40.15625 39.34375 39.75 42.4375 42.984375 42.6875 41.25 40.40625 40.109375 40.15625 40.234375 39.96875 39.96875 39.921875 40.40625 41.65625 40.109375 37.578125 35.765625
44.546875 43.546875 41.859375 38.765625 38.390625 37.640625 38.21875 38.65625 38.421875 38.375 40.40625 41.9375 41.671875 39.90625 39.8125 42.078125 39.3125 40.046875 39.765625 37.59375 37.296875 38.15625 38.875 39.6875 38.0625 34.140625 37.5625 41.75 40.9375 40.078125 37.84375 36.109375 34.390625 32.328125 35.421875 35.703125 34.90625 34.875 33.453125 35.84375 37.625 38.875 40 40.078125 40.296875 40.796875 40.1875 41.359375 41.9375 42.15625 42 41.71875 40.546875 40.59375 40.90625 40.3125 40.890625 41 40.796875 41.953125 43.453125 42.359375 39.046875 36.546875
45.0625 44.046875 42.015625 39.109375 39.640625 39.71875 39.46875 38.84375 38.625 38.953125 38.859375 38.65625 40.375 42.484375 40.1875 39.546875 39.109375 40.09375 38.421875 37.09375 38.03125 39.453125 38.796875 38.859375 36 33.40625 34.15625 37.34375 40.6875 40.421875 38.546875 37.40625 36.75 35.640625 36.890625 37.046875 36.59375 35.984375 34.0625 37.59375 38.796875 39.46875 39.953125 40.78125 41 40.9375 41.453125 42.109375 41.921875 42.4375 42.71875 42.734375 41.578125 41 40.40625 40.859375 42.453125 42.546875 41.8125 41.953125 43.28125 43.375 40.34375 38.25
43.890625 41.234375 39.59375 39.375 39.5 41.0625 41.28125 41.109375 40.8125 40.703125 40.75 39.359375 38.625 41.28125 40.734375 38.875 39.375 38.5625 37.5625 36.640625 38.078125 36.84375 37.125 35.953125 34.078125 33.734375 33.75 35.9375 39.296875 39.34375 36.0625 35.6875 36.8125 37.828125 37.359375 37.28125 37.09375 36.5 35.296875 37.296875 39.515625 40.609375 40.21875 40.0625 40.109375 40.84375 41.078125 41.21875 41.71875 41.609375 40.65625 41.0625 40.875 40.453125 40.921875 41.21875 42.015625 42.625 42.9375 42.1875 42.390625 42.453125 41.015625 38.90625
43.46875 41.453125 39.234375 41.15625 40.125 39.5 40.9375 41.15625 42.703125 42.265625 41.265625 39.8125 38.046875 37.421875 38.828125 39.59375 38.703125 38.25 37.40625 36.484375 36.328125 34.171875 34.3125 34.78125 34.265625 34.25 35.078125 36.90625 38.078125 36.78125 35.671875 35.21875 35.390625 35.078125 38.453125 37.078125 36.9375 37.5 37.75 39.234375 40.09375 40.625 40.640625 40.90625 40.59375 39.875 38.234375 40.234375 40.734375 40.109375 39.84375 40.71875 41.390625 40.625 40.765625 42.34375 42.3125 41.203125 42.671875 42.765625 41.921875 41.40625 40.921875 40
39.203125 41.5625 40.65625 42.71875 41.96875 39.25 40.375 40.234375 43.328125 43.84375 41.078125 39.6875 38.796875 37.875 37.875 39 39 39.0625 38.125 37.34375 36.859375 35.8125 34.375 35.21875 34.859375 35.234375 35.34375 34.875 37.71875 36.078125 36.015625 35.765625 34.875 36.296875 38.203125 37.640625 37.71875 38.453125 38.953125 40.765625 41.390625 41.96875 39.328125 38.625 39.203125 39.375 39.671875 39.75 40.15625 40.421875 39.921875 40.765625 41.453125 41.625 42.515625 43.953125 41.765625 42.265625 41.375 41.171875 42.453125 41.984375 41.0625 41.203125
39.828125 40.359375 41.25 42.34375 42.421875 40.375 38.625 40.015625 41.265625 42.109375 40.8125 40.125 38.390625 37.015625 37.15625 38.5625 39.421875 40.46875 39.8125 36.234375 37.640625 38.3125 36.875 37.0625 35.234375 34.6875 35.3125 37.515625 38.375 36.234375 36.484375 35.203125 36.4375 37.546875 37.859375 37.3125 36.9375 37 38.9375 40.796875 42.078125 42.421875 39.5625 39.234375 39.359375 38.328125 39.546875 39.53125 39.796875 39.9375 40.9375 40.890625 41.1875 41.109375 41.5 42.5625 43.28125 41.390625 42.015625 40.203125 41.703125 41.5625 42.265625 41.390625
41.1875 39.0625 39.984375 41.796875 42.328125 41.828125 39.328125 38.34375 38.796875 39.359375 39.9375 39.25 36.875 36.625 36.96875 37.640625 38.03125 39.1875 39.53125 37.1875 37.921875 38.796875 39.640625 39.46875 38 36.109375 38.359375 38.828125 38.34375 37.484375 36.625 36.421875 38.296875 37.078125 37.65625 36.734375 34.703125 35.90625 37.703125 39.875 41.4375 41.421875 39.6875 39.09375 39.34375 39 39.875 40.78125 41.15625 40.5625 40.25 41.09375 41.90625 41.828125 41.890625 41.53125 42.046875 42 42.546875 41.453125 39.515625 40.1875 39.21875 39.6875
40.46875 41.09375 38.703125 40.53125 42.484375 41.96875 40.34375 38.859375 38.171875 38.40625 39.203125 39.578125 37.984375 37.46875 36.859375 36.703125 35.6875 36.28125 37.734375 37.875 35.640625 35.671875 38.953125 38.171875 36.046875 35.734375 36.578125 37.875 37.40625 36.84375 37.125 36.625 38.59375 36.609375 36.3125 35.765625 35.875 35.953125 36.75 38.796875 40.71875 41.1875 39.546875 39.03125 39.25 39.71875 40.984375 41.421875 40.890625 41.03125 41.421875 41.96875 41.78125 41.953125 42.140625 41.8125 41.265625 41.671875 42 42.34375 42.84375 42.15625 41.390625 39.875
