Cases/SDM_Urocitellus_beldingi/westernUsClimate_modern/BIO09.asc
NCOLS 316 
NROWS 299 
XLLCORNER -124.820833001 
YLLCORNER 29.1625003333339 
CELLSIZE 0.0666666666645545 
NODATA_value -3.4e+38 
[rows 100 to 124 of 299, columns 232 to 289 of 316]
-994.4375 -1041.390625 -1003.296875 -765.359375 -402.1875 318.25 1149.75 1455 1438.90625 1459.46875 1490.59375 1515.40625 1548.203125 1449.4375 1010.109375 -704.671875 -660.703125 -643.9375 -618.625 -621.46875 -612.09375 -597.109375 -575.953125 -470.671875 -530.578125 -523.265625 -497.25 -481.25 -465.015625 -457.390625 -460.125 -462.671875 -470.265625 -468.21875 -466.828125 -444.96875 -422.421875 -448.015625 -487.015625 -512.46875 -528.578125 523.203125 783.03125 -256.078125 -531.578125 -518.4375 -543.15625 -599.5625 -640.546875 -630.3125 -409.890625 895.046875 1315.203125 1250.953125 -346.234375 -613.640625 -580.796875 -462.484375
-1037.421875 -1032.953125 -1021.125 -1015.8125 -957.140625 -868.03125 -611.703125 1490.890625 1480.359375 1492.265625 1508.875 1528.453125 1039.09375 -112.625 -754.796875 -736.421875 -709.09375 -670.5 -622.828125 -613.125 -623.296875 -614.671875 -585.4375 -397.53125 445.59375 -420.140625 -568.3125 -490.640625 -471.21875 -499.796875 -513.640625 -509 -494.09375 -478.359375 -460.109375 -444.859375 -427.046875 -550.9375 -532.84375 -531.03125 -559.46875 -513.234375 167.546875 -99.5 -572.390625 -512.3125 -564.546875 -608.21875 -641.421875 -644.671875 -620.296875 -507.9375 -312.578125 864.234375 -17.46875 754.5 7.875 -513.75
-1043.40625 -1024.765625 -1016.578125 -1000.1875 -981.1875 -983.953125 -958.5625 1534.046875 1488.0625 1247.03125 1014.71875 570.609375 -633.875 -749 -745.328125 -730.796875 -715.28125 -685.359375 -633.1875 -601.1875 -596.140625 -601.546875 -633.90625 -653.03125 -689.90625 -635.640625 -540.484375 -499.4375 -479.359375 -551.5 -645.84375 -702.65625 -603.421875 -490.578125 -463.859375 -446.390625 -409.375 -425.953125 -465.296875 -518.6875 -253.5625 287.328125 -618.859375 -619.375 -549.609375 -533.59375 -571.203125 -589.921875 -591.84375 -617.84375 -635.484375 -651.140625 -606.109375 -506.125 -531.9375 958.609375 1204.34375 2.21875
-1026 -994.359375 -989.046875 -961.671875 -902.03125 -893.359375 -883.625 1354.296875 928.125 -777.1875 -746.3125 -738.453125 -737.671875 -727.015625 -713.5 -700.640625 -687.25 -654.296875 -615.796875 -604.265625 -611.140625 -620.6875 -612 -617.21875 -654.6875 -631.546875 -539.921875 -514.3125 -510.890625 -512.734375 -526.34375 -534.3125 -537.15625 -515.171875 -553.921875 -567.578125 -477.828125 -440.046875 -477.9375 288.9375 1472.625 1411.328125 -555.859375 -614.765625 -548.96875 -540.53125 -536.140625 -540.8125 -560.84375 -579.703125 -616.203125 -629.84375 -628.578125 -591.046875 -578.046875 -508.40625 229.28125 -522.59375
-995.609375 -957.078125 -933.390625 -908.3125 -854.4375 -910.21875 -867.171875 1291.375 -426.390625 -766.78125 -746.203125 -726.75 -710.5 -686.46875 -666.25 -653.625 -646.1875 -642.265625 -615.375 -607.734375 -611.1875 -614.421875 -614.59375 -595.96875 -601.140625 -575.40625 -551.34375 -534.171875 -533.859375 -529.15625 -530.703125 -532.015625 -536.046875 -540.28125 -553.59375 -541.59375 -492.828125 -487.546875 -535.625 -325.890625 1124.65625 357.796875 -453.09375 -569.359375 -568.125 -515.296875 -530 -525.171875 -522.203125 -535.96875 -562.796875 -593.671875 -602.703125 -588.46875 -591.90625 -567.125 -517.6875 -477.671875
-950.296875 -913.640625 -821.421875 -815.609375 -858.5625 -855.515625 -824.25 791.453125 -592.421875 -752.8125 -725.15625 -700.515625 -692.421875 -675.34375 -648.65625 -635 -635.359375 -622.734375 -597.5625 -593.703125 -593.34375 -597.9375 -600.546875 -598.4375 -590.109375 -564.59375 -548.625 -529.0625 -530.546875 -545.265625 -526.65625 -522.515625 -523.4375 -525.25 -520.8125 -508.296875 -497.21875 -486.953125 -487.4375 -504.640625 -543.53125 -540.359375 -544.765625 -555.015625 -566.515625 -578.953125 -553.59375 -540.609375 -573.9375 -592.125 -556.0625 -535.6875 -545.953125 -546.890625 -524.6875 -535.796875 -519.125 -509.1875
-882.265625 -864.859375 -853.3125 -872.328125 -792.71875 -670.578125 -490.578125 -612.359375 -749.359375 -727.484375 -691.546875 -667.390625 -657.671875 -636.40625 -634.046875 -630.828125 -628.4375 -608.265625 -595.453125 -587.0625 -594.65625 -596.5 -599.640625 -600.046875 -584.640625 -566.109375 -556.671875 -541.5 -541.984375 -534.578125 -525.4375 -509.15625 -507.640625 -534.21875 -518.625 -513.5625 -516.34375 -491.6875 -495.671875 -496.8125 -505.015625 -507.109375 -536.53125 -533.171875 -536.578125 -531.015625 -536.171875 -558.375 -558.1875 -567 -548.671875 -537.609375 -497.734375 -503.9375 -484.1875 -485.0625 -509.8125 -521.5
-743.171875 -775.75 -844.515625 -827.40625 -770.96875 -783.609375 -797.0625 -781 -753.71875 -713.484375 -667.171875 -641.6875 -638.1875 -633.3125 -625.28125 -623.171875 -633.828125 -626.25 -621.328125 -625.40625 -624.640625 -618.9375 -613.59375 -607.734375 -587.796875 -569.8125 -562.953125 -562.28125 -538.171875 -516.953125 -528.84375 -498.53125 -484.28125 -537.25 -484.875 -416.578125 -414.546875 -403.28125 -483.4375 -513.359375 -513.53125 -532.453125 -529.109375 -517.09375 -526.78125 -512.859375 -496.734375 -507.765625 -515.21875 -528 -550.265625 -556.421875 -544.21875 -503.640625 -492.78125 -502.703125 -513.359375 -500.8125
-683.765625 -737.8125 -781.453125 -729.25 -706.515625 -749.640625 -766.1875 -725.8125 -710.25 -686.6875 -653.953125 -635.671875 -625.890625 -626.265625 -623.96875 -627.28125 -638.390625 -647.265625 -642.703125 -646.96875 -643.96875 -639.3125 -628.296875 -612.03125 -594.34375 -572.203125 -556.15625 -567.40625 -547.265625 -510.109375 -529.0625 -499.265625 -495.84375 -456.171875 -426.515625 -418.359375 -415.859375 -413.703125 -496 -512.140625 -511.28125 -511.578125 -509.453125 -492.84375 -508.109375 -510.015625 -501.171875 -498.578125 -511.765625 -531.5 -548.75 -536 -543.78125 -519.625 -528.625 -495.03125 -456.75 -480.4375
-640.890625 -695.421875 -693.640625 -644.3125 -622.90625 -636.15625 -642.484375 -663.4375 -681.8125 -646.1875 -629.609375 -631.9375 -632.25 -635.765625 -637.59375 -630.609375 -634.484375 -642.890625 -647.40625 -656.296875 -664.5 -663.03125 -648.78125 -603.578125 -583.25 -563.734375 -559.0625 -563.03125 -558.109375 -509.53125 -508.328125 -502.6875 -497.890625 -425.984375 -435.375 -424.578125 -410.6875 -480.5625 -512.984375 -522.765625 -508.9375 -505.46875 -488.984375 -484.375 -484.015625 -491.5625 -502.921875 -505.921875 -507.390625 -514.671875 -531.453125 -544.359375 -537.515625 -522.625 -490.953125 -499.703125 -469.34375 -494.34375
-592.015625 -639.84375 -613.46875 -657.875 -640.875 -594.8125 -612.78125 -616.609375 -646.890625 -634.21875 -632.3125 -632.4375 -631.515625 -621.5 -627.453125 -637.875 -636.734375 -635.828125 -650.9375 -662.59375 -673.53125 -676.796875 -657.3125 -591.34375 -580.328125 -573.65625 -558.953125 -555.40625 -529.03125 -504.109375 -500.703125 -510.5625 -507.765625 -476.828125 -418.359375 -411.53125 -418.375 -438.84375 -446.140625 -509.4375 -511.953125 -513.0625 -481.390625 -447.0625 -449.328125 -468.125 -485.859375 -468.421875 -462.890625 -491.15625 -527 -533.515625 -541.5625 -546.359375 -548.203125 -545.15625 -508.78125 -468.0625
-549.40625 -578.03125 -573.21875 -616.34375 -632.78125 -623.609375 -616.546875 -605.21875 -626.09375 -612.234375 -616.671875 -623.734375 -615.5625 -609.28125 -622.53125 -636 -635.5625 -644.34375 -653.890625 -667.0625 -672.078125 -676.59375 -653.9375 -597.609375 -572.3125 -555.0625 -544.953125 -526.359375 -210.1875 191.828125 -442.53125 -524.734375 -531.640625 -525.03125 -505.625 -484.4375 -496.78125 -485.40625 -487.03125 -492.78125 -223.75 1135.796875 544.953125 -463 -446.921875 -470.515625 -487.625 -457.03125 -417.875 -486.890625 -513.09375 -501.953125 -526.0625 -541.109375 -554 -556.46875 -529.390625 -475.203125
-536.203125 -520.03125 -519.015625 -555.109375 -568.046875 -588.796875 -581.296875 -586.46875 -596.4375 -610.03125 -608.96875 -609.34375 -589.296875 -596.265625 -613.046875 -621.90625 -621.921875 -626.546875 -636.9375 -661.46875 -660.96875 -657.75 -640.671875 -585.421875 -558.03125 -535.046875 -523.46875 288.453125 1421.859375 1481.5625 -394.328125 -484.671875 -488.84375 -507.71875 -506.828125 -508.09375 -497.140625 -481.65625 -478.046875 -479.625 -401.4375 1298.765625 971.078125 41.71875 162.03125 334.9375 419.875 -352.25 -488.484375 -484.953125 -510.578125 -533.90625 -531.234375 -537.421875 -542.53125 -541.828125 -524.609375 -527.09375
-543.859375 -521.65625 -517.859375 -537.703125 -563.703125 -572.5 -554.515625 -583.921875 -597.21875 -623.984375 -620.765625 -604.9375 -598.5625 -612.484375 -596.234375 -591.234375 -591.6875 -597.5 -602.984375 -629.59375 -640.578125 -632.125 -618.546875 -601.859375 -560.8125 -538.765625 109.3125 1697.40625 1635.90625 1546.34375 1072.78125 -453.21875 -349.78125 -52.703125 -220.25 -469.203125 -484.515625 -478.21875 -465.953125 -465.984375 166.921875 1384.421875 1495.625 1403.40625 1308.703125 1179.203125 1132.84375 830.828125 -395.90625 -484.265625 -496 -506.796875 -512.84375 -526.453125 -528.625 -512.078125 -505.859375 -542.328125
-514.875 -534.890625 -531.765625 -498.21875 -526.703125 -571.65625 -583.21875 -567.125 -590.03125 -587.59375 -603.3125 -584.546875 -592.90625 -593.265625 -561.5 -584.421875 -578.078125 -572.96875 -600.859375 -609.78125 -615.1875 -612.71875 -600.09375 -589.5 -576.875 -261.96875 1086.125 1699.65625 1689.4375 1551.65625 1533.90625 1322.140625 1636.421875 1602.171875 1584.96875 279.4375 -474.25 -463.296875 -455.109375 -460.359375 421.5625 1402.328125 1239.0625 1234.359375 1120.984375 1012.984375 961.84375 1040.59375 574.453125 -523.328125 -480.53125 -495.984375 -502.984375 -507.53125 -509.625 -504.515625 -504.6875 -514.1875
-512.859375 -548.875 -545.9375 -561.875 -583.265625 -555.703125 -576.1875 -565.515625 -590.234375 -554.546875 -554.265625 -542.3125 -565.34375 -580.59375 -600.96875 -576.53125 -553.84375 -570.9375 -577.421875 -588.8125 -584.375 -608.203125 -607.8125 -596.265625 -567.515625 -63.25 1789.03125 1708.90625 1667.203125 1580.703125 1544.75 1540.40625 1540.25 1576.78125 1628.125 1091.421875 -263.53125 -470.515625 -472.5 -470.140625 687.90625 1487.90625 1325.484375 1168 1027.28125 924.046875 894.234375 1010.3125 895.46875 -489.6875 -483.25 -500.671875 -509 -509.15625 -508.796875 -514.609375 -514.328125 -513.734375
-504.59375 -521.390625 -532.75 -556.9375 -562.703125 -588.421875 -562.5 -600 -583.5625 -563.078125 -607.734375 -538.03125 -559.515625 -594.125 -596.421875 -566.03125 -577.21875 -589.6875 -594.09375 -581.234375 -552 -576.953125 -602.71875 -605.03125 -591.828125 -155.59375 1794.25 1745.265625 1700.140625 1676.34375 1595.40625 1573.71875 1501.25 1468.546875 1474.28125 1544.921875 1557.09375 905.71875 -160.125 -480.25 -322.125 1056.453125 1343.921875 1236.578125 1059.75 942.109375 964.765625 923.125 418.859375 -353.0625 -473.75 -481.0625 -494.546875 -504.15625 -512.453125 -514.4375 -498.84375 -500.1875
-515.15625 -504.25 -559.640625 -578.921875 -531.5 -538.5625 -526.765625 -556.9375 -564.078125 -542.453125 -583.171875 -559.359375 -598.5625 -602.5 -589.421875 -587.53125 -581.296875 -588.21875 -580.484375 -581.59375 -539.5 -139.515625 -164.171875 -588.46875 -597.890625 -265.625 1795.296875 1764.140625 1692.9375 1711.125 1650.359375 1625.875 1471.71875 1383.21875 1322.984375 1392.59375 1499.09375 1559.96875 1158.890625 -492.421875 -484.296875 -327.25 1338.875 1297.671875 1178.46875 1055.484375 1058.25 847.78125 -324.125 -134.75 -458.125 -469.4375 -486.296875 -496.375 -498.78125 -487.890625 -480.296875 -485.828125
-569.515625 -552.0625 -570.484375 -605.796875 -550.90625 -533.109375 -524.40625 -534.796875 -528.171875 -531.34375 -554.171875 -564.015625 -583.9375 -592.421875 -570.8125 -553.765625 -552.5625 -588.203125 -582.625 -599.90625 -583.984375 391.234375 1660.703125 299.421875 -595.59375 -300.734375 1754.78125 1749.75 1616.921875 1632.078125 1541.921875 1541.125 1447.46875 1273.59375 1154.0625 1220.21875 1366.140625 1466.046875 1551.578125 655.890625 -453.359375 -537.21875 537.375 1386.171875 1261.875 1148.359375 1130 827.71875 -150.890625 7.703125 -267.859375 -480.171875 -478.34375 -478.609375 -475.03125 -474.828125 -468.90625 -464.546875
-610.59375 -667.640625 -542.046875 -535.28125 -542.9375 -556.484375 -554.28125 -523.078125 -520.578125 -523.515625 -553.578125 -539.53125 -544.0625 -581.8125 -568.828125 -569.59375 -585.453125 -584.5625 -591.234375 -574.234375 -594.953125 -597.9375 -272.640625 -176.890625 -591.046875 -604.109375 1106.5 1737.328125 1649.21875 1663.265625 1606.171875 1521.71875 1477.53125 1410.734375 1288.625 1167.640625 1240.109375 1369.703125 1437.390625 1364.4375 1018.328125 559.921875 -200 1422.140625 1336.3125 1222.109375 1218.171875 590.671875 188.53125 -549.078125 -533.421875 -491.40625 -482.5625 -476.765625 -481.46875 -473.421875 -472.640625 -474.625
-570.078125 -519.234375 -451 -472.8125 -564.453125 -660.03125 -607.796875 -537.921875 -497.8125 -496.609375 -507.703125 -503.0625 -514.328125 -549.203125 -544.84375 -524.3125 -524.9375 -520.734375 -505.421875 -490.296875 -516.703125 -608.03125 -612.421875 -610.828125 -601.25 -620.4375 -124.125 1264.359375 1739.3125 1720.9375 1634.4375 1568.25 1570.296875 1507.828125 1422.40625 1279.015625 1212.953125 1250.5 1287.546875 1213.828125 1239.03125 1289.953125 75.203125 274.15625 1293.53125 1281.609375 1221.875 661.265625 115.078125 -472.6875 -553.234375 -516.453125 -506.21875 -491.421875 -493.21875 -475.796875 -478.015625 -456.8125
-494.265625 -433.25 -435.375 -569.59375 -627.4375 -656.34375 -613.671875 -555.296875 -475.234375 -464.234375 -480.421875 -482.359375 -512.3125 -550.28125 -505.984375 -561.125 -532.1875 -524.71875 -513.5625 -528.703125 -566.09375 -603.46875 -618.828125 -629.046875 -638.8125 -632.71875 -396.703125 1330.015625 1727.296875 1720.984375 1688.15625 1659.59375 1638.46875 1635.453125 1594.6875 1393.296875 1221.3125 1225.390625 1237.671875 1128.421875 1155.421875 939.265625 939.265625 387.4375 -187.34375 599.421875 1237.984375 922.0625 -79.78125 -598.625 -567.875 -553.625 -528.46875 -501.671875 -495.265625 -535.671875 -486.765625 -412.984375
-434.78125 -409.765625 -385.953125 -429.59375 -534.421875 -605.640625 -623.140625 -602.984375 -484.234375 -453.546875 -467.28125 -473.125 -492.828125 -510.4375 -488.265625 -504.5 -493.28125 -509.3125 -548.75 -558.109375 -569.234375 -600.65625 -582.046875 -511.375 -219.734375 162.1875 1305.28125 1709.78125 1571.875 1668.34375 1594.15625 1576.828125 1590.5625 1537.125 1445.0625 1455.390625 1316.71875 1193.09375 1097.5625 1021.921875 1099.375 1154.515625 1009.1875 1160.03125 393.03125 -489.5625 583.53125 1169.390625 1116.734375 433.34375 -537.875 -572.046875 186.6875 -525.046875 -540.09375 -560.265625 -475.375 -373.421875
-493.765625 -468.125 -360.671875 -304.15625 -332.234375 -373.140625 -429.9375 -527.5 -572.921875 -432.84375 -445.65625 -463.0625 -472.84375 -480.03125 -470.921875 -469.375 -438.4375 -502.140625 -576.125 -574.34375 796.6875 951.359375 701.03125 1031.296875 1798.015625 1778.34375 1754.46875 1707.4375 1560.65625 1462.015625 1564.671875 1461.421875 1435.71875 1462.09375 1348.71875 1400.125 1329.75 1218.21875 1149.1875 1042.859375 999.640625 1134.703125 466 434.359375 -523.984375 -674.921875 -655.25 353.59375 1025.8125 1089.484375 407.96875 -623.46875 44.28125 1068.09375 452.90625 -584.453125 -434.9375 -356.765625
-585.875 -573.421875 -516.984375 -444.40625 -435.6875 -357.65625 -360.8125 -391.859375 -444.109375 -416.4375 -415.6875 -412.890625 -456.953125 -477.875 -498.734375 -483.765625 -460.03125 -535.25 -580.765625 -553.421875 303.609375 1790.734375 1832.21875 1825.640625 1784.453125 1784.71875 1761.5 1697.359375 1453.5625 1161.15625 1292.125 1329.828125 1358.59375 1396.859375 1306.71875 1439.21875 1429.703125 1343.875 1319.4375 1164.234375 981.15625 1168.09375 907.09375 -450.109375 -685.609375 -705.40625 -714.375 -693.296875 -332.09375 823.171875 1139.078125 -318.84375 299.71875 1036.6875 918.75 -401.625 -426.328125 -348.71875
