Cases/SDM_Urocitellus_beldingi/westernUsClimate_modern/BIO08.asc
NCOLS 316 
NROWS 299 
XLLCORNER -124.820833001 
YLLCORNER 29.1625003333339 
CELLSIZE 0.0666666666645545 
NODATA_value -3.4e+38 
[rows 52 to 77 of 299, columns 174 to 231 of 316]
448.90625 535.265625 350.421875 -79.6875 208.5625 434.0625 856.796875 1357.484375 1376.53125 1110.625 1230.03125 1170.78125 1322.703125 1492.375 1431.765625 728.71875 102.34375 -99.03125 -96 533.6875 757.203125 962.140625 1035.609375 1025.1875 1064.8125 1081.640625 978.90625 935.171875 926.8125 973.34375 1027.25 977.78125 926.859375 823.390625 753.3125 742.390625 727.03125 725.375 784.109375 1067.953125 1072.28125 872.140625 805.71875 806.03125 860.734375 928.6875 961.140625 833.15625 829.375 869.84375 904.5625 987.890625 1014.140625 1058.640625 1090.421875 1136.59375 1169.484375 1193.09375
464.078125 465.34375 438.328125 -41.96875 371.6875 422.734375 832.765625 1416.078125 1139.484375 1109.671875 1341.375 1454.28125 1489.1875 1486.296875 1433.796875 933.71875 530.625 73.3125 -123.1875 379.171875 710.25 935.9375 996.46875 943.34375 859.234375 820.390625 865.03125 813.109375 798.5 917.4375 870.65625 770.40625 679.75 676.3125 586.375 378.25 666.859375 832.640625 1138.765625 1263.203125 1095.453125 216.65625 461.71875 730.140625 707.625 747.71875 739.5 611.640625 405.640625 761.65625 836.59375 939.640625 1003.34375 1076.3125 1110.546875 1139.15625 1169.3125 1190.546875
457.140625 522.96875 23.078125 -26.0625 398.296875 646.625 1074.203125 1427.703125 1444.625 1394.0625 1423.96875 1488.53125 1499.484375 1489.4375 1492.34375 1450.25 935.84375 597.5625 221.5 12.296875 675.078125 997.0625 1079.6875 1054.5 655.578125 587.140625 666.953125 767.59375 743.078125 805.703125 661.28125 404.8125 347.125 461.671875 386.4375 494.671875 642.890625 1048.34375 1447.203125 1404.078125 608.390625 -106.265625 337.390625 -39.71875 278.78125 543.515625 -123.640625 -4.421875 207.796875 863.234375 917.0625 999.625 1003.6875 998.8125 1067.84375 1118 1138.3125 1145.046875
465.34375 740.875 360.4375 220.140625 384.25 646.875 1229.96875 1394.125 1439.5 1453.90625 1473.125 1493.09375 1481.078125 1447.0625 1333.609375 1449.734375 1433.921875 1080.140625 680.65625 654.640625 709.03125 954.203125 1094.515625 1099.40625 755.03125 438.203125 398.234375 -75.078125 188.078125 538.8125 691.59375 641.203125 415.21875 267.109375 307.21875 525.8125 768.09375 1409.1875 1482.859375 1016.078125 46.28125 -159.578125 -113.9375 -260.5 -24.515625 519.71875 -165.859375 -103.8125 106.390625 635.578125 883.8125 806 925.6875 1005.125 1031.171875 1077.9375 1092.28125 1100.546875
719.375 1059.546875 507.28125 463.03125 624.90625 837.71875 1271.25 1396.03125 1465.125 1490.765625 1494.203125 1475.46875 1441.265625 1356.484375 634.25 984.375 1478.140625 1430.375 1323.046875 834.078125 814.875 973.75 1053.09375 1026.484375 820.953125 626.71875 560.921875 -386.484375 -290.828125 225.5 636.9375 281.6875 108.953125 411.203125 683 858.640625 1334.6875 1384.421875 868.484375 791.59375 538 138.875 -123.609375 -126.15625 243.703125 14.40625 -252.84375 -264 -159.9375 603.390625 50.4375 211.59375 496.65625 838.46875 978.4375 1021.546875 1056.15625 1083.34375
263.75 1113.578125 969.140625 880.703125 1125.34375 1277.203125 1351 1345.296875 1201.03125 1382.96875 1463.53125 1430.859375 1369.984375 765.671875 529.265625 768.65625 1378.671875 1203.421875 814.96875 728.515625 761.96875 983.796875 1028.53125 1007.5 516.96875 166.296875 220.234375 522.921875 894.328125 702.921875 341.703125 -31.875 373.875 520.328125 621.5625 1172.421875 1197.796875 436.875 17.90625 398.8125 662.75 385.359375 -67.75 -130.859375 97.515625 -261.84375 -780.796875 -322.140625 175.8125 -314.875 -425.796875 -13.65625 417.203125 611.640625 827.5 869.921875 970.03125 1005.671875
475.453125 978.546875 1250.0625 1232.8125 1218.515625 1286.4375 1387.640625 1156.609375 1068.53125 1035.984375 1230.9375 1187.828125 831.015625 652.3125 738.375 1213.8125 1390.078125 769.078125 266.796875 63.640625 357.203125 920.171875 1007.625 994.90625 723.21875 107.015625 -17.546875 141.921875 462.390625 767.59375 583.15625 336.296875 368.109375 593.203125 973.703125 945.703125 612.84375 411.703125 124.78125 275.609375 193.5625 -131.109375 -38.234375 -83.84375 -495.40625 -690.75 -871.1875 -750.984375 300.390625 -985.765625 -562.34375 -156.609375 88.375 517.5625 283.78125 216.484375 381.8125 603.140625
673.28125 962.046875 1263.28125 1204.65625 1296.3125 1311.5625 1373.578125 1196.875 1047.34375 1121.921875 794.875 643.609375 708.3125 776.765625 981.453125 1355.71875 1367.609375 901.953125 354.546875 194.953125 -8.0625 484.140625 953.828125 978.203125 852.390625 359.078125 303.203125 329.890625 417.9375 534.828125 516.703125 403.046875 453.6875 550.9375 499.546875 1124.96875 1299.671875 345 261.734375 239.890625 -87.1875 20.171875 322.171875 -194.734375 -316.1875 -416.078125 248.984375 -285.40625 -140.84375 -1023.84375 -1091.421875 -799.984375 -302.34375 -187.46875 -291.921875 -376.21875 -239.234375 308.5625
1037.890625 1194.609375 1285.765625 1018.015625 1222.328125 1328.125 1194.296875 814.375 917.328125 1197.828125 1127.28125 827.34375 668.109375 787.3125 1184.4375 1130.6875 1311.921875 1207.140625 848.375 652.390625 34.625 189.25 750.296875 945.78125 699.421875 -461.265625 -640.6875 317.03125 397.140625 516.453125 560.0625 374.984375 44.625 212.234375 393.4375 621.8125 1291.671875 1035.9375 918.609375 250.96875 -85.75 451.890625 595.125 -86.234375 -247.015625 217.296875 777.140625 -261.796875 -878.359375 -905.90625 -770.484375 -942.796875 -1058.203125 -1065.1875 -606.421875 -322.09375 -108.484375 201.078125
1144.828125 1216.796875 1089.0625 984.78125 1135.484375 1318.125 884.125 631.5 584.03125 428.375 833.625 1238.25 1178.765625 763.96875 702.890625 738.765625 946.5 470.453125 899.8125 557.375 -34.734375 -4.796875 323.234375 873.125 384.1875 -781.890625 -943.765625 -904.078125 -723.15625 -422.734375 -439.40625 -218.25 64.953125 41.015625 8.796875 205.25 562.640625 1156.65625 1169.5625 1194.171875 1025.03125 1036.265625 559.578125 562.96875 562.171875 936.8125 50.03125 408.203125 -76.5 -721.640625 180.984375 562.453125 -504.640625 -865.4375 -1075.40625 -637.765625 -254.03125 -312.4375
660.421875 703.59375 839 806.734375 1007.671875 1273.265625 950.84375 455.4375 555.953125 585.3125 496.421875 555.40625 1008.265625 780.859375 672.03125 529.203125 307 194.03125 709.8125 217.453125 -138.171875 -117.765625 37.734375 622.03125 170.796875 -750.6875 -950.484375 -847.984375 -845.65625 -878.9375 -898.140625 -743.75 -68.46875 -517.421875 -284.21875 10.25 450.5 679.71875 947.4375 747.890625 133.890625 916.328125 1102.890625 1150.546875 1046.015625 435.953125 777.375 441.34375 -290.796875 -899.90625 -667.953125 379.859375 884.734375 65.578125 -808.28125 -955.1875 -335.78125 -216.359375
887.6875 821.140625 1089.640625 1085.4375 792.109375 1063.828125 1331.921875 870.40625 598.5625 852.765625 760.578125 599.75 682.796875 709.109375 591.28125 210.625 -59.53125 482.0625 613.640625 -15.125 -205.859375 -198.46875 -37.40625 125.921875 130.828125 -752.25 -830.75 -790.859375 -777.484375 -828.609375 -837.234375 -808.53125 -367.015625 -673.65625 -818.78125 -624.5 118.859375 213.296875 50.5 -795.59375 -851.78125 -349.90625 697.765625 400.203125 387.28125 1036.125 856.640625 644.96875 -296.78125 -882.59375 -639.0625 -270.25 636.65625 1065.1875 890.09375 493.328125 122.453125 -35.84375
862.78125 869.703125 900.453125 1029.296875 663.875 661.96875 1317.140625 1312.75 873.140625 880.25 1163.296875 665.09375 517.78125 568.53125 329.140625 177.203125 257.921875 464.6875 538.40625 368.734375 -89.515625 -676.46875 34.65625 501.203125 -99 -221.53125 -444.359375 -831.203125 -771.15625 -663.1875 -786.71875 -772.5625 -745.1875 -768.390625 -831.046875 -885.515625 -647.6875 -698.265625 -857.234375 -889.015625 -869.609375 -851.8125 -769.828125 -684.65625 -828.90625 -428.109375 862.015625 615.5 192.203125 37.0625 -271.34375 171.0625 386.25 -88.828125 -83.703125 520.828125 779.109375 880.8125
944.9375 865.5625 713.90625 756.953125 583.765625 754.015625 879.828125 1294.71875 1297.515625 1230.53125 1046.1875 855.359375 655.078125 552.25 557.078125 509.5625 545.9375 585.765625 568.609375 569.015625 560.9375 601.65625 612.171875 368.375 -1.234375 -212.875 -756.984375 -918.75 -825.765625 -711.0625 -792.5 -791.09375 -776.859375 -773.390625 -768.5625 -805.453125 -817.4375 -834.21875 -858.203125 -886.640625 -887.828125 -851.25 -794.34375 -799.640625 -846.234375 -830.125 66.078125 599.09375 113.109375 248.859375 -632.34375 -741.1875 -871.890625 -0.140625 650.609375 664.25 771.75 680.234375
706.09375 795.875 568.53125 713.6875 511.15625 1026.40625 740.25 998.203125 1267.921875 1216.25 1176.5 1024.328125 833.125 891.28125 705.5 671.875 661.84375 627.703125 640.640625 661.71875 670.109375 667.34375 653.234375 631.21875 -209.59375 -750.984375 -714.734375 -828.359375 -839.9375 -825.875 -757.84375 -812.765625 -768.546875 -773.28125 -784.5625 -813.234375 -818.09375 -833.828125 -873.921875 -896.34375 -884.6875 -867.15625 -868.640625 -857.78125 -858.265625 -841.671875 -604.921875 45.328125 172.328125 -647.171875 -895.0625 -882.515625 -680.28125 49.75 254.296875 443.40625 545.28125 488.4375
805.515625 580.21875 361.328125 758.5 995.84375 829.9375 913.5625 546.546875 790.328125 810.828125 892.078125 810.59375 716.5625 722.71875 679.734375 658.46875 667.125 660.0625 634.984375 446.375 302.609375 627.5625 354.828125 383.109375 -101.65625 -744.59375 -783.453125 -747.3125 -868.9375 -808.484375 -806.71875 -816.65625 -798.765625 -810.609375 -805.09375 -804.703125 -810.578125 -831.234375 -868.40625 -893.65625 -899.5625 -752 254.53125 102.3125 246.828125 -553.96875 -858.453125 -875.546875 -823.078125 -426.875 -632.484375 -905.734375 -566.96875 -178.203125 -289.796875 -109.4375 477.578125 754.0625
780.234375 610.703125 358.21875 566.734375 1069.703125 1059.484375 951.3125 600.921875 502.625 388.75 606.234375 677.46875 677.40625 681.25 695.484375 469.84375 255.640625 -41.6875 -543.3125 38.46875 -381.21875 66.453125 -602.3125 -794.390625 -763.71875 -837.359375 -833.4375 -728.265625 -857.21875 -853.015625 -784.515625 -811.265625 -855.390625 -857.53125 -814.515625 -843.078125 -842.078125 -844.828125 -864.515625 -882.46875 -849.375 -775.578125 -323.546875 -50.640625 54.015625 -882.953125 -855.3125 -806.6875 -732.59375 -749.59375 -514.609375 -162.15625 446.671875 715.0625 572.875 520.890625 572.21875 889.375
674.5625 746.890625 448.703125 316 706.578125 764.796875 818.59375 830.546875 572.109375 530.875 467.609375 537.203125 528.96875 572.34375 743.25 772.546875 652.6875 131.640625 176.546875 606.765625 673.375 566.203125 413.75 -772.59375 -776.8125 -789.640625 -807.171875 -819.09375 -853.375 -856.734375 -807.421875 -784.84375 -839.96875 -855.578125 -829.96875 -325.8125 -791.71875 -877.765625 -854 -849.03125 -879.625 -883.3125 -893.265625 -885.625 -703.40625 -882.625 -867.875 -794.984375 -781.203125 -309.75 234.203125 685.078125 778.375 847.375 875.1875 899.65625 931.484375 965.90625
955.5 1099.75 844.75 479.78125 338.09375 358.5 484.46875 665.234375 749.46875 743.734375 715.421875 688.875 576.234375 536.0625 710.84375 843.96875 759.75 362.703125 383.359375 717.515625 709.828125 697.3125 332.765625 -724.78125 -757.25 -840.859375 -832.875 -824.453125 -831.390625 -843.0625 -788.9375 -754.78125 -817.25 -834.21875 -851.984375 -826.40625 -856.953125 -865.453125 -849.71875 -858.953125 -867.96875 -873.796875 -879.6875 -878.359375 -861.65625 -857.171875 -870.703125 -851.53125 -749.75 -442.5625 -226.09375 74.09375 277.09375 620.515625 158.90625 280.125 468.734375 815.171875
871.546875 1133.515625 1158.09375 1058.046875 579.640625 493.421875 465.0625 528.625 709.078125 814.171875 860.25 917.1875 909.09375 893.703125 909.8125 943.609375 914.515625 863.390625 808.546875 770.0625 746.953125 726.28125 194.5625 -671.765625 -674.921875 -726.578125 -767.5 -782.71875 -711.75 -727.84375 -730 -750.109375 -767.5 -839.421875 -844.71875 -838.71875 -865.40625 -853.078125 -850.78125 -843.90625 -818.21875 -823.890625 -821.3125 -867.296875 -862.5 -842.609375 -856.046875 -875 -852.09375 -626.921875 -145.375 -264.5625 249.8125 53.46875 -339.359375 429.640625 837.859375 932.640625
353.671875 636.5625 1017.296875 1177.515625 736.515625 402.90625 640.828125 811.234375 809.65625 898.3125 966.671875 1017.125 1028.4375 1053.734375 1071.3125 1050.09375 1003.515625 936.71875 880.671875 835.765625 809.5 794.65625 761.28125 376.84375 -495.15625 -647.65625 -652.1875 -655.109375 -628.9375 -641.65625 -682.734375 -712 -714.453125 -750.609375 -780.578125 -838.640625 -869.078125 -837.546875 -788.0625 -847.171875 -853.734375 -803.5625 -804.25 -828.75 -835.265625 -843.21875 -820.171875 -829.90625 -836.15625 -892.203125 -643.3125 -288.5625 -208.828125 -53.03125 378.09375 854 790.765625 644.796875
546.8125 197.890625 532.671875 889.890625 798.984375 504.65625 560.078125 871.359375 987.46875 1048.84375 1076.5625 1074.84375 1084.390625 1095.640625 1105.8125 1099.015625 1068.875 1005.234375 950.0625 909.234375 895.140625 895.453125 916.234375 282.765625 -378.90625 -591.375 -603.09375 -599.3125 -575.21875 -580 -631.625 -649.828125 -649.703125 -661.5625 -748.8125 -750.125 -805.15625 -755.484375 -718.65625 -775.125 -791.390625 -803.296875 -841.34375 -832.25 -861.8125 -914.75 -783.03125 -878.984375 -915.09375 -850.59375 -905.265625 -646.515625 -678.15625 -141.0625 547.375 711.71875 223.140625 -173.4375
929.109375 129.6875 226.53125 734.640625 843.296875 793.796875 622.34375 873.625 1042.21875 1063.234375 1082.21875 1091.25 1094.65625 1106.875 1116.140625 1110.4375 1086.875 1044.75 994.25 960.59375 957.390625 968.15625 573.28125 646.75 160.84375 -450.421875 -524.734375 -537.71875 -541.53125 -543.21875 -561.015625 -591.953125 -595.984375 -621.96875 -675.671875 -736.734375 -751.21875 -767.28125 -807.09375 -855.875 -797.515625 -808.5 -948.9375 -834.078125 -857.875 -894.34375 -791.203125 -790.734375 -809.234375 -813.75 -823.734375 -699.96875 -537.484375 295.0625 501.828125 164.34375 96.75 380.046875
977.015625 439.96875 93.796875 567.59375 891.28125 957.546875 975.4375 966.109375 1071.734375 1067.390625 1064.796875 1080.0625 1088.75 1103.515625 1117.546875 1119.984375 1097.96875 1066.90625 1017.484375 985.359375 990.5 1006.734375 995.125 1004.546875 1018.71875 63.875 -481.359375 -501.765625 -530.109375 -547.578125 -560.9375 -584.015625 -610.265625 -640.21875 -723.875 -821.5625 -808.90625 -760.875 -762.84375 -846.765625 -802 -805.71875 -820.0625 -840.6875 -834.671875 -894.984375 -809.03125 -842.90625 -906.046875 -914.21875 -916.734375 -903.21875 -982.390625 -48.03125 -642.109375 -496.75 212.09375 378.421875
1036.734375 990.421875 512.9375 199.984375 810.5 1019.140625 1056.375 1074.671875 1083.234375 1073.046875 1076.890625 1094.140625 1103.75 1114.859375 1133.59375 1130.9375 1112.6875 1085.5 1053.828125 1025.328125 1018.3125 1038.1875 1017.25 1024.8125 1036.140625 929.765625 254.78125 -511.59375 -531.546875 -553.359375 -572.578125 -603.390625 -634.65625 -662.796875 -716.453125 -827.5 -803.921875 -750.96875 -749.390625 -746.53125 -756.875 -824.625 -754.703125 -768.046875 -756.9375 -778.40625 -878.75 -986.15625 -912.140625 -989.390625 -901.625 -751.390625 -749.34375 -783.84375 -929.40625 -876.515625 40.203125 286.375
1044.625 1071.375 974.25 231.140625 577.828125 1055.625 1098.765625 1101.296875 1101.734375 1099.59375 1104.65625 1115.21875 1120.921875 1133.53125 1138.375 1132.5 1122.875 1109.125 1099.421875 1095.03125 1085.734375 1071.828125 1046.21875 1047.59375 1034.359375 393.625 -501.25 -518.8125 -458.78125 272.796875 -107.171875 -585.765625 -618.65625 -660.3125 -746.09375 -873.421875 -924.4375 -803.875 -775.625 -752.953125 -724.34375 -731.828125 -757.25 -743.84375 -731.5 -785.78125 -855.546875 -895.1875 -909.609375 -916.53125 -892.546875 -819.671875 -776.140625 -865.640625 -1011.234375 -838.515625 -353.984375 31.65625
