Cases/SDM_Urocitellus_beldingi/westernUsClimate_modern/BIO08.asc
NCOLS 316 
NROWS 299 
XLLCORNER -124.820833001 
YLLCORNER 29.1625003333339 
CELLSIZE 0.0666666666645545 
NODATA_value -3.4e+38 
[rows 156 to 181 of 299, columns 58 to 115 of 316]
814.671875 777.390625 741.03125 746.15625 691 631.15625 529.40625 428.46875 330.921875 225.234375 149.125 59.484375 -142.46875 -238.609375 -256.546875 -258.625 -152.015625 -35.9375 -62.390625 -212.90625 -119.390625 228.984375 222.78125 11.71875 112.21875 176.203125 -116.484375 -166.390625 142.34375 632.5625 445.3125 48.953125 659.953125 1208.40625 1184.75 918.375 690.515625 584.171875 199.484375 108.859375 59.5625 30.828125 242.546875 741.03125 978.296875 928.375 884.59375 849.0625 827.890625 813.34375 632.703125 584 500.890625 463.84375 606.34375 564.71875 643.265625 838.671875
862.421875 820.609375 783.25 737.078125 699.140625 634.71875 532.78125 450.078125 358.796875 258.28125 143.953125 48.4375 -90.234375 -100.328125 -191.109375 -326.046875 -295 -209.890625 -163.65625 -103.3125 -106.484375 56.90625 135.28125 -167.53125 -212.265625 -54.71875 -80.046875 -220.109375 44.171875 428.609375 230.75 -51.109375 -119.328125 982.40625 1229.28125 1198.40625 1102.90625 992.921875 440.46875 550.40625 727.3125 800.5 538.53125 411.34375 848.203125 892.40625 721.28125 474.453125 661.796875 850.515625 832.484375 760.3125 613.125 687.09375 774.3125 713.609375 788.203125 801.328125
866.5 830.28125 774.234375 733.0625 694.109375 635.25 550.890625 494.75 461.765625 346.5625 274.125 193.046875 74.390625 101.75 -141.375 -230.6875 -289.40625 -326.890625 -283.96875 -198.25 -229.765625 -32.984375 18.875 -256.8125 -318.828125 -152.90625 -127.296875 -256.515625 -155.46875 97.46875 244.390625 -145.296875 -305.21875 444.796875 1194.546875 1192.21875 1145 777.9375 1028.6875 1081 1071.671875 1134.828125 973.28125 627.21875 665.84375 746.890625 97.984375 74.15625 236.15625 477.328125 696.234375 818.421875 896.921875 897.1875 895.921875 931.390625 893.5 708.28125
866.21875 842.765625 798.34375 758.46875 727.015625 688.8125 614.1875 560.09375 551.328125 519.859375 408.40625 214.09375 38.296875 -10 -40.484375 -215.390625 -253.65625 -291 -324.515625 -338.6875 -341.03125 -264.34375 -141.65625 -315.921875 -511.921875 -284.1875 -75.375 -63.96875 -43.546875 31.34375 59.21875 -155.359375 -284.59375 -6.375 670.15625 1059.546875 895.5 235.421875 240.4375 81 105.859375 693.21875 1140.296875 949.3125 779.234375 335.1875 217.34375 208.640625 230.640625 312.15625 525.96875 745.28125 943.515625 983.609375 982.34375 960.6875 818.953125 609.03125
898.703125 860.8125 831.3125 792.125 842.734375 763.875 674.375 625.90625 514.03125 391.71875 240.15625 144.84375 59.875 43.25 14.0625 -81.375 -143.921875 -169.796875 -293.4375 -455.65625 -469.546875 -319.84375 -195.234375 -333.296875 -466.734375 -375.859375 -120.421875 -116.796875 -103.53125 -21.0625 90.859375 -13.390625 -109.734375 -133.328125 -48.046875 236.125 231.546875 63.515625 164.796875 232.421875 203.84375 634.15625 1136 975.234375 633.375 201.640625 241.0625 556.46875 372 410.09375 609.65625 629.03125 567.4375 979.21875 1000.390625 936.125 880.921875 822.375
1014.671875 887.921875 851.96875 827.53125 813.625 772.25 702.890625 628.46875 482.609375 356.0625 285.9375 267.09375 79.8125 82.9375 130.28125 60.96875 -70.796875 -155.65625 -294.546875 -489.15625 -369.015625 -213.421875 -192.203125 -235.421875 -208.171875 -253.125 -193.9375 -320.6875 -276.53125 -177.9375 -105.40625 -97.8125 -120.578125 -205.125 -150.53125 174.671875 225.25 72.890625 15.5 114.0625 67.71875 178.0625 1110.84375 1058.390625 547.90625 352.4375 346.203125 643.484375 377.75 307.203125 656.390625 635.6875 601.90625 943.640625 1004.234375 694.796875 709.78125 837.390625
933.71875 1001.984375 881.28125 846.5625 824.84375 772.296875 716.828125 651.78125 506.203125 342.234375 343.640625 262.90625 194.59375 294.5 193.578125 -99.296875 -230.265625 -293.359375 -260.046875 -424.9375 -412.328125 -369.546875 -382.8125 -326.125 -204.25 -232.890625 -212.9375 -334 -373.84375 -329.140625 -240.90625 -184.90625 -168.015625 -191.28125 -171.109375 143.203125 -3.609375 -2.6875 99.5 150.328125 0.5625 600.6875 1143.546875 1177.734375 1018.3125 667.46875 322.9375 618.109375 458.015625 408.1875 640.328125 729.28125 760.8125 790.75 936.96875 799.09375 736.421875 839.734375
871.65625 905.625 867.015625 851.09375 837.125 802.25 763.390625 710.390625 561.671875 567.046875 458.015625 407.265625 431.90625 381.046875 145.25 -45.65625 -194.859375 -329.5625 -403.453125 -463.625 -432.140625 -434.140625 -452.0625 -380.671875 -192.703125 -201.8125 -210.984375 -318.4375 -396.984375 -308.59375 -207.8125 -154.453125 -150.078125 -175.40625 -144.71875 -89.71875 56.421875 44.171875 336.34375 389.640625 113.578125 308.46875 254.59375 564.203125 1111.8125 950.15625 595.21875 447.921875 260.90625 194.703125 664.515625 774.203125 750.703125 587.875 821.25 923.0625 821.828125 908.265625
866.140625 862.375 864.5 827.515625 837.6875 821.375 777.171875 741.5625 782.484375 654.703125 532.328125 411.421875 332.609375 241.09375 133.1875 -28.0625 -107.75 -204.78125 -271.03125 -419.125 -452.9375 -490.109375 -459.671875 -368.15625 -363.96875 -254.828125 -229.9375 -268.828125 -236.421875 -170.734375 -144.75 -141.90625 -138.796875 -217.40625 -203.90625 85.25 194.484375 223.515625 278.15625 290.28125 237.390625 132.078125 271.71875 543.828125 1579.078125 1967.296875 831.75 491.78125 226.78125 303.4375 749.953125 748.6875 714.703125 549.640625 788.546875 967.640625 841.75 835.703125
867.03125 873.75 896.578125 909.59375 883.5 907.046875 819.625 795.921875 733 614.84375 509.171875 426.109375 283.96875 242.921875 194.140625 108.140625 12.59375 -74.890625 -162.453125 -267.09375 -310.625 -407.328125 -455 -490.59375 -469.375 -439.28125 -241.90625 -124.71875 -123.9375 -135.015625 -130.921875 -134.96875 -138.234375 -179.875 -138.1875 -57.53125 -71.859375 35.140625 18.34375 48.171875 111.28125 -112.1875 199.296875 935.125 1449.859375 2401.34375 1416.03125 915.484375 680.890625 736.765625 726.3125 582.796875 806.171875 706.3125 687.3125 974.90625 940.34375 445.765625
986.15625 1003.671875 982.734375 1007.390625 971.890625 930.359375 941.46875 805.5625 700.421875 670.90625 626 544.015625 389.15625 382.5625 267.5 297.078125 233.0625 146.015625 53.96875 -44.125 -141.6875 -267.421875 -363.796875 -407.15625 -519.890625 -454.171875 -334.453125 -85.8125 -94.859375 -122.484375 -125.859375 -162.765625 -173.734375 -111.921875 -112.828125 -128.21875 -179.484375 -174.203125 -160.015625 -97.125 35.46875 203.0625 233.078125 674.828125 1516.515625 1784.5625 1394.8125 1215.828125 763.953125 743.0625 544.328125 433.359375 780.328125 906.296875 509.265625 878.140625 932.46875 391.234375
1017.78125 1009.25 1004.859375 1015.390625 1000.578125 982.65625 982.25 942.78125 821.8125 766.96875 796.734375 669.4375 495.234375 498.65625 460.03125 439.015625 378.890625 343.21875 245.390625 151.421875 71.875 -86.734375 -212.8125 -376.875 -480.171875 -463.140625 -345.671875 -122.46875 -89.65625 -116.015625 -125.984375 -219.234375 -187.265625 -88.71875 -42.9375 -42.34375 -17.546875 64.59375 18.984375 -173.9375 -133.078125 181.421875 328.609375 299.546875 977.640625 952.046875 670.953125 719.1875 700.34375 574.109375 334.3125 416.65625 586.03125 719.78125 422.171875 393.40625 628.265625 308.8125
1018.90625 1000.96875 1006.671875 1007.90625 1015.6875 1052.734375 1082.578125 1024.1875 954.25 904.234375 761.671875 731.140625 719.9375 718.40625 598.9375 488.5 416.96875 256.28125 158.921875 0.515625 -71.46875 -320.734375 -286.125 -377.78125 -419.53125 -448.953125 -427.875 -153.359375 -122.125 -209.359375 -215.421875 -264.71875 -177.3125 -114.3125 -81.984375 -37.046875 245.5 247.453125 -197.8125 -368.265625 -154.609375 168.34375 533.75 683.609375 904.390625 818.515625 282.71875 297.828125 394.828125 581.75 716.484375 654.5 670.828125 709.421875 625.96875 398.546875 310.546875 303.15625
1037.421875 1020.78125 1017.140625 1012.5 992.359375 1035.453125 1107.40625 1079.21875 990.40625 900.859375 766.28125 600.234375 561.578125 575.5625 520.515625 435.859375 381.90625 258 150.40625 -11.78125 65.21875 -25.171875 -226.65625 -395.703125 -485.40625 -505 -490.375 -244.90625 -227.03125 -236.640625 -239.515625 -283.859375 -254.625 -251.53125 -193.296875 -67.140625 217.078125 268.78125 -263.25 -531.8125 -201.578125 131.96875 721.90625 1126.984375 743.546875 310.09375 152.03125 66.75 155.84375 539.96875 819.328125 816.28125 678.5625 536.46875 329.5625 323.875 310.203125 313.90625
1055.984375 1040.953125 1029.234375 1023.328125 1010.734375 1006.828125 1015.875 1073.34375 1033.21875 956.046875 867.328125 762.703125 588.203125 638.109375 594.234375 526.796875 502.75 427.765625 352.984375 203.484375 227.109375 124.765625 -114.734375 -278.921875 -424.703125 -513.171875 -433.609375 -348.140625 -308.96875 -202.9375 -145.03125 -92.734375 -88.953125 -153.078125 -188.234375 -102.25 96.671875 349.6875 221.859375 -480.046875 -406.203125 -9.0625 614.78125 1017.71875 229.34375 -5.953125 -25.34375 1.34375 319.453125 681.125 821.890625 786 536.015625 182.046875 105.3125 262.9375 272.828125 383.078125
1068.21875 1051.5 1039.90625 1032.359375 1026.890625 1020.375 1013.109375 1024.875 1055.46875 1036.84375 984.03125 890.46875 744.921875 776.953125 695.390625 722.96875 712.03125 624.640625 439.234375 146.703125 122.28125 31.609375 -179.96875 -346.515625 -332.5 -272.484375 -354.859375 -281.921875 -271.765625 -252.546875 -172.15625 -86.96875 -39.859375 -62.96875 -146.453125 -93.984375 35.828125 401.578125 427.625 -160.8125 -539.703125 -129.796875 266.28125 1054.203125 565.234375 31.453125 34.171875 206 442.109375 692.859375 789.984375 713.4375 324.109375 138.640625 197.265625 260.765625 307.40625 332.59375
1065.75 1051.9375 1038.96875 1031.484375 1027.421875 1025.34375 1021.03125 1019.78125 1030.3125 1056.234375 1052.265625 871.859375 864.15625 811.609375 797.078125 658.078125 608.765625 626.015625 509.140625 296.59375 50.796875 -110.53125 -173.703125 -228.359375 -160.703125 -1.59375 -53.828125 -93.25 -144.703125 -285.59375 -293.828125 -194.546875 -83.015625 -48.96875 -90.125 -49.6875 67.28125 436.15625 432.15625 28.421875 -496.0625 -378.15625 40.65625 501.40625 946.171875 291.625 123.875 185.3125 435.1875 729.53125 806.84375 572.90625 219.609375 274.703125 328.90625 327.453125 358.703125 368.765625
1063.578125 1056.65625 1046.75 1036.84375 1031.53125 1028.46875 1026.046875 1022.171875 1024.171875 1048.8125 1071.359375 983.75 855.890625 722.109375 702.296875 676.359375 622.875 562.734375 415.546875 424.109375 257.453125 40.46875 -51.5625 -18.234375 118.28125 237.25 279.46875 101.484375 -70.390625 -286.5625 -446.21875 -456.765625 -392.734375 -236.25 -53.46875 114.609375 273.078125 434.671875 356.671875 224.5625 -352.125 -480.109375 -264.6875 -13.3125 305.328125 372.859375 268.8125 204.84375 148.109375 46.1875 18.953125 146.96875 304.953125 368.90625 383.453125 385.890625 418.984375 372.6875
1062.78125 1060.8125 1055.65625 1048.671875 1043.0625 1038.921875 1033.65625 1035.015625 1038.5 1040.71875 1063.078125 1063.859375 960.578125 821.46875 845.25 775.609375 747.15625 701.390625 625.234375 444.25 341.71875 95.3125 173.296875 329.984375 301.625 397.359375 369.828125 87.703125 -186.59375 -337.21875 -447.125 -520.75 -581.0625 -446.6875 -16.96875 477.140625 459.203125 472.90625 372.984375 346.296875 -87.875 -395.65625 -225.8125 -76.4375 120.21875 322.59375 389.375 316.3125 198.265625 95.21875 -29.34375 112.3125 298.296875 404.9375 435.5 460.296875 467.234375 433.484375
1059.859375 1057.90625 1055.78125 1050.609375 1045.28125 1042.15625 1041.828125 1041.21875 1040.296875 1022 1015.421875 1047.8125 982.796875 912.84375 895.59375 864.203125 865.4375 809.375 747.703125 680.046875 540.671875 269.53125 198.125 500.046875 532.515625 463.171875 221.5625 176.4375 -60.3125 -170.46875 -289.984375 -509.671875 -686.59375 -551.234375 47.140625 487.0625 545.9375 528.8125 399.578125 384.765625 55.40625 -383.640625 -153.078125 67.921875 278.65625 287.59375 399.625 246.671875 141.125 135.5625 50.0625 191.609375 423.4375 429.25 452.3125 456.5625 486.140625 507.46875
1058.765625 1054.84375 1052.640625 1047.53125 1042.453125 1039.609375 1038.296875 1037.921875 1039.375 1037.765625 1034.203125 1044.640625 1036.96875 996.75 950.171875 951.609375 949.3125 886.796875 843.65625 832.609375 692.5625 558.703125 309.109375 413.515625 705.703125 325.453125 100.859375 1.421875 30.671875 -19.546875 -355.359375 -534.65625 -671.90625 -492.296875 -391.546875 101.625 295.09375 480.40625 441.0625 417.375 179.421875 -114.515625 98.671875 360.515625 317.84375 608.578125 727.390625 538.015625 261.453125 327.6875 404.203125 487.71875 439.375 422.4375 336.96875 302.03125 483.65625 543.59375
1058.875 1053.890625 1050.375 1048.15625 1043.1875 1037.296875 1032.8125 1036.96875 1044.875 1046.09375 1046.921875 1045.90625 1044.953125 1023.171875 1004.796875 980.75 927.453125 911.109375 861.65625 797.15625 761.234375 756.859375 502.9375 452.859375 649.859375 79.859375 76.25 -47.09375 -243.21875 -168.234375 -179.015625 -418.953125 -539.453125 -621.25 -565.890625 -118.09375 -185.65625 -49.59375 375.359375 467.25 323.234375 36.8125 141.8125 348.59375 242.765625 584.390625 769.5625 754.671875 416.953125 501.234375 773.109375 785.921875 624.859375 466.25 218.109375 344.40625 536.078125 581.8125
1060.46875 1058.9375 1055.609375 1051.625 1046.640625 1043.9375 1040.90625 1043.34375 1049.46875 1050.296875 1046.25 1041.796875 1039.078125 1035.390625 1021.03125 1004.71875 949.625 938.09375 900.203125 885.421875 881.40625 854.90625 787.953125 710.5 692.03125 380.265625 84.203125 -156.453125 -284.0625 -321 -354.84375 -366.1875 -472.9375 -635.375 -642.359375 -466.234375 -544.640625 -355.640625 155.234375 469.609375 549.984375 362.46875 29.703125 -73.421875 98.984375 351.296875 787.296875 825.234375 689.171875 530.65625 814.703125 906.203125 682.34375 375.328125 325.09375 544.625 598.6875 615.078125
1060.96875 1061.078125 1059.859375 1053.71875 1049.109375 1049.265625 1048.359375 1048.390625 1050.75 1051.8125 1048.78125 1045.328125 1043.234375 1041.796875 1037.6875 1041.796875 1009.015625 956.359375 947.71875 963.796875 926 947.6875 887.609375 812.5 478.65625 322.453125 102.421875 -92.28125 -257.3125 -154.515625 -229.578125 -401.90625 -579.546875 -703.3125 -712.734375 -619.390625 -685.6875 -389.390625 28.609375 357.515625 543.234375 425.984375 120.78125 39.3125 134.78125 371.671875 666.1875 798.703125 872.4375 772.8125 632.796875 940.9375 865.421875 560.53125 502.859375 561.4375 629.921875 498.890625
1066.625 1069.21875 1061.625 1056.40625 1051.984375 1050.953125 1049.78125 1051.140625 1051.703125 1051.765625 1048.125 1042.90625 1037.828125 1037.484375 1041.640625 1045.140625 1048.5 1042.65625 1032.125 1007.390625 977.03125 934.984375 846.453125 740.78125 548.125 558.3125 296.546875 126 -94.875 -124.453125 -115.796875 -327.453125 -510.78125 -604.546875 -556.765625 -398.140625 -573.296875 -686.390625 -195.84375 314.53125 508.046875 429.78125 -95.78125 -44.359375 60.609375 338.296875 406.859375 464.25 812.171875 764.921875 448.8125 898.78125 989.90625 837.328125 773.078125 692.390625 451.875 341.984375
1047.296875 1066.71875 1061.328125 1058.015625 1055.703125 1052.484375 1050.4375 1050.75 1049.078125 1048.015625 1044.296875 1039.6875 1030.46875 1027.09375 1034.640625 1044.96875 1052.625 1058.953125 1055.734375 1032.234375 983.234375 999.3125 945.90625 875.6875 838.84375 785.796875 576.234375 410.53125 106.71875 130.140625 -181.5625 -306.96875 -300.421875 -359.328125 -121.625 -153.25 -537.546875 -609.96875 -400.296875 275.140625 521.46875 425.546875 -95.6875 -114.078125 15.828125 396.1875 449.421875 314.53125 420.171875 528.171875 249.125 765 976.859375 1084.1875 966.578125 618.703125 257.53125 202.078125
