Cases/SDM_Urocitellus_beldingi/westernUsClimate_modern/BIO01.asc
NCOLS 316 
NROWS 299 
XLLCORNER -124.820833001 
YLLCORNER 29.1625003333339 
CELLSIZE 0.0666666666645545 
NODATA_value -3.4e+38 
[rows 156 to 181 of 299, columns 116 to 173 of 316]
770.953125 455.28125 528.46875 644.390625 674.53125 678.03125 553.75 541.203125 744.9375 771.109375 670.671875 524.078125 721.640625 905.71875 839.015625 855.953125 837.015625 819.28125 778 943.34375 1040.484375 1067.15625 1085.21875 1089.828125 962.734375 884.65625 823.125 927.046875 975.4375 983.625 948.125 649.296875 700.5 742.015625 727.546875 590.984375 800.796875 832.984375 820.078125 824.78125 847.0625 851.59375 870.921875 910.40625 930.5625 940.359375 881.953125 931.6875 966.1875 998.65625 997.421875 1005.09375 942.109375 1041.640625 1064.015625 1037.828125 1031.890625 1053.375
693.1875 679.125 731.046875 716.65625 683.671875 688.046875 620.171875 719.234375 771.984375 783.453125 717.46875 726.28125 826.5625 936.984375 919.765625 878.328125 853.828125 818.5625 841.546875 1043.53125 1070.96875 1089.484375 1099.5 1097.796875 800.6875 740.875 816.734375 910.015625 970.1875 998.609375 987.078125 869.328125 784.703125 785.921875 794.34375 740.90625 817.8125 831.1875 817.296875 814.078125 844.609375 854.609375 882.03125 904.109375 914.609375 919.15625 804.609375 892.59375 975.921875 989.28125 993.5625 1002.5 924.34375 908.734375 1081.765625 1063.28125 1063.71875 924.609375
715.734375 799 787.75 761.84375 698.140625 608.125 744.9375 806.828125 815.921875 832.359375 842 971.640625 969.59375 978.953125 933.21875 910.265625 922.203125 915.5625 1006.828125 1072.4375 1094.1875 1097.96875 1112.375 1040.078125 662.53125 657.875 787.40625 917.671875 987.171875 1012.875 1005.90625 960.421875 751.078125 791.3125 826.640625 801.640625 838.5 846.28125 837.921875 818.734375 836 843 876.921875 901.328125 898.9375 905.40625 774.140625 831.09375 953.3125 987.28125 984.578125 997.390625 977.34375 954.015625 1080.796875 1089.875 993.53125 784.65625
854.890625 861.984375 800.75 731.9375 679.3125 713.9375 828.21875 822.328125 787.078125 711.1875 841.828125 986.109375 996.171875 1023.234375 972.125 941.234375 966.609375 997.46875 1062.4375 1095.53125 1102.296875 1107.578125 1114.421875 1048.203125 738.265625 659.34375 897.875 962.546875 995.875 1018.03125 1018.40625 946.375 825.515625 862.65625 859.859375 851.5 834.609375 851.796875 847.5 840.65625 808.65625 792.4375 838.765625 879.0625 878.390625 873.671875 803.953125 806.65625 926.984375 990.109375 978.703125 994.125 937.015625 952.265625 1073.421875 1081.171875 1026.265625 912.78125
929.515625 908.296875 799.59375 610.96875 603.609375 664.921875 865.0625 858.15625 837.75 706.90625 872.0625 1002.15625 1013.75 988.265625 994.46875 975.515625 989.015625 1047.8125 1095.390625 1100.75 1102.046875 1112.34375 1063.71875 810.75 701.265625 826.734375 957.4375 986.671875 1008.703125 1021.0625 1016.03125 903.59375 902.546875 885.9375 910.875 905.953125 862.6875 852.53125 845.40625 844.359375 807.84375 726.78125 807.53125 867.703125 854.953125 834.75 861.921875 845.59375 918.4375 981.28125 971.53125 990.453125 787.796875 980.34375 1055.953125 1055.625 1047.265625 996.828125
940.109375 936.96875 900.53125 747.609375 652.171875 753.96875 891.984375 881.28125 849.578125 660.25 823.890625 1006.890625 1022.921875 1011.9375 939.28125 1005.4375 1020.3125 1045.890625 1103.75 1105.5625 1109.578125 1094.53125 956.234375 502.265625 705.203125 954.09375 974.890625 1000.046875 1019.109375 1021.15625 1000.25 934.171875 921.65625 902.40625 947.671875 940.75 863.90625 869.546875 854.46875 870.015625 843.453125 743.296875 790.578125 855 853.09375 817.078125 846.3125 823.4375 873.171875 953.3125 972.453125 860.359375 702.21875 934.75 1010.78125 1049.4375 1013.0625 991.09375
973.25 966.109375 860.328125 861.265625 871.1875 931.625 915.640625 901.78125 906.75 804.390625 938.21875 1004.46875 1026.609375 1013.28125 1003.796875 992.765625 1035.53125 1057.453125 1096.375 1103.3125 1098.09375 1028.78125 890.03125 479.734375 885.90625 996.0625 991.53125 1005.4375 1025.140625 1016.4375 1013.453125 990.421875 966.46875 966.015625 1010.078125 973.296875 904.5 898.859375 880.328125 902.359375 758.21875 818.5 859.515625 869.5 825.203125 821.8125 808.484375 815.8125 785.6875 918.375 973.84375 917.921875 795.109375 879.8125 921.171875 1041.078125 1031 1039.875
1006.453125 929.109375 818.390625 872.984375 922 944.09375 950.375 943.484375 925.734375 893.96875 981.625 999.0625 1006.421875 995.390625 1008.359375 1031.84375 1062.078125 1073.375 1074.6875 1049.828125 873.53125 602 669.78125 833.21875 1013.9375 1017.53125 1002.59375 1013.171875 1024.953125 1029.4375 1024.3125 1020.953125 947.921875 1016.796875 1032.515625 990.25 936.484375 917.546875 887.59375 924.046875 848.53125 857.234375 863.171875 820.734375 864.265625 812.96875 773.28125 817.328125 698.453125 873.171875 945.125 967.046875 919.015625 961.03125 1009.828125 1016.53125 1001.65625 995.71875
1064.21875 1042.578125 962.453125 1020.15625 986.96875 975.984375 987.640625 977.484375 954.78125 906.609375 943.53125 972.5625 983.421875 961.828125 1015.65625 1046.65625 1064.6875 1059.703125 1036.671875 704.71875 525.890625 698.5625 882.96875 1011.125 1022.453125 1031.546875 1028.203125 1039.40625 1015.234375 1019.0625 1052.21875 1058.125 1058.03125 1060.734375 1062.03125 1060.71875 1017.625 935.109375 892.140625 908.703125 925.390625 816.84375 872.15625 760.9375 822.96875 821.421875 786.953125 812.78125 751.703125 833.703125 940.9375 995.609375 987.296875 1003.265625 1079.71875 1033.859375 995.875 997.3125
1108.875 1108.453125 1080.6875 1072.578125 1046.125 1022.421875 1010 1001.984375 966.34375 851.765625 896.421875 970.5 971.453125 934.71875 1035.09375 1054.390625 1066.453125 1055.84375 897.03125 634.484375 658.25 932.125 989.703125 1012.03125 1032.96875 1047.34375 1066.921875 1054.546875 1036.78125 942.828125 1027.453125 1092.03125 1092.75 1091.703125 1098.625 1091.734375 1056.46875 869.75 920.453125 905.8125 937.875 944.53125 903.984375 774.421875 826.96875 781.5625 811.578125 817.8125 867.671875 826.78125 923.171875 1031.59375 1060.09375 1054.8125 1050.90625 1000.4375 995.15625 993.96875
1127.078125 1137.546875 1122.5625 1095.515625 1078.796875 1046.296875 1017.484375 1016.796875 845.234375 606.5 929.125 962.515625 978.4375 843.859375 1022.09375 1075.625 1082.53125 1041.84375 821.921875 823.765625 914.765625 995.5625 997.453125 1017.734375 1044.4375 1058.46875 1082.296875 1066.515625 1050.265625 944.5 926.84375 1114.875 1131.453125 1123.703125 1116.15625 1106.046875 1086.953125 863.109375 984.765625 947.921875 949.953125 999.90625 977.515625 915.703125 886.015625 753.78125 836.875 867.125 859.125 975.53125 1022.734375 1048.640625 1041.71875 1044.40625 1007.25 999.765625 999.125 992.28125
1129.65625 1139.78125 1129.140625 1109.453125 1098.90625 1067.53125 1044.03125 994.734375 793.265625 700.921875 849.8125 979.0625 972.21875 892.6875 976.703125 1069.0625 1065.90625 999.71875 932.5 1027.5 1028.078125 1017.078125 930.46875 1010.25 1025.125 1045.96875 1102.625 1080.078125 1098.734375 1100.234375 1080.1875 1137.984375 1146.390625 1133.515625 1131.84375 1130.625 1117.5 848.4375 1018.5 1049.03125 1033.21875 1039.03125 1012.171875 1002.515625 932.953125 833.34375 854.640625 944.53125 994.78125 993.65625 974.671875 963.234375 972 987.5 997.046875 1000.53125 1000.234375 993.546875
1127.953125 1125.171875 1111.53125 1098.46875 1093.15625 1074.890625 1042.796875 1048.875 1022.3125 964.59375 831.0625 967.328125 964.90625 962.453125 875.609375 1048.609375 1055.625 1038.8125 1048.5625 1033.4375 1050.59375 1062.40625 919.59375 1005.578125 891.09375 1061.03125 1112.625 1113.21875 1132.125 1197.84375 1181.375 1169.0625 1148.75 1133.984375 1145.03125 1131.53125 1136.4375 916.640625 1093.375 1127.734375 1126.828125 1069.796875 1054.234375 1021.8125 958.421875 951.109375 958.5625 1010.421875 978.671875 954.828125 938.828125 928.09375 942.1875 966.484375 988.6875 994.046875 999.984375 1001.453125
1123.046875 1124.78125 1100.546875 1067.390625 1076.1875 1071.375 1052.21875 1042.46875 1030.515625 1042.75 953.453125 851.6875 985.671875 992.0625 1005 1015.484375 1039.0625 1086.625 1065.59375 1050.625 1072.765625 1068.21875 1020.640625 995.703125 1004.78125 1079.921875 1104.78125 1154.0625 1199.125 1222.1875 1207.921875 1186.78125 1158.375 1140.046875 1158.671875 1139.078125 1120.140625 1138.609375 1136 1109.796875 1109.140625 1119.53125 1075.890625 993.40625 958.796875 965.34375 982.640625 984.078125 972.09375 948.234375 918.53125 903.15625 921.3125 947.546875 994.453125 1028.015625 1013.34375 1019.15625
1145.15625 1161.5625 1080.703125 985.875 1087.875 1064.15625 1063.671875 1054.96875 1041.375 1052.359375 1032 856.546875 1002.9375 979.4375 995.21875 1020.65625 1076.21875 1078.171875 1059.46875 1080.34375 1081.078125 1062.484375 1054.484375 984.109375 999.5625 1068.34375 1150.0625 1227.34375 1266.734375 1255.15625 1211.671875 1190.9375 1160.859375 1140.296875 1165.0625 1164.234375 1172.046875 1120.296875 1167.96875 1135.71875 1114.0625 1124.5625 1066.4375 984.765625 932.453125 929.359375 973.234375 996.375 972.28125 957.59375 940.671875 921.40625 936.140625 976.9375 940.5625 1015.875 1047.34375 1032.28125
1186.734375 1206.875 1198.1875 1151.8125 1036.09375 1058.671875 1084.28125 1069.875 1074.734375 1072.75 1080.703125 953.453125 1025.109375 981.125 1018.8125 1026.3125 1049.125 1037.3125 1040.484375 1061.421875 1070.828125 1065.140625 1020.625 947.1875 983.65625 854.296875 1132.28125 1284.421875 1318.515625 1275.828125 1229.03125 1162.203125 1141.390625 1150.9375 1159.5625 1174.65625 1192.765625 1219.0625 1201.75 1155.84375 1150.140625 1132.5 1050.5 989.8125 945.453125 977.328125 1010.21875 1026.8125 1027.03125 999.34375 954.21875 956.3125 976.984375 1034.765625 988.578125 940.96875 1007.1875 1032.59375
1215.046875 1228.5625 1205.96875 1167.3125 1092.78125 1053.890625 1078.734375 1087.203125 1112 1120.53125 1115 1044.140625 1057.359375 1012.4375 1031.421875 1025.984375 1021.484375 1028.390625 1039.59375 1055.703125 1081.609375 1072.203125 1073.453125 1095.703125 1069.46875 1031.4375 1256.046875 1339.15625 1326.09375 1285.09375 1228.265625 1163.046875 1135.90625 1142.96875 1182.34375 1156.703125 1194.046875 1267.453125 1224.546875 1198.21875 1144.171875 1146.484375 1070.765625 1024.171875 1019.171875 1041.015625 1010.1875 988.6875 979.984375 1012.765625 981.265625 1003.078125 1005.890625 1018.28125 981.59375 908.484375 828.734375 970.703125
977.90625 1125.171875 1183.375 1143.921875 1118.9375 1090.921875 1078.625 1106.046875 1141.578125 1159.359375 1135.609375 1082.046875 1076.3125 1052.328125 1017.078125 927.171875 1055.953125 1064.234375 1091.640625 985.515625 1079.96875 1094.875 1135.53125 1160.75 1113.421875 1164.78125 1274.78125 1368.90625 1386.015625 1347.28125 1123.21875 1208.1875 1164 1161.75 1166.46875 996.296875 1204.828125 1317.859375 1214.28125 1196.65625 1175.484375 1130.46875 1057.03125 1060.6875 1095.296875 1125.046875 1036.140625 988.328125 998.96875 960.796875 1028.375 1015.984375 1007.265625 960.125 859.171875 807.421875 907.5 972.96875
1085.875 1175.734375 1171.703125 1132.671875 1111.9375 1096.125 1108.65625 1129.703125 1161.03125 1157.765625 1128.296875 1098.4375 1092.671875 1072.296875 983.5 941.96875 1094.328125 1082.15625 1095.125 1028.3125 890.578125 1138.6875 1184.125 1222.875 1223.328125 1258.90625 1295.640625 1366.65625 1412.015625 1375.640625 1107.703125 1236.921875 1232.953125 1205.765625 1201.828125 1087.4375 1234.140625 1369.984375 1200.765625 1085.96875 1167.390625 1163.609375 1123.421875 1131.109375 1139.703125 1244.1875 1155.4375 956.875 1030.5625 1077.171875 1035.828125 1086.25 957.125 856.875 788.125 611.21875 983.25 1169.25
1300.078125 1232.15625 1189.140625 1158.96875 1124.09375 1125.578125 1125.171875 1116.953125 1142.421875 1119.765625 1091.8125 1021.28125 1081.6875 1047.59375 878.75 1087.859375 1127.203125 1144.203125 1142.171875 1116.046875 976.109375 1194.65625 1176.78125 1252.203125 1267.828125 1226.109375 1133.96875 1383.890625 1427.546875 1479.03125 1424.5 1346.140625 1297.484375 1259.046875 1254.921875 1123.109375 1302.71875 1458.671875 1438 1262.046875 1354.484375 1171.65625 1109.203125 1180.265625 1296.234375 1387.625 1388.59375 1288.875 1158.25 1200.671875 1288.671875 1214.953125 1025.78125 880.859375 675.765625 563.25 1029.21875 1198.765625
1364.96875 1277.0625 1234.390625 1204.671875 1163.484375 1139.25 1121.390625 1116.515625 1111.078125 1091.6875 1017.9375 963.78125 1023.84375 943.046875 975.609375 1120.96875 1167.75 1195.609375 1224.84375 1220.0625 1187.34375 1182.75 1190.78125 1257.328125 1314.734375 1243.421875 1067.078125 1326.03125 1446.6875 1496 1472.609375 1433.703125 1344.484375 1308.390625 1268.75 1138.625 1354.953125 1542.109375 1532.125 1534.40625 1493.015625 1265.265625 1204.671875 1346.0625 1419.328125 1488.609375 1485.640625 1433.15625 1344.03125 1391.90625 1401.53125 1302.21875 1025.265625 649.015625 663.1875 976.125 1353.984375 1313.28125
1409.71875 1392.875 1317.375 1271.15625 1138.28125 1107.75 1138.421875 1159.53125 1155.578125 1096.5 1011.578125 916 863.8125 891.765625 969.25 1116.515625 1208.25 1236.4375 1258.078125 1267.265625 1229 1202.53125 1246.140625 1273.703125 1350.921875 1346.03125 1317.75 1409.484375 1508.875 1525.78125 1539.875 1488.109375 1373 1394.9375 1310.890625 1517.234375 1539.671875 1545.125 1620.296875 1633.984375 1578.625 1373.671875 1418.875 1445.546875 1476.65625 1533.71875 1563.640625 1540.015625 1491.140625 1498.59375 1446.3125 1415.046875 1286.3125 1188.8125 1323.625 1479.40625 1542.390625 1480.765625
1436.140625 1423.890625 1394.109375 1376.234375 1327.34375 1239.59375 1236.015625 1223.90625 1188.625 1117.171875 1046.546875 957.078125 957.078125 969.828125 1156.546875 1234.046875 1228.453125 1252.875 1250.53125 1252.921875 1237.90625 1236.359375 1250.3125 1304.75 1392.484375 1397.015625 1450.125 1514.359375 1573.609375 1562.65625 1583.09375 1584.140625 1351.0625 1448.296875 1581.5 1550.21875 1576.828125 1691.34375 1665.1875 1640.75 1611.984375 1549.09375 1516.46875 1527.625 1551.234375 1583.34375 1630.859375 1519.53125 1431.859375 1556.203125 1578.859375 1604.171875 1575.53125 1564.328125 1603.078125 1631.703125 1609.171875 1560.4375
1416.0625 1432.796875 1430.15625 1413.140625 1396.140625 1346.28125 1320.828125 1285.0625 1204.03125 1118.640625 1138.125 1155.359375 1147.171875 1121.4375 1267.703125 1328.671875 1325.921875 1348.4375 1320.1875 1292.46875 1292.671875 1297.984375 1219.328125 1279.328125 1417.03125 1454.375 1493.953125 1586.5 1577.328125 1592.5 1661.421875 1644.46875 1494.1875 1599.078125 1616.828125 1591.8125 1684.6875 1699.8125 1673.90625 1658.484375 1614.828125 1579.703125 1575.046875 1618.421875 1645.375 1626.59375 1674.765625 1456.9375 1336.890625 1558.625 1645.84375 1699.984375 1687.484375 1701.421875 1687.625 1664.390625 1600.609375 1555.34375
1366.875 1407.734375 1418.15625 1410.75 1411.40625 1427.796875 1389.640625 1346.234375 1210.796875 1047.765625 1214.8125 1246.546875 1231.484375 1277.859375 1332.890625 1387.515625 1406.28125 1420.171875 1372.828125 1355.8125 1362.890625 1347.515625 1207.375 1434.265625 1486.203125 1513.328125 1533.421875 1558.375 1529.375 1450.671875 1657.953125 1679.25 1689.90625 1681.53125 1656.84375 1746.234375 1745.765625 1723.84375 1714.296875 1672.390625 1659.375 1645.40625 1660.875 1689.140625 1719.453125 1720.140625 1754.53125 1745.0625 1540.015625 1416.484375 1683.828125 1729.109375 1749.859375 1744.9375 1694.8125 1664.78125 1591.53125 1383.171875
1223.03125 1383.734375 1416.859375 1408.0625 1443.484375 1478.515625 1440.546875 1407.125 1341.765625 1279.359375 1289.515625 1291.890625 1219.4375 1347.640625 1395.21875 1436.375 1451.703125 1452.390625 1441.75 1413.71875 1422.984375 1507.4375 1405.734375 1468.140625 1511.71875 1503.390625 1566.140625 1582.765625 1575.5 1272.03125 1654.65625 1711.140625 1693.25 1695 1686.875 1792.171875 1791.703125 1783.59375 1529.65625 1337.6875 1659.4375 1718.59375 1752.5625 1782.125 1780.875 1803.296875 1816.640625 1804.625 1736.328125 1655.4375 1717.828125 1745.734375 1743.78125 1728.4375 1702.34375 1665.59375 1608.234375 1469.125
