Cases/SDM_Urocitellus_beldingi/westernUsClimate_modern/BIO03.asc
NCOLS 316 
NROWS 299 
XLLCORNER -124.820833001 
YLLCORNER 29.1625003333339 
CELLSIZE 0.0666666666645545 
NODATA_value -3.4e+38 
[rows 168 to 195 of 299, columns 64 to 127 of 316]
44.859375 45.25 45.421875 45.328125 45.78125 46 45.421875 44.9375 45.625 45.203125 45.390625 44.546875 46.046875 48.359375 47.53125 46.859375 46.625 46.453125 49.25 42.484375 39.15625 46.09375 45.921875 46.96875 47.25 45.25 46.09375 45.578125 44.625 43.96875 45.59375 45.71875 42.328125 41.671875 43.171875 42.296875 42.890625 42.234375 42.28125 41.265625 40.59375 40 39.828125 40.515625 39.96875 39.5625 38.5 40.140625 40.21875 40.40625 39.921875 40.390625 40.796875 40.734375 40.625 40.9375 41 41.09375 40.78125 38.328125 36.96875 35.859375 36.171875 36.453125
45.09375 44.65625 45.4375 45.65625 46.296875 47.328125 47.96875 47.890625 45.8125 45.546875 43.984375 44.109375 45.34375 47.484375 46.03125 46.375 46.265625 44.40625 42.40625 43.109375 35.546875 45.109375 47.09375 49.40625 47.625 44.46875 42.75 42.65625 43.40625 43.921875 45.109375 45.296875 41.109375 38.828125 42.34375 42.40625 42.96875 43.015625 42.546875 40.75 40.890625 42.328125 41.46875 40.6875 40.28125 40 38.765625 38.390625 38.5 39.546875 38.796875 37.265625 39.140625 39.40625 37.21875 37.421875 40.109375 41.453125 41.859375 40.84375 40.015625 37.671875 35.8125 36.8125
45.203125 44.78125 45.140625 45.359375 46.015625 46.953125 48.125 47.4375 46.71875 45.984375 41.84375 41.46875 43.75 44.984375 44.734375 45.890625 46.140625 46.65625 41 39.21875 40.84375 41.5 43.953125 48.6875 47.546875 46.734375 46.46875 45.515625 42.375 43.1875 43.609375 45.3125 44.390625 39.375 41.53125 42.953125 43.140625 43.578125 41.40625 42.40625 42.1875 42.734375 40.609375 41.234375 40.03125 39.765625 38.390625 38.46875 38.3125 37.40625 36.828125 36.890625 38.015625 39.84375 37.15625 36.75 37.140625 41.296875 42 41.609375 41.40625 40.1875 36.5 36.296875
45 45 45.125 45.234375 45.453125 44.84375 45.03125 44.96875 45.234375 45.4375 45.03125 43.921875 42.78125 44.3125 44.796875 44.890625 44.625 42.328125 41.796875 42.21875 39.25 43.484375 45.421875 46.9375 45.890625 45.59375 46.015625 46.4375 44.8125 44.078125 43.375 45.03125 46.359375 42.625 37.9375 43 42.796875 44.28125 42.359375 42.265625 42.671875 41 41.671875 41.5625 40.78125 39.125 38.140625 38.9375 37.703125 36.890625 37.921875 39.0625 40.859375 41.921875 41.0625 38.65625 36.234375 38.71875 41.8125 41.640625 41.328125 41.765625 37.90625 36
45 45 45.09375 45.421875 45.5625 44.578125 44.796875 44.546875 44.96875 46.28125 45.84375 43.71875 43.734375 43.359375 44.875 44.421875 44.453125 42.171875 41.375 43.078125 41.890625 44.34375 44.546875 42.828125 42.78125 44.0625 45.203125 46 44.328125 43.890625 43.359375 46 47.484375 44.140625 37.34375 41.046875 42.984375 43.203125 44.34375 41.75 41.796875 41.1875 40.75 40.65625 39.5625 38.296875 38.578125 38.78125 39.09375 37.5625 39.90625 41.625 41.890625 41.96875 41.5625 40.46875 36.59375 37.265625 41.484375 40.765625 40.6875 42 39.640625 36.09375
45 45 45.046875 45.1875 45.09375 45.015625 44.765625 45.671875 45.984375 46 45.28125 42.25 41.46875 45.6875 45.09375 44.59375 44.609375 41.1875 42 42.5625 44.625 43.5 42.75 42.28125 39.78125 39.765625 41.28125 42.40625 42.703125 43.515625 43.609375 46.84375 48.75 45.75 41.421875 41.4375 43.71875 43.28125 42.59375 43.703125 40.640625 40.0625 40.78125 40.890625 40.75 40.21875 38.34375 40.671875 39.90625 38.03125 41.265625 40.265625 38.953125 37.015625 38.40625 40.921875 39.171875 38.03125 41.125 40.65625 41.546875 42.25 42.4375 38.0625
44.46875 44.84375 45.046875 45.03125 45 44.734375 44.109375 44.953125 44.796875 45.234375 45.859375 45 42.25 41.890625 43.28125 43.34375 42.203125 42.4375 44.671875 45.6875 43.640625 41.796875 38.421875 40.65625 41.09375 40.578125 39.71875 41.90625 42.828125 45.25 44.71875 47.90625 49.1875 45.953125 44.265625 42.703125 43.1875 43.359375 42.1875 42.296875 41.421875 38.71875 38.984375 39.15625 40.3125 39.65625 38.03125 40.0625 39.796875 40.984375 42 40.265625 38.640625 37.9375 40.171875 40.21875 39.515625 40.734375 42.09375 42.828125 43 43 42.734375 38.40625
43.65625 44.84375 45.484375 45.84375 45.421875 44.875 44 43.96875 44.359375 44.984375 44.5625 44.125 43.59375 43.765625 42.0625 44.640625 43.75 43.828125 43.09375 45.109375 43.9375 44.96875 44.03125 45.34375 44.65625 41.4375 38.71875 38.6875 43.234375 45.359375 45.578125 47.296875 47.609375 46.015625 44.546875 42.1875 43.265625 42.71875 41.21875 41.390625 40.65625 40.53125 41.203125 39.828125 39.390625 38.15625 38.171875 41.015625 40.75 39.0625 40.0625 41.59375 42.71875 38.421875 39 40.578125 40.65625 41.703125 41.640625 42.453125 42.9375 42.875 39.625 37.078125
45.421875 45.828125 46 46 45.8125 45.234375 44.296875 43.90625 44.09375 44 44.421875 44.640625 43.40625 43.859375 42.859375 43.078125 43.0625 43.578125 42.390625 43.421875 42.25 45.203125 47.03125 46.953125 41.859375 41.25 38.59375 39.625 39.875 45.234375 44.078125 45.09375 46.484375 46.71875 44.1875 44.078125 42.953125 43.015625 41.734375 41.984375 42.515625 39.96875 40.125 38.65625 37.96875 37.09375 36.65625 35.375 35.125 35.421875 37.46875 42.984375 43.78125 40.203125 37.953125 38.859375 37.859375 38.734375 37.859375 39 40.0625 38.484375 36.875 36.390625
46.515625 46.015625 45.84375 46 46 45.796875 44.78125 44.125 44.5 44.890625 45 45.125 44.765625 42.46875 41.015625 44.078125 39.625 41.171875 42.515625 41.046875 40.3125 44.125 44.203125 45.640625 43.765625 41.546875 41.09375 39.828125 39.28125 44.046875 41.28125 42.34375 45.15625 46.546875 44.453125 44.109375 43.421875 43.671875 41.671875 40.96875 44.484375 42.234375 39.328125 38.046875 38.328125 36.953125 36.03125 35.84375 36.578125 36.28125 38.3125 43 43.984375 43.40625 41.109375 39.671875 37.546875 36.859375 37.140625 35.90625 34.15625 34.109375 35.578125 36.734375
45.984375 45.671875 45.125 45.765625 45.953125 45.890625 45.078125 44.546875 44.59375 44.984375 44.90625 45.234375 45.046875 44.859375 45.03125 45.671875 42.828125 40.65625 42.109375 42.8125 45.28125 45.3125 46.015625 45.296875 45 42.96875 42.3125 39.890625 39.140625 40.4375 38.609375 39.640625 43.640625 45.3125 45.421875 43.015625 44.296875 43.671875 43.109375 41.75 43.296875 44.15625 39.84375 38.125 40.0625 39.078125 36.890625 37.671875 37.21875 37.09375 42.53125 42.90625 43.4375 43.0625 43 42.875 41.34375 38.734375 40.546875 39.359375 35.9375 36.34375 37.53125 38.640625
45 45.015625 45 45.0625 45.046875 45.09375 44.828125 44.015625 44.234375 44.75 44.984375 45.0625 45.328125 45.703125 42.828125 44.90625 43.71875 41.84375 43.046875 47.171875 45 46.484375 45.359375 47.78125 46.34375 44.171875 41.078125 40.46875 39.40625 38.765625 37.171875 40.484375 44.484375 42.953125 45.671875 44.25 44.03125 42.859375 41.671875 40.453125 40.578125 42.234375 43.53125 40.953125 39.078125 42.03125 37.390625 38.046875 37 36.921875 41.078125 38.625 41.265625 42.875 43.015625 43.015625 42.90625 42.046875 42.03125 41.25 38.125 38.890625 40.65625 41.296875
45 45 45 44.875 44.90625 45 45 44.609375 44.296875 44.5 45 45.578125 45.953125 45.765625 44.640625 42.3125 40.90625 38.421875 40.484375 43.5625 45.25 47.515625 45.328125 46.203125 47.640625 45.65625 42.09375 40.71875 40.40625 41 39.34375 37.765625 42.1875 42.453125 44.703125 44.421875 43.59375 42.265625 41.109375 39.75 40.09375 40.25 42.5 40.765625 39.171875 40.375 41.21875 38.078125 37.859375 38.21875 38.390625 38.34375 38.015625 41.609375 42.984375 43.40625 43.28125 43.640625 42.9375 39 38.171875 40.03125 38.765625 42.046875
45 45 45 45 44.984375 44.96875 45 45 44.84375 44.40625 44.953125 45.46875 45.90625 45.796875 45.875 44.921875 42.90625 42.625 42.09375 42.78125 41.765625 43.265625 42.96875 45.984375 45.703125 44.578125 43.015625 40.078125 41.046875 41.28125 40.1875 39.890625 40.40625 43.125 44.8125 43.734375 44.015625 41.578125 41.484375 40 40.296875 41.140625 40.796875 39.390625 39.59375 39.640625 41.171875 41.03125 38.203125 38.78125 39.765625 39.171875 37.875 38.625 41.296875 41.390625 40.421875 43.953125 42.09375 39.765625 38.640625 38.21875 39.078125 39.625
45 45 45 45 45 45 44.984375 45 45 44.1875 44.109375 44.546875 45 45.234375 45.0625 44.828125 43.40625 42.53125 42.578125 42.40625 41.875 40.15625 41.4375 42.921875 41.84375 42.75 44.125 41.140625 41.890625 42.078125 42.75 42.140625 40.0625 42.5 44.0625 43.875 44.828125 42.34375 41.015625 40.1875 39.796875 41.546875 41.15625 40.109375 39.859375 39.953125 39.359375 40.1875 40.453125 39.265625 38.875 39.203125 39.546875 38.015625 38.015625 38.4375 41.375 42.796875 40.390625 40.203125 38.1875 38.421875 39.5625 39.25
45 45.234375 45.171875 45 45 44.984375 45 45 44.6875 44.171875 43.9375 43.390625 43.625 44.140625 44.453125 44.359375 43.90625 43.765625 42.84375 42.796875 41.3125 40.296875 40.515625 41.71875 42.046875 42.53125 41.828125 41.75 41.375 41.359375 43.671875 43.453125 40.75 41.46875 42.734375 43.671875 43.421875 43.109375 42.71875 41.875 41.40625 40.84375 41.15625 40.390625 40.6875 40.6875 39.875 39.59375 40.578125 40.390625 39.546875 39.1875 39.546875 38.3125 38.296875 41.171875 43.296875 40.28125 39.296875 42.21875 38.640625 38.34375 40.25 38.046875
44.953125 44.921875 45 45.015625 45 44.984375 45 44.703125 44 44 43.5625 42.484375 42.25 43.21875 44 44.015625 44.078125 44.015625 43.328125 41.90625 41.28125 41.15625 41.75 38.75 41.703125 42.875 44.40625 44.3125 44.90625 44.75 43.28125 42.671875 40.5625 42.4375 41.6875 42.890625 43.875 43.3125 41.40625 42.265625 41.203125 40.625 40.296875 40.703125 41.109375 40.953125 39.0625 39.390625 40.140625 40.3125 39.515625 39.359375 38.953125 39.109375 38.828125 40.296875 42.09375 42.046875 40.390625 42.71875 40.359375 38.28125 42.09375 41.203125
44.09375 44.828125 45 45.078125 45.03125 45 44.78125 44.0625 44 43.921875 43.078125 42.734375 42.671875 43.0625 44 44 44.015625 43.921875 43.6875 42.265625 40.859375 40.046875 40.5625 41.328125 41.734375 45.609375 47.8125 45.9375 45.921875 44.8125 42.828125 42.78125 41.296875 41.421875 41.3125 41.75 42.984375 43.25 42.578125 41.0625 41.671875 41.015625 40.515625 40.734375 41.28125 40.9375 39.3125 40.5625 40.515625 39.265625 39 39.3125 39.75 39.84375 39.4375 39.296875 39.9375 41.328125 41.84375 42.8125 42.390625 42.125 42.890625 40.40625
44.21875 44.203125 44.90625 45 44.890625 44.875 44.90625 44.734375 44.296875 43.984375 43.265625 43.046875 43.15625 43.1875 44 44 44.09375 44.359375 44.390625 43.265625 40.5 39.578125 39.40625 39.9375 42.3125 45.75 47.75 48.15625 46.4375 46.015625 43.625 41.265625 39.03125 39.21875 41.921875 41.734375 41.984375 43.015625 42.96875 41.765625 40.34375 40.46875 39.9375 40.40625 40.703125 39 40.09375 39.53125 40.09375 39.328125 38.96875 38.890625 39.0625 39.34375 38.875 38.1875 38.46875 40.1875 40.9375 42.71875 43.46875 43.0625 43 41.296875
44.046875 43.875 44.0625 44.15625 44.0625 44.109375 44.0625 44.21875 44 44 43.984375 43.484375 43.96875 44 43.953125 44 44.375 44.859375 44.984375 44.46875 41.03125 41.625 40.09375 38.78125 39.796875 42.296875 42.78125 43.28125 42.734375 45.5 44.46875 43.25 43.546875 41.046875 41.28125 42.484375 41.609375 42.328125 42.46875 41.1875 40.828125 39.859375 39.53125 39.65625 39.765625 37.359375 38 39.21875 39.28125 39.6875 39.078125 38.3125 38.40625 37.9375 37.578125 37.4375 38.21875 38.59375 39.9375 42.40625 43.765625 43.984375 43.578125 42.90625
44.734375 42.5625 42.78125 43.03125 43.515625 44 44 44.34375 44.53125 44.125 44 43.953125 43.890625 44 44 44 44.0625 44.59375 44.90625 44.875 43.671875 43.25 40.359375 39.9375 40.015625 41.1875 41.109375 41.5 43.453125 45.734375 44.859375 42.828125 45.109375 42.765625 41.59375 42.390625 41.46875 41.375 42 42.28125 41.5625 39.75 39.515625 39.265625 38.1875 37.265625 37.328125 39.59375 38.953125 40.046875 39.203125 37.703125 38.59375 37.5 36.875 36.65625 37.46875 37.46875 38.28125 41.84375 43.5625 44.3125 44.71875 44.84375
45.34375 44.46875 42.984375 43.140625 43.296875 44 44.015625 44.84375 45 45 44.53125 44 44 44 44 44 44 44 44.046875 44.765625 44.953125 44.640625 43.015625 40.828125 42.40625 42.171875 41.421875 42.0625 43.515625 47.40625 46.6875 46.53125 45 43.265625 45.125 42.65625 41.515625 41.46875 41.96875 41.75 42.28125 42.375 41.5625 40.265625 39.28125 39.296875 39.90625 38.8125 38 38.234375 38.328125 38 38.625 37.609375 36.984375 36.65625 37.734375 37.84375 38.171875 40.6875 43.421875 44.9375 46.25 46.265625
46.375 46.65625 44.0625 43.890625 43.984375 44 44.078125 44.921875 45.171875 45.140625 45 44.5625 44 44 44 43.875 43.546875 43.453125 43.5 44.140625 44.96875 45.53125 45.09375 42.375 42 41.296875 41.015625 42.453125 45.0625 47.140625 46.46875 45.515625 45.046875 46.953125 49.96875 46.59375 41.90625 41.125 41.9375 41.140625 41.109375 41.59375 41.609375 40.84375 39.4375 40.1875 39.765625 40.484375 39.25 37.53125 38.21875 38.203125 38.65625 38.421875 37.171875 37.140625 37.84375 37.875 38.234375 38.421875 41.21875 45.046875 46.828125 46.921875
38.5625 40.515625 43.8125 44.421875 44.0625 44 44.203125 44.953125 45.484375 45.484375 45 44.828125 44.046875 44 44 43.890625 43.09375 43 42.75 43.671875 44.78125 45.4375 44.921875 42.09375 40.0625 40.46875 41.40625 42.671875 44.171875 46.921875 48.46875 43.96875 43.015625 45.765625 49.0625 48.484375 42.9375 40.53125 42.15625 42.3125 41.484375 42.15625 42.90625 41.140625 38.34375 39.03125 40.15625 40.609375 41 36.890625 37.984375 37.6875 38.125 38.90625 38.15625 38 38.328125 37.5625 38.28125 39.390625 40.59375 44.1875 46.21875 45.171875
47.796875 44.640625 45.421875 45.359375 44.28125 44 44 44.171875 44.703125 44.984375 44.734375 44.09375 44 44 44 44 43.578125 43.234375 43.546875 44.203125 45.1875 46.015625 44.953125 43.953125 42.546875 41.09375 41.75 40.890625 42.25 44.0625 50.0625 44.953125 42.109375 43.75 46.703125 47.84375 42.15625 41.359375 42.453125 43.65625 41.5 42.03125 42.75 39.984375 39.203125 38.546875 38.9375 41.140625 42.015625 39.234375 38.359375 37.640625 37.921875 38.453125 38.859375 38.015625 38.40625 37.328125 38.96875 39.359375 41.6875 43.390625 45.21875 43.15625
46.734375 48.84375 46.953125 45.5625 44.546875 43.984375 43.640625 43.71875 43.984375 44.03125 44 44 44 44 44 44 43.984375 43.96875 44 44.71875 45.75 46.71875 47.078125 44.6875 43.359375 41.890625 41.984375 42.453125 42.390625 40.234375 46.953125 46.390625 43.1875 42.90625 46.65625 48.3125 42.484375 40.78125 41.703125 44.34375 43.640625 41.4375 39.921875 39.484375 40.203125 39.0625 38.171875 40.8125 41.078125 40.96875 37.5625 38.421875 37.8125 37.140625 39.046875 38.15625 38.59375 37.375 37.53125 38.828125 39.140625 41.21875 42.890625 42.59375
47.953125 49.046875 47.109375 45.59375 44.4375 43.5625 42.796875 42.875 43.1875 43.71875 44 44 44 44.328125 44.4375 44.0625 44 44 44.015625 44.890625 45.59375 46.109375 46.1875 45.21875 45.28125 44.203125 43.078125 41.21875 42.421875 43.453125 44.640625 45.71875 43.234375 45.6875 46.796875 45.65625 43.203125 40.078125 41.40625 41.84375 41.015625 40.59375 40.578125 38.265625 39.953125 38.6875 38.140625 40.21875 40.15625 39.84375 38.421875 37.828125 37.609375 37.140625 38.875 38.734375 38.765625 38.234375 36.609375 38.3125 38.953125 39.25 39.546875 42.4375
48.875 49.484375 47.9375 46.296875 44.828125 42.890625 40.421875 41.109375 42.484375 42.875 43.46875 43.953125 44 44.265625 44.734375 44.140625 44 44 44 44.796875 45.09375 45.375 45.046875 45.140625 44.921875 44.546875 43.90625 43.5625 44 40.515625 45.375 45.875 40.140625 46.65625 45.453125 45.53125 43.71875 37.8125 41.25 42.390625 41.28125 40.1875 40.828125 39.671875 38.734375 38.390625 38.1875 38.75 40.453125 39.359375 38.625 37.765625 37.5625 36.65625 38.84375 38.90625 38.65625 38.53125 36.953125 38.109375 38.984375 39.046875 39.078125 41.578125
