Cases/SDM_Urocitellus_beldingi/westernUsClimate_modern/BIO03.asc
NCOLS 316 
NROWS 299 
XLLCORNER -124.820833001 
YLLCORNER 29.1625003333339 
CELLSIZE 0.0666666666645545 
NODATA_value -3.4e+38 
[rows 112 to 139 of 299, columns 0 to 63 of 316]
-3.4e+38 -3.4e+38 -3.4e+38 -3.4e+38 -3.4e+38 -3.4e+38 -3.4e+38 -3.4e+38 -3.4e+38 56.9444444444444 57.09375 53.859375 47.625 43.78125 41.515625 42.0625 40.453125 42.90625 44.625 46.65625 45.46875 40.6875 37.28125 37.765625 37.25 37.4375 35.203125 42.34375 44.625 46.9375 44.96875 40.453125 36.6875 40.109375 44.1875 44.703125 44.9375 44.703125 41.484375 38.40625 37.359375 38.1875 40.5625 40.953125 38.3125 37.15625 36.53125 38.59375 40.109375 39.96875 38.328125 42.140625 44.40625 44.390625 42.625 41.640625 41.046875 39.8125 39.75 40.75 40.6875 40.03125 41.453125 41.078125
-3.4e+38 -3.4e+38 -3.4e+38 -3.4e+38 -3.4e+38 -3.4e+38 -3.4e+38 -3.4e+38 -3.4e+38 58 57.6833333333333 56.4375 53.0625 43.359375 45.203125 43.453125 42.25 42.234375 45.1875 47.625 39.03125 36.125 36.625 38.90625 37.0625 34.921875 35.796875 39.34375 45.609375 47.5 41.203125 37.453125 37.34375 41.75 43.515625 43.53125 44.203125 44.140625 42.625 39.609375 35.578125 36.875 37.28125 36.625 35.546875 36.328125 35.609375 35.375 35.859375 36.84375 38.203125 44.140625 45.0625 43.796875 42.3125 42.328125 41.515625 39.8125 40.0625 40.09375 41.3125 39.359375 39.578125 43.046875
-3.4e+38 -3.4e+38 -3.4e+38 -3.4e+38 -3.4e+38 -3.4e+38 -3.4e+38 -3.4e+38 -3.4e+38 -3.4e+38 58.2682926829268 57.375 54.21875 51.734375 48.125 48.296875 45.921875 42.78125 42.84375 46.65625 42.25 40.328125 41.484375 39.9375 36.84375 36.4375 35.921875 35.8125 41 46.734375 42.28125 36.09375 36.9375 38.953125 38.796875 42.390625 43.703125 42.3125 37.890625 36.421875 36.65625 36.640625 37.484375 37.125 36.515625 37 37.4375 36.765625 35.703125 36.265625 39.78125 43.828125 44.078125 43.28125 42.046875 40.203125 40.828125 39.65625 42.140625 44.953125 45.421875 44.921875 45.15625 46.03125
-3.4e+38 -3.4e+38 -3.4e+38 -3.4e+38 -3.4e+38 -3.4e+38 -3.4e+38 -3.4e+38 -3.4e+38 -3.4e+38 58.825 58.28125 56.0625 53.265625 44.453125 39.9375 43.1875 41.03125 40.984375 44.375 43.96875 42.59375 37.640625 36.65625 36.828125 37.40625 36.515625 35.53125 38.5 46.03125 41.84375 40.296875 37.65625 35.078125 36.953125 40.8125 43.28125 41.1875 36.90625 35.0625 36.59375 37.921875 41.359375 40.78125 37.328125 39.5625 40.390625 41.765625 42.21875 40.296875 41.578125 42.984375 43.734375 43.4375 41.421875 40.046875 40.953125 41.46875 43.09375 42.171875 42.375 44.421875 43.546875 43.84375
-3.4e+38 -3.4e+38 -3.4e+38 -3.4e+38 -3.4e+38 -3.4e+38 -3.4e+38 -3.4e+38 -3.4e+38 -3.4e+38 58.9423076923077 57.984375 56.453125 54.546875 51.65625 41.0625 45.21875 42.625 45.3125 44.71875 39.1875 42.8125 38.015625 37.4375 41.96875 39.15625 40.8125 34.703125 37.28125 43.5 42.484375 42.359375 36.734375 35.875 35.25 35.96875 41.984375 42.90625 39.5 37.484375 39.890625 42.765625 46.640625 45.96875 41.046875 38.734375 39.40625 41.9375 45.484375 40.640625 40.234375 41.515625 43.3125 44.765625 43.734375 42.4375 39.796875 40.171875 37.828125 40.296875 41.125 40.453125 41.390625 41.921875
-3.4e+38 -3.4e+38 -3.4e+38 -3.4e+38 -3.4e+38 -3.4e+38 -3.4e+38 -3.4e+38 -3.4e+38 58.8461538461538 58.90625 56.015625 54.421875 52.96875 50.140625 48.078125 42.328125 47.65625 47 42.203125 38.078125 39.375 43.046875 43.015625 38.1875 38.9375 37.515625 35.296875 35.5 38.4375 36.9375 35.65625 38.90625 38.53125 36.84375 38.28125 40.34375 42.15625 42.34375 41.78125 46.921875 47.90625 47.6875 47.3125 46.171875 42.234375 39.171875 42.921875 45.703125 44.375 41.703125 40.421875 40.65625 42.4375 44.703125 44.671875 41.234375 39.71875 40.40625 39.96875 43.078125 41.859375 40.6875 41.84375
-3.4e+38 -3.4e+38 -3.4e+38 -3.4e+38 -3.4e+38 -3.4e+38 -3.4e+38 -3.4e+38 -3.4e+38 57.40625 57.265625 53.921875 53.09375 52.484375 48.546875 46.828125 46.234375 45.3125 43.15625 43.0625 40.265625 38.609375 40.421875 42.609375 42.328125 37.96875 40.203125 36.609375 36.578125 37.171875 35.546875 37.078125 41.109375 38.03125 37.8125 37.328125 38.125 41.578125 43.890625 43.546875 47.109375 46.71875 43.15625 42.578125 42.015625 40.453125 40.796875 42.53125 45.171875 46.328125 45.75 46.015625 40.390625 40.0625 44.90625 45.234375 44.96875 44.4375 44.03125 40.15625 43.109375 42.828125 42.25 42.171875
-3.4e+38 -3.4e+38 -3.4e+38 -3.4e+38 -3.4e+38 -3.4e+38 -3.4e+38 -3.4e+38 -3.4e+38 57.1111111111111 56.046875 53.109375 52.171875 50.546875 45.296875 47.96875 46.921875 44.90625 44.625 39.421875 40.25 38.578125 38.65625 38.4375 41.953125 43.609375 40.859375 37.21875 38.046875 37.8125 38.46875 40 40 39.25 38.921875 36.671875 39.828125 44.015625 40.375 42.640625 43.21875 43.3125 41.359375 44.296875 42.78125 41.28125 39.90625 40.109375 44.453125 47.21875 46.765625 47.375 43.828125 40.6875 44.109375 45.25 44.5625 43.984375 43.671875 40.890625 41.65625 42.890625 42.140625 43.1875
-3.4e+38 -3.4e+38 -3.4e+38 -3.4e+38 -3.4e+38 -3.4e+38 -3.4e+38 -3.4e+38 -3.4e+38 56.6730769230769 56.0625 54.015625 53 51.109375 47.828125 43.71875 46.703125 46.375 43.890625 40.453125 39.46875 40.578125 40.1875 38.03125 37.59375 36.734375 39.9375 38.390625 38.859375 36.421875 37.734375 42.78125 39.625 39.34375 36.609375 36.5625 41.53125 41.90625 39.796875 43.578125 42.046875 40.890625 43.046875 45 43.171875 40.65625 40.859375 45.671875 43.734375 46.15625 46.796875 47.1875 46.796875 42.0625 41.40625 44.875 42.484375 39.5625 40.796875 41.390625 41.75 44.453125 44.078125 42.171875
-3.4e+38 -3.4e+38 -3.4e+38 -3.4e+38 -3.4e+38 -3.4e+38 -3.4e+38 -3.4e+38 -3.4e+38 56.65 57.578125 55.828125 52.90625 49.046875 48.59375 43.59375 42.125 46.9375 47.390625 44.953125 40.171875 42.078125 43.796875 39.640625 38.421875 37.6875 36.625 37.484375 38.4375 37.109375 37.421875 43.53125 44.828125 39.78125 38.03125 39.734375 40.859375 40.375 40.09375 42.421875 40.6875 42.15625 43.234375 44.4375 43.125 42.421875 44.5625 46.71875 48.71875 46.015625 45.28125 46.40625 47.125 44.09375 40.5625 41.4375 40.46875 40.328125 40.703125 41.125 41.875 41.859375 43.28125 43.3125
-3.4e+38 -3.4e+38 -3.4e+38 -3.4e+38 -3.4e+38 -3.4e+38 -3.4e+38 -3.4e+38 -3.4e+38 56.0188679245283 57.15625 56.046875 52.921875 51.90625 50.359375 47.078125 45.375 46.0625 45.71875 43.15625 41.890625 45.75 42.59375 39.4375 39.375 39.859375 37.640625 38.359375 38.640625 36.9375 41.25 43.015625 41.84375 38.671875 38.0625 39.921875 41.5 40.15625 41.078125 41.046875 42.359375 42.5 43.171875 42.65625 41.09375 42.734375 45.890625 47.890625 48.328125 47.4375 43.59375 44.515625 42.640625 42.078125 40.828125 41.921875 42.234375 41.53125 40.984375 41.109375 42.734375 43.34375 43.546875 44.953125
-3.4e+38 -3.4e+38 -3.4e+38 -3.4e+38 -3.4e+38 -3.4e+38 -3.4e+38 -3.4e+38 56.3636363636364 55.7619047619048 56.421875 55.875 54.71875 52.453125 49 48.1875 42.296875 45.796875 46.75 46.203125 45.5625 43.84375 40.546875 41.875 42.078125 43.28125 40.96875 38.84375 40.875 42.84375 44.234375 44.15625 41.0625 39.90625 38.109375 40.03125 42.15625 41.171875 41.8125 40.34375 42.328125 42.640625 42.84375 42.796875 42.359375 42.515625 45.484375 46.875 46.4375 47.078125 44.296875 41.90625 41.203125 41.6875 41.21875 43.5 44.421875 42.53125 40.875 41.546875 43.703125 44.96875 44.578125 44.734375
-3.4e+38 -3.4e+38 -3.4e+38 -3.4e+38 -3.4e+38 -3.4e+38 -3.4e+38 57.5 56.9473684210526 55.515625 55.953125 55.5625 53.078125 53.078125 50.859375 43.84375 46.03125 42.015625 45.703125 44.734375 45.953125 45.234375 45.609375 43.1875 42.609375 45.8125 44 39.359375 42.828125 44.046875 43.4375 41.140625 40.5625 43.359375 39.90625 39.671875 40.1875 40.65625 41.515625 41.0625 42.34375 42.671875 42.8125 42.875 41.59375 41.453125 43.046875 43.546875 44.234375 45.46875 46.71875 43.453125 42.78125 42.828125 40.515625 42.5 43.015625 42.46875 41.015625 41.859375 42.296875 43.40625 43.328125 43.21875
-3.4e+38 -3.4e+38 -3.4e+38 -3.4e+38 -3.4e+38 -3.4e+38 -3.4e+38 58.75 58.0625 56.921875 56.546875 54.984375 51.03125 50.421875 50.578125 41.5 43.40625 45.453125 45.796875 45.90625 41.28125 41.859375 43.578125 45.828125 45.03125 42.5625 46.453125 44.25 47.359375 45.359375 45.734375 39.015625 43.34375 41.828125 37.078125 38.90625 38.390625 39.515625 40.484375 40.796875 43.03125 43.171875 42.875 42.28125 41.03125 40.59375 43.796875 44.5 41.375 42.859375 44.171875 43.859375 44.109375 43.90625 44.484375 43.6875 44.59375 43.890625 43.765625 42.390625 42.625 43.734375 42.890625 42.671875
-3.4e+38 -3.4e+38 -3.4e+38 -3.4e+38 -3.4e+38 -3.4e+38 59 59.015625 58.484375 57 54.5625 53.046875 52.484375 47.75 48 45.953125 45.359375 43.390625 42.71875 46.484375 45.265625 44.828125 44.515625 43.34375 43.15625 42.6875 44.203125 45.96875 46.609375 42.34375 43.953125 43.0625 44.296875 43.03125 39.4375 39.953125 39.609375 40.96875 41.359375 41.609375 42.03125 42.421875 42.34375 42.046875 42.09375 42.875 43.859375 44.484375 43.53125 43.3125 43.515625 44.59375 45.21875 45.953125 46.53125 47.546875 46.640625 47.09375 43.859375 43.6875 44.953125 44.171875 43.109375 42.3125
-3.4e+38 -3.4e+38 -3.4e+38 -3.4e+38 -3.4e+38 -3.4e+38 59 58.859375 58.6875 57.0625 54.75 52.65625 51.625 49.765625 47.921875 46.84375 44.109375 46.390625 44.84375 43.84375 47.71875 44.96875 44.734375 47.34375 46.21875 46.6875 43.625 42.40625 44.828125 42.484375 41.203125 38.25 35.828125 40.734375 40.84375 40.59375 41.8125 42.109375 42.265625 42.328125 41.890625 41.109375 42.328125 42.34375 42.359375 42.328125 43.328125 44.96875 45.359375 45.125 44.796875 43.0625 43.921875 44.859375 44.578125 46.078125 46.015625 46.40625 42.671875 43.21875 44.984375 43.515625 42.640625 42.75
-3.4e+38 -3.4e+38 -3.4e+38 -3.4e+38 -3.4e+38 59 58.65625 55.3125 53.78125 54.734375 55.171875 53.765625 51.03125 49.046875 44.1875 47.515625 46.453125 46.453125 47.5 43.34375 45.671875 42.3125 41.890625 46.125 50.390625 46.484375 43.796875 41.359375 42.8125 38.578125 36.921875 40.171875 40.484375 41 40.765625 40.984375 42.640625 42.09375 42.21875 42.25 41.328125 41.25 43.34375 43.359375 42.3125 42.78125 43.484375 44.703125 46.0625 44.75 44.9375 44.53125 44.46875 43.515625 43.125 43.78125 46.421875 45.171875 43.203125 43.109375 43.1875 40.5625 42.40625 42.875
-3.4e+38 -3.4e+38 -3.4e+38 -3.4e+38 -3.4e+38 58.5945945945946 57.3125 53.71875 52.734375 51.34375 53.4375 53.359375 51.65625 50.828125 49.046875 49.171875 46.328125 47.71875 45.953125 47.625 43.421875 44.359375 41.5 41.859375 46.890625 47.984375 44.890625 40.34375 40.09375 40.890625 41.640625 42.5625 42.796875 42.390625 41.328125 41.015625 41.3125 42.15625 42.78125 43.109375 41.640625 42.375 43.859375 43.046875 42.875 43.1875 44.34375 44.375 43.359375 42.796875 44.515625 45.359375 44.1875 45.09375 42.546875 43.4375 44.71875 44.734375 43.34375 41.15625 41.328125 41.546875 42 42
-3.4e+38 -3.4e+38 -3.4e+38 -3.4e+38 -3.4e+38 58 57.265625 50.0625 48.6875 48.4375 46.671875 48.390625 51.421875 50.796875 48.03125 47.359375 46.109375 44.171875 44.953125 46.265625 44.796875 43.5625 44.03125 45.71875 42.53125 42.859375 43.4375 41.609375 42.734375 43.3125 42.078125 41.703125 41.828125 41.671875 42.3125 42.28125 42.109375 42.234375 43.140625 43.6875 41.78125 41.265625 41.8125 43 43.875 42.296875 42.75 43.921875 43.140625 44.765625 44.796875 45.078125 44.203125 43.296875 42.71875 43 43.875 43.78125 41.875 41.171875 42.375 42.140625 42.90625 42.90625
-3.4e+38 -3.4e+38 -3.4e+38 -3.4e+38 -3.4e+38 -3.4e+38 58.859375 56.625 53.890625 51.1875 46.125 47.640625 48 49.859375 49.9375 47.40625 48.640625 48.21875 42.28125 41.765625 44.765625 45.453125 43.3125 44.375 43.515625 40.515625 40.5625 45.1875 44.578125 44 42.84375 42.03125 41.3125 41.5 42.15625 42.71875 42.90625 42.796875 42.15625 43.140625 42.453125 41.59375 43.25 44.453125 44.046875 42.125 42.640625 44.0625 46 45.546875 45.453125 45.53125 44.34375 45.1875 44.828125 43.765625 44.5625 43.765625 41.578125 40.296875 40.875 41 41.953125 43.234375
-3.4e+38 -3.4e+38 -3.4e+38 -3.4e+38 -3.4e+38 -3.4e+38 59.0526315789474 52 49.875 52.484375 51.3125 47.390625 48.46875 49.015625 49.25 48.96875 48.9375 49.296875 44.25 40.546875 42.40625 43.53125 45.78125 42.015625 45.734375 45.8125 41.40625 38.171875 40.375 41.28125 43.375 41.25 40.671875 41.3125 41.71875 41.921875 42.359375 42.078125 42.125 42.703125 41.9375 43.375 43.734375 44.484375 43.46875 42.5625 42.359375 44.40625 45.203125 44.515625 45.3125 44.8125 44.015625 45.328125 45.71875 45.390625 43.375 42.59375 41.34375 40.046875 40.859375 40.828125 40.421875 40.4375
-3.4e+38 -3.4e+38 -3.4e+38 -3.4e+38 -3.4e+38 -3.4e+38 59.4666666666667 60.0819672131148 53.578125 46.546875 48.671875 50.1875 48.640625 48.53125 48.921875 48.5625 45.21875 48.375 48.84375 43.171875 39.8125 47.71875 45.0625 45.796875 43.84375 44.640625 43.46875 38.65625 37.671875 37.625 43.328125 42.40625 39.8125 39.234375 40.46875 40.921875 41.515625 41.84375 42.46875 42.890625 42.3125 42.09375 43.15625 44.9375 43.84375 43.359375 43.203125 43.125 44.484375 44.734375 44.71875 44.828125 43.9375 43.96875 43.75 43.578125 43.453125 43.8125 42.390625 42.4375 43.609375 41.046875 41.78125 42.328125
-3.4e+38 -3.4e+38 -3.4e+38 -3.4e+38 -3.4e+38 -3.4e+38 -3.4e+38 61.25 59.7083333333333 56.890625 47.046875 47.921875 49.546875 49.046875 48.75 47.75 42.84375 44.703125 48.28125 42.59375 42.484375 46.875 46.328125 41.6875 44.5 40.5 40.484375 39.046875 39.375 39.515625 39.203125 42.265625 40.75 39.15625 40.265625 41.109375 41.171875 41.328125 41.609375 42.75 43.015625 43.296875 43.5 44.171875 43.984375 43.609375 43.03125 43.578125 43.21875 44.859375 44.984375 42.59375 42.484375 43.484375 42.796875 43.421875 40.59375 43.203125 48.25 47.328125 45.859375 41.609375 42.203125 41.515625
-3.4e+38 -3.4e+38 -3.4e+38 -3.4e+38 -3.4e+38 -3.4e+38 -3.4e+38 -3.4e+38 -3.4e+38 59.4193548387097 58.7741935483871 51.625 48.265625 49.171875 48.609375 48.046875 46.6875 44.09375 47.03125 48.765625 41.3125 42.171875 44.546875 41.8125 40.25 40.40625 39.9375 38.90625 37.078125 36.296875 36.765625 35.9375 40.109375 38.453125 39.5 40.796875 41.109375 41.828125 42.53125 43 43.09375 43.625 43.609375 43.546875 43.609375 43.140625 43.484375 43.640625 44.25 44.640625 43.625 41.859375 41.5625 43.8125 44.34375 42.421875 42.015625 44.734375 43.640625 45.40625 44.703125 45.09375 43.84375 40.9375
-3.4e+38 -3.4e+38 -3.4e+38 -3.4e+38 -3.4e+38 -3.4e+38 -3.4e+38 -3.4e+38 -3.4e+38 -3.4e+38 59 58.3703703703704 52.015625 51.4375 51.25 48.921875 48.34375 45.5 46.84375 44.6875 45.15625 40.25 45.125 45.1875 39.78125 40.140625 40.265625 36.546875 34.875 34.78125 34.65625 34.15625 37.984375 38.59375 39.203125 40.359375 41.265625 42.265625 43 43 43.28125 43.9375 44 43.375 42.453125 43.734375 43.421875 43.859375 42.296875 40.578125 39.34375 40.265625 42.109375 44 43.59375 42.9375 46.09375 48.171875 47.328125 41.609375 41.28125 41.8125 41.015625 41.484375
-3.4e+38 -3.4e+38 -3.4e+38 -3.4e+38 -3.4e+38 -3.4e+38 -3.4e+38 -3.4e+38 -3.4e+38 -3.4e+38 -3.4e+38 59.3333333333333 59 54.5625 51.328125 50.859375 48.203125 43.5625 43.5 45.734375 49.109375 46.34375 42.484375 40.140625 37.921875 35.671875 37.625 40.25 35.40625 35.671875 33.6875 33.234375 35.640625 38.59375 40.0625 41.1875 41.84375 42.21875 42.953125 43 43.21875 44 44 43.796875 41.6875 40.921875 43.71875 44.15625 43.234375 44.140625 39.171875 39.34375 42.640625 41.6875 41.546875 42.1875 47.5625 45.796875 48.046875 47.46875 44.875 40.703125 40.375 41.984375
-3.4e+38 -3.4e+38 -3.4e+38 -3.4e+38 -3.4e+38 -3.4e+38 -3.4e+38 -3.4e+38 -3.4e+38 -3.4e+38 -3.4e+38 -3.4e+38 59.5 58.875 55.171875 51.84375 49.953125 45.890625 46.75 44.53125 48.625 41.984375 41.453125 45.921875 46.109375 44.234375 43.359375 36.3125 35.046875 35.953125 36.21875 36.015625 38.28125 38.65625 39.109375 40.828125 41.828125 41.96875 42.984375 43.59375 44.09375 44.546875 44.640625 44.390625 43.15625 40.734375 40.84375 44.046875 45.046875 44.609375 40.53125 41.265625 40.109375 38.296875 39.40625 41 40.125 42.078125 42.375 45.328125 45.078125 46.671875 43.140625 42.140625
-3.4e+38 -3.4e+38 -3.4e+38 -3.4e+38 -3.4e+38 -3.4e+38 -3.4e+38 -3.4e+38 -3.4e+38 -3.4e+38 -3.4e+38 -3.4e+38 -3.4e+38 59.4166666666667 58.1875 52.375 50.953125 48.859375 49.1875 47.03125 45.796875 48.59375 43.03125 50.984375 51.109375 47.171875 44.421875 41.421875 34.890625 36.96875 37.4375 34.875 35.9375 40.1875 41.453125 41.8125 42.015625 41.984375 43.53125 44.25 44.96875 45.015625 45.203125 45.265625 44.796875 43.328125 40.5625 41.703125 41.1875 42.671875 41.625 40 38.6875 38.484375 39.96875 41.46875 44.578125 43.828125 41.1875 42.46875 42.6875 44.390625 48.03125 46.421875
