Cases/SDM_Urocitellus_beldingi/westernUsClimate_modern/BIO07.asc
NCOLS 316 
NROWS 299 
XLLCORNER -124.820833001 
YLLCORNER 29.1625003333339 
CELLSIZE 0.0666666666645545 
NODATA_value -3.4e+38 
[rows 231 to 251 of 299, columns 92 to 137 of 316]
-3.4e+38 -3.4e+38 -3.4e+38 1594.96875 1590.2909749349 1593.02635192871 1656.47075431578 1734.49080617804 1740.01421180138 1671.45446123396 1702.84971237183 1785.41278457642 1937.34277153015 2183.54278564453 2192.88799667358 2310.84786224365 2332.73828125 2419.1953086853 2683.83066558838 3062.0559425354 3347.69439697266 3272.10810852051 3386.95400619507 3426.49607849121 3316.25270843506 3306.45692825317 3242.28790283203 3152.98903656006 3169.03123092651 3140.70496368408 3147.08819198608 2964.36893081665 3192.17628479004 3225.109375 3575.32080841064 3654.98176956177 3764.30313873291 3781.66651535034 3781.49464416504 3691.03025436401 3578.75723266602 3620.85031890869 3666.07207870483 3676.12967681885 3613.4296913147 3619.7317237854
-3.4e+38 -3.4e+38 -3.4e+38 -3.4e+38 -3.4e+38 -3.4e+38 -3.4e+38 -3.4e+38 -3.4e+38 1559.34582519531 1542.49838369864 1521.07588386536 1766.91922950745 2163.25244522095 2236.46543502808 2265.87911224365 2242.34218597412 2259.74766159058 2449.33125686646 2571.18692016602 2786.658203125 3185.44650268555 3253.19186401367 3350.47423171997 3321.49103164673 3195.78446578979 3156.09257507324 3166.44034576416 3155.04735946655 3185.08926391602 3129.96172714233 3081.49042892456 3102.28134155273 3111.39715194702 3183.47373580933 3355.37235641479 3739.53565216064 3814.96463775635 3857.62980651855 3830.53490066528 3721.89932250977 3659.95788955688 3492.76103210449 3389.04579544067 3485.25936889648 3561.06747436523
-3.4e+38 1423.60686665197 1447.22843424479 1464.24827745226 1512.5459391276 -3.4e+38 -3.4e+38 -3.4e+38 -3.4e+38 -3.4e+38 1467.24788411458 1528.98886871338 1682.72656656901 1987.66435050964 2181.09979248047 2271.81307983398 2419.01943206787 2253.43938064575 2126.63662338257 2304.94706726074 2421.55488204956 2667.64276504517 3081.78798294067 3131.1653137207 3185.36445236206 3193.51171875 3259.89316558838 3233.30107498169 3175.97175979614 3234.62510681152 3204.93154144287 3083.89315795898 3043.26211166382 2902.3703994751 3042.65216064453 3174.6535949707 3498.5712928772 3766.04133224487 3861.53755950928 3890.85850143433 3853.88718795776 3763.86661148071 3685.26306533813 3583.90623474121 3520.46307754517 3549.86268615723
1403.53933105469 1440.77871513367 1461.07287025452 1471.22001457214 1505.12259994015 1523.63009788876 -3.4e+38 -3.4e+38 -3.4e+38 -3.4e+38 -3.4e+38 -3.4e+38 1839.19689941406 1896.88849586664 1904.44005012512 2032.43524360657 2259.80087852478 2329.42764282227 2118.40321350098 2114.61180496216 2318.88722610474 2390.64414978027 2579.36660766602 2791.94422912598 2968.85770797729 3202.63974761963 3376.62910461426 3357.90664291382 3123.15587234497 3059.00469970703 3102.79248428345 3147.24563217163 3311.89590454102 3228.34344100952 3289.65330886841 3174.27606964111 3234.55409622192 3582.66012191772 3783.95548629761 3851.12536621094 3841.78483200073 3803.69099807739 3766.08054351807 3742.19368743896 3667.45408248901 3465.39161300659
1426.50622558594 1428.87860107422 1425.85781097412 1608.97393798828 1676.8486328125 1510.16448102679 1491.799266142 -3.4e+38 -3.4e+38 -3.4e+38 -3.4e+38 -3.4e+38 -3.4e+38 1848.98120117188 1814.56162571263 1791.99604143415 1926.92157936096 2206.76492881775 2185.85751152039 2090.90225219727 2234.67060470581 2270.44122695923 2370.73934173584 2550.52782821655 2690.54169082642 2943.62615966797 3093.44033432007 3149.10958480835 3335.42617034912 3163.88505554199 3034.21120834351 3093.00408935547 3317.17011642456 3608.70557022095 3586.15823745728 3578.6282119751 3450.12853240967 3283.91307830811 3675.23332595825 3750.23028945923 3796.04141998291 3785.72975540161 3785.74174118042 3755.39033126831 3753.18737411499 3681.40763092041
-3.4e+38 -3.4e+38 1420.97588117733 1513.67402267456 1632.49668121338 1523.78721237183 1474.85032573499 -3.4e+38 -3.4e+38 -3.4e+38 -3.4e+38 -3.4e+38 -3.4e+38 -3.4e+38 -3.4e+38 1752.19029651989 1771.12520490374 1815.13230705261 2075.72840881348 2247.66618728638 2343.26424789429 2252.51141738892 2383.65614318848 2627.63056945801 2846.54109191895 2914.76387405396 2968.51572799683 2871.99630737305 3029.22607040405 3348.29336929321 3321.6382598877 2964.27149963379 3059.05989837646 3447.54238510132 3652.51309585571 3629.20241546631 3667.51415252686 3493.63672637939 3576.44139480591 3674.09129714966 3735.04549407959 3760.93957138062 3777.53942489624 3780.53183746338 3759.28107070923 3745.95202255249
-3.4e+38 -3.4e+38 1428.44169108073 1421.5175715266 1446.7290318807 1487.13198071857 1492.45941162109 -3.4e+38 -3.4e+38 -3.4e+38 -3.4e+38 -3.4e+38 -3.4e+38 -3.4e+38 -3.4e+38 -3.4e+38 1718.41870117188 1713.04084014893 1750.52119064331 2001.6803894043 2167.77352905273 2182.51210784912 2312.90809249878 2643.04396438599 2923.38553237915 2954.78475189209 3040.67029953003 3155.9248008728 3219.43154907227 3532.70417785645 3570.47528457642 3122.91143035889 2990.55282592773 3263.58507919312 3614.94023513794 3658.4257774353 3634.21786880493 3645.12247467041 3648.85249328613 3664.56572341919 3705.6880607605 3730.23750305176 3756.05096817017 3761.11791992188 3754.19013977051 3745.01398468018
-3.4e+38 -3.4e+38 -3.4e+38 -3.4e+38 -3.4e+38 -3.4e+38 -3.4e+38 -3.4e+38 -3.4e+38 -3.4e+38 -3.4e+38 -3.4e+38 -3.4e+38 -3.4e+38 -3.4e+38 -3.4e+38 -3.4e+38 -3.4e+38 1632.9592368386 1675.53779411316 1942.73552513123 2154.21855545044 2342.20254898071 2567.05802536011 2837.32028961182 2997.37783050537 2991.09060668945 3094.35643386841 3058.53466033936 3286.33721923828 3080.83855056763 3085.56368637085 2990.02880096436 3114.3589515686 3512.30264663696 3627.25152206421 3613.92204284668 3609.57012176514 3663.72017288208 3671.24979782104 3683.38943099976 3694.38985443115 3722.35458755493 3738.21416091919 3732.32425689697 3731.41036987305
-3.4e+38 1358.32295735677 -3.4e+38 -3.4e+38 -3.4e+38 -3.4e+38 -3.4e+38 -3.4e+38 -3.4e+38 -3.4e+38 -3.4e+38 -3.4e+38 -3.4e+38 -3.4e+38 -3.4e+38 -3.4e+38 -3.4e+38 -3.4e+38 1587.05902777778 1564.48287227236 1708.41192436218 2036.25994682312 2324.0661277771 2573.13535308838 2652.61445236206 2929.34374237061 2985.18515396118 3095.07285690308 3098.85653305054 3106.4800491333 3046.97117996216 2994.34131622314 3462.15293502808 3468.29717254639 3524.06042480469 3628.46278762817 3511.90300369263 3564.32413482666 3651.41944122314 3675.47666931152 3681.03105926514 3681.17988586426 3700.90507125854 3704.44709014893 3695.45091629028 3689.4287071228
1344.15844116211 1350.25862242684 1363.06108398438 -3.4e+38 -3.4e+38 -3.4e+38 -3.4e+38 -3.4e+38 -3.4e+38 -3.4e+38 -3.4e+38 -3.4e+38 -3.4e+38 -3.4e+38 -3.4e+38 -3.4e+38 -3.4e+38 -3.4e+38 -3.4e+38 1519.52903529576 1588.69258308411 1894.77618026733 2203.07716941833 2538.45947647095 2721.37860488892 2907.7700958252 2975.70038604736 3057.94002914429 2963.70555496216 3087.69434356689 3026.17140197754 2922.42198181152 3283.73555755615 3431.72803115845 3395.61874771118 3347.60977172852 3370.42928314209 3397.60098266602 3637.03555679321 3676.01677703857 3689.05954742432 3689.00437927246 3675.1171913147 3669.21699142456 3665.27372741699 3679.86952590942
1352.78897274242 1288.25409889221 1343.67390632629 1435.30903116862 -3.4e+38 -3.4e+38 -3.4e+38 -3.4e+38 -3.4e+38 -3.4e+38 -3.4e+38 -3.4e+38 -3.4e+38 -3.4e+38 -3.4e+38 -3.4e+38 -3.4e+38 -3.4e+38 -3.4e+38 1515.66878995028 1539.54698562622 1712.81962585449 1964.01396751404 2389.07598495483 2677.79705047607 2830.16404342651 2945.68762207031 3012.6291885376 3005.32801818848 3100.01385879517 2982.62362670898 2998.35652923584 3077.63828277588 3535.80078125 3547.62606430054 3531.47325897217 3566.15156173706 3594.83399200439 3614.46738052368 3604.89157867432 3629.60985183716 3667.41759490967 3650.30712890625 3636.02961349487 3633.20993804932 3667.19520187378
1373.82495117188 1388.58305506552 1420.05234718323 1547.25252914429 1543.29513549805 -3.4e+38 -3.4e+38 -3.4e+38 -3.4e+38 -3.4e+38 -3.4e+38 -3.4e+38 -3.4e+38 -3.4e+38 -3.4e+38 -3.4e+38 -3.4e+38 -3.4e+38 -3.4e+38 -3.4e+38 1514.26099609375 1648.0327167511 1950.02108955383 2201.34608459473 2578.25310134888 2704.64736938477 2845.11456298828 2955.33798980713 2991.94902801514 3026.31203079224 3000.4778213501 2981.90916824341 2981.80350112915 3245.12596511841 3596.53664779663 3547.37948989868 3667.69152450562 3628.6471786499 3584.99138259888 3588.17430114746 3611.13858032227 3651.79504394531 3645.54717636108 3604.04513168335 3589.0262336731 3630.16337203979
-3.4e+38 1435.94852701823 1482.82400754898 1620.22391891479 1574.57647323608 1557.70826272403 -3.4e+38 -3.4e+38 -3.4e+38 -3.4e+38 -3.4e+38 -3.4e+38 -3.4e+38 -3.4e+38 -3.4e+38 -3.4e+38 -3.4e+38 -3.4e+38 -3.4e+38 -3.4e+38 1494.94374338786 1701.05780410767 1949.49362373352 2070.96095275879 2498.51514053345 2628.2197265625 2673.24823379517 2840.77967834473 2857.00565338135 2948.81219482422 3057.84189224243 3054.43516921997 2985.69551467896 3042.62873077393 3107.2642364502 3236.58163452148 3533.6584854126 3620.01490402222 3611.28446960449 3609.75408935547 3611.10625076294 3630.5327835083 3626.91261672974 3577.85330581665 3534.98973846436 3571.9267539978
-3.4e+38 -3.4e+38 1499.57649158296 1508.15795898438 1548.13241195679 1565.9353345788 -3.4e+38 -3.4e+38 -3.4e+38 -3.4e+38 -3.4e+38 -3.4e+38 -3.4e+38 -3.4e+38 -3.4e+38 -3.4e+38 -3.4e+38 -3.4e+38 -3.4e+38 -3.4e+38 1506.88398996989 1528.74698257446 1739.122838974 1977.82861709595 2236.049451828 2527.35420227051 2690.61396789551 2773.60343170166 2856.3655166626 2947.04540634155 3084.79765701294 3034.59346389771 3021.34473419189 2982.51895141602 2988.31063842773 2901.73740005493 3303.38300323486 3568.83866500854 3534.11983108521 3569.02782821655 3574.78925323486 3610.04528045654 3614.93710327148 3575.37393569946 3526.77040863037 3563.80809020996
-3.4e+38 -3.4e+38 -3.4e+38 1525.74642508371 1550.84790039062 1548.02813720703 -3.4e+38 -3.4e+38 -3.4e+38 -3.4e+38 -3.4e+38 -3.4e+38 -3.4e+38 -3.4e+38 -3.4e+38 -3.4e+38 -3.4e+38 -3.4e+38 -3.4e+38 -3.4e+38 1491.26901245117 1459.84570503235 1574.56064414978 1829.89618873596 2046.53603553772 2279.58397674561 2607.66424942017 2795.70205307007 2873.86280441284 3002.99414825439 3122.79874420166 2964.3713760376 3141.14284896851 3234.25866699219 3118.36651229858 2885.23935317993 2969.81425094604 3299.51454162598 3373.75255584717 3500.50782012939 3610.0233001709 3612.90785598755 3587.62285614014 3582.21374130249 3572.50974655151 3588.34819412231
-3.4e+38 -3.4e+38 -3.4e+38 -3.4e+38 -3.4e+38 -3.4e+38 -3.4e+38 -3.4e+38 -3.4e+38 -3.4e+38 -3.4e+38 -3.4e+38 -3.4e+38 -3.4e+38 -3.4e+38 -3.4e+38 -3.4e+38 -3.4e+38 -3.4e+38 -3.4e+38 1473.79204852764 1461.80362129211 1523.56904029846 1621.33222007751 1916.83046531677 2139.7270450592 2507.11975097656 2729.78009796143 2958.79032897949 3014.73728179932 3111.58184432983 3137.29765319824 3194.63907241821 3313.80681610107 3283.92763519287 3105.51973724365 2990.59511947632 3107.37844467163 3073.19414520264 3250.1926651001 3543.98460388184 3614.00509262085 3584.91092681885 3585.99110794067 3578.95722961426 3583.63097381592
-3.4e+38 -3.4e+38 -3.4e+38 -3.4e+38 -3.4e+38 -3.4e+38 -3.4e+38 -3.4e+38 -3.4e+38 -3.4e+38 -3.4e+38 -3.4e+38 -3.4e+38 -3.4e+38 -3.4e+38 -3.4e+38 -3.4e+38 -3.4e+38 -3.4e+38 -3.4e+38 -3.4e+38 1484.40417480469 1517.35689428297 1583.65596580505 1843.93173217773 1948.56688690186 2250.30304527283 2897.91415786743 2909.38191604614 2985.78007507324 3059.41943359375 3148.83652114868 3280.10596466064 3362.32880401611 3251.65496826172 3235.43885040283 3170.24677658081 3243.15059280396 3005.17185211182 3018.51454925537 3401.09307479858 3502.68144200212 3520.06983439128 3553.20078023275 3480.17395528158 3550.06862894694
-3.4e+38 -3.4e+38 -3.4e+38 -3.4e+38 -3.4e+38 -3.4e+38 -3.4e+38 -3.4e+38 -3.4e+38 -3.4e+38 -3.4e+38 -3.4e+38 -3.4e+38 -3.4e+38 -3.4e+38 -3.4e+38 -3.4e+38 -3.4e+38 -3.4e+38 -3.4e+38 -3.4e+38 -3.4e+38 1515.36283255912 1638.30731201172 1885.0395488739 1913.24844551086 1966.48056793213 2403.53086853027 2544.43006896973 2815.05202865601 2986.95937347412 3062.31602096558 3128.23455429077 3208.12327665441 3174.6057671441 3113.91249593099 3078.49193318685 3129.45547485352 2917.71825154622 2849.26426188151 3179.31039574033 3375.85620117188 -3.4e+38 -3.4e+38 -3.4e+38 -3.4e+38
-3.4e+38 -3.4e+38 -3.4e+38 -3.4e+38 -3.4e+38 -3.4e+38 -3.4e+38 -3.4e+38 -3.4e+38 -3.4e+38 -3.4e+38 -3.4e+38 -3.4e+38 -3.4e+38 -3.4e+38 -3.4e+38 -3.4e+38 -3.4e+38 -3.4e+38 -3.4e+38 -3.4e+38 -3.4e+38 1535.83129882812 1682.42049434267 1937.62905273437 1948.44370966372 1827.94061279297 -3.4e+38 -3.4e+38 -3.4e+38 -3.4e+38 -3.4e+38 -3.4e+38 -3.4e+38 -3.4e+38 -3.4e+38 -3.4e+38 -3.4e+38 -3.4e+38 -3.4e+38 -3.4e+38 -3.4e+38 -3.4e+38 -3.4e+38 -3.4e+38 -3.4e+38
-3.4e+38 -3.4e+38 -3.4e+38 -3.4e+38 -3.4e+38 -3.4e+38 -3.4e+38 -3.4e+38 -3.4e+38 -3.4e+38 -3.4e+38 -3.4e+38 -3.4e+38 -3.4e+38 -3.4e+38 -3.4e+38 -3.4e+38 -3.4e+38 -3.4e+38 -3.4e+38 -3.4e+38 -3.4e+38 -3.4e+38 -3.4e+38 -3.4e+38 -3.4e+38 -3.4e+38 -3.4e+38 -3.4e+38 -3.4e+38 -3.4e+38 -3.4e+38 -3.4e+38 -3.4e+38 -3.4e+38 -3.4e+38 -3.4e+38 -3.4e+38 -3.4e+38 -3.4e+38 -3.4e+38 -3.4e+38 -3.4e+38 -3.4e+38 -3.4e+38 -3.4e+38
-3.4e+38 -3.4e+38 -3.4e+38 -3.4e+38 -3.4e+38 -3.4e+38 -3.4e+38 -3.4e+38 -3.4e+38 -3.4e+38 -3.4e+38 -3.4e+38 -3.4e+38 -3.4e+38 -3.4e+38 -3.4e+38 -3.4e+38 -3.4e+38 -3.4e+38 -3.4e+38 -3.4e+38 -3.4e+38 -3.4e+38 -3.4e+38 -3.4e+38 -3.4e+38 -3.4e+38 -3.4e+38 -3.4e+38 -3.4e+38 -3.4e+38 -3.4e+38 -3.4e+38 -3.4e+38 -3.4e+38 -3.4e+38 -3.4e+38 -3.4e+38 -3.4e+38 -3.4e+38 -3.4e+38 -3.4e+38 -3.4e+38 -3.4e+38 -3.4e+38 -3.4e+38
