Cases/SDM_Urocitellus_beldingi/westernUsClimate_modern/BIO04.asc
NCOLS 316 
NROWS 299 
XLLCORNER -124.820833001 
YLLCORNER 29.1625003333339 
CELLSIZE 0.0666666666645545 
NODATA_value -3.4e+38 
[rows 120 to 143 of 299, columns 165 to 219 of 316]
92961.328125 93976 94531.59375 94722.453125 95047.296875 95540.96875 93611.921875 96554.3125 96942.875 96588.640625 96667.390625 95266.6875 94012.28125 93999.484375 94828.734375 95560.140625 94822.171875 94557.140625 94519.453125 94403.796875 94218.140625 93893.203125 93805.15625 93561.796875 92977.421875 92375.734375 91721.84375 91330.984375 88957.203125 78452.75 83473.96875 87749.359375 84012.640625 83907.390625 85646.96875 81554.421875 79643.546875 82403.59375 82348.875 81540.65625 80260.453125 80435.859375 80867.078125 80463.046875 80235.921875 79165.125 78296.28125 77550.421875 76919.015625 77288.96875 78107.078125 77861.125 78336.4375 80050.34375 82735.34375
90917.28125 93194.609375 94727.90625 94954.328125 95407.109375 96065.34375 95473.265625 96854.203125 97637.703125 97537.953125 95562.890625 90182.890625 93439.09375 94280.390625 94131.1875 95679.359375 95211.28125 94832.015625 94447.9375 94479.65625 94479.484375 94395.859375 93965.234375 92915.453125 92803.359375 92890.953125 91362.578125 90989.046875 90109.953125 80839.265625 79601.46875 85853.125 85182.453125 80568.328125 85095.5 84033.15625 82497.796875 81173.96875 80825.25 81178.34375 79095.296875 80273.9375 79343.53125 78907.3125 78558.578125 77394.1875 75425.5 75633.171875 75144.140625 75254.25 75141.734375 75638.4375 77084.453125 79557.9375 81693.484375
88846.046875 92723.984375 94809.640625 95210.796875 95976.40625 96578.625 96993.921875 97469.703125 98058.359375 98050.875 93644.390625 86134.96875 93455.8125 94311.671875 90054 93152.609375 94873.75 94663.546875 94583.046875 94249.359375 94006.015625 94293.125 93962.21875 93387 92375 93529.578125 91861.65625 91354.09375 91053 84139.921875 78301.96875 81930.359375 84127.90625 83582.03125 82309.65625 82641.828125 82610.203125 81742.40625 81971.796875 80975.421875 80159.65625 78742.828125 76633.796875 76806.3125 77375.390625 76495.34375 74581.890625 73751.28125 74024.546875 74093.109375 73348.265625 73983.21875 75314.59375 76878.09375 78734.953125
94556.671875 95151.765625 95269.734375 95678.234375 96245.171875 96884.046875 97447.96875 98061.28125 98593.359375 98481.109375 96888.875 92794.984375 92556.046875 93212.015625 90431.859375 88523.390625 94355.6875 94399 94548.703125 91812.421875 93291.59375 92973.21875 92690.328125 93158.90625 93106.890625 92646.40625 91904.6875 91497.875 90523.125 84891.515625 78410.84375 77845.109375 79083.125 84192.15625 79998.984375 80293.40625 83068.078125 80819.875 80125.515625 80504.53125 76701.34375 74557.953125 72922.4375 75006.921875 75302.6875 74634.84375 72736.5625 72263.125 72348.546875 71365.296875 71357 71081.828125 70211.046875 71161.421875 70056.171875
95173.515625 95271.46875 95487.671875 96187.875 96454.984375 96915.3125 97696.4375 98268.40625 98894.53125 98385.25 97238.859375 94178.828125 91858.484375 90696.28125 92290.640625 92198.5 93653.0625 93460.875 93646.703125 92401.8125 92711.828125 92707.421875 92808.703125 93170.9375 93264.984375 92480.328125 91949.671875 92299.890625 90035.984375 84841.59375 80441.71875 81584.90625 80716.140625 82986.828125 79411.5 82576.109375 83369.234375 80451.203125 78686.15625 80011.28125 77976.125 76224.390625 75370.859375 73601.796875 72838.09375 72551.8125 71610.359375 69592.125 70129.484375 68932.359375 68658.171875 68041.703125 68052.3125 69516.140625 69148.796875
95291.609375 95231.015625 95385.46875 96247.59375 96547.0625 96731.234375 97402.5625 97962.375 98313.859375 98106.203125 96334.015625 94730.296875 91749.46875 87176.90625 91815.453125 93566.09375 93862.21875 92403.09375 92895.015625 92854.171875 92632.578125 92568.8125 92921.84375 92564.515625 91858.625 92207.640625 92166.125 91686.96875 90613.34375 89405.40625 84757.09375 81641.8125 80164.71875 80282.078125 81994.515625 83056.875 83295.25 82347.6875 81247.78125 79277.296875 77205.171875 74920.65625 74282.28125 73544.96875 72322.328125 70950.796875 70552.5 69587.359375 70146.484375 70144.265625 70320.21875 69263.234375 67528.25 69936.296875 73019.703125
94948.71875 94953.09375 95237.46875 95671.25 96075.53125 96546.6875 96989 96955 97066.515625 96899.515625 95645.3125 92242.046875 89304.78125 88569.703125 92997.34375 93786.46875 93446.4375 88468.515625 86333.9375 91765.859375 91930.671875 92293.65625 92246.984375 89861.625 82299.25 87085.359375 89860.65625 90454.15625 90812.625 89945.75 85355.890625 79364.5625 77643.21875 77392.3125 81292.671875 83311.96875 81998.25 82994.40625 81561.671875 79416.125 77563.78125 75827.59375 75018.71875 75208.65625 74282.53125 72761.609375 72980.015625 71152.09375 73214.53125 72109.328125 72760.8125 71905.78125 70087.703125 70463.65625 75602.546875
95091.4375 95067.484375 95124.171875 95187.28125 95766.90625 95862.390625 96265.90625 96280.703125 96396.65625 95904.359375 94821.75 92225.1875 86612.9375 88579.078125 92840.84375 93170.546875 92133.921875 85132.3125 81054.625 90165.390625 91206.765625 91473.15625 91350.640625 89157.828125 81590.703125 85411.015625 89418.09375 89970.953125 90944.34375 90235.796875 87991.546875 79046.78125 76640.0625 76258.15625 78294.21875 81986.15625 83893.078125 83778.765625 82421.5625 81745.5625 81282.9375 79132.28125 76748.953125 76136.40625 74395.46875 73560.484375 75315.4375 72996.421875 74477.609375 77258.484375 73676.546875 75860.453125 77677.984375 76959.0625 75942.9375
94915.90625 95449.140625 95280.546875 95287.46875 95518.75 95347.4375 95423.296875 95648.0625 95840.96875 95412.09375 94972.796875 92904.703125 85066.34375 88800.484375 92639.984375 92848.15625 90257.59375 80798.265625 80035.5 86951.3125 90716.90625 91382.53125 90244.90625 87179.984375 81653.15625 85765.5 89097.75 89543.609375 90323.6875 89970.984375 82547.140625 76602.96875 77751.84375 77955.46875 81974.125 85014.484375 84633.0625 83499.4375 82317.703125 81439.484375 80419.484375 78887.234375 76599.984375 76487.359375 79177.75 73834.109375 74556.265625 76635.796875 78382.34375 77449.953125 81779.484375 79955.125 82461.0625 83429.21875 84531.140625
93755.34375 94518.125 95389.21875 95601.828125 95437.296875 95319.828125 95302.6875 94153.140625 95664.953125 95614 94742.8125 91131.46875 86073.25 89760.28125 92778.5 92696.90625 90041.703125 76576.96875 75788.546875 84263.28125 88262.578125 90500.109375 86426.125 82078.71875 81212.703125 84061.75 86747.296875 87978.875 89776.953125 89855.046875 88044.3125 84142.609375 82475.625 80981.03125 85111.453125 85816.625 85046.015625 83819.09375 81541.84375 78435.078125 77593.40625 77509.4375 78784.453125 81230.640625 82160.703125 81572.90625 81063.40625 76865.140625 82287.734375 84120.65625 84914.953125 86436.1875 86676.328125 87396.90625 89007.890625
93489.21875 94026.890625 94541.5625 94964.59375 95151 95427.734375 95491.015625 95623.96875 95811.109375 95572.96875 95218.875 92100.984375 87274.28125 90930.25 92374.125 92368.46875 91143.015625 84808.21875 77830.328125 83449.40625 89136.140625 89585.84375 86826.359375 80335.328125 80026.8125 84857.078125 88071.921875 87587.015625 88217.75 88385.578125 88356.9375 85428.34375 75650.25 82426.171875 83976.0625 84221.140625 83700.328125 82392.1875 79738.421875 77846.171875 76616.640625 76569.203125 77347.296875 80562.25 81725.75 82951.234375 85552.078125 83507.875 81352.25 87808.703125 88650.84375 89037.84375 89631.25 91376.046875 92287.375
93488.34375 93681.265625 94113.9375 94439.453125 94769.09375 94918.21875 95604.796875 95709.765625 95426.15625 95478.671875 95470.390625 93159.9375 90198.015625 88960.96875 90937.65625 91587.453125 92162.890625 90915.328125 86732.953125 87574.390625 89264.6875 88801.375 88336.78125 83315.53125 80891.4375 85339.015625 88063.84375 88647.96875 88645.703125 88858.984375 89336.328125 88606.25 86683.078125 81260.75 83866.359375 82063.609375 83639.8125 80506.65625 80191.4375 78810.625 76996.46875 78306.53125 78183.015625 77616.265625 82267.21875 79165.703125 86110.53125 88121.4375 88600.125 90254.140625 90360.671875 91204.328125 92633.484375 94588.09375 95376.59375
93266.484375 93305.8125 93542.296875 93964.109375 94490.15625 94707.0625 95295.46875 95686.78125 95550.28125 95515.8125 95781 95671.203125 94998.1875 93152.65625 90295.859375 90383.171875 91579.640625 91347.96875 85974.25 84237.875 88846.125 88873.40625 88009.109375 87340.828125 85694.6875 85546.515625 86559.6875 88207.53125 88356.8125 88941.34375 89799.03125 89325.984375 88610.40625 78995.46875 77956.828125 83374.328125 83083.921875 78873.015625 79064.984375 83407.5 79309.296875 78813.84375 83789.390625 84579.078125 85507.03125 86564.109375 87933.5625 88771.859375 88502.296875 90988.5625 94157.1875 95181.84375 94696.765625 97199.34375 98649.171875
92037.515625 93148.890625 93194.0625 93593.765625 94549.671875 94860.078125 94895.734375 94916.78125 95166.03125 95627.15625 95806.640625 96088.109375 95924.984375 95056.828125 93720.671875 92096.859375 91393.5625 90837.75 85683.71875 83702.4375 88132.625 88502.71875 88186.140625 87638.125 87303.921875 86710.6875 86679.609375 87711.515625 88865.78125 88677.828125 89067.0625 88322.140625 88074.421875 82495 83614.46875 85787.703125 83966.96875 82520.078125 79357.84375 84430.28125 85663.3125 84423.15625 85819.140625 85809.125 85238.765625 86871.78125 87649.515625 90041.1875 91583.84375 93309.5 96055.296875 97567.328125 97771.34375 99298.40625 100875.359375
89662.859375 92287.15625 93681.546875 93637.015625 94594.625 95061.015625 95117.671875 93329.921875 92101.6875 95455.609375 95701.4375 95648.671875 95159.640625 95270.75 94764.6875 93313.328125 90370.609375 90110.640625 86533.25 87027.078125 87719.671875 87334.171875 87945.09375 87954.796875 87897.03125 87385.21875 87585.375 88278.9375 89046.671875 89071.484375 89076.734375 89233.5625 89239.65625 88939.765625 84569.109375 84611.921875 85358.109375 84667.328125 81438.90625 83571.515625 84476 83468.03125 80924.9375 82254.71875 84377.640625 86637.125 88273.28125 89417.390625 90579.234375 91781.828125 93867.171875 94975.9375 96180.75 97863.0625 99255.859375
89325.328125 91170.84375 93087.046875 94211.53125 94973.578125 95121.359375 95293.40625 94887.125 94628.078125 95135.265625 94966.921875 94915.03125 95137.25 94795.34375 94032.484375 92409.703125 89745.171875 88968.21875 84157.875 86445.890625 86476.640625 86232.8125 87278.375 87475.125 85900.65625 87116.0625 88202.234375 89504.71875 90120.171875 89783.0625 89365.40625 89502.609375 89745.078125 87332.28125 84094.0625 87998.703125 85613.390625 83054.109375 79363.1875 78870.296875 76647.296875 76212.859375 74336.453125 76849.96875 81116.625 84177.203125 86137.8125 86628.375 88449.84375 89282.734375 89329.640625 92237.84375 93883.015625 94790.390625 96465.125
89990.40625 90141.875 92084.1875 93806.546875 95144.671875 95624.375 95901.046875 95677.6875 95259.59375 91369.484375 92612.6875 93837.171875 94493.34375 94376.15625 93634.734375 89268.46875 83290.953125 85902.609375 83881.484375 82309.296875 84456.703125 84559.09375 85181.3125 85841.46875 83429.921875 84020.671875 86121.140625 90473.1875 91178.09375 90174.421875 89568.203125 87518.421875 82904.71875 79853.46875 87146.0625 86374.921875 84289.640625 84531.453125 82218.5625 80845.8125 77189.984375 78468.78125 76723.1875 78901.890625 83611.875 85317.390625 83205.03125 85339.90625 86431.078125 87301.859375 89689.078125 90042.171875 91021.90625 90836.703125 93586.9375
88247.515625 89473.703125 90801.34375 93000.953125 94621.59375 95577.671875 95996.890625 95850.3125 95591.65625 93646.40625 89431.609375 91554.328125 93594.890625 93161.40625 92518.125 89986.109375 83189.59375 84828.515625 87190.765625 83633.65625 81420.390625 82145.171875 82238.578125 86328.265625 87270.828125 84532.453125 86154.875 90644.140625 91160.75 89731.234375 85977.171875 78694.75 78670.9375 83342.546875 84478.1875 82067.421875 82017.734375 82778.171875 82551.671875 84205.5625 80922.921875 82385.359375 77879.484375 78313.03125 80751.375 83671.34375 82021.96875 83977.796875 83374.015625 87146.09375 86075.046875 88541.796875 89540.15625 90031.515625 91625.9375
88320.046875 89381.40625 90511.609375 92351.578125 93809.796875 92734.640625 95915.4375 96305.40625 94545.921875 93982.890625 90960.796875 91114.96875 92301.765625 91688.484375 91391.890625 92225.859375 90982.859375 90387.234375 90513.5625 89074.609375 85533.828125 83356.25 82899.828125 87150.375 88075.734375 86140.421875 85137.421875 89162.046875 88442.859375 89663.234375 80390.96875 75419.84375 79194.75 82925.8125 84349.015625 80977.09375 78693.828125 75899.453125 76748.0625 82075.859375 79244.078125 83643.5 82072.765625 79307.703125 79446.234375 81810.03125 81302.4375 81754.953125 83385.765625 86104.1875 87859.203125 87673.3125 88372.734375 89310.5625 89592.625
89516.296875 89483.953125 90570.921875 91599.609375 92560.84375 89548.859375 95545.359375 96384.546875 94960.8125 90573.5625 87510.4375 90532.46875 90800 87750.3125 86615.796875 90912.609375 92459.078125 91930.40625 90938.921875 91400.125 90617.3125 89437.78125 87636.90625 88915.890625 89029.046875 85447.765625 84006.796875 84477.671875 86970.53125 89823.015625 77264.59375 78687.75 79099.359375 79298.609375 84299.3125 85056.953125 78497.625 75007.484375 77702.875 82309.046875 81967.84375 81578.6875 80458.53125 84217.265625 83845.28125 86312.921875 85551.078125 84365.859375 85326.140625 85877.859375 87665.3125 88983.9375 89115.234375 89996.484375 92097.4375
90498.21875 90625.515625 90391.703125 91074.203125 91395.15625 86234.265625 93492.546875 95628.125 94713.828125 90580.15625 87315.625 89864.9375 90542.65625 89401.328125 90476.84375 91913.90625 93236.65625 92784.453125 91893.5625 92457.296875 92530.984375 92369.796875 92374.84375 91713.84375 90292.1875 87015.203125 87028.5625 88195.15625 88372.203125 89434 84302.171875 84113.625 80627.6875 80319.328125 83983.96875 85470.09375 78898.234375 74824.078125 75066.703125 80051.640625 78223.125 76946.953125 78279.875 82510.703125 86658.375 82892.359375 83140.765625 85578.109375 85372.90625 84501.453125 86053.1875 86158.953125 87275.109375 88530.609375 89780.96875
90702.84375 90486.515625 90331.796875 89943.796875 91598.71875 87391.984375 92671.984375 94988.59375 94086.1875 92841.953125 90632.34375 89853.578125 90863.828125 91480.171875 92047.265625 92530.84375 93483.828125 93539.6875 93566.859375 93395.390625 93242.125 93234.359375 92982.09375 90183.890625 88891.84375 89507.03125 88809.296875 87478.921875 88571.640625 88769.3125 82339.75 78949.921875 85262.484375 83990.65625 83615 86396.6875 80096.28125 74136.515625 74524.28125 75421.65625 76580.1875 81740.203125 85074.671875 88695.375 91348.515625 90334.96875 89543.8125 90978.765625 89420 87652.421875 85259.21875 84089.140625 84555.671875 85941.890625 87414.859375
88603.25 88516.40625 89968.546875 88697.65625 91240.21875 93943.84375 93167.265625 92747.28125 93255.609375 92302.515625 89302.5 88844.796875 90048.703125 92218.171875 92690.703125 92387.5 93628.96875 93765.5625 93622.703125 93509.140625 93247.109375 92961.265625 92533.578125 86515 89217.984375 90384.109375 89501.15625 87960.9375 88005.8125 88644.234375 82048.015625 77463.265625 84706.75 86126.640625 85272.765625 86977.40625 83276.421875 74136.546875 75148.484375 75288.703125 75907.171875 84928.875 87568.109375 90080.1875 91869.828125 92526.34375 92459.125 92343.921875 92579.296875 92734.8125 88911.140625 86371.96875 84488.546875 83731.5625 85881.421875
88237.15625 87320.921875 90269.5 92035.21875 93164.328125 94821.109375 92668.265625 88507.265625 91479.421875 91465.703125 89662.921875 87721.640625 86894.78125 92420.859375 93757.109375 93919.484375 94029.0625 93813.75 93382.46875 93003.625 92904.96875 93011.640625 92797.15625 91630.546875 87901.703125 90588.484375 90115.6875 88894.265625 89052.671875 86601.234375 82543.921875 79418.21875 84146.265625 86539.90625 86611.71875 86303.609375 82048.875 73912.5 75602.25 75093.515625 74393.4375 77010.015625 86339.53125 90410.21875 92448.90625 92711.4375 92580.65625 92457.03125 92725.609375 93314.5625 92479.984375 89535.375 85515.640625 84619.171875 85491
