Cases/SDM_Urocitellus_beldingi/westernUsClimate_modern/BIO02.asc
NCOLS 316 
NROWS 299 
XLLCORNER -124.820833001 
YLLCORNER 29.1625003333339 
CELLSIZE 0.0666666666645545 
NODATA_value -3.4e+38 
[rows 50 to 74 of 299, columns 114 to 170 of 316]
1344.359375 1438.4375 1514.328125 1375.625 1123.15625 1067.421875 1342.171875 1323.875 1162.421875 1164.703125 1310.984375 992.890625 1016.5 1336.640625 1289.375 1225.28125 1230.390625 1389.546875 1421.265625 1426.296875 1473.84375 1501.109375 1491.765625 1495.859375 1505.34375 1547.421875 1544.015625 1631.859375 1575.0625 1517.234375 1477.359375 1498.40625 1476.765625 1395.53125 1406.296875 1489.03125 1461.03125 1408.546875 1393.234375 1344.5625 1280.234375 1337.125 1357.25 1411.078125 1348.203125 1151.21875 1223.40625 1243.421875 1192.71875 1273.546875 1262.40625 1264.03125 1283.359375 1382.0625 1536.859375 1637.53125 1664.4375
1438.3125 1547.71875 1484.875 1324.140625 1123.03125 1237.8125 1302.078125 1204.828125 1066.90625 1053.546875 1289.078125 1194.796875 1036.140625 1261.59375 1297.8125 1149.484375 1229.484375 1325.921875 1407.796875 1471.296875 1478.578125 1510.875 1522.546875 1499.6875 1505.859375 1532.65625 1562.15625 1565.65625 1584.109375 1555.765625 1497.921875 1544.984375 1416.5 1309.671875 1294.96875 1340.421875 1300.640625 1404.625 1329.859375 1288.359375 1288.796875 1271.90625 1255.203125 1432.8125 1300.359375 1308.984375 1310.96875 1209.9375 1221.765625 1228 1277.3125 1300.40625 1351.9375 1484.875 1665.140625 1708.984375 1735.484375
1360.015625 1423.359375 1356.65625 1280.5625 1257.4375 1314.84375 1118.84375 1116.671875 1020.59375 1017.359375 1137.84375 1174.109375 1044.421875 1187.96875 1263.125 1106.8125 1182.09375 1363.5625 1329.203125 1470.671875 1477.015625 1493.984375 1514.484375 1517.015625 1514.984375 1519.5625 1554.046875 1566.65625 1614.625 1537.484375 1542.078125 1532.9375 1293.796875 1472.171875 1391.671875 1249.84375 1300.765625 1384.515625 1347.421875 1251.546875 1238.984375 1237.109375 1295.5 1377.59375 1303.125 1309.875 1215.234375 1127.484375 1294.765625 1244.453125 1253.875 1213.015625 1322.4375 1558.453125 1668.84375 1737.921875 1753.84375
1416.390625 1379.8125 1304.09375 1221.578125 1224.734375 1385.265625 1159.125 1071.921875 1027.25 1106.703125 1245.015625 1073.78125 1040.828125 1293.0625 1107.828125 1135.84375 1138.703125 1252.890625 1315.71875 1444.765625 1481.9375 1502.296875 1507.390625 1523.03125 1591.015625 1612.421875 1615.796875 1575.71875 1556.609375 1554.421875 1525.890625 1560.765625 1513.640625 1551.515625 1338.65625 1178.375 1175.34375 1315.375 1268.390625 1235.046875 1269.265625 1286.0625 1270.46875 1296.21875 1162.734375 1212.5 1144.140625 1231.09375 1321.34375 1429.453125 1249.5 1219.84375 1312.6875 1391.359375 1521.515625 1674.5625 1668.140625
1431.703125 1350.4375 1301.59375 1375.34375 1359.046875 1230.46875 1281.40625 1004 1034.453125 1280.296875 1147.21875 1102.34375 1101.5625 1288.609375 1124.515625 1183.265625 1167.953125 1190.375 1280.1875 1392.421875 1470.234375 1506.59375 1526.75 1532.46875 1576.59375 1596.953125 1566.03125 1547.640625 1533.703125 1471.1875 1464.28125 1421.484375 1490.8125 1572.71875 1483.640625 1342.28125 1203.9375 1305.203125 1197.90625 1349.71875 1313.046875 1198.796875 1148.890625 1111.6875 1141.828125 1190.203125 1189.609375 1154.734375 1321.40625 1174.140625 1155.921875 1084.921875 1125.671875 1298.375 1401.78125 1558.84375 1544.875
1476.734375 1386.828125 1302.796875 1270.859375 1258.5625 1166.40625 1263.15625 988.03125 1148.09375 1189.328125 1104.421875 1111.375 1233.453125 1277.484375 1250.484375 1242.75 1309.796875 1269.546875 1248.9375 1320 1440.078125 1585.5 1598.109375 1571.921875 1579.15625 1571.8125 1566.234375 1536.140625 1493.109375 1485.90625 1542.96875 1539.078125 1614.921875 1609 1523.390625 1475.515625 1409.65625 1426.125 1321.109375 1217.125 1205.515625 1241.53125 1155.625 1189 1328.546875 1365.265625 1267.015625 1286.375 1370.0625 1303.9375 1159.34375 1089.3125 1093.46875 1245.5625 1307.109375 1451.578125 1526.453125
1352.3125 1350.84375 1238.375 1261.484375 1234.203125 1174.25 1208.125 1003.578125 1277.59375 1098.296875 1143.71875 1168.03125 1319.640625 1243.625 1213.3125 1193.4375 1162.171875 1205.515625 1240.8125 1349.9375 1393.03125 1541.984375 1607.28125 1618.578125 1586.59375 1594.15625 1572.96875 1531.40625 1450.578125 1446.90625 1469.953125 1514.21875 1572 1525.40625 1450.21875 1425.84375 1325.953125 1324.375 1378.8125 1314.171875 1396.34375 1370.015625 1355.640625 1285.65625 1235 1155.03125 1114.640625 1148.625 1155.9375 1418.171875 1275.234375 1165.84375 1028.21875 1122.5625 1276.875 1346.203125 1477.5625
1195.1875 1199.359375 1154.90625 1223.234375 1206.59375 1217.984375 1120.375 1116.4375 1153.890625 1100.234375 1118.765625 1209.71875 1183.5 1321.015625 1179.703125 1175.296875 1119.453125 1276.296875 1169.484375 1361.3125 1478.5625 1542.109375 1579.9375 1598.75 1583.453125 1606.96875 1597.546875 1479.96875 1401.015625 1349.015625 1409.359375 1404.59375 1473.625 1436.84375 1384.21875 1329.5 1306.84375 1319.296875 1346.0625 1299.09375 1218.125 1279.359375 1299.140625 1366.875 1236.78125 1104.59375 1133.859375 1135.640625 1106.921875 1350.203125 1525.953125 1256.4375 1090.453125 1050.046875 1208.765625 1315.890625 1391.34375
1195.9375 1208.71875 1164.875 1161.90625 1207.578125 1210.4375 991.96875 1182.421875 1081.40625 1120.578125 1187.65625 1201.71875 1205.390625 1435.71875 1263.390625 1206.328125 1174.46875 1207.296875 1273.59375 1244.15625 1409.921875 1488.078125 1514.5 1573.34375 1635.21875 1550.828125 1517.1875 1455.046875 1421.78125 1427.234375 1500.78125 1458.671875 1482.328125 1455.96875 1401.15625 1334.171875 1355.921875 1393.140625 1268 1079.203125 1126.5625 1234.515625 1218.921875 1327.515625 1210.828125 1208.9375 1260.5 1096.03125 1127.703125 1389.5 1545.828125 1349.40625 1208.390625 1067.53125 1033.234375 1299.546875 1250.015625
1240.796875 1241.296875 1229.78125 1210.5 1238.25 1086.8125 1206.203125 1207.390625 1062.375 1151.609375 1219.5625 1219.765625 1306.71875 1465.046875 1279.96875 1182.609375 1151.296875 1271.25 1317.125 1270.484375 1367.96875 1480.921875 1490.75 1553.578125 1585.203125 1547.578125 1505.09375 1421.6875 1496.4375 1429.1875 1471.828125 1475.15625 1485.78125 1477.828125 1467.953125 1375.515625 1360.703125 1330.234375 1164.5 1075.046875 1131.28125 1202.859375 1208.390625 1283.59375 1354.625 1365.6875 1210.625 1137.671875 1130.40625 1401.9375 1485.671875 1516.484375 1442.515625 1215.625 1025.796875 1150.640625 1298.6875
1265.828125 1234.453125 1214.203125 1272.1875 1206.6875 1174.84375 1302.5 1012.90625 1166.4375 1273.265625 1243.453125 1294.953125 1380.484375 1518.578125 1408.34375 1139.890625 1207.875 1400.296875 1233.765625 1290.203125 1382.609375 1508.390625 1539.03125 1567.96875 1476.796875 1471.28125 1471.484375 1408.890625 1418.453125 1364.359375 1412.796875 1480.40625 1390.90625 1419.71875 1430.1875 1369.34375 1283.859375 1327.3125 1156.421875 1179.4375 1207.5 1246.15625 1291.421875 1319.90625 1399.828125 1267.6875 1167.703125 1189.390625 1166.46875 1348.09375 1162.4375 1211.46875 1502.875 1453.8125 1267.375 1109.90625 1207.3125
1358.6875 1349.71875 1279.21875 1289.609375 1227.3125 1409.375 1191.03125 1175.078125 1304.234375 1295.09375 1266.15625 1368.59375 1509.078125 1617.6875 1619.21875 1389.8125 1241.484375 1447.4375 1259.65625 1272.046875 1361.09375 1501.359375 1555.796875 1504.765625 1426.109375 1451.09375 1479.09375 1465.078125 1398.625 1357.046875 1403.65625 1414.953125 1365.734375 1466.90625 1335.515625 1331.8125 1252.6875 1327.625 1148.234375 1198.421875 1289.390625 1307.671875 1301.34375 1482.390625 1228.453125 1150.21875 1135.4375 1114.609375 1176.15625 1263.1875 1122.171875 1114.953125 1225.3125 1540.84375 1354.84375 1274.59375 1187.953125
1391.578125 1505.6875 1478.75 1428.46875 1296.28125 1357.8125 1190.296875 1272.546875 1278.421875 1289.453125 1320.34375 1300.421875 1421.859375 1529.03125 1613.765625 1450.109375 1493.890625 1528.75 1364.09375 1326.25 1301.890625 1484.59375 1535.53125 1429.703125 1468.25 1503.375 1496.734375 1462.796875 1463.453125 1389.78125 1398.5625 1416.75 1404.875 1319.015625 1333.71875 1347.765625 1352.53125 1390.390625 1199.4375 1290.453125 1196.109375 1203.140625 1390.296875 1332.03125 1199.515625 1129.734375 1199.6875 1197.421875 1357.734375 1183.21875 1124.578125 1166.65625 1210.71875 1499.171875 1264.046875 1211.8125 1186.28125
1281.703125 1483.40625 1557.265625 1398.015625 1170.390625 1260.5625 1166.65625 1100.375 1269.9375 1396.390625 1458.625 1466.0625 1450.28125 1356 1406.3125 1436.390625 1521.21875 1530.828125 1363.5625 1242.671875 1327.875 1365.671875 1537.328125 1414.046875 1382.375 1480.046875 1401.875 1449.09375 1464.421875 1446.734375 1362.296875 1404.4375 1466.0625 1430.578125 1297.875 1296.546875 1387.59375 1328.3125 1263.203125 1271.78125 1350.859375 1403.328125 1291 1193.734375 1183.390625 1097.71875 1163.71875 1096.359375 1366.34375 1193.234375 1140.5 1277.484375 1285.25 1472.609375 1356.46875 1212.15625 1104.21875
1557.125 1398.984375 1290.765625 1167.390625 1253.109375 1050.390625 1114.71875 1133.546875 1169.28125 1319.421875 1473.90625 1526.90625 1393.625 1336.640625 1398.5625 1449.0625 1543.984375 1534.921875 1430.359375 1425.46875 1325.28125 1321.796875 1458.953125 1395.5 1369.78125 1493.125 1415.609375 1408.875 1430.046875 1361.828125 1429.4375 1544.296875 1374.9375 1458.921875 1359.125 1449.375 1387.265625 1143.9375 1141.21875 1312.15625 1336.453125 1412.140625 1154.5625 1122.96875 1259.234375 1184.671875 1259.78125 1294.28125 1427.296875 1140.015625 1131.328125 1223.34375 1330.171875 1355.703125 1555.53125 1517.65625 1261.953125
1458 1407.109375 1317.875 1160.125 1137.796875 1151.640625 1179.53125 1131.484375 1092.09375 1248.375 1369.765625 1506.375 1357.3125 1227.390625 1300.140625 1365.75 1543.265625 1541.796875 1515.921875 1399.53125 1290.0625 1273.046875 1415.34375 1388.265625 1374.125 1456.40625 1398.765625 1414.03125 1435.09375 1489.921875 1479.0625 1501.515625 1482.59375 1483.15625 1494.171875 1291.828125 1383.734375 1269.71875 1188.9375 1198.734375 1370.21875 1238.671875 1101.4375 1223.5625 1317.484375 1202.984375 1348.25 1426.25 1358.578125 1193.265625 1107.328125 1128.21875 1250.59375 1134.796875 1403.375 1572.015625 1601.90625
1071.703125 1230.65625 1188.765625 1032.96875 1121.265625 1191.5625 1251.890625 1273.34375 1322.390625 1445.046875 1479.25 1464.09375 1409.609375 1316.53125 1333.84375 1312.3125 1498.9375 1547.640625 1503.734375 1427.59375 1252.234375 1213.671875 1441.53125 1490.875 1370.421875 1408.046875 1396.140625 1358.109375 1290.6875 1318.421875 1398.15625 1391.34375 1376.65625 1276.015625 1374.34375 1296.453125 1377.703125 1471.703125 1396.625 1322.5 1211.671875 1199.9375 1130.25 1168.171875 1314.984375 1321.203125 1383.953125 1572.4375 1535.796875 1387.1875 1165.28125 1123.46875 1104.515625 1079.734375 1165.34375 1461.453125 1560.234375
1043.328125 1251.09375 1026.8125 1075.859375 1084.921875 1181.671875 1341.921875 1468.265625 1493.375 1492.734375 1476.734375 1485.015625 1427.640625 1281.234375 1225.5625 1298.671875 1555.734375 1559.34375 1436.6875 1316.75 1331.5625 1218.75 1396.09375 1471.4375 1326.484375 1412 1387.96875 1291.828125 1417.390625 1409.5625 1369.8125 1292.90625 1366.796875 1292.8125 1260 1359.078125 1427.953125 1289.03125 1224.015625 1411.75 1208.5 1136.6875 1253.171875 1378.75 1351.515625 1475.671875 1259.53125 1292.46875 1647.5625 1716.375 1597.390625 1357.984375 1103.234375 1098.9375 1111.5 1071.203125 1347.40625
1255.484375 1155.421875 1070.53125 1132.53125 1155.421875 1132.203125 1426.25 1497.875 1533.484375 1497.609375 1457.140625 1481.703125 1475.21875 1325.75 1302.34375 1272.140625 1462.234375 1567.78125 1561.59375 1532.03125 1288.25 1274.5625 1281 1313.15625 1334.015625 1399.578125 1400.625 1427.46875 1510.6875 1366.25 1260.671875 1283.890625 1379.265625 1305.53125 1319.890625 1438.421875 1305.484375 1264.9375 1250.4375 1230.609375 1208.421875 1278.828125 1280.328125 1408.75 1463.984375 1502.375 1274.4375 1184.875 1415.46875 1664.734375 1688.015625 1618.71875 1400.515625 1147.96875 1105.140625 1054.03125 1201.234375
1195.953125 992.796875 1031.375 1055.734375 1109.875 1161.859375 1451.796875 1525.140625 1469.71875 1440.765625 1465.109375 1491.671875 1498.421875 1285.171875 1286 1271.65625 1287.140625 1555.734375 1604.203125 1428.953125 1237.609375 1362.015625 1299.890625 1290.59375 1426.609375 1304.734375 1395.53125 1341.28125 1441.328125 1354.4375 1308.328125 1345.46875 1364.140625 1289.03125 1256.75 1260.84375 1223.65625 1202.125 1247.796875 1312.890625 1224.734375 1215.5 1138.125 1240.234375 1390.09375 1538.140625 1549.90625 1308 1139.84375 1422.734375 1594.84375 1627.75 1606.890625 1464.234375 1248.265625 1099.609375 1135.265625
1012.84375 1047.203125 1015.125 1003.5625 1278.296875 1357.890625 1382.140625 1196.171875 1320.015625 1446.1875 1511.265625 1522.109375 1448.5625 1257.75 1245.28125 1238.453125 1253.015625 1439.390625 1568.953125 1257.171875 1418.390625 1417.625 1270.421875 1337.21875 1407.015625 1296.34375 1271.625 1460.953125 1482.75 1330.640625 1477.25 1585.03125 1486.265625 1358.875 1221.515625 1351.75 1440.015625 1454.1875 1369.984375 1200.171875 1396.125 1282.59375 1105.390625 1189.21875 1410.484375 1375.875 1557.34375 1505.78125 1061.765625 1093.84375 1225.28125 1604.359375 1618.296875 1615.28125 1259.328125 1171.921875 1185.203125
1211.453125 1294.59375 1385.390625 1304.046875 1465.765625 1461.546875 1398.453125 1124.171875 1231.203125 1378.703125 1492.796875 1445.96875 1400.125 1344.671875 1293.796875 1182.796875 1240.265625 1443.484375 1430.765625 1293.796875 1475.546875 1413.984375 1303.5625 1642.265625 1377.359375 1232.546875 1222.984375 1316.171875 1313.640625 1443.375 1395.9375 1590.734375 1600.734375 1363.75 1452.390625 1361.953125 1229.203125 1522.984375 1240.03125 1325.234375 1340.421875 1434.578125 1161.625 1370.09375 1517.53125 1158.96875 1404.484375 1584.4375 1271.5625 1006.0625 1115.125 1463.515625 1590.640625 1614.53125 1574.71875 1485.84375 1250.890625
1415.671875 1441.78125 1492.359375 1501.65625 1467.46875 1479.359375 1482.8125 1246.78125 1080.5 1342.890625 1439.484375 1293.8125 1336 1402.53125 1273.21875 1108.046875 1154.328125 1228.984375 1222.0625 1294.84375 1301.703125 1121.890625 1246.515625 1544.390625 1364.296875 1238.296875 1262.359375 1175.9375 1370.078125 1261.640625 1308.03125 1433 1641.9375 1734.28125 1638.953125 1662.453125 1482.890625 1458.8125 1498.375 1496.953125 1557.078125 1572.796875 1403.65625 1633.125 1389.796875 1408.203125 1238.6875 1433.453125 1519.34375 1158.578125 1036.859375 1245.421875 1402.515625 1552.484375 1149.640625 1275.296875 1597.375
1329.40625 1420.578125 1484.28125 1511.34375 1513.75 1494.4375 1447.34375 1431.09375 1256.828125 1309.40625 1276.578125 1146.953125 1241.15625 1449.34375 1333.890625 1049.15625 1123.640625 1048.203125 1363.140625 1502.265625 1267.6875 1116.453125 1191.046875 1377.828125 1238.453125 1312.8125 1211.578125 1303.25 1400.734375 1475.890625 1318.765625 1204.71875 1274.390625 1600.875 1710.09375 1354.65625 1195.40625 1351.96875 1200.453125 1354.890625 1244.09375 1279.8125 1276.453125 1427.421875 1557.109375 1562.234375 1311.171875 1073 1282.984375 1562.640625 1206.296875 1014.96875 1411.859375 1431.234375 1444.234375 1292.09375 1444.21875
1461.5625 1466.9375 1489.09375 1496.828125 1508.265625 1492.09375 1434.71875 1363.75 1478.875 1462.609375 1254.25 1202.578125 1210.65625 1541.9375 1326.140625 1046.15625 1202.796875 1091.296875 1557.484375 1423.40625 1283.125 1236.859375 1179.8125 1400.90625 1395.078125 1262.15625 1439.484375 1561.96875 1518.515625 1309.671875 1455.84375 1478.03125 1224.875 1238.734375 1622.78125 1567.125 1150.84375 1356.15625 1167.71875 1149.015625 1160.546875 1352.3125 1491.578125 1471.453125 1471.28125 1425.015625 1284.515625 1158.3125 1428.34375 1599.6875 1484.578125 1004.859375 1125.078125 1049.984375 1136.75 1291.71875 1560.015625
