Cases/SDM_Urocitellus_beldingi/westernUsClimate_modern/BIO07.asc
NCOLS 316 
NROWS 299 
XLLCORNER -124.820833001 
YLLCORNER 29.1625003333339 
CELLSIZE 0.0666666666645545 
NODATA_value -3.4e+38 
[rows 0 to 20 of 299, columns 138 to 183 of 316]
3345.11630684989 3243.96572875977 3184.22020176479 3046.66273280552 3481.52857317243 3776.11808122907 3803.59597342355 3744.38190569196 3486.22252982003 2960.87330409459 3063.97386823382 3222.50636509487 3142.64576067243 3010.80246407645 3048.02432686942 3266.25415039062 3592.22210693359 3496.52835083008 3196.00693620954 3142.37267194475 3117.10468837193 3073.55658830915 3056.23828560965 3037.58369227818 3051.55724225725 3208.00491768973 3316.17779541016 3223.41616385324 3359.96357110206 3276.00373046875 3320.16679382324 3405.56367492676 3454.85466003418 3497.86758422852 3508.79725646973 3539.24096679688 3612.24028862847 3648.95578794126 3632.23272269113 3614.59719848633 3687.57478986468 3706.45402308873 3725.5350516183 3735.17221941267 3744.57333374023 3794.16687447684
3341.86602401733 3210.30526733398 3091.89432907104 3049.47227096558 3386.43769836426 3777.59893035889 3894.38241195679 3850.6623916626 3735.46266937256 3189.85039138794 2948.77305984497 3114.53303909302 3209.58630371094 3126.1399230957 3181.31350708008 3169.06084442139 3355.71308517456 3627.58689498901 3471.71505355835 3309.41502761841 3134.27588272095 3091.60419082642 3088.70371627808 3057.19325637817 3096.14590072632 3245.67216491699 3096.26133346558 3089.95528411865 3304.16728591919 3324.2751083374 3367.84373855591 3444.7177734375 3532.04179000854 3602.69667053223 3613.60977554321 3615.07498931885 3643.07872772217 3653.54862976074 3648.0683631897 3685.78817749023 3666.91796112061 3737.59560775757 3783.27325439453 3825.02208328247 3836.9821472168 3857.11502075195
3543.01416015625 3388.02626037598 3335.56727218628 3139.09240341187 3224.73487091064 3704.79862976074 3954.32022857666 3868.06006622314 3819.85810089111 3495.25244140625 3084.58740615845 3067.47550201416 3218.97936248779 3170.60430526733 3154.9638710022 3272.14315795898 3239.33885955811 3556.40068817139 3603.19003295898 3403.66104507446 3081.22452926636 2961.22147750854 3119.16191101074 3101.69648361206 3044.50848770142 3270.22060012817 3052.97449111938 3149.01388168335 3297.76133346558 3102.15203475952 3107.32411956787 3276.13565063477 3484.21913146973 3594.0110206604 3470.2783203125 3539.31592178345 3561.46290206909 3571.10478591919 3584.19045639038 3611.90536499023 3651.08280181885 3748.53740692139 3796.06181335449 3792.74872970581 3773.98625946045 3797.96583175659
3347.03134918213 3058.03828048706 3154.86006546021 3137.01317977905 3277.24032592773 3791.29286956787 3874.4460144043 3768.14052200317 3809.36795425415 3760.99589157104 3637.51405334473 3294.04884719849 3261.56513214111 3089.2272644043 3089.26903533936 3231.99493026733 3261.54912185669 3468.34014892578 3719.64551544189 3643.23799514771 3415.92442321777 3349.39842605591 3140.24142456055 3093.55458068848 3044.58846664429 3143.31806945801 3013.99589920044 3042.22598266602 3140.78720474243 3030.24353790283 3074.63161849976 3246.21152877808 3437.82002258301 3470.56740188599 3397.62606430054 3479.18692398071 3521.7066192627 3534.203125 3575.67929458618 3627.78153610229 3652.26065063477 3673.83096694946 3708.35108566284 3777.51678848267 3780.12453842163 3790.63621139526
3140.49208831787 3196.07078933716 3192.310131073 3161.67693710327 3588.97148513794 3486.80163955688 3376.66065597534 3591.39392471313 3562.00136947632 3762.08134078979 3793.64531326294 3635.81758499146 3106.9875793457 3075.34677886963 3088.27245330811 3079.02735519409 3174.23438262939 3250.08341598511 3543.99043273926 3854.2173614502 3667.02294921875 3426.70429611206 3353.30721664429 3133.69863128662 3144.46631622314 3163.1236038208 3180.46494293213 3116.39059829712 3105.26601028442 3178.2887878418 3218.01194000244 3181.97743225098 3401.78738021851 3430.49697113037 3352.35340499878 3454.98369598389 3498.38612747192 3528.42988586426 3541.2151222229 3577.34405136108 3633.37107849121 3648.82255554199 3698.07653808594 3721.53047561646 3785.57139205933 3837.79629135132
3139.89630889893 3349.91867828369 3359.45096969604 3343.5442237854 3627.52450180054 3286.44287109375 3229.63312911987 3244.10614395142 3497.17997360229 3618.47551727295 3731.91659927368 3757.34344100952 3338.31729507446 3254.1298789978 3144.02058792114 3167.28329086304 3144.6927947998 3227.31972122192 3186.58945846558 3526.23866271973 3869.53554916382 3641.52228164673 3469.63430786133 3385.08437347412 3082.32344055176 3048.24813842773 3163.90234375 3398.03692245483 3043.15041351318 2937.21064758301 3011.74922180176 3153.8521232605 3573.14276504517 3367.30076980591 3400.62043762207 3460.27598190308 3491.60397720337 3494.32665634155 3535.64208984375 3619.84383773804 3686.12921524048 3704.28243637085 3711.4958152771 3749.06701278687 3796.59189224243 3856.29109573364
3355.9202041626 3357.96906280518 3211.4712677002 3291.93368911743 3649.01317977905 3294.80213928223 3100.91346740723 3235.9638710022 3415.2233581543 3541.28931808472 3676.72334289551 3635.71447372437 3599.52508163452 3548.41485214233 3207.6247177124 3312.88914489746 3160.76504516602 3136.74803543091 3257.32783508301 3420.70350265503 3506.01610946655 3659.14646148682 3597.78016281128 3484.23290634155 3405.46564865112 3303.63455200195 3294.70547103882 3117.58555603027 2980.70428848267 3230.32126998901 3212.59470748901 3343.46464920044 3232.17383575439 3132.13945770264 3374.64023208618 3381.86544036865 3442.82051467896 3544.59726715088 3601.62587356567 3659.44971466064 3726.65165710449 3761.14012527466 3793.61823654175 3805.42296218872 3835.57685852051 3851.42530441284
3547.60956954956 3238.77599716187 3203.64356994629 3209.74336624146 3256.59091567993 3589.79511260986 3430.5654335022 3331.53007507324 3547.60153961182 3619.14539718628 3624.21729278564 3527.83493423462 3468.49725341797 3505.50957489014 3716.48436355591 3617.62334060669 3512.97898483276 3178.25701141357 3274.39846038818 3385.99795913696 3376.47197341919 3504.04349136353 3372.44568634033 3420.95918655396 3451.13800811768 3538.18603134155 3367.83347702026 3054.83758926392 3033.89464569092 3019.20759963989 3083.37284469604 3079.29579925537 3076.60675430298 3186.52530288696 3316.89120101929 3422.05351638794 3503.37421798706 3536.44532775879 3568.17560577393 3627.53983688354 3681.91463851929 3728.32653427124 3755.32949829102 3757.83758163452 3779.33349990845 3818.99795913696
3575.78290557861 3630.69276046753 3242.56299209595 3417.47771453857 3656.30772399902 3715.78670120239 3647.91973495483 3430.44608306885 3449.67929077148 3439.75176239014 3566.36075210571 3474.7650642395 3443.93095779419 3500.30439758301 3656.56876373291 3794.10810470581 3740.86339950562 3635.13623428345 3258.74727630615 3182.16906356812 3194.77547073364 3383.6816444397 3471.89786529541 3342.60555648804 3524.10877609253 3364.84043502808 3437.60187911987 3312.69462966919 3161.90098190308 3209.68895721436 3229.44511795044 3222.2412109375 3030.36103057861 3061.70663452148 3294.00458908081 3389.05480575562 3466.65936660767 3525.94871902466 3544.93397521973 3579.26034545898 3632.90977478027 3673.10604476929 3710.42657089233 3782.88171386719 3827.05596542358 3822.30545425415
3685.6608505249 3650.14035415649 3522.51993560791 3462.94580841064 3648.06200790405 3663.68379211426 3527.57384872437 3302.6037940979 3347.83709716797 3521.05683517456 3428.38591766357 3554.43020629883 3549.81192779541 3553.93594741821 3596.67245101929 3752.58358764648 3731.80820083618 3703.59677886963 3624.5933380127 3452.89024353027 3447.49190139771 3455.16766357422 3512.28211212158 3554.98533248901 3481.34373855591 3160.84363555908 3339.22214889526 3447.56640625 3404.33202362061 3224.97830581665 3019.44676589966 3191.01874160767 3071.56317901611 3187.18087387085 3134.13652801514 3436.45574951172 3500.77937698364 3521.83446121216 3526.45527648926 3553.80555725098 3595.19366073608 3693.44021224976 3769.2763710022 3831.8203125 3845.76083755493 3859.05664825439
3716.85820388794 3749.26757049561 3680.57051086426 3386.65295410156 3648.37638092041 3578.08047103882 3425.00205612183 3408.36386108398 3588.84951019287 3589.46473312378 3632.89092636108 3556.37169265747 3526.86699676514 3624.27559661865 3630.53038406372 3606.24482727051 3628.19542694092 3688.48556518555 3677.47576904297 3660.84140014648 3650.69999313354 3644.8674659729 3490.68253326416 3547.78535461426 3428.30420303345 3303.32929229736 3128.80908966064 3227.66856002808 3491.67549133301 3470.21192932129 3321.52090454102 3114.75017166138 3214.14021682739 3159.41756439209 3198.47969818115 3447.22560501099 3486.50556945801 3512.0908203125 3597.08053207397 3628.88974380493 3635.50527191162 3660.94024276733 3734.48498153687 3782.14238739014 3757.23250961304 3792.29423904419
3617.87871551514 3705.3304901123 3438.89639282227 3449.67862319946 3633.90556716919 3370.21112823486 3388.1120223999 3531.16523361206 3706.18973922729 3677.63680267334 3534.77811431885 3446.78582763672 3571.78155136108 3616.20264816284 3602.33027648926 3500.10633850098 3500.15713119507 3659.63340759277 3646.81239700317 3632.51406097412 3621.67335510254 3675.98260879517 3378.2668838501 3172.97782516479 3479.4200553894 3502.01981735229 3380.95731735229 3158.19229125977 3208.6318397522 3473.99158859253 3410.21642684937 3328.44903564453 3249.19862747192 3217.27117538452 3359.14807510376 3286.78642272949 3203.43964004517 3203.98887634277 3380.56991577148 3602.44637298584 3646.63563537598 3671.50771713257 3691.80175018311 3722.55876922607 3790.12567138672 3840.31552505493
3490.89764785767 3629.60538101196 3551.19052124023 3355.88419723511 3629.72080230713 3525.33340835571 3600.66640090942 3665.55009841919 3693.66320037842 3727.08729171753 3707.60800933838 3639.53779220581 3574.94744873047 3546.14988708496 3557.30992126465 3500.98348999023 3484.70174026489 3620.62762832642 3622.18892669678 3608.83874893188 3603.03438568115 3609.40585708618 3453.88712310791 3093.92626953125 3195.5915145874 3328.97948455811 3555.27570343018 3446.84394073486 3092.02928924561 3264.59140014648 3510.71455383301 3268.60868835449 3372.30292510986 3291.98573303223 3186.92353439331 3141.60849380493 3177.67919158936 3206.90292739868 3302.72774124146 3248.58322143555 3383.45613098145 3581.75829315186 3634.35611724854 3689.59765625 3764.21006011963 3827.96650314331
3271.72607040405 3307.04482650757 3485.11006546021 3123.53759765625 3456.5795173645 3612.28165054321 3412.4323387146 3394.91310119629 3576.66437530518 3724.04891967773 3732.32734680176 3676.09824752808 3605.95868301392 3565.51221847534 3586.13838195801 3574.05772781372 3507.38360977173 3570.86658096313 3614.64101028442 3572.54817962646 3562.94765472412 3532.34854125977 3521.05302047729 3407.06580352783 3160.95135879517 3025.72929763794 3197.68243026733 3510.88544082642 3286.00352096558 3087.77989578247 3330.90821456909 3248.96182250977 3112.22703933716 3191.44128036499 3280.77850341797 3127.70115661621 3121.04452133179 3180.19823455811 3137.88679504395 3112.06562423706 3262.67109680176 3546.73899459839 3593.88330078125 3641.92176437378 3682.39735031128 3726.89582443237
3015.71961975098 3237.17402648926 3224.5498046875 3419.15329742432 3478.33671569824 3449.50242233276 3433.63908004761 3649.91572570801 3427.07332611084 3580.58340835571 3744.70028686523 3703.82452011108 3656.80584716797 3652.82450866699 3578.1660118103 3614.65400695801 3603.02458190918 3724.91533660889 3559.07219696045 3560.67082977295 3553.38066864014 3527.59372711182 3518.81192016602 3520.68808746338 3473.79179382324 3041.70380020142 3135.21876907349 3354.25636672974 3532.41621398926 3089.82734680176 3126.86393356323 3325.96717834473 3258.64815139771 3301.67800140381 3280.56699752808 3332.47852706909 3230.74251937866 3151.91389083862 3126.74893569946 3111.81405639648 3260.66415405273 3265.08955383301 3356.29541015625 3571.50497817993 3625.53367996216 3654.9472694397
2864.1533241272 3188.79502868652 3382.09969711304 3492.18074417114 3274.99052810669 3538.02890014648 3581.60507583618 3651.38737487793 3570.33994674683 3349.37880706787 3536.81718826294 3660.81720733643 3585.42743682861 3600.6581993103 3563.6139755249 3496.77569198608 3606.80840301514 3615.35204315186 3507.42440032959 3401.16784286499 3527.65353775024 3522.76103210449 3505.02902984619 3464.48611831665 3510.78366851807 3250.20742034912 3003.6711807251 3135.47166442871 3329.40451431274 3475.3632850647 3151.7014503479 3167.55157089233 3179.32508850098 3169.44689559937 3242.02009963989 3404.0085105896 3306.23113632202 3376.15516662598 3190.30213546753 3113.64590454102 3122.07960510254 3123.43386077881 3112.05177688599 3376.28653335571 3540.24394226074 3640.28564071655
2917.71054840088 3020.03439331055 3229.37225723267 3386.92384338379 3421.51649856567 3406.4543800354 3389.56532287598 3394.98075485229 3500.25323867798 3614.27558898926 3348.69050598145 3415.50556945801 3550.57332229614 3557.10372161865 3505.03720092773 3495.0979347229 3566.9668006897 3437.33045578003 3349.45977020264 3402.63386535645 3463.94794082642 3491.84763336182 3461.84560012817 3430.45261764526 3369.02345275879 3460.39748382568 3057.49220275879 3143.57116699219 3322.86376953125 3264.15797805786 3421.62343215942 3384.07577514648 3277.19552612305 3127.20790100098 3143.45389938354 3091.86270904541 3200.86405181885 3184.85508346558 3290.44853210449 3244.661693573 3100.03593826294 3120.92088317871 3159.18154907227 3194.80430603027 3570.68965148926 3685.44102859497
3198.76931762695 2971.30779266357 3104.36651611328 3028.29395294189 3253.67990493774 3302.13180923462 3416.47004318237 3479.86394500732 3539.02119445801 3503.89374160767 3332.3268737793 3232.1923866272 3494.85185623169 3578.03942489624 3537.75291824341 3508.97089767456 3532.59199905396 3540.44491958618 3534.67022323608 3487.80095291138 3385.80136489868 3466.0647277832 3401.45859527588 3346.95974349976 3126.93975067139 3329.99275588989 3535.12530136108 3271.15683364868 3132.33669662476 3172.62100982666 3192.77881622314 3487.95361709595 3347.87724685669 3314.65235137939 3262.48369598389 3274.37940979004 3177.05987548828 3084.63740921021 3131.08974075317 3255.47716140747 3124.17087936401 3124.04198455811 3271.93752288818 3238.40000915527 3452.3010635376 3669.20040130615
3384.72919464111 3269.71737289429 3255.14157867432 3155.3984336853 3195.11298751831 3131.36492156982 3396.44005203247 3303.73388290405 3414.45801925659 3494.62850952148 3271.84189605713 3267.33311462402 3374.16376495361 3503.55851745605 3562.79335403442 3605.15392303467 3536.56785202026 3426.01240921021 3481.83808898926 3506.52851867676 3479.16570663452 3457.60193634033 3379.64287185669 3297.39031982422 3067.23566436768 3140.35986709595 3501.59641647339 3473.08387756348 3172.06787490845 3128.15292358398 3158.46455764771 3170.24424362183 3371.13193511963 3322.15391159058 3126.20165634155 3218.37795257568 3238.46377563477 3259.37705612183 3095.43259429932 3281.68653488159 3346.17863082886 3116.4580039978 3211.63957977295 3289.37529754639 3473.63105392456 3649.75204849243
3445.86865234375 3524.79112243652 3212.3271484375 3023.89451980591 3037.22537994385 2956.4645690918 3160.55185317993 3316.59451293945 3396.55996704102 3579.95693969727 3335.61190032959 3232.43720626831 3425.80360412598 3471.85010147095 3641.22311401367 3601.92317581177 3471.11766815186 3407.44111251831 3469.49559402466 3481.92200088501 3468.25048065186 3477.10889053345 3446.3957824707 3395.19842147827 3165.63533782959 3085.92907333374 3441.48818588257 3484.72587585449 3184.76789474487 3097.36220169067 3117.18320083618 3247.05918121338 3304.28221511841 3363.67606735229 3189.66887283325 3087.93935012817 3163.74912643433 3192.18994140625 3059.4951210022 3278.65957641602 3508.67724227905 3138.06941986084 3029.44795608521 3051.85029220581 3351.91025543213 3642.83435440063
3324.78907394409 3505.53574371338 3582.82830810547 3221.16921234131 2962.59494018555 2920.9355506897 2964.97435379028 3287.1526260376 3539.70839309692 3621.82470703125 3393.07918930054 3327.00912475586 3405.21604156494 3514.79918670654 3690.33448791504 3618.76857376099 3372.65968704224 3447.06270599365 3525.12265396118 3473.92823410034 3471.96464538574 3464.83066558838 3472.33611679077 3462.43183135986 3143.0078125 3091.61962890625 3461.24100494385 3509.30097579956 3117.42029190063 2996.7011756897 3157.4281463623 3282.28818511963 3137.67684936523 3479.35388946533 3300.50020217896 3122.93592834473 3210.58760070801 3118.72365188599 3154.20967102051 3283.16022872925 3527.42225646973 3276.16843032837 3049.50392532349 3103.18281173706 3457.37704086304 3611.49004364014
