Cases/SDM_Urocitellus_beldingi/westernUsClimate_modern/BIO01.asc
NCOLS 316 
NROWS 299 
XLLCORNER -124.820833001 
YLLCORNER 29.1625003333339 
CELLSIZE 0.0666666666645545 
NODATA_value -3.4e+38 
[rows 182 to 207 of 299, columns 232 to 289 of 316]
1195.46875 1221.921875 1238.96875 1265.859375 1277.890625 1260.375 1244.65625 1216.390625 1199.375 1173.03125 1147.171875 1122.625 1087.234375 1033.140625 1032.71875 1021.171875 1022.734375 1045.046875 1024.5 975.328125 993.28125 1013.171875 980.65625 935.90625 938.34375 930.25 907.6875 894.890625 896.65625 862.953125 839.484375 816.328125 765.75 733.984375 707.203125 706.015625 680.546875 623.78125 576.3125 523.21875 510.953125 520.375 409.21875 184.078125 173.171875 227.59375 306.859375 374.828125 429.75 496.703125 537.5625 575.046875 600.828125 616.71875 623.328125 627.875 640.96875 579.421875
1160.640625 1069.15625 974.5 1000.4375 1163.75 1239.453125 1241.765625 1234.140625 1221.6875 1201.96875 1182.90625 1146.9375 1119.75 1107.46875 1110.8125 1103.34375 1087.640625 1078.96875 1043.015625 1043.5625 1062.328125 1028.34375 986.578125 984.5 980.296875 971.25 964.109375 942.15625 911.75 870.71875 827.234375 773.671875 724.59375 698 686.953125 669.71875 641.1875 611.75 572.015625 576.015625 577.03125 572.28125 460.78125 241.921875 174.125 200.546875 257.890625 333.96875 375.625 387.6875 441.09375 563.53125 600.234375 624.25 645.515625 664.09375 657.5625 466.875
1142.75 999.65625 686.984375 799.78125 1087.671875 1199.328125 1213.625 1210.125 1201.671875 1210.421875 1193.53125 1178.65625 1154.359375 1147.671875 1140.84375 1118.859375 1117.25 1109.671875 1103.109375 1104.953125 1081.109375 1029.78125 1020.890625 1035.265625 1038.140625 1014.21875 973.015625 937.890625 918.3125 895.90625 844.796875 824.359375 742.890625 697.859375 674.59375 656.171875 627.109375 612.5 596.71875 586.546875 614.328125 612.46875 539.859375 340.234375 220.96875 233.25 246.4375 306.28125 354.359375 429.1875 500.171875 564.25 618.609375 628.890625 672.375 690.546875 661.4375 280.25
1133.40625 1024.796875 920.640625 1054.03125 1146.515625 1179.40625 1189.03125 1197.578125 1186.484375 1194.234375 1191.390625 1183.890625 1166.671875 1150.109375 1145.203125 1143.9375 1149.546875 1139.96875 1121.296875 1116.6875 1126.90625 1118.671875 1103.09375 1092.1875 997.296875 974.609375 950.796875 926.625 905.9375 878.59375 856.09375 803.71875 753.9375 726.671875 693.09375 661.671875 652.28125 667.359375 662.203125 636.34375 644.6875 650.984375 604.71875 504.8125 343.609375 281.046875 261.25 345.65625 397.03125 458.546875 539.09375 564.765625 632.75 636.1875 708.125 713.078125 685.96875 483.28125
1113.0625 1063.578125 1097.09375 1122.140625 1147.6875 1171.125 1168.90625 1174.546875 1174.84375 1182.390625 1184.21875 1161.328125 1157.28125 1143.234375 1132.453125 1126.28125 1098.703125 1099.5625 1126.90625 1135.25 1144.59375 1116.4375 1105.625 1046.3125 1048.46875 999.265625 960.921875 943.65625 917.875 883.515625 850.9375 801.609375 762.03125 751.328125 714.65625 681.4375 666.5625 677.875 693.359375 692.609375 684.359375 654.40625 600.921875 509.109375 406.4375 289.609375 377.3125 398.875 449.28125 501.4375 565.4375 612.65625 649.421875 696.625 766.109375 769.015625 583.890625 461.171875
1091 1023.203125 1101.1875 1118.921875 1122 1145.265625 1154.59375 1154.15625 1170.390625 1168.796875 1170.859375 1159.203125 1148.828125 1134.78125 1110.21875 1088.296875 1074.984375 1079.46875 1106.21875 1089.15625 1088.34375 1088.5 1032.140625 1006.8125 1017.4375 1008.4375 969.484375 959.9375 921.34375 893.46875 860.65625 811.6875 782.59375 771.296875 737.796875 701.140625 689.734375 695.265625 701.515625 718.671875 717.34375 697.953125 670.015625 599.625 451.046875 270.03125 405.328125 514.8125 529.359375 581.453125 606.96875 660.71875 703.6875 759.765625 820.109375 808.75 553.0625 326.34375
1074.828125 851.03125 811.875 996.171875 1065.0625 1020.359375 1110.9375 1141.8125 1150.921875 1160.765625 1163.34375 1165.953125 1148.671875 1131.984375 1102.078125 1065.6875 1050.546875 1063.953125 1078.53125 1067.84375 1032.53125 1021.34375 975.96875 995.390625 1010.578125 1000.546875 984.5625 953.765625 921.609375 896.40625 861.578125 840.40625 810.3125 782.53125 740.578125 681.8125 655.359375 740.390625 755.265625 749.515625 735.6875 710.03125 677.921875 616.296875 520.015625 408.953125 450 591.78125 655.828125 679 698.109375 701.6875 734.6875 796.796875 851.703125 829.625 764.234375 513.28125
1127.703125 1017.6875 738 661.765625 810.828125 815.625 1040.46875 1124.328125 1134.734375 1149.1875 1154.359375 1163.90625 1149.15625 1128.9375 1104.53125 1060.96875 1032.453125 1043.71875 1048.4375 1041.375 1027.140625 996.046875 984.46875 1003.6875 1001.640625 975.828125 969.8125 955.625 933.890625 903.5 888.015625 855.859375 812.84375 763.875 709.625 639.046875 638.25 721.140625 795.765625 806.71875 793.6875 756.546875 735.609375 687.875 624.375 542.734375 602.46875 678.921875 763.125 788.78125 802.703125 772.328125 777.984375 823.703125 853.828125 824.921875 802.25 630.4375
1080.28125 1041.625 866.71875 609.296875 760.640625 948.03125 1070.140625 1105.375 1124.65625 1144.171875 1154.65625 1165.453125 1152.078125 1129.09375 1101.828125 1076 1047.0625 1035.796875 1029.6875 1018 1012.859375 993.46875 978.578125 993.984375 983.375 954.390625 962.171875 944.796875 932.8125 909.84375 877.5625 857.71875 825.96875 789.234375 749.578125 687.484375 666.75 742.296875 793.765625 844.03125 884.421875 854.046875 816.5625 794.765625 752.359375 679.296875 788.421875 834.296875 873.125 914.203125 887.28125 824.84375 825.046875 852.4375 881.65625 870.265625 847.703125 693.71875
1027.796875 988.84375 869 709.84375 584.5 692.03125 986.078125 1102.34375 1123 1144.171875 1154.125 1161.953125 1157.4375 1128.578125 1100.265625 1083.359375 1069.203125 1046.75 1028.9375 1010.765625 1000.265625 991.53125 976.78125 973.71875 969.21875 925.96875 923.453125 938.640625 929.578125 911.3125 892.5625 882.1875 858.828125 843.15625 804.78125 744.328125 742.3125 778.515625 789.9375 839.78125 882.140625 915.734375 930.90625 931.0625 903.5625 891 920.71875 961.03125 967.015625 985.234375 955.28125 895.21875 874.265625 906.578125 897.671875 827.421875 787.921875 588.0625
981.09375 935.046875 914.796875 851.703125 730.4375 582.546875 838.609375 1091.078125 1118.265625 1140.34375 1144.578125 1154.6875 1148.390625 1131.3125 1104.6875 1087.5625 1071.421875 1053.15625 1036.046875 1014.9375 998.1875 990.53125 972 955.625 945.0625 919.609375 898.265625 931.109375 919.546875 903.390625 885.59375 865.296875 841.140625 835.09375 818.671875 757.59375 765.296875 752.9375 753.34375 800.78125 844.734375 920.234375 974.578125 1028.109375 1012.640625 1007.90625 1005.796875 1029.796875 1012.515625 1016.453125 994.046875 954.765625 929.78125 895.59375 664.453125 517.59375 697.203125 530.359375
916.8125 904.78125 873.03125 923.171875 780.890625 640.84375 669.65625 990.609375 1092.984375 1127.421875 1136.421875 1144.65625 1139.046875 1123.5625 1105.640625 1088.703125 1075.125 1061.484375 1040.4375 1021.875 1001.453125 991.90625 972.796875 952.6875 932.078125 921.171875 905.5 905.125 905.515625 888.015625 870.84375 859.15625 823.75 796.59375 773.125 763.4375 706.625 667.59375 701.375 782.734375 849.015625 910.15625 916.265625 978.75 1008.3125 1038.5 1060.875 1044.375 1024.859375 1021.046875 1015.3125 996.390625 977.453125 864.140625 771.28125 654.921875 577.96875 434.40625
985.65625 937.390625 928.03125 911.9375 807.21875 705.828125 529.71875 709.296875 935.890625 1095.4375 1125.171875 1134.609375 1126.859375 1115.3125 1098.71875 1084.859375 1070.71875 1061.875 1044 1027.390625 1005.859375 987.96875 973.546875 957.96875 940.46875 920.671875 904.6875 896.046875 886.734375 885.3125 871.640625 857.34375 828.578125 786.984375 757.265625 773.03125 687.390625 509.828125 548.71875 760.25 830.5625 787.921875 740.9375 848.203125 872 896.109375 1034.21875 1074.1875 1031.53125 1032.125 1022.515625 978.390625 895.921875 841.921875 712.90625 603.9375 460.40625 465.890625
993.703125 894.828125 888.71875 899.25 887.296875 831.484375 617.109375 528.765625 800.625 1066.296875 1119.765625 1127.640625 1120.140625 1103.40625 1084.484375 1071.359375 1056.546875 1047.203125 1035.03125 1024.84375 1004.671875 987.015625 974.4375 960.3125 943.65625 930.3125 908.109375 883.46875 880.9375 876.515625 870.421875 848.59375 808.28125 781.5 768.296875 774.484375 723.34375 530.203125 509.578125 633.140625 728.328125 626.734375 586.28125 621.75 608.90625 821.515625 957.640625 1060.109375 1060.71875 1039.3125 1013.78125 962.421875 854.125 689.8125 526.90625 371.515625 267.765625 288.1875
864.140625 844.9375 816.515625 827.375 893.765625 866.09375 721.96875 525.171875 687.40625 996.515625 1115.25 1117.25 1110.34375 1093.234375 1076.203125 1061.5625 1049.46875 1036.046875 1023.078125 1011.28125 993.828125 985.171875 979.375 966.5625 952.421875 931.640625 908.625 882.859375 867.71875 878.890625 893.078125 882.140625 854.53125 826.15625 817.0625 805.53125 754.3125 636.046875 493.421875 516.140625 573.9375 527.21875 469.265625 456.359375 517.421875 737.59375 967.796875 1037.421875 1078.328125 1069.203125 1053.109375 1020.1875 897.078125 688.453125 404.328125 183.78125 148.5625 164.328125
849.328125 765.125 756.28125 777.859375 881.578125 855.84375 790.078125 668.09375 667.140625 887.359375 1094.75 1104.265625 1093.71875 1079.59375 1064.734375 1047.484375 1036.65625 1024.03125 1009.625 1004.265625 992.078125 982.421875 976.90625 963.515625 936.46875 917.953125 900.3125 882.203125 877.21875 894.09375 922.875 932.984375 920.34375 865.59375 833.890625 847.1875 782.46875 667.46875 538.703125 549.8125 609.84375 564.21875 484.53125 522.296875 567.140625 842.296875 983 1040.171875 1097.28125 1078.34375 1072.765625 998.390625 768.59375 490.75 325.84375 187.15625 302.28125 232
827.9375 763.46875 765.734375 839.8125 887.390625 796.546875 785.15625 884.484375 975.484375 1076.78125 1090.390625 1082.4375 1061 1051.890625 1038.375 1024.890625 1006.015625 1004.875 1002.21875 991.796875 994.78125 982.75 966.609375 960.828125 934.0625 906.484375 877.765625 896.0625 906.375 930.203125 962.859375 997.796875 991.828125 918.078125 870.5625 870.90625 817.046875 665.96875 672.78125 702.53125 736.875 651.765625 553.515625 591 695.421875 912.390625 1001.515625 1063.171875 1090.78125 1071.1875 1080.625 988.75 711.984375 412.421875 297.78125 383.28125 403.734375 383.59375
896.15625 802.953125 754.90625 863.265625 894.484375 798.53125 863.15625 1006.75 1032.8125 1057.40625 1062.1875 1046.09375 1034.296875 1036.140625 1029.140625 1018.84375 997.03125 1000.578125 1004.546875 990.765625 986.109375 980.125 970.609375 955.921875 941.484375 929.15625 922.171875 919.015625 919.265625 932.546875 1002.71875 1050 1047.8125 991.3125 932.859375 939.921875 866 711.765625 819.625 819.828125 844.9375 722.84375 631.859375 783.6875 861.75 1004.359375 1039.890625 1074.328125 1068.78125 1041.140625 1048.96875 954.265625 688.859375 313.71875 426.15625 519.15625 411.859375 416.046875
894.53125 815.140625 742.46875 843.234375 904.578125 862.921875 857.234375 980.4375 1000.1875 1020.390625 1021.109375 1006.828125 1000.25 977.640625 958.765625 984.484375 1015.796875 1022.75 1029.703125 1003.328125 990.59375 979.828125 966.203125 957.75 948.59375 929.21875 937.640625 960.109375 987.890625 999.71875 1036.109375 1074.921875 1067.78125 1021.46875 995.59375 995.96875 950.234375 767.375 926.328125 1009.578125 921.265625 798.265625 786.6875 951.6875 1004.59375 1093.984375 1081.796875 1042.640625 1048.1875 1044.40625 993.3125 914.328125 687.28125 536.03125 568.203125 580.71875 425.5 500.578125
894.828125 837.859375 799.765625 902.28125 916.203125 906.21875 911.078125 949.03125 967.84375 968.015625 903.171875 877.75 878.15625 875.109375 851.875 867.734375 889.1875 935.453125 998.5625 999.46875 979.65625 967.578125 959.8125 944.8125 942.90625 947.78125 961.28125 981.0625 1010.421875 1044.140625 1074.40625 1097.375 1087.9375 1053.25 1051.234375 1053.125 1047.21875 902.4375 1025.265625 1119.65625 1016.0625 930.46875 980.296875 1066.84375 1173.65625 1223.40625 1091 1036 1048.34375 1054.234375 1025.484375 924.609375 712.0625 620.796875 676.734375 703 667.296875 619.390625
891.328125 848.6875 806.078125 900.390625 933.609375 938.8125 947.921875 950.3125 943.453125 903.578125 908.140625 943.9375 929.453125 908.015625 916 913.1875 851.453125 779.9375 845.828125 887.609375 899.953125 911.921875 927.03125 946.296875 949.5625 966.171875 982.296875 999.578125 1019.078125 984.59375 984.125 1000.5625 1113.875 1088.5 1074.21875 1118.921875 1143.484375 1084.46875 1129.8125 1178.234375 1064.46875 1041.546875 1086.25 1148.34375 1229.53125 1236.890625 1182.390625 1089.640625 1080.984375 1060.46875 1043.125 961.25 809.28125 777.828125 842.96875 836.390625 779.171875 797.953125
883.875 882.203125 852.046875 900.359375 961.78125 970.390625 967.5 960.390625 939.203125 937.75 953.328125 957.984375 933.265625 913.484375 869.671875 801.71875 812.40625 804.328125 868.40625 887.765625 857 816.453125 887.46875 892.859375 948.34375 982.15625 996.90625 998.375 954.140625 806.796875 772.625 859.734375 1096.546875 1142.984375 981.484375 1115.65625 1179.890625 1192.078125 1217.40625 1224.953125 1192.6875 1134.375 1143.921875 1217.5625 1245.28125 1228.71875 1204.75 1131.703125 1076.203125 1058.5625 1052.84375 1023.765625 966.0625 870.46875 885.859375 945.390625 887.296875 877.328125
922.484375 915.03125 912.453125 966.3125 962.421875 989.4375 979.75 958.46875 943.234375 932.765625 905.1875 926.484375 890.515625 915.953125 909.015625 857.65625 775.4375 771.71875 835.265625 895.53125 903.09375 851.6875 908.375 852.484375 866.171875 947.015625 970.609375 926.3125 793 728.078125 743.890625 874.578125 1077.75 1154.578125 1013 1133.28125 1156.65625 1162.625 1208.296875 1243.125 1262.359375 1189.25 1196.890625 1251.671875 1259.109375 1218.78125 1190.296875 1164.234375 1113.953125 1094.34375 1073.875 1060.359375 1016.28125 970.5 914.671875 929.828125 999.59375 996.375
965 978.046875 965.390625 910.6875 984.9375 988.75 956.328125 924.9375 920.484375 917.1875 848.6875 757.890625 727.109375 731.9375 767.78125 823.875 863.328125 874.546875 900.40625 931.3125 909.546875 903.421875 928.796875 955.484375 878.953125 884 869.171875 799.125 754.375 723.46875 781.171875 926.265625 1096.296875 1179.046875 1109.90625 1159.84375 1152.65625 1097.140625 1145.375 1184.703125 1261.921875 1273.59375 1277.296875 1285.953125 1274.890625 1223.28125 1162.046875 1114.53125 1113.4375 1114.328125 1099.140625 1076.625 1052.53125 1013.078125 960.6875 885.765625 903.8125 993.234375
1029.921875 1039.625 1044.046875 1006.546875 1001.53125 957.1875 956.34375 927.625 907.40625 892.90625 862.96875 807.46875 709.21875 637.828125 651.625 723.453125 773.453125 785.34375 789.984375 881.9375 954.390625 955.75 960.984375 956.171875 919.640625 884 785.390625 767.875 772.609375 784.171875 892.609375 1048.078125 1121.65625 1182.15625 1217.28125 1228.453125 1193.796875 1146.09375 1165.1875 1216.546875 1266.015625 1284.25 1285.59375 1277.90625 1202.171875 1196.59375 1130.234375 932.84375 1015.515625 1079.3125 1068.234375 1055.3125 1035.796875 986.640625 952.8125 936.15625 916.125 968.9375
1095.0625 1094.03125 1064.03125 1031.34375 989.390625 947.171875 953.40625 931.65625 905.40625 903.703125 916 920.84375 822.15625 689.421875 694.515625 730.59375 749.6875 726.734375 756.234375 843.125 973.875 1008.109375 1022.171875 969.546875 856.8125 720.875 545.484375 733.65625 833.3125 860.78125 956.109375 1038.671875 1109.78125 1160.875 1214.484375 1253.984375 1220.921875 1180.15625 1214.640625 1269 1284.078125 1262.28125 1233.34375 870.640625 995.53125 1124.53125 1107.390625 1010.703125 1046.8125 1045.75 1035.4375 1024.046875 1017.828125 986.84375 962.84375 973.78125 969.046875 958.046875
