Cases/SDM_Urocitellus_beldingi/westernUsClimate_modern/BIO02.asc
NCOLS 316 
NROWS 299 
XLLCORNER -124.820833001 
YLLCORNER 29.1625003333339 
CELLSIZE 0.0666666666645545 
NODATA_value -3.4e+38 
[rows 150 to 174 of 299, columns 228 to 284 of 316]
1408.96875 1470.28125 1558.6875 1627.78125 1675.28125 1705.015625 1672.90625 1636.140625 1539.1875 1422.625 1384.28125 1355.53125 1306.828125 1340.390625 1504.65625 1542.796875 1476.953125 1463.59375 1483.703125 1437.15625 1322.765625 1361.390625 1369.953125 1366.515625 1356.28125 1354.203125 1382.546875 1378.3125 1355.734375 1363.21875 1380.59375 1394.171875 1488.640625 1581.515625 1378.734375 1384.46875 1428.421875 1422.59375 1417.796875 1422.46875 1415.265625 1423.625 1439.125 1409.03125 1458.828125 1366.0625 1412.453125 1411.71875 1487.1875 1560.265625 1542.5 1335.9375 1380.734375 1533.25 1710.921875 1789.078125 1817.671875
1457.640625 1570.703125 1670.578125 1751.1875 1776.109375 1785.71875 1656.984375 1520.1875 1470.9375 1390.359375 1347.03125 1335.828125 1324.015625 1304.5625 1328.578125 1409.46875 1481.203125 1491.078125 1498.90625 1479.703125 1369.8125 1381.734375 1379.34375 1373.0625 1368.625 1380.640625 1388.734375 1403.21875 1357.03125 1358.46875 1359.921875 1406.078125 1352.734375 1460.578125 1497.78125 1408.921875 1393.703125 1432.609375 1439.5625 1443.359375 1404.4375 1399.703125 1394.546875 1454.1875 1502.9375 1399.265625 1365.0625 1387.234375 1408.125 1440.96875 1541.953125 1429.03125 1320.65625 1354.40625 1717.484375 1847.15625 1865.265625
1597.6875 1677.5625 1734.140625 1797.703125 1826.953125 1813.3125 1657.421875 1501.671875 1489.25 1353.515625 1290.328125 1285.09375 1303.09375 1359.40625 1342.15625 1359.484375 1395.796875 1517.578125 1540.578125 1549.140625 1429.71875 1418.5625 1392.984375 1453.75 1488.125 1464.640625 1456.6875 1425.9375 1409.859375 1403.171875 1423.71875 1478.46875 1469.921875 1501.03125 1598.828125 1473.859375 1496.234375 1389 1460.421875 1559.609375 1474.5625 1423.859375 1392.640625 1424.5625 1530.140625 1656.0625 1470.140625 1389.859375 1377.21875 1371.90625 1372.015625 1584.734375 1375.078125 1329.09375 1550.3125 1786.921875 1819.03125
1607.3125 1596.484375 1632.71875 1695.078125 1796.40625 1786.328125 1580.734375 1485.640625 1443.28125 1338.234375 1321.71875 1377.765625 1384.359375 1448.859375 1414 1388.40625 1373.171875 1426.15625 1570.3125 1549.0625 1443.375 1427.484375 1460.671875 1554.828125 1625.625 1567.84375 1479.796875 1459.625 1493.90625 1536.65625 1588.15625 1452.375 1375.46875 1372.5 1478.46875 1362.34375 1390.75 1375.421875 1338.71875 1572.15625 1665.109375 1417.296875 1418.25 1470.234375 1439.984375 1663.65625 1758.578125 1516.265625 1422.578125 1369.25 1383.40625 1615.5 1592.90625 1363.625 1401.546875 1511 1751.21875
1549.125 1593.0625 1478.03125 1488.78125 1690.59375 1697.296875 1625.328125 1521.65625 1466.703125 1389.859375 1362.359375 1402.28125 1414.96875 1421.15625 1373.5 1337.9375 1363.078125 1408.09375 1469.40625 1588.734375 1595.578125 1621.859375 1686.828125 1714.671875 1673.84375 1604.3125 1602.078125 1611.359375 1629.25 1627.546875 1480.4375 1416.359375 1409.203125 1417.875 1456.265625 1421.03125 1374.953125 1406.5 1467.234375 1366.53125 1473.484375 1540.390625 1404.25 1462.71875 1552.59375 1658.390625 1645.609375 1516.390625 1379.265625 1369.65625 1379.890625 1537.234375 1730.1875 1507.796875 1251.765625 1311.453125 1599.3125
1539.875 1577.953125 1465.671875 1545.640625 1603.625 1352.515625 1389.546875 1473.515625 1500.3125 1501.875 1484.140625 1420.25 1436.8125 1433.9375 1358.828125 1351.296875 1387.90625 1404.453125 1383.296875 1407.53125 1588.25 1661.1875 1756.984375 1757.1875 1697.921875 1643.046875 1518.359375 1510.28125 1573.359375 1594.6875 1524.46875 1468.28125 1456.21875 1405.28125 1395.46875 1346.171875 1366.421875 1331.0625 1641.71875 1560.484375 1377.078125 1717.125 1607.796875 1500.96875 1423.140625 1386.8125 1418.859375 1334.125 1286.84375 1326.984375 1359.109375 1436.96875 1677.546875 1718.53125 1305.21875 1368.21875 1591.390625
1568.765625 1529.4375 1495.703125 1497.71875 1397.140625 1337.046875 1342.609375 1337.921875 1357.921875 1507.40625 1442.484375 1424.484375 1407.046875 1481.4375 1413.90625 1415.09375 1418.578125 1409.3125 1407.859375 1403.59375 1443.40625 1584.546875 1650.875 1693.953125 1665.40625 1618.59375 1504.390625 1435.296875 1429.390625 1458.03125 1623.578125 1503.625 1423.1875 1427.59375 1470.125 1366.03125 1328.546875 1312.484375 1364.6875 1737.015625 1570.875 1673.125 1431.90625 1442.5 1339.71875 1347.703125 1334.578125 1318.78125 1278.703125 1282.921875 1304.9375 1366.03125 1527.203125 1696.515625 1368.53125 1331.578125 1468.515625
1600.6875 1592.34375 1408.734375 1342.40625 1328.6875 1279.84375 1343.28125 1410 1350.765625 1362.921875 1503.390625 1441.125 1417.390625 1460.4375 1506.625 1440.609375 1428.671875 1432.125 1416.828125 1345.796875 1380.09375 1500.828125 1571.171875 1625.1875 1616.328125 1596.125 1504.5 1484.375 1458.421875 1420.640625 1492.296875 1459.734375 1429.515625 1406.015625 1481.15625 1354.0625 1327.4375 1307.625 1404.65625 1718.0625 1868.53125 1667.515625 1411.296875 1392.203125 1433.96875 1479.890625 1509.109375 1390.828125 1282.546875 1301.53125 1326.5625 1353.796875 1558.8125 1744.609375 1439.78125 1357.484375 1395.375
1613.03125 1548.84375 1520.265625 1318.046875 1265.421875 1227.96875 1355.890625 1436.625 1403.1875 1504.984375 1530.71875 1530.9375 1512.234375 1452.96875 1489.140625 1511.703125 1475.375 1435.90625 1399.78125 1375.515625 1355.515625 1445.09375 1446.5625 1585.40625 1555.171875 1548.9375 1554.140625 1520.671875 1444.171875 1507.515625 1473.703125 1460.96875 1473.875 1420.328125 1572.6875 1528.671875 1470.984375 1514.984375 1765.515625 1893.515625 1900.65625 1873.46875 1791.40625 1745.265625 1766.453125 1487.359375 1542.359375 1445.40625 1393.671875 1331.8125 1350.75 1441.5625 1588.265625 1720.578125 1743.671875 1493.671875 1595.640625
1547.921875 1470.796875 1483.59375 1425.375 1274.859375 1223.984375 1358.328125 1403.65625 1401.3125 1454.171875 1516.65625 1646.890625 1620.234375 1518.984375 1424.921875 1465.421875 1509.359375 1513.09375 1497.0625 1462.6875 1422.46875 1429.5625 1399.953125 1528.578125 1571.921875 1546.25 1577.03125 1607.078125 1519 1481.40625 1599.921875 1583.859375 1529.46875 1576.546875 1732.8125 1764.328125 1751.25 1796.015625 1815.15625 1888.484375 1836.5625 1622.265625 1855.53125 1917.21875 1904.421875 1835.9375 1604.015625 1446.515625 1569.84375 1343.4375 1346.640625 1371.53125 1429.078125 1420.796875 1484.546875 1605.234375 1737.28125
1386.765625 1521.609375 1524.5625 1386.609375 1281.34375 1256.25 1287.765625 1346.375 1407.234375 1540 1583.234375 1554.296875 1616.25 1660.046875 1596.21875 1491.59375 1462.203125 1487.40625 1520.625 1533.953125 1517.453125 1470.828125 1464.109375 1464.484375 1510.671875 1584.171875 1635.484375 1628.609375 1475.15625 1456.796875 1478.890625 1767.625 1509.890625 1455.203125 1611.4375 1774.390625 1744.875 1703.828125 1762.65625 1713.0625 1534.015625 1492.625 1783.71875 1737.015625 1747.40625 1758.625 1755.546875 1631.3125 1675.0625 1385.515625 1336.9375 1348.609375 1385.875 1485.890625 1391.671875 1391.984375 1588.609375
1249.1875 1403.375 1487.296875 1483.8125 1439.28125 1355.546875 1313.78125 1335.984375 1388.546875 1498.515625 1740.859375 1826.578125 1506.171875 1575.953125 1661.671875 1618.734375 1518.96875 1476.234375 1487.65625 1497.96875 1569.09375 1561.015625 1517.890625 1505.734375 1512.90625 1520.734375 1622.109375 1699.5 1562.671875 1469.953125 1527.484375 1537.53125 1540.875 1456.09375 1413.015625 1588.984375 1792.796875 1648.203125 1523.484375 1437.359375 1380.765625 1367.125 1618.3125 1549.8125 1522.21875 1415.890625 1391.28125 1389.125 1409.4375 1396.5625 1329.484375 1333.46875 1335.859375 1484.921875 1697.9375 1470.359375 1411.109375
1229.09375 1375.640625 1564.390625 1551.140625 1465.359375 1422.765625 1538.015625 1438.265625 1361.921875 1460.453125 1580.15625 1446.671875 1628.625 1569.375 1599.359375 1613.28125 1589.875 1624.046875 1633.03125 1598.421875 1551.578125 1584.84375 1577.90625 1555.203125 1555.65625 1545.578125 1552.265625 1661.359375 1638.4375 1478.15625 1493.296875 1540.65625 1534.03125 1526.34375 1435.25 1755.03125 1676.4375 1916.921875 1746.59375 1415.640625 1344.046875 1407.921875 1736.359375 1713.171875 1543.859375 1398.46875 1424.28125 1414.65625 1388.71875 1463.421875 1361.4375 1389.234375 1411.15625 1436.421875 1708.921875 1749.625 1488.015625
1485.546875 1440.890625 1529.640625 1660.28125 1594.515625 1427.109375 1434.703125 1570.5625 1588.34375 1614.59375 1694.703125 1488.140625 1410.25 1431.328125 1545.5625 1607.25 1618.71875 1634.25 1631.6875 1638.359375 1595.421875 1583.453125 1614.109375 1638.359375 1644.53125 1510.109375 1563.25 1670.9375 1803.84375 1597.171875 1507.296875 1567.71875 1528.171875 1533.234375 1600.359375 1715.46875 1486.15625 1551.421875 1720.546875 1473.046875 1489.03125 1753.34375 1779.65625 1753.0625 1726.875 1423.78125 1592.78125 1710.46875 1523.28125 1712.640625 1521.609375 1448.34375 1447.96875 1498.015625 1601.75 1778.46875 1676.015625
1497.1875 1386.953125 1513.296875 1580.734375 1661.015625 1508.859375 1475 1474.546875 1473.796875 1399.375 1561.765625 1569.984375 1388.15625 1449.53125 1516.953125 1465.40625 1568.96875 1630.484375 1637.296875 1637.9375 1641.515625 1601.078125 1612.640625 1643.625 1670.09375 1626 1683.28125 1690.046875 1727.953125 1535.15625 1489.515625 1505.15625 1505.59375 1497.140625 1636.359375 1582.953125 1465.640625 1496.296875 1700.09375 1581.171875 1607.15625 1528.203125 1625.5625 1757.875 1592.953125 1553.015625 1803.09375 1823.84375 1780.015625 1743.359375 1725.046875 1707.3125 1598.28125 1676.484375 1784.875 1828.671875 1756.296875
1548.296875 1382.453125 1520.46875 1557.375 1517.8125 1515.296875 1376.703125 1378.859375 1508.4375 1460.734375 1641.171875 1639.609375 1663.78125 1589.109375 1597.515625 1629.1875 1657.1875 1577.359375 1566.953125 1572.828125 1583.671875 1600.265625 1599.65625 1612.09375 1646.359375 1571.015625 1601.875 1572.6875 1531.546875 1483.859375 1500.625 1481.515625 1482.65625 1507.234375 1652.328125 1583.4375 1501.765625 1609.28125 1719.859375 1566.046875 1439.671875 1451.3125 1484.296875 1514.21875 1537.6875 1751.46875 1791.65625 1599.84375 1566.78125 1559.65625 1660 1777.46875 1829.453125 1856.40625 1867.546875 1858 1846.046875
1395.734375 1393.453125 1444.828125 1349.515625 1378.671875 1419.28125 1506.3125 1497.578125 1404.765625 1428.859375 1447.40625 1625.71875 1723.609375 1723.015625 1601.390625 1556.9375 1612.96875 1584.390625 1583.171875 1621.046875 1613.75 1618.109375 1614.78125 1620.484375 1595.703125 1516.328125 1450.265625 1434.828125 1467.6875 1486.765625 1484.484375 1516.03125 1574.1875 1587.328125 1647.421875 1546.28125 1538.125 1514.84375 1511.125 1451.140625 1385.34375 1421.765625 1441.515625 1625.375 1671.328125 1532.328125 1522.65625 1499 1535.546875 1513.4375 1697.5625 1804.09375 1865.6875 1875.671875 1881.4375 1869.984375 1867.875
1235.890625 1212.546875 1178.234375 1354.984375 1462.15625 1509.5 1586.65625 1621.984375 1571.375 1470.90625 1387.71875 1375.4375 1466.078125 1619.515625 1700.078125 1651.546875 1527.640625 1557.90625 1555.125 1630.796875 1561.9375 1668.96875 1596 1603.921875 1645.3125 1665.125 1597.4375 1505.703125 1433.421875 1484.734375 1464.140625 1442.03125 1533.265625 1583.0625 1648.828125 1484.78125 1561.84375 1440.84375 1427.390625 1424.171875 1439.234375 1346.09375 1391.03125 1465.359375 1480.421875 1342.828125 1447.421875 1656.125 1686.140625 1687.015625 1798.46875 1848.890625 1876.828125 1883.359375 1890.078125 1892.453125 1887.859375
1152.765625 1135.984375 1129.609375 1322.125 1469.75 1492.046875 1551.46875 1627.171875 1702.28125 1678.09375 1479.625 1297.28125 1355.96875 1297.34375 1434.9375 1618.9375 1636.328125 1620.328125 1635.875 1622.046875 1426.96875 1547.625 1473.890625 1498.984375 1322.828125 1476.40625 1445.578125 1362.75 1494.78125 1487.71875 1537.65625 1442.875 1479.890625 1460.765625 1446.390625 1569.828125 1625.21875 1559.9375 1419.203125 1640.453125 1689.984375 1509.96875 1443.671875 1389.453125 1340.015625 1436.484375 1499.984375 1622.53125 1748.484375 1770.78125 1801.625 1860.109375 1881.5625 1886.40625 1893.125 1902.703125 1912.421875
1270.171875 1157.078125 1160.671875 1338.03125 1441.390625 1506.765625 1511.34375 1555.515625 1659.640625 1688.046875 1583.21875 1410.359375 1404.953125 1265.46875 1306.875 1432.25 1601.84375 1466.640625 1562.171875 1633 1602.6875 1513.9375 1638.875 1614.65625 1527.265625 1500.578125 1352.6875 1417.53125 1519.15625 1621.640625 1475.25 1474.234375 1481.609375 1547.96875 1555.65625 1664.015625 1732.078125 1851.421875 1514.90625 1782.234375 1719.609375 1853.84375 1650.84375 1473.578125 1340.234375 1646.875 1763.234375 1632.640625 1751.578125 1773.859375 1817.03125 1860.640625 1876.90625 1889.34375 1898.9375 1908.28125 1920.234375
1411.84375 1335.1875 1398.625 1410.453125 1452.75 1548.53125 1523.015625 1540.390625 1567.8125 1647.765625 1653.90625 1580.625 1483.734375 1490.953125 1393.828125 1393.21875 1463.375 1588.25 1567.375 1587.015625 1613.46875 1590.234375 1504.59375 1482.203125 1501.875 1420.734375 1397.859375 1382.390625 1475.09375 1552.140625 1447.0625 1486.96875 1537.8125 1581.125 1662.390625 1717.46875 1659.453125 1671.375 1864.75 1721.90625 1422.375 1739.375 1651.625 1746.890625 1654.328125 1632.46875 1830.953125 1783.3125 1766.9375 1755.15625 1811 1843.703125 1865.71875 1885.984375 1903.15625 1910.78125 1913.453125
1477.578125 1458.1875 1501.21875 1488.140625 1534.9375 1592.484375 1552.625 1558.265625 1535.5625 1556.59375 1618.875 1679.28125 1667.8125 1601.046875 1456.28125 1380.859375 1428.953125 1629.328125 1623.375 1568.234375 1556.53125 1409.015625 1376.015625 1636.03125 1516.6875 1649.5625 1467.140625 1594.65625 1345.3125 1452.265625 1336.9375 1490.671875 1465.171875 1422.40625 1495.296875 1452.140625 1430.984375 1465.0625 1701.421875 1633.375 1491.609375 1628.0625 1435.3125 1675.921875 1823.84375 1764 1788.25 1792.578125 1737.40625 1722.421875 1791.734375 1846.15625 1872.484375 1891.796875 1904.21875 1908.09375 1910.90625
1510.4375 1479.859375 1509.09375 1503.859375 1521.09375 1623.171875 1598.421875 1547.453125 1539.75 1508.203125 1518.359375 1560.421875 1609.625 1592.9375 1547.953125 1490.796875 1515.15625 1607.21875 1551.21875 1580.5625 1515.625 1522.265625 1648.40625 1599.453125 1602.859375 1687.03125 1413.71875 1682.53125 1386.3125 1281.390625 1248.25 1442.609375 1320.3125 1430.046875 1496.015625 1331.0625 1392.921875 1422.046875 1547.4375 1512.875 1473.015625 1404.921875 1508.0625 1675.859375 1602.171875 1371.90625 1467.1875 1708.828125 1657.140625 1721.46875 1773.09375 1870.46875 1894.65625 1903.796875 1908.90625 1913.90625 1915.125
1487.625 1507.859375 1536.984375 1528.21875 1543.796875 1671.015625 1684.859375 1591.390625 1582.75 1554.4375 1492.03125 1510.828125 1519.109375 1545.5 1599.578125 1603.390625 1649.28125 1621.578125 1613.828125 1547.03125 1492.34375 1433.0625 1413.296875 1311.578125 1588.859375 1688.859375 1444.21875 1635.0625 1274.8125 1223.3125 1197.828125 1403.609375 1326.40625 1419.984375 1348.34375 1720.171875 1600.625 1421.71875 1394.40625 1372.578125 1362.328125 1316.234375 1518.5 1467.1875 1513.1875 1378.390625 1550.078125 1455.9375 1445.890625 1663.890625 1750.65625 1833.375 1896.421875 1905.09375 1914.875 1924.453125 1923
1483.15625 1584.375 1585.390625 1589.546875 1596.875 1693.421875 1756.8125 1753.4375 1715.796875 1571.53125 1520.90625 1565.0625 1516.609375 1542.875 1669.015625 1674.640625 1639.046875 1621.03125 1623.421875 1588.5625 1565 1462.796875 1314.671875 1241.0625 1395.390625 1523.453125 1613.109375 1632.265625 1336.46875 1419.046875 1380.984375 1559.4375 1420.296875 1287.671875 1495.984375 1650.03125 1822.296875 1659.953125 1246.984375 1239.890625 1496.046875 1402.890625 1341.90625 1393.390625 1388.6875 1418.3125 1418.71875 1379.5625 1395.328125 1498.53125 1564.5 1788.234375 1885.265625 1908.4375 1919.609375 1929.015625 1932.609375
