Cases/SDM_Urocitellus_beldingi/westernUsClimate_modern/BIO07.asc
NCOLS 316 
NROWS 299 
XLLCORNER -124.820833001 
YLLCORNER 29.1625003333339 
CELLSIZE 0.0666666666645545 
NODATA_value -3.4e+38 
[rows 0 to 20 of 299, columns 184 to 229 of 316]
3824.32186017718 3824.84788295201 3796.80011858259 3742.22020176479 3709.32747541155 3800.48349870954 3895.74184744699 3919.93975394113 3950.95155988421 3968.30871146066 3977.97276524135 4025.76961408343 4064.76674979074 4067.69320242746 4016.8516671317 4045.03836495536 4091.70179966518 4099.68960135324 4029.25232805525 4033.0659702846 4023.03583635603 3977.71340506417 3990.39050728934 4001.5688432966 4022.65145874023 4061.48157174247 4116.69980294364 4234.46248517718 4246.28984723772 4293.50462123326 4372.95460728237 4411.03679547991 4467.07778494699 4520.14664132254 4548.74293736049 4555.6128452846 4542.87374441964 4536.65904889788 4533.72533307757 4552.17184884208 4579.87160818917 4593.73306710379 4602.61750139509 4595.80111258371 4591.92311314174 4586.97861153739
3842.21248626709 3804.90105438232 3754.99980545044 3773.86591720581 3845.15830993652 3921.99824142456 3970.72275161743 3997.10430908203 4021.52766036987 4029.66464233398 4067.13429641724 4125.02135467529 4057.89834594727 3989.22647476196 3834.66482925415 3844.05215072632 3928.0143737793 3987.99551773071 3960.06944656372 3968.32753753662 3881.0588760376 3877.7519493103 3935.2905960083 3949.00651550293 3971.91037368774 4047.76582717896 4109.92654418945 4187.01815795898 4299.7141418457 4347.09346008301 4383.27000427246 4463.4871673584 4528.67431640625 4591.95966339111 4614.34825134277 4611.32939147949 4604.6969833374 4587.53554534912 4592.99102020264 4602.19459533691 4606.36473846436 4619.32527160645 4631.64524078369 4627.10689544678 4624.32922363281 4624.76528167725
3779.06916427612 3790.8607711792 3775.65437698364 3806.07146835327 3868.83926010132 3869.27978515625 3883.92039108276 3902.6916885376 4000.55781936646 4108.50008392334 4120.42199707031 4119.20319366455 3970.95048522949 3867.99558639526 3731.97021102905 3708.64678192139 3831.43409729004 3856.05963897705 3848.50968551636 3827.20333480835 3721.08302688599 3691.47636795044 3844.14091491699 3971.46953201294 4072.99872589111 4195.49315643311 4235.78435516357 4237.37538146973 4265.16404724121 4314.96327972412 4333.40605926514 4408.40127563477 4500.67765808105 4564.9208984375 4591.23839569092 4590.80908966064 4571.04932403564 4556.86463165283 4570.78526306152 4581.26390075684 4573.16027069092 4570.88611602783 4590.31488800049 4602.30786895752 4596.04102325439 4594.27967071533
3808.5742225647 3840.72382354736 3809.44911956787 3800.76531219482 3804.19462203979 3791.72147369385 3784.9436378479 3822.28565597534 4023.8879776001 4110.22423934937 4120.8659286499 4072.34296798706 3937.67246627808 3963.01746749878 3944.78681182861 3916.89081192017 3878.38896560669 3691.61376571655 3711.71366119385 3727.22155761719 3605.85959625244 3574.58934402466 3664.93877410889 3874.89509963989 4042.99560165405 4163.16789245605 4257.06160736084 4308.52214813232 4332.66421508789 4341.44911956787 4359.4948348999 4400.77490997314 4472.28916931152 4509.31007385254 4535.86972808838 4542.89925384521 4537.0248336792 4540.23903656006 4520.47751617432 4481.54972076416 4540.62353515625 4561.00742340088 4559.89739227295 4561.20294952393 4572.05392456055 4568.84957885742
3850.86960983276 3861.22355270386 3854.85029220581 3819.8205871582 3794.24325561523 3806.6665687561 3868.82285690308 3869.63759613037 4077.38976287842 4157.31709289551 4116.60400390625 4076.03749084473 4064.40525436401 4059.88671112061 4089.88322067261 4102.54529571533 4040.50548934937 3928.17179107666 3871.44440460205 3805.70878219604 3790.48163604736 3767.81950759888 3845.49021148682 3887.4397315979 4087.20996856689 4209.22170257568 4271.46923828125 4311.32870483398 4361.33808898926 4404.61321258545 4437.69641113281 4443.00497436523 4457.85029602051 4480.00468444824 4489.65897369385 4498.48787689209 4499.87355041504 4497.18241882324 4502.19039916992 4490.2890625 4500.89323425293 4528.30506134033 4532.31734466553 4532.94708251953 4533.62557220459 4541.62618255615
3887.69430160522 3889.89707565308 3888.10419082642 3888.33827209473 3856.59415435791 3944.51680755615 4058.52139663696 4137.87156295776 4176.89080810547 4170.87692260742 4140.04823303223 4134.24842071533 4158.05764770508 4166.63661193848 4189.64909362793 4197.56476593018 4178.74313354492 4093.53729248047 4011.49871063232 3979.79326248169 3972.38985443115 3999.92762756348 4108.93388748169 4113.27989196777 4172.4003944397 4238.41815948486 4293.74968719482 4319.26552581787 4356.39005279541 4397.53468322754 4425.62548828125 4433.66746520996 4436.68120574951 4437.3928604126 4444.71016693115 4462.74013519287 4476.40070343018 4477.58683776855 4481.74689483643 4473.28231811523 4492.38388061523 4507.39316558838 4508.95420074463 4509.23659515381 4507.56452178955 4506.63401794434
3855.30549240112 3849.80840682983 3887.33847045898 3911.66689300537 3887.17693710327 3924.25183105469 4113.8229637146 4190.55617523193 4201.76363372803 4159.15900421143 4164.91500854492 4155.45463180542 4142.20868682861 4155.52832794189 4188.22049713135 4226.43154907227 4245.37842559814 4185.18600463867 4114.032787323 4113.96091842651 4114.30479431152 4107.56555557251 4216.67998504639 4245.08433532715 4185.90323638916 4255.67208099365 4291.08016967773 4321.34143066406 4345.20790100098 4376.22520446777 4402.68627929688 4409.99855041504 4407.84558868408 4395.7495803833 4413.28064727783 4439.76874542236 4445.68206787109 4454.06406402588 4472.68621063232 4479.86347198486 4473.11943054199 4470.5651473999 4469.06809234619 4463.8157119751 4471.97821044922 4481.57285308838
3841.38086700439 3853.26416015625 3878.93259811401 3911.85634613037 3862.15907287598 3925.24930953979 4104.43993759155 4144.95896148682 4198.364818573 4189.54560089111 4143.25293731689 4206.03602600098 4202.61943817139 4216.01412963867 4223.86934661865 4228.99110412598 4270.28210449219 4253.03414916992 4219.6960144043 4149.75673294067 4190.87208557129 4202.38605499268 4274.96454620361 4324.12796020508 4286.07106018066 4256.62146759033 4286.16116333008 4293.80906677246 4317.25330352783 4346.7837677002 4375.56396484375 4374.52647399902 4373.20764160156 4390.29444122314 4399.67218017578 4411.01183319092 4430.0387878418 4454.85222625732 4465.99315643311 4480.49385070801 4474.60548400879 4456.33518981934 4434.45024871826 4422.88594055176 4421.67970275879 4445.41403198242
3825.86327362061 3834.19746780396 3856.20222473145 3936.16689300537 3935.70412826538 3948.35448074341 3990.64316940308 4042.63380813599 4139.2191734314 4215.9359588623 4189.92181396484 4189.47441864014 4234.20343017578 4258.68865203857 4285.91784667969 4272.72618865967 4294.74812316895 4282.53651428223 4257.27310943604 4181.10741424561 4237.80702972412 4278.99035644531 4347.04792785645 4384.24941253662 4372.81163024902 4280.4123916626 4294.14354705811 4316.54235839844 4323.90563201904 4331.66235351562 4338.80011749268 4358.12548828125 4374.15409088135 4377.6441192627 4401.39321899414 4414.28994750977 4442.32577514648 4455.69570159912 4464.45656585693 4464.50332641602 4450.08780670166 4434.49295806885 4419.21974182129 4408.85285186768 4394.83681488037 4397.6668548584
3882.27333450317 3914.94326400757 3923.74911117554 3957.61433410645 4008.59061813354 4020.85448074341 4089.19704437256 4150.5306854248 4167.49723815918 4182.62086486816 4218.40742492676 4208.42859649658 4223.12043762207 4239.81315612793 4238.15438842773 4273.17419433594 4296.21727752686 4330.22253417969 4313.80038452148 4265.25102233887 4292.53957366943 4309.11183166504 4377.32521057129 4399.75789642334 4383.40231323242 4340.45545196533 4326.34023284912 4326.39065551758 4336.53404998779 4332.9369354248 4344.18771362305 4346.00479125977 4345.16404724121 4365.79788208008 4396.30310058594 4434.54862213135 4450.73232269287 4443.03104400635 4444.00184631348 4434.61668395996 4424.34799194336 4372.44989013672 4293.23943328857 4242.43798828125 4173.70733261108 4229.55038070679
3853.14796447754 3914.54453277588 3917.22596359253 3962.26306533813 3971.93994522095 3971.37287521362 3991.46298980713 4080.21991348267 4169.78478622437 4184.57762908936 4239.11421203613 4284.91407012939 4273.78740692139 4287.09483337402 4236.84001922607 4241.11209106445 4267.4564743042 4272.59317779541 4296.93641662598 4344.47471618652 4345.55265045166 4335.37696075439 4361.60670471191 4393.91946411133 4392.01149749756 4380.99797821045 4349.60272216797 4359.87897491455 4366.01927947998 4356.33884429932 4354.81670379639 4361.38115692139 4359.666847229 4376.41883850098 4400.03787994385 4416.99802398682 4443.03514862061 4454.28524780273 4444.89306640625 4420.12518310547 4337.91653442383 4195.63526916504 4107.14157867432 4061.06289672852 3927.51035308838 3998.33323287964
3887.38544082642 3940.43573379517 3940.95039749146 3914.36671066284 3899.9458770752 3923.12460327148 3944.34775543213 3970.03536987305 4043.55095672607 4024.33807754517 4093.42860794067 4222.03925323486 4160.51405334473 4127.35090255737 4196.60799789429 4226.80392456055 4272.5824432373 4290.36074066162 4328.70338439941 4335.38613128662 4356.99130249023 4345.95140075684 4331.16495513916 4346.21592712402 4367.85364532471 4391.26442718506 4386.12128448486 4385.36773681641 4391.16339874268 4400.9197845459 4394.03784942627 4384.19646453857 4401.01929473877 4423.28983306885 4433.13948822021 4444.74022674561 4460.85591888428 4469.36413574219 4435.77470397949 4291.70944595337 4163.91368103027 3972.94013977051 3801.48662185669 3863.96455764771 3740.66921234131 3829.41395568848
3868.76826095581 3878.41397857666 3877.08358764648 3855.39921188354 3868.46639633179 3889.41123580933 3933.4755897522 4010.04287338257 4047.04093170166 4083.20809936523 4155.14072418213 4177.00402069092 4105.01619338989 4083.61738967896 4108.50410842896 4101.39434432983 4144.40507888794 4188.31005096436 4258.58796691895 4329.00285339355 4335.28044891357 4331.71459197998 4370.05812072754 4380.48770904541 4382.88389587402 4393.11238098145 4383.90467071533 4397.47147369385 4412.59011077881 4411.07809448242 4402.33924102783 4412.01105499268 4426.99752044678 4462.50633239746 4481.62856292725 4483.79049682617 4470.59297943115 4475.47491455078 4410.2053604126 4204.59391784668 4018.51182937622 3915.9661026001 3805.11436080933 3729.15293121338 3646.63613891602 3702.90491104126
3774.77996444702 3816.00519180298 3838.53397369385 3878.46662139893 3879.26022720337 3859.73427963257 3896.15703964233 3987.02784347534 4078.0422744751 4116.37977218628 4118.89686584473 4131.87406158447 4158.52278900146 4142.48621368408 4179.33896636963 4202.65303039551 4209.87523651123 4232.4753036499 4287.41339874268 4284.9365234375 4260.66152191162 4282.94755554199 4305.95343780518 4338.51591491699 4315.24479675293 4323.57061004639 4321.51690673828 4284.79510498047 4376.00965118408 4389.91024780273 4379.71650695801 4400.97596740723 4411.20928192139 4412.66220855713 4428.77227020264 4432.32588195801 4453.59924316406 4494.69563293457 4321.8550567627 4073.39247512817 3765.3883895874 3709.64834594727 3541.68397140503 3396.07968139648 3305.1548500061 3536.87118148804
3704.7067527771 3784.75011062622 3813.58680725098 3803.04326248169 3792.30920028687 3853.20203018188 3929.15272140503 4002.95470809937 4023.22890472412 4023.53963851929 4023.08166122437 4087.42128372192 4155.44083023071 4200.71243286133 4218.63906860352 4219.91893768311 4228.18278503418 4240.82242584229 4232.90389251709 4237.42500305176 4160.70776748657 4189.08642959595 4240.33930206299 4286.2852935791 4252.93507385254 4256.27188873291 4226.30200958252 4267.10244750977 4343.63301086426 4312.69737243652 4356.21872711182 4364.57392120361 4345.82509613037 4338.8109588623 4371.24824523926 4453.4889755249 4501.88878631592 4446.65299987793 4236.95801544189 4053.67946624756 3788.3447227478 3555.63796234131 3484.85655593872 3416.77354431152 3484.07803726196 3447.87852096558
3713.58895492554 3768.07541275024 3768.06327819824 3786.56377792358 3802.97285842896 3836.32236480713 3865.99230194092 3905.56805038452 3931.53241729736 4027.54901504517 4099.23069381714 4140.14424133301 4167.78945922852 4197.36965179443 4194.24433898926 4191.1360168457 4213.94773864746 4190.23965454102 4202.01940155029 4148.19940185547 4092.29523086548 4202.37352752686 4198.46435546875 4161.19171142578 4173.64570617676 4142.62468719482 4165.97688674927 4270.17476654053 4320.0726776123 4279.27590942383 4323.55959320068 4333.52096557617 4369.22901153564 4406.56560516357 4445.31209564209 4473.88583374023 4487.59172058105 4350.31468200684 4234.37570953369 4063.71574401855 3889.04025268555 3809.96473693848 3784.77939987183 3709.76718902588 3678.38008880615 3611.75891113281
3757.37260437012 3842.09697341919 3852.30781936646 3863.85206985474 3889.20400238037 3909.77529907227 3925.63639068604 3940.94432830811 3973.95273590088 4020.29835510254 4050.00271987915 4105.42335128784 4135.88475036621 4129.92293167114 4148.50693511963 4167.14082336426 4194.59316253662 4170.40837097168 4153.29686355591 4166.94666290283 4172.48499679565 4152.66933822632 4101.42835235596 4113.08456420898 4190.25217437744 4214.32697296143 4198.96669006348 4276.95359039307 4369.3664855957 4364.59187316895 4374.85653686523 4355.35195159912 4411.38962554932 4459.7370223999 4450.69646453857 4430.17277526855 4477.24630737305 4352.44175720215 4195.89754104614 4124.58729171753 4118.51729202271 4080.22637176514 4015.55857849121 3950.36992645264 3914.54201507568 3851.42296981812
3721.8007850647 3797.66394424438 3803.62044143677 3821.34227371216 3850.97128295898 3884.36795806885 3928.21161651611 3937.82862472534 3952.21915054321 3994.31369400024 4055.26131439209 4080.59140014648 4116.06913757324 4128.05907440186 4148.6473274231 4181.15300750732 4205.82402801514 4204.66583251953 4213.72306060791 4217.21796417236 4242.32391357422 4243.50422668457 4224.0110168457 4221.56960296631 4255.41886138916 4261.56008911133 4267.1237411499 4302.95245361328 4332.24043273926 4380.06296539307 4437.47579956055 4442.94676208496 4414.79521179199 4383.90502929688 4330.02520751953 4308.24662017822 4302.72052764893 4432.18859100342 4373.37333679199 4295.27285766602 4228.02992248535 4156.82816696167 4101.03456878662 4105.22973251343 4113.568359375 4031.81700515747
3689.80058288574 3729.9189414978 3769.48066711426 3782.14817810059 3797.92840576172 3825.46974182129 3876.6298866272 3931.03485488892 3939.41945266724 3934.49999237061 3939.58058547974 3962.06972885132 3994.16622924805 4030.48603820801 4048.83711624146 4058.10088348389 4081.53670120239 4125.0680809021 4145.74240112305 4194.1662979126 4214.78234100342 4237.72650909424 4257.5182723999 4257.75456237793 4243.32012176514 4222.43468475342 4219.45827484131 4206.70929718018 4230.9554977417 4275.57430267334 4309.45841217041 4296.80187225342 4245.19355773926 4213.58171844482 4197.90423583984 4164.08583068848 4213.22302246094 4378.64130401611 4258.10927581787 4314.23069000244 4313.62638092041 4236.53946685791 4149.91654205322 4184.11477661133 4202.51993942261 4093.71464538574
3691.93463897705 3739.86581802368 3778.63368606567 3772.66446304321 3797.51784896851 3837.35166931152 3864.17440032959 3891.45643997192 3857.36203384399 3850.95712661743 3864.72303771973 3854.88896560669 3845.85009002686 3916.42019271851 3901.69327163696 3891.16446685791 3931.29786682129 3981.24275970459 4036.60850906372 4080.86115264893 4140.13534545898 4178.42686462402 4186.63771820068 4189.97525024414 4193.63204956055 4217.72040557861 4210.85099029541 4196.83800506592 4188.07829284668 4160.43981170654 4128.59050750732 4080.39736557007 4084.62810134888 4110.75370025635 4117.03673171997 4150.71611022949 4224.70197296143 4333.89666748047 4313.45770263672 4278.53182220459 4269.15993499756 4347.39630889893 4397.93281555176 4367.00145721436 4209.26505279541 4235.71765136719
3694.51815032959 3754.1149597168 3783.79842758179 3803.45897674561 3797.99215316772 3767.52353668213 3853.5666885376 3858.29396438599 3824.0544052124 3808.25782775879 3882.15410614014 3911.44591140747 3906.82207870483 3890.80097579956 3886.94629669189 3891.76153182983 3900.40479278564 3922.51309204102 3920.36561965942 3974.21300125122 4038.55233764648 4083.74129104614 4138.4140586853 4220.91102600098 4222.06170654297 4160.95897674561 4136.06102752686 4089.81407165527 4141.46974182129 4091.51760482788 4034.32677078247 4078.28018188477 4089.45272445679 4131.43243408203 4158.42999267578 4193.07816314697 4229.25940704346 4193.91015625 4182.98877716064 4276.82625961304 4339.83220672607 4251.26642227173 4357.14247894287 4471.22166442871 4457.25085449219 4303.10820770264
