Cases/SDM_Urocitellus_beldingi/westernUsClimate_modern/BIO06.asc
NCOLS 316 
NROWS 299 
XLLCORNER -124.820833001 
YLLCORNER 29.1625003333339 
CELLSIZE 0.0666666666645545 
NODATA_value -3.4e+38 
[rows 0 to 19 of 299, columns 45 to 89 of 316]
-271.580359050206 -282.2734375 -347.667299951826 -442.976453236171 -495.007477896554 -544.600337437221 -512.211827414376 -659.500112806048 -715.841403416225 -710.60926764352 -531.633594512939 -578.578010014125 -815.078352791922 -904.359933035714 -959.849772862026 -950.443857465472 -940.974879673549 -951.797430855887 -989.097101484026 -991.199777875628 -985.769863673619 -997.193296160017 -1044.54876817976 -1058.42109353202 -1112.30680629185 -1104.80636705671 -995.833142961775 -1001.78091866629 -1046.71507481166 -1116.46405792236 -948.869416373117 -694.557364327567 -937.005020141602 -940.288842337472 -646.114620753697 -670.711938585554 -1068.8602709089 -1079.12510790144 -992.45714024135 -964.983032226562 -963.509150913784 -934.012839181083 -871.650115966797 -898.728015354701 -929.903462001256
-365.017089128494 -441.62538933754 -491.661913633347 -481.103025436401 -587.52187538147 -599.247265815735 -530.193358421326 -709.8826212883 -893.998247146606 -720.73622751236 -598.432910919189 -511.943651676178 -826.665237426758 -916.253417015076 -997.864840507507 -970.719339370728 -964.477343559265 -961.412400245667 -990.496485710144 -1021.43720817566 -1008.71240520477 -1012.6507806778 -1034.52852153778 -1035.72226715088 -1093.70195102692 -1108.04687595367 -1043.38281154633 -1023.86532878876 -1074.41338253021 -1022.66836357117 -995.524707794189 -672.645902633667 -717.786518096924 -886.535452842712 -799.406833648682 -549.779983520508 -740.821876525879 -985.45371723175 -973.141214370728 -984.67734336853 -1004.56054782867 -982.603904724121 -934.704590797424 -918.930177688599 -885.657810211182
-411.207520484924 -470.806448221207 -473.631540060043 -527.448044776917 -577.150684356689 -579.346288204193 -562.261816978455 -790.982621192932 -751.606157779694 -636.626170158386 -584.94579744339 -521.27334356308 -727.854395866394 -840.776369094849 -940.426661491394 -955.317478179932 -987.118940353394 -985.187787055969 -996.834478378296 -1029.37411785126 -996.111619949341 -1029.59687328339 -1045.42519283295 -1063.02422809601 -1068.30497264862 -1079.05722332001 -1072.8832988739 -1059.63164424896 -1092.10947227478 -1080.72080612183 -1025.53144741058 -893.552152633667 -704.885845184326 -987.021682739258 -886.184083938599 -630.241598129272 -761.910737991333 -939.534377098083 -973.485938072205 -996.171871185303 -976.869430541992 -975.151271820068 -958.96298789978 -949.127633094788 -915.964456558228
-404.252243995667 -470.026658773422 -389.309570074081 -553.323441028595 -569.807614326477 -560.404978275299 -687.560548782349 -752.136333942413 -632.146287441254 -708.331347942352 -692.562203407288 -519.183103084564 -659.516891479492 -833.20839881897 -887.838081359863 -962.552734375 -978.069046974182 -1008.25506973267 -1022.83203029633 -1062.89110469818 -1058.88036632538 -1022.41348457336 -1064.53681182861 -1048.03662014008 -1041.87450790405 -1046.17802619934 -1049.69726276398 -1030.79843521118 -1091.74501991272 -1108.26045227051 -1061.43437576294 -977.097555160522 -814.29746055603 -955.426461219788 -887.845707893372 -731.054884910583 -772.445310592651 -1062.49637699127 -1010.40019512177 -989.780862808228 -1000.59990787506 -975.184764862061 -965.207518577576 -961.401462554932 -928.430372238159
-769.030567646027 -412.223925590515 -371.273241996765 -556.536911487579 -410.902342319489 -470.139845848083 -605.659959316254 -801.28700876236 -662.928417205811 -565.787399768829 -539.764552116394 -386.509764194489 -720.109673023224 -816.794726371765 -902.956742286682 -908.050295829773 -971.221481323242 -1031.62392711639 -1050.39961242676 -1093.82714748383 -1070.5367269516 -1017.81630897522 -1059.86357784271 -1074.3871088028 -1009.71758079529 -995.988375663757 -1021.90351104736 -1034.35684108734 -1111.453125 -1123.20977401733 -1072.17314434052 -1036.1498966217 -847.48779296875 -783.097845077515 -686.512790679932 -684.591598510742 -670.233884811401 -862.250584602356 -987.320317268372 -999.475679397583 -1069.93926334381 -1022.74452972412 -987.767481803894 -987.482811927795 -962.385745048523
-474.554689645767 -252.153512835503 -211.344727277756 -268.923339366913 -555.102051734924 -693.823537826538 -606.198535442352 -455.240723609924 -589.747165560722 -439.612012863159 -462.387404441833 -450.819727659225 -599.238767623901 -755.848438262939 -791.428027153015 -862.646869659424 -969.142864227295 -1020.92694664001 -1049.70536804199 -982.400193214417 -983.0916929245 -1056.19756031036 -1043.38545131683 -979.373341560364 -985.9541015625 -1004.95479488373 -992.527247428894 -1008.77549266815 -1129.77198028564 -1136.01758575439 -1049.23496723175 -1016.11142253876 -941.335742950439 -863.200291633606 -711.687500953674 -655.738964080811 -673.948926925659 -792.293070793152 -954.235935211182 -1046.04844093323 -1024.94609451294 -1016.91474246979 -998.934470176697 -993.431159973145 -982.513958930969
-259.052245944738 -223.763184070587 -293.886523008347 -511.862988471985 -658.076267719269 -389.854197382927 -463.141696929932 -374.95712717995 -256.40458830446 -596.478024244308 -699.199409723282 -563.744044065475 -707.84472990036 -818.228611946106 -802.784962654114 -945.211229324341 -954.689455032349 -912.525780677795 -873.27480506897 -862.841993331909 -904.003322601318 -964.053711891174 -912.038372993469 -974.913474082947 -926.8720703125 -951.821288108826 -944.17461681366 -1007.56415843964 -1104.14570522308 -1064.64560222626 -1028.29336261749 -943.353810310364 -920.474608421326 -771.662502288818 -721.296677589417 -661.82656288147 -772.229684829712 -831.050586700439 -913.199510574341 -941.037015914917 -969.081542015076 -1007.10869693756 -1007.25615882874 -1003.22363567352 -975.084469795227
-245.874806165695 -174.163868069649 -347.772948861122 -421.245800733566 -433.007418632507 -355.607715070248 -183.29140651226 -447.861623644829 -650.755369186401 -685.120116710663 -757.436327457428 -655.36728477478 -802.193162918091 -892.544338226318 -893.851172447205 -906.854490280151 -966.260643959045 -929.153806686401 -880.488768577576 -832.933009147644 -858.253416061401 -882.020897865295 -878.304879188538 -900.143459320068 -978.497069358826 -923.375980377197 -934.767770767212 -990.13925743103 -1029.55743026733 -1012.71503448486 -977.513277053833 -918.524221420288 -812.776759147644 -748.855467796326 -688.206152915955 -717.691892623901 -808.704297065735 -925.85293006897 -1018.740234375 -985.884380340576 -963.846093177795 -958.343362808228 -1008.11347198486 -989.748242378235 -962.397465705872
-80.6298827938735 -75.8480460755527 -213.527636513114 -415.240332841873 -312.0068359375 -151.129003584385 -254.413184046745 -392.535840392113 -412.275487184525 -679.500880241394 -922.90712928772 -847.576656341553 -882.740820884705 -905.852538108826 -900.136037826538 -925.047462463379 -943.703805923462 -948.489157676697 -977.53623008728 -952.586228370667 -918.329297065735 -832.863869667053 -873.812599182129 -927.475095748901 -946.387203216553 -854.403128623962 -920.691605567932 -974.590622901917 -1001.26835632324 -968.116019248962 -944.844633102417 -884.785543441772 -794.850781440735 -732.355960845947 -675.920210838318 -746.272947311401 -814.314254760742 -900.246584892273 -974.053709983826 -1019.92568397522 -976.824809074402 -974.615820884705 -933.803120613098 -932.998537063599 -922.397656440735
-338.459179222584 -197.664745390415 -157.93076223135 -82.5825196802616 -163.18574115634 -313.184374809265 -528.631541013718 -672.038961410522 -484.754102945328 -534.549610614777 -648.421873092651 -838.943940162659 -857.01083946228 -849.957130432129 -777.669823646545 -841.307134628296 -873.271284103394 -939.607714653015 -909.785158157349 -938.728513717651 -935.285449981689 -828.118260383606 -774.368549346924 -883.5791015625 -1011.40956783295 -901.173928260803 -886.902240753174 -908.545999526978 -942.934568405151 -957.204005241394 -915.812012672424 -894.24374961853 -755.573240280151 -707.632225990295 -680.809767723083 -694.601462364197 -867.529587745667 -949.763967514038 -977.421385765076 -1039.51465034485 -996.419239044189 -979.291408538818 -957.772657394409 -917.032814025879 -897.351850509644
-305.180664181709 -375.272853136063 -282.587401866913 -160.994139492512 -272.258202135563 -457.162302970886 -516.726167678833 -681.710446834564 -750.648046016693 -643.634862422943 -742.887112617493 -883.577638626099 -810.741991996765 -807.000974655151 -707.448143959045 -784.526271820068 -854.254590034485 -911.609082221985 -928.784371376038 -894.245896339417 -874.623045921326 -838.000003814697 -862.720508575439 -846.65029335022 -926.174514770508 -890.336129188538 -842.446482658386 -851.825974464417 -929.551661491394 -943.157520294189 -847.471187591553 -841.84316444397 -732.744428634644 -652.134961128235 -620.376757621765 -668.386227607727 -730.643842697144 -883.971581459045 -947.658685684204 -980.141209602356 -955.418845176697 -944.479002952576 -963.532523155212 -961.957906723022 -920.816402435303
-275.978027105331 -312.788573980331 -235.234081149101 -220.995409846306 -104.021191060543 -228.570801258087 -407.919044733047 -632.272850990295 -659.562891483307 -745.840238571167 -769.407031059265 -925.615332603455 -833.13388633728 -742.423338890076 -813.57275390625 -821.271877288818 -651.973725795746 -689.01426410675 -928.728224754333 -926.149512290955 -891.785448074341 -898.257908821106 -837.717378616333 -775.628227233887 -800.904392242432 -835.469631195068 -851.086427688599 -824.540233612061 -901.883304595947 -836.378613471985 -736.178809165955 -695.838770866394 -661.08456993103 -637.875978469849 -669.742873191833 -662.056351661682 -726.635350227356 -792.207224845886 -874.779300689697 -921.540327072144 -934.537984848022 -903.45010471344 -921.231448173523 -906.899703025818 -902.274418830872
-61.7158202584833 -131.512890219688 -121.095312356949 -170.510742306709 -265.633006453514 -431.013281106949 -349.497852802277 -425.513182401657 -565.10390663147 -580.895699501038 -748.570413589478 -799.947267532349 -843.648441314697 -808.932127952576 -910.298630714417 -946.759863853455 -943.716214179993 -711.248339653015 -780.676955223083 -905.308595657349 -997.732333183289 -950.85205078125 -913.360156059265 -798.962992668152 -776.29013633728 -788.953127861023 -778.713869094849 -798.597269058228 -842.7822265625 -772.102828025818 -707.241206169128 -679.606834411621 -634.967383384705 -645.971289634705 -695.757030487061 -706.874612808228 -653.356052398682 -707.071485519409 -750.031839370728 -851.763474464417 -897.861132621765 -882.474221229553 -776.468262672424 -799.859566688538 -873.693749427795
-179.364843785763 -344.811035037041 -374.112012386322 -320.077245950699 -307.132226467133 -395.007031202316 -490.203806400299 -553.722658157349 -671.919825077057 -700.608106136322 -704.274218559265 -733.311033248901 -820.15976524353 -915.95156288147 -922.349025726318 -899.46718788147 -866.620409011841 -782.502245903015 -707.560838699341 -767.465723991394 -864.050196647644 -930.304294586182 -919.578415870667 -821.828416824341 -758.723633766174 -786.984668731689 -743.700388908386 -754.266307830811 -773.201565742493 -749.137009620667 -679.806251525879 -679.550099372864 -646.566305160522 -652.591702461243 -696.090235710144 -711.265622138977 -662.788278579712 -643.610056877136 -718.277730941772 -719.430466651917 -754.152344703674 -762.931835174561 -707.879291534424 -770.378317832947 -793.726558685303
-111.420703366399 -265.455957233906 -376.263377428055 -395.764942884445 -418.722363471985 -394.163085460663 -452.976659059525 -566.118165493011 -633.353809356689 -721.212501525879 -985.218263626099 -824.127049446106 -833.164652824402 -887.696387290955 -859.536520957947 -937.128025054932 -865.293166160583 -937.033986091614 -870.144925117493 -727.487405776978 -810.109471321106 -915.639846801758 -909.356930732727 -868.058497428894 -753.443948745728 -727.724904060364 -763.52988243103 -776.212699890137 -703.024216651917 -689.917481422424 -691.565626144409 -674.79775428772 -633.615527153015 -659.234085083008 -679.640725135803 -660.070995330811 -651.423044204712 -622.399609565735 -636.891989707947 -620.386131286621 -659.32861328125 -648.618358612061 -669.693745613098 -715.036815643311 -772.669239997864
-207.796484947205 -208.588475108147 -252.800390005112 -369.827341794968 -412.638671875 -482.204102516174 -493.203713417053 -595.021094799042 -680.833106994629 -787.864458084106 -902.297557830811 -873.306637763977 -885.187599182129 -877.564452171326 -787.331936836243 -828.843167304993 -849.87343788147 -874.796385765076 -899.997267723083 -836.808103561401 -724.533493995667 -774.615822792053 -778.133790016174 -831.375584602356 -884.409763336182 -806.818653106689 -736.953904151917 -752.004298210144 -713.436915397644 -690.829787254333 -679.619429588318 -660.676760673523 -631.809670448303 -650.024415969849 -634.080079078674 -636.221778869629 -635.225192070007 -626.022073745728 -683.494530677795 -699.368747711182 -721.86972618103 -650.958109855652 -604.897361755371 -665.537404060364 -751.533687591553
-83.2575195804238 -152.864160448313 -273.316991090775 -318.325196027756 -464.951854705811 -494.70302772522 -582.322169303894 -620.632909297943 -670.639356613159 -762.352343559265 -796.513576507568 -776.532422065735 -713.320702552795 -756.589254379272 -780.153119087219 -752.003709793091 -806.917476654053 -826.890040397644 -816.122753143311 -857.123141288757 -840.690527915955 -832.040431022644 -750.459864616394 -712.935545921326 -718.651857376099 -793.01015663147 -833.480956077576 -756.555958747864 -679.571287155151 -660.130863189697 -713.764744758606 -687.481347084045 -636.560838699341 -643.743360519409 -667.68984413147 -693.962010383606 -702.313185691833 -704.109570503235 -725.240039825439 -753.110451698303 -726.585254669189 -656.098630905151 -564.003806114197 -619.054783821106 -685.783301830292
31.8203126937151 -63.3725584223866 -240.419042348862 -373.079298019409 -360.644141435623 -369.953417778015 -458.268261432648 -522.106834888458 -599.326955318451 -698.135254859924 -705.997652053833 -719.759761810303 -696.103912353516 -655.090527534485 -704.7509765625 -731.05087852478 -719.926658630371 -796.960450172424 -820.976658821106 -762.505663871765 -811.839841842651 -835.069727897644 -798.590428352356 -767.540428161621 -686.197560310364 -666.253318786621 -714.996874809265 -706.850292205811 -618.524217605591 -639.529786109924 -695.623826026917 -682.653709411621 -660.824707984924 -670.963966369629 -677.014063835144 -668.380954742432 -675.409668922424 -688.829199790955 -736.822756767273 -697.789548873901 -616.919532775879 -574.216603279114 -553.321680545807 -547.30859375 -555.959960460663
80.7080078423023 74.4453123807907 -18.8907226920128 -241.242382261902 -253.175390720367 -257.764355421066 -423.966015338898 -432.74717092514 -523.949513912201 -616.087303161621 -664.034956932068 -664.150489807129 -647.076075553894 -641.803905487061 -661.547758102417 -688.157422065735 -692.400681495667 -705.886714935303 -762.539552688599 -781.428323745728 -736.351362228394 -732.946091651917 -832.21103477478 -708.517579078674 -655.194629669189 -611.180468559265 -586.05283498764 -610.495899677277 -576.839550018311 -700.352052688599 -739.729686737061 -718.254398345947 -686.472360610962 -676.521872520447 -673.227731704712 -662.869532585144 -653.163479804993 -648.673052787781 -686.165720939636 -628.375389099121 -600.392576217651 -641.836915969849 -629.734666824341 -628.108492851257 -633.723437309265
-56.3564449846745 -221.575878798962 -160.931250885129 -186.247267015278 -131.074413776398 -335.091212213039 -402.777930736542 -358.447069644928 -427.908690929413 -547.198926448822 -645.302438735962 -671.409473419189 -673.325392723083 -664.148735046387 -669.227440834045 -666.543848991394 -668.998343467712 -657.638474464417 -713.053027153015 -764.39658164978 -681.907326698303 -679.739649772644 -680.682028770447 -673.074710845947 -633.99013710022 -603.513669967651 -603.530272483826 -559.344429969788 -675.603416919708 -742.663969039917 -743.473927497864 -683.554490089417 -658.469724655151 -656.034277915955 -671.7802734375 -668.942774772644 -653.527245521545 -682.460060119629 -706.142186164856 -645.709958076477 -720.866209030151 -686.886623382568 -667.987203598022 -664.718653678894 -675.158689498901
