Cases/SDM_Urocitellus_beldingi/westernUsClimate_modern/BIO09.asc
NCOLS 316 
NROWS 299 
XLLCORNER -124.820833001 
YLLCORNER 29.1625003333339 
CELLSIZE 0.0666666666645545 
NODATA_value -3.4e+38 
[rows 200 to 224 of 299, columns 174 to 231 of 316]
1543.15625 1440.890625 1438.078125 1426.28125 1391.765625 1402.53125 1450.328125 1489.25 1487.59375 1494.6875 1515.90625 1509.796875 1482.75 1429.25 1441.875 1407.6875 1376.75 1336.046875 1298.34375 1295.796875 1318.421875 1348.5625 1361.859375 1465.421875 1652.859375 1738.140625 1777.625 1862.21875 1907.046875 1895.921875 1860.96875 1809.328125 1719.296875 1670.890625 1682.78125 1650.890625 1618.625 1615 1609.546875 1591.203125 1589.09375 1581.6875 1554.53125 1522.34375 1480.1875 1473.34375 1467.609375 1457.203125 1452.28125 1454.84375 1436.46875 1436.921875 1431.671875 1399.1875 1365.140625 1361.5 1351.390625 1322.84375
1530.96875 1436.90625 1430.46875 1383.53125 1358.140625 1360.171875 1402.359375 1448.28125 1440.03125 1459.234375 1488.578125 1486.046875 1474.796875 1451.15625 1425.78125 1392.03125 1367.078125 1340.015625 1283.484375 1295.34375 1337.296875 1365.5625 1459.453125 1552.125 1624.828125 1695.90625 1754.703125 1801.15625 1907.28125 1908 1868.1875 1821.265625 1757.40625 1727.453125 1706.3125 1681.21875 1649.65625 1650.5 1646.0625 1628.21875 1616.1875 1598.734375 1576.125 1551.328125 1528.34375 1508.296875 1486.109375 1481.90625 1489.09375 1486.046875 1488.546875 1484.0625 1460.484375 1417.390625 1379.3125 1345.21875 1326.453125 1290.703125
1523.640625 1489.96875 1412.890625 1362.78125 1358.796875 1346.59375 1413.875 1415.046875 1392.34375 1428 1477.1875 1461.796875 1446.015625 1419.296875 1403.25 1371.125 1353.578125 1344.453125 1301.65625 1289.75 1315.171875 1372.6875 1442.53125 1454.125 1533.6875 1661.265625 1751.25 1830 1939.921875 1919.203125 1863.609375 1817.015625 1766.03125 1724.046875 1701.828125 1693.71875 1680.96875 1688.375 1673.546875 1660.515625 1645.1875 1623.609375 1603.703125 1570.734375 1549.578125 1522.015625 1516.8125 1506.421875 1496.859375 1485.25 1503.34375 1515.78125 1503.453125 1466.734375 1393.453125 1339.6875 1303.328125 1272.265625
1501.53125 1500.84375 1455.4375 1388.515625 1380.015625 1371.703125 1383.53125 1376.453125 1384.796875 1419.34375 1460.046875 1435.28125 1423 1404.609375 1405.796875 1360.53125 1340.71875 1310.09375 1248.984375 1225.46875 1211.796875 1224.125 1277.203125 1271.28125 1401.15625 1602.421875 1701.765625 1833.1875 1931.84375 1922.078125 1871.1875 1811.71875 1756.6875 1721.34375 1706.046875 1703.140625 1693.765625 1693.859375 1691.359375 1678.28125 1665.296875 1670.75 1619.1875 1502.34375 1510.234375 1503.25 1538.265625 1538.8125 1525.84375 1504.109375 1498.859375 1526.65625 1529.40625 1467.75 1377.4375 1308.3125 1310.359375 1251.90625
1454.25 1502.21875 1519.265625 1458.875 1411.53125 1407.625 1385.796875 1383 1381.40625 1418.71875 1432.3125 1455.875 1436.078125 1388.84375 1389.890625 1367.6875 1304.359375 1261.6875 1197.65625 1118.421875 1052.265625 1041.921875 1046.15625 1136.671875 1327 1429.65625 1581.703125 1701.515625 1762.03125 1872.90625 1848.71875 1793.75 1745.625 1715.5 1703.453125 1701.421875 1699.515625 1695.921875 1683.65625 1677.859375 1679.65625 1684.203125 1604.6875 1530.03125 1512.78125 1508.5625 1553.71875 1584.65625 1558.59375 1522.484375 1511.34375 1516.765625 1499.421875 1439.25 1373.3125 1335.46875 1339.3125 1302.328125
1448.90625 1450.765625 1495.71875 1518.640625 1451.75 1452.359375 1400.234375 1404.8125 1397.234375 1458.546875 1506.359375 1476.359375 1446.15625 1369.453125 1374.265625 1332.640625 1262.140625 1191.453125 1127.21875 1071.46875 884.75 918.640625 920.6875 947.40625 1119.9375 1161.546875 1343.8125 1545.328125 1653.015625 1765.125 1797.78125 1767.265625 1730.328125 1700.25 1695.3125 1701.90625 1704.125 1705.515625 1694.078125 1676.5 1674.3125 1668.765625 1595.828125 1573.015625 1564.625 1568.21875 1595.90625 1615.140625 1584.203125 1548.03125 1527.15625 1507.453125 1499.578125 1468.546875 1435.625 1410.328125 1372.375 1358.234375
1468.640625 1436.90625 1446.5625 1499.5 1505.703125 1501.875 1439 1418.71875 1437.796875 1521.15625 1562.078125 1473.078125 1404.234375 1347 1333.734375 1303.90625 1277.046875 1185.71875 1023.1875 1041.640625 961.1875 894.578125 774.578125 684.640625 1015.703125 1215.765625 1183.09375 1384.828125 1542.140625 1586.640625 1678.96875 1732.828125 1705.109375 1684.453125 1682.421875 1700.046875 1706.640625 1711.515625 1716.21875 1684.9375 1658.921875 1650.296875 1613.875 1573.296875 1582.734375 1608.046875 1613.328125 1616.328125 1592.234375 1566.3125 1547.734375 1529.609375 1509.015625 1493.8125 1469.921875 1440.09375 1413.390625 1395.765625
1482.375 1449.09375 1440.171875 1522.6875 1518.8125 1507.640625 1479.390625 1470.9375 1509.9375 1582.96875 1568.953125 1533.8125 1454.171875 1332.328125 1240.234375 1257.296875 1225.46875 1208.59375 1158.234375 1087.671875 1020.546875 946.546875 968.25 980.46875 1043.328125 1300.75 1335.515625 1395.8125 1500.109375 1556.203125 1634.46875 1680.5 1702.640625 1673.71875 1681.96875 1705.125 1710.140625 1710.421875 1711.140625 1692.90625 1677.59375 1659.625 1617.046875 1554.515625 1610.609375 1632.28125 1627.453125 1606.859375 1596.140625 1585.3125 1566.796875 1547.625 1522.765625 1499.15625 1483.296875 1464.15625 1456.671875 1448.140625
1495.546875 1441.296875 1435.28125 1466.875 1543.53125 1543.96875 1574.078125 1541.84375 1551.0625 1603.484375 1604.734375 1578.9375 1510 1347.46875 1242.921875 1145.390625 1189.609375 1220.625 1217.1875 1156.3125 1059.875 986.171875 981.6875 1112.9375 1194.984375 1269.859375 1352.765625 1395.453125 1463.015625 1515.21875 1584.0625 1633.546875 1687.453125 1682.359375 1682.703125 1705.328125 1720.15625 1729.875 1725.90625 1703.21875 1682.78125 1664.46875 1646.625 1614.125 1648.859375 1647.1875 1628.703125 1620.15625 1614 1598.703125 1579.75 1565.3125 1536.34375 1509.609375 1496.609375 1484.953125 1479.21875 1472.296875
1531.265625 1482.390625 1407.796875 1427.109375 1475.78125 1489.03125 1576.609375 1608.515625 1557.03125 1541.609375 1558.5 1588.046875 1559.65625 1433.515625 1324.0625 1236.609375 1208.09375 1241.671875 1257.0625 1198.375 1108.953125 1034.5625 1044.53125 1114.421875 1157.9375 1161.296875 1252.046875 1343.171875 1413.796875 1478.625 1519.8125 1569.328125 1620.71875 1679.90625 1688.625 1699.828125 1723.609375 1739.765625 1742.140625 1714.828125 1688.59375 1671 1670.515625 1674.03125 1656.5625 1644.5 1639.75 1639.625 1621.140625 1609.890625 1606.46875 1589.96875 1571.109375 1537.125 1512.140625 1501.859375 1486.046875 1462.78125
1511.140625 1489.9375 1411.578125 1407.796875 1421.171875 1467.453125 1540.484375 1617.453125 1624.328125 1551.78125 1524.4375 1590.90625 1628.625 1574.59375 1471.78125 1379.5625 1324.1875 1331.078125 1390.015625 1280.34375 1176.796875 1141.734375 1185.28125 1117.890625 1111.265625 1125.65625 1135.453125 1226.84375 1342.484375 1409.71875 1469.5 1526.734375 1573.765625 1627.171875 1674.25 1691.65625 1722.375 1737.453125 1737.90625 1705.390625 1696.078125 1689.859375 1689.375 1670.71875 1647.359375 1645.09375 1664.109375 1644.484375 1628.3125 1627.984375 1625.875 1618.359375 1581.90625 1553.5 1522.65625 1499.421875 1476.109375 1460.8125
1483.421875 1461.21875 1429.953125 1396.171875 1432.859375 1453.03125 1491.59375 1577.953125 1643.453125 1646.578125 1592.53125 1604.0625 1688.703125 1706.21875 1646.359375 1599.421875 1486.875 1496.78125 1605.078125 1363.828125 1272.140625 1290.046875 1285.5625 1060.4375 1015.203125 1034.390625 1100.75 1088.875 1163.28125 1327.265625 1407.6875 1493.3125 1540.984375 1568.921875 1628.375 1668.703125 1688.09375 1710.125 1729.25 1719.609375 1701.21875 1703.921875 1698.28125 1685.359375 1674.796875 1676.53125 1666.3125 1649.4375 1652.28125 1654.234375 1638.671875 1621 1593.09375 1555.75 1530.75 1479.140625 1418.953125 1413.5
1521.125 1514.359375 1475.1875 1406.390625 1399.15625 1430.640625 1473.40625 1560.921875 1626.203125 1681.484375 1698.640625 1680.953125 1708.625 1767.890625 1800.453125 1777.234375 1762.125 1760.953125 1639.21875 1664.75 1597.796875 1611.859375 1395.640625 1146.234375 1028.65625 987.296875 1096.03125 1082.359375 1116.046875 1263.0625 1381.625 1448.65625 1492.9375 1504.734375 1568.203125 1621.71875 1641.671875 1659.6875 1682.15625 1694.59375 1705.25 1708.703125 1709.5625 1708.640625 1693.3125 1679.484375 1670.453125 1681.234375 1671.3125 1659.546875 1648.015625 1628.296875 1595.9375 1562.0625 1525.359375 1482 1425.359375 1413.671875
1636.65625 1659.328125 1542.375 1442.125 1418.265625 1440.171875 1488.5625 1569.484375 1645.53125 1644.78125 1680.828125 1721.6875 1714.390625 1750.96875 1775.765625 1834.796875 1881.03125 1907.5625 1842.125 1870.296875 1859.46875 1855.46875 1573.078125 1276.578125 1137.453125 1038.390625 1040.015625 1040.75 1106.03125 1195.375 1316.078125 1403 1432.84375 1428.03125 1461.71875 1542.6875 1591.484375 1611.1875 1627.40625 1650.5625 1666.796875 1669.640625 1675.515625 1674.140625 1674.90625 1669.234375 1666.75 1672.25 1658.6875 1655.796875 1637.0625 1622.359375 1593.625 1567.46875 1539.5625 1502.015625 1461.90625 1460.515625
1825.515625 1712.34375 1564.921875 1509.15625 1504.40625 1527.34375 1548.609375 1598.265625 1658.859375 1618.078125 1609.671875 1689.453125 1670.828125 1636.515625 1629.828125 1699.6875 1861.890625 2028.765625 1969.734375 1990.28125 1899.046875 1879.203125 1710.171875 1477.453125 1238.671875 1071.90625 1000.53125 967.203125 1132.484375 1195.4375 1241.8125 1327.328125 1371.640625 1416.671875 1408.078125 1474.625 1529.28125 1553.625 1576.625 1587.453125 1600.53125 1586.3125 1604.96875 1613.25 1621.03125 1620.765625 1639.5625 1677.46875 1670.65625 1667.875 1657.09375 1628.953125 1609.875 1581.890625 1554.390625 1523.734375 1501.03125 1511.25
1837.71875 1732.453125 1612.21875 1630.75 1709 1668.640625 1602.421875 1589.71875 1637.328125 1606.09375 1605.859375 1643.390625 1662.453125 1652.8125 1587.40625 1392.09375 1594.46875 1986.65625 2050.96875 2031.40625 1945.796875 1933.921875 1748.96875 1548.125 1334.875 1184.03125 1077.796875 1049.6875 1132.75 1182.140625 1220.53125 1262.9375 1304.40625 1353.34375 1379.921875 1416.140625 1459.25 1483.296875 1505.5 1525.515625 1517.46875 1512.09375 1531.5 1542.234375 1557.875 1580.765625 1616.640625 1655.109375 1670.3125 1673.125 1667.953125 1638.875 1596.21875 1594.984375 1570.328125 1541.671875 1537.265625 1544.375
1933.421875 1800.140625 1723.53125 1785.6875 1866.0625 1789.96875 1688.953125 1604.953125 1575.640625 1517.40625 1570.203125 1624.359375 1648.546875 1655.890625 1598.53125 1453.859375 1341.859375 1811.390625 1999.875 2023.65625 2010.125 2022.171875 1935.4375 1651.890625 1432.5625 1263.078125 1158.953125 1148.203125 1162.4375 1169.59375 1186.09375 1200.796875 1242.140625 1301.34375 1317.84375 1346.59375 1390.078125 1411.8125 1436.65625 1472.8125 1481.3125 1475.078125 1483.53125 1485.0625 1510.90625 1533.6875 1574.046875 1615.15625 1620.671875 1632.1875 1644.5 1628.53125 1617.359375 1617.0625 1590.59375 1591.96875 1589.78125 1589.265625
1982.171875 1934.375 1931.65625 1955.515625 1923.578125 1832.65625 1707.1875 1624.046875 1588 1502.375 1502.375 1558.6875 1567.859375 1619.390625 1664.546875 1569.671875 1520.234375 1573.640625 1850.375 1990.78125 2007.390625 1987.078125 1898.015625 1576.953125 1467.78125 1358.234375 1202.09375 1192.40625 1175.609375 1141.90625 1149.65625 1187 1228.625 1265.84375 1281.125 1300.015625 1329.015625 1346.703125 1368.28125 1411.59375 1441.796875 1472.671875 1488.21875 1485.609375 1498.203125 1502.796875 1536.453125 1564.578125 1561.359375 1582.84375 1595.515625 1612.078125 1615.9375 1616.96875 1626.171875 1611.765625 1634.171875 1628.1875
2039.421875 2076.765625 2071.6875 2002.46875 1904.109375 1816.8125 1744.8125 1667.125 1630.375 1488.765625 1434.53125 1452.453125 1483.640625 1547.734375 1692.640625 1667.578125 1714.75 1719.734375 1711.375 1812.046875 2009.9375 2038.328125 1915.9375 1674.640625 1520.40625 1407.6875 1285.140625 1215.46875 1173.203125 1164.421875 1169.921875 1174.109375 1192.6875 1237.390625 1261.40625 1273.640625 1276.796875 1282.296875 1300.34375 1340.671875 1376.34375 1421.953125 1460.8125 1464.6875 1479.703125 1490.234375 1517.53125 1528.328125 1519.21875 1532.359375 1544.375 1565.25 1581.8125 1576.21875 1572 1522.390625 1608.875 1628.71875
2140.140625 2132.78125 2104.484375 2007.609375 1858.34375 1773.65625 1743.46875 1709.703125 1676 1603.1875 1477.546875 1368.6875 1349 1516.015625 1701.109375 1745.78125 1817.21875 1835.203125 1754.421875 1642.3125 1824.671875 2050.59375 1881.625 1616.953125 1536.625 1504.453125 1360.109375 1302.78125 1260.203125 1237.375 1205.140625 1181.0625 1166.1875 1188.5 1208.5625 1235.265625 1248.9375 1241.109375 1262.5 1299.328125 1326.75 1366.5 1405.625 1438.328125 1466.8125 1494.65625 1516.203125 1526.28125 1494.890625 1481.90625 1442.6875 1489.859375 1481.90625 1483.3125 1463.578125 1494.765625 1555.578125 1581.28125
2248.53125 2196.34375 2096.046875 1964.671875 1879.171875 1825.265625 1773.140625 1776.09375 1732.125 1731.671875 1662.828125 1438.875 1408.46875 1530.125 1724.046875 1809.875 1886.46875 1892.171875 1834.515625 1714.484375 1695.8125 1953.765625 1884.0625 1819.171875 1637.890625 1489.484375 1454.5 1417.125 1393.21875 1353.578125 1282.703125 1252.765625 1223.21875 1191.078125 1189.609375 1233.96875 1234.421875 1224.765625 1239.984375 1264.78125 1294.5 1316.671875 1348.421875 1386.171875 1407.796875 1439.875 1495.515625 1509.6875 1488.546875 1451.03125 1406.859375 1369.9375 1384.828125 1399.578125 1419.765625 1447.796875 1473.921875 1506.953125
2227.90625 2213.03125 2123.578125 1980.53125 1923.828125 1858.375 1743.875 1794.765625 1778.859375 1811.875 1804.296875 1713.515625 1588.328125 1696.703125 1827.734375 1859.75 1904.6875 1930.375 1840.828125 1742.375 1664.78125 1689.140625 2018.953125 1929.140625 1609.140625 1579.078125 1598.734375 1581.828125 1565.21875 1503.015625 1431.96875 1422.671875 1384.328125 1309.15625 1244.921875 1265.546875 1274.734375 1261.921875 1247.84375 1265.875 1277.515625 1292.546875 1308.875 1331.65625 1340.53125 1382.859375 1446.953125 1453.015625 1456.59375 1431.984375 1397.4375 1333.65625 1364.109375 1361.375 1319.203125 1354.90625 1412.5625 1452.90625
2228.71875 2186.8125 2104 2037.734375 1999.0625 1945.21875 1784.171875 1809.234375 1749.578125 1871.8125 1893.390625 1807.40625 1579.59375 1626.8125 1929.921875 2045.375 2018.15625 1979.078125 1870.1875 1719.3125 1704.015625 1801.328125 1943.140625 1996.859375 1868.1875 1828.421875 1834.515625 1688.796875 1647.734375 1694.53125 1590.859375 1536.859375 1524.875 1425.03125 1369.078125 1327.5 1330.84375 1331.90625 1332.34375 1333.421875 1335.125 1335.015625 1324.9375 1324.9375 1322.859375 1334.71875 1397 1437.15625 1429.28125 1378.09375 1329.625 1289.1875 1274.734375 1277.984375 1170.5625 1252.4375 1326.125 1401.015625
2237.90625 2176.75 2131.140625 2089.484375 2064.34375 2084.03125 1996.890625 1898.25 1816.09375 1931.1875 1944.953125 1790.390625 1570.390625 1548.015625 1711.4375 2126.671875 2101.390625 1929.25 1839.84375 1685.25 1936.6875 2062.8125 2116.78125 1933.875 1681.90625 1709.90625 1860.0625 1759.578125 1645.375 1733.90625 1755.78125 1656.96875 1585.921875 1482.765625 1398.9375 1409.125 1399.453125 1373.125 1376.09375 1414.875 1408.5625 1402.28125 1407.5625 1422.703125 1395.03125 1354.90625 1336.671875 1359.453125 1351.046875 1290.125 1218.171875 1125.078125 1098.703125 1078.421875 1003.59375 1055.203125 1164.296875 1276.765625
2242.171875 2187.15625 2161.625 2163.703125 2185.984375 2184.546875 2170.828125 2149.90625 2058.1875 2040.625 1992.3125 1872.71875 1772.8125 1748.796875 1760.859375 2162.109375 2204.703125 2029.25 1874.8125 1738.953125 1871.328125 2061.390625 2208 2022.90625 1712.671875 1569.3125 1682.8125 1951.375 1896.859375 1895.484375 1729.09375 1657.65625 1574.953125 1487.609375 1429.515625 1462.40625 1466.546875 1432.4375 1452.578125 1460.546875 1444.234375 1467.984375 1472.40625 1471.515625 1454.421875 1401.546875 1342.09375 1329.75 1318.3125 1240.1875 1172 1049.3125 905.421875 810.203125 758.453125 881.3125 1082.46875 1181.5625
