Cases/SDM_Urocitellus_beldingi/westernUsClimate_modern/BIO02.asc
NCOLS 316 
NROWS 299 
XLLCORNER -124.820833001 
YLLCORNER 29.1625003333339 
CELLSIZE 0.0666666666645545 
NODATA_value -3.4e+38 
[rows 0 to 24 of 299, columns 228 to 284 of 316]
1535.07142857143 1530.32142857143 1533.19642857143 1526.5 1498.92857142857 1471.41071428571 1451.75 1450.25 1441.16071428571 1376.5 1399.375 1408.35714285714 1410.875 1415.98214285714 1412.66071428571 1412.46428571429 1401.75 1398.92857142857 1398.80357142857 1405.89285714286 1421.30357142857 1429.16071428571 1436.30357142857 1429.78571428571 1433.76785714286 1443.98214285714 1397.89285714286 1427.42857142857 1454.48214285714 1455.39285714286 1464.80357142857 1451.57142857143 1442.55357142857 1461.67857142857 1438.92857142857 1368.26785714286 1366.58928571429 1435.23214285714 1472.55357142857 1477.21428571429 1474.82142857143 1463.08928571429 1464.60714285714 1466.125 1449.78571428571 1433.28571428571 1438.875 1456.10714285714 1465.39285714286 1455.44642857143 1400.19642857143 1356.30357142857 1355.73214285714 1376.48214285714 1387.07142857143 1363.76785714286 1349.55357142857
1565.46875 1566.109375 1559.921875 1550 1535.0625 1504.453125 1500.375 1505.875 1496.21875 1459.921875 1429.921875 1463.0625 1458.5 1454.328125 1445.640625 1435.796875 1432.15625 1429.03125 1431.375 1432.140625 1441.71875 1453.1875 1468.09375 1481.796875 1489.046875 1502.984375 1479.828125 1456.65625 1485.375 1513.765625 1497.46875 1497.71875 1493.140625 1458.15625 1496.484375 1413.21875 1369.328125 1447.078125 1487.046875 1491.765625 1497.578125 1491.125 1490.859375 1479.90625 1458.40625 1437.46875 1406.4375 1429.234375 1470.234375 1468.890625 1440.171875 1363.5 1349.953125 1348.9375 1362.953125 1365.828125 1376.90625
1555.9375 1558.328125 1561.4375 1549.515625 1545.515625 1526.890625 1527.453125 1517.09375 1508.109375 1479.96875 1448.3125 1457.875 1464.25 1445.125 1444.046875 1450.140625 1443.875 1444.75 1448.75 1457.625 1455.15625 1446.1875 1444.421875 1448.53125 1457.015625 1471.84375 1511.59375 1500.765625 1481.28125 1508.5 1514.421875 1499.03125 1437.484375 1365.1875 1470.515625 1389.78125 1393.390625 1453.421875 1474.421875 1481.75 1499.59375 1504.359375 1494.84375 1481.328125 1472.90625 1431.90625 1329.390625 1405.0625 1441.96875 1455.625 1449.171875 1413.421875 1354.625 1340.859375 1344.28125 1369.703125 1381.15625
1544.5 1545.71875 1547.203125 1547.171875 1538.15625 1533.171875 1528.703125 1518.78125 1503.84375 1445.546875 1421.28125 1438.15625 1456.25 1457.125 1441.65625 1440.625 1441.5 1445.53125 1444.328125 1442.046875 1446.875 1464.796875 1476.296875 1470.578125 1470.65625 1465.6875 1477.25 1519.453125 1525.265625 1521.953125 1509.734375 1462.9375 1419.703125 1366.046875 1422.6875 1477.203125 1423.390625 1458.84375 1469.53125 1483.671875 1499.578125 1489.296875 1482.421875 1461.4375 1444.6875 1395.484375 1305.515625 1320.265625 1367.515625 1381.734375 1381.078125 1402.484375 1421.921875 1399.28125 1329.1875 1333.859375 1368.34375
1531.453125 1534.765625 1538.125 1541.96875 1541.921875 1531.25 1528.015625 1528.25 1520.34375 1486.90625 1447.84375 1422.1875 1425.390625 1441.796875 1438.265625 1442.25 1444.609375 1446.25 1443 1434.6875 1425.890625 1453.25 1437.9375 1448.90625 1468.953125 1479.640625 1473.140625 1483.171875 1505.6875 1521.734375 1497.359375 1412.796875 1418.296875 1395.953125 1388.765625 1473.203125 1443.953125 1464.703125 1472.1875 1480.90625 1483.25 1483.28125 1475.375 1468.171875 1442.78125 1351.71875 1374.21875 1383.28125 1392.09375 1401.84375 1401.546875 1388.90625 1385.84375 1411.875 1423.421875 1417.765625 1338.484375
1517.515625 1519.875 1524.40625 1534.078125 1544.5 1545.578125 1529.40625 1515.953125 1534.265625 1529.234375 1490.46875 1473.65625 1446.96875 1443.734375 1429.15625 1419.265625 1418.703125 1430.328125 1438.84375 1444.328125 1453.140625 1480.4375 1477.34375 1454.265625 1465.203125 1472.453125 1460.328125 1438.09375 1474.46875 1505.578125 1501.421875 1410.53125 1414.328125 1401.015625 1350.953125 1456.390625 1481.546875 1471.25 1475.171875 1455.921875 1464.640625 1467.515625 1466.0625 1457.09375 1425.8125 1376.0625 1382.359375 1419.671875 1409.890625 1417.40625 1420.328125 1409.421875 1389.671875 1384.03125 1386.25 1413.484375 1394.796875
1491.453125 1502.8125 1514.1875 1525.96875 1534.953125 1565.125 1551.3125 1543.34375 1538.3125 1532.78125 1536.265625 1507.1875 1492.53125 1494.390625 1458.625 1440 1413 1416.203125 1431.296875 1440.796875 1439.6875 1448.1875 1473 1489.859375 1477.859375 1484.234375 1478.296875 1460.5625 1481.578125 1498.453125 1516.375 1467.84375 1423 1411.65625 1409.21875 1498.640625 1389.921875 1362.921875 1409.28125 1428.4375 1462.125 1446.84375 1396.0625 1291.9375 1302.6875 1387.40625 1392.984375 1411.265625 1421.578125 1422.015625 1429.203125 1428.546875 1414.765625 1398.046875 1370.46875 1356.859375 1378.359375
1459.671875 1477.0625 1497.1875 1525.796875 1560.921875 1577.078125 1580.4375 1575.734375 1573.734375 1571.4375 1577.421875 1576.96875 1543 1530.265625 1503.375 1482.015625 1476 1449.21875 1428.78125 1431.875 1443.359375 1453.171875 1450.25 1461.78125 1488.953125 1498.0625 1500.75 1514.5625 1533.703125 1534.390625 1531.84375 1535.828125 1511.328125 1505.515625 1485.46875 1501.484375 1365.625 1376.21875 1358.390625 1451.03125 1438.890625 1384.140625 1321.671875 1272.125 1310.421875 1373.6875 1387.5 1395.375 1406.421875 1409.03125 1412.34375 1401.921875 1393.09375 1363.6875 1342.515625 1319.28125 1310.234375
1457.59375 1458.796875 1454.75 1474.671875 1502.234375 1523.59375 1524.21875 1526.390625 1540.21875 1567.828125 1595.65625 1612.8125 1605.640625 1582.03125 1564.78125 1523.046875 1506.671875 1482.625 1464.078125 1466.828125 1448.53125 1446.28125 1458.234375 1454.484375 1458.734375 1464.6875 1496.84375 1536.234375 1546.96875 1548.171875 1553.765625 1560.765625 1562.5625 1552.859375 1539.578125 1528.65625 1497.265625 1452.546875 1449.625 1449.421875 1379.0625 1279.5 1296.4375 1331.8125 1265.84375 1322.984375 1387.609375 1369.859375 1350.65625 1373.765625 1370.5625 1383.296875 1375.421875 1350.59375 1326.859375 1339.40625 1392.015625
1424.546875 1436.390625 1440.671875 1442.59375 1448.453125 1444.53125 1462.640625 1472.0625 1477.375 1489.703125 1513.578125 1513.734375 1536.46875 1544.84375 1560.640625 1559.359375 1552.046875 1545.359375 1526.046875 1507.84375 1496.015625 1467.3125 1456.21875 1450.609375 1459.34375 1489 1517.25 1548.96875 1554.703125 1559.609375 1561.828125 1568.90625 1521.890625 1536.625 1544.65625 1532.53125 1518.375 1496.421875 1482.265625 1466.734375 1424 1363.25 1318.59375 1311.578125 1277.84375 1269.53125 1316.015625 1357.375 1324.375 1388.0625 1378.828125 1358.171875 1373.640625 1350.859375 1313.140625 1307.96875 1304.78125
1393.59375 1395.9375 1414.1875 1403.609375 1420.9375 1441.859375 1455.171875 1449.25 1456.90625 1453.234375 1447.25 1426.484375 1417.421875 1405.71875 1442.25 1487.28125 1525.921875 1538.640625 1557.34375 1555.703125 1547.8125 1534.1875 1513.0625 1504.484375 1501.8125 1496.09375 1525.546875 1554.703125 1569.015625 1575.078125 1565.78125 1530.140625 1400.6875 1490.734375 1524.640625 1468.390625 1388.421875 1432.5 1465.328125 1471 1457.203125 1433.40625 1393 1329.75 1305.1875 1236.09375 1231.453125 1338.078125 1339.703125 1335.140625 1318.171875 1333.203125 1345.375 1343.453125 1303.390625 1305.703125 1310.03125
1333.9375 1364.28125 1369.6875 1370.84375 1379.1875 1410.265625 1432.125 1434.15625 1436.484375 1425.6875 1405.75 1395.046875 1366.78125 1366.34375 1390.296875 1432.578125 1462.734375 1482.71875 1519.359375 1515.609375 1508.296875 1519.25 1507.671875 1509.640625 1515.28125 1500.84375 1495.765625 1509.15625 1497.515625 1533.140625 1546.859375 1482.09375 1352.9375 1450.328125 1482.34375 1460.046875 1317.3125 1286.484375 1366.109375 1398.109375 1429.75 1433.4375 1409.46875 1371.21875 1347.625 1303.328125 1259.28125 1280.84375 1380.765625 1295.015625 1295.09375 1350.734375 1363.796875 1358.828125 1322.890625 1348.71875 1358.109375
1305.84375 1332.734375 1130.84375 1242.65625 1243.71875 1290.34375 1397.9375 1394.953125 1349.15625 1434.890625 1427.578125 1396.71875 1371.125 1372.125 1408.375 1436.28125 1468.03125 1491.75 1505.1875 1512.71875 1511.296875 1500.0625 1505.515625 1501.84375 1508.203125 1482.0625 1443.21875 1457.4375 1425.984375 1479.578125 1527.453125 1491.15625 1433.84375 1388.65625 1442.1875 1477.078125 1413.578125 1420.828125 1439.421875 1436.796875 1409.875 1411.234375 1403.203125 1374.484375 1352.515625 1343.390625 1334.96875 1320.4375 1380.265625 1339.78125 1317.515625 1327.46875 1382.328125 1366.046875 1317.734375 1344.59375 1365.984375
1074.734375 1253.96875 1271.09375 1269.453125 1310.828125 1349.375 1251.0625 1125.96875 1364.75 1425.5 1421.53125 1417.359375 1407.9375 1409.65625 1432.90625 1430.625 1445.984375 1463.453125 1489.265625 1503.71875 1505.1875 1509.203125 1513.109375 1513.515625 1518.921875 1513.203125 1483.359375 1464.1875 1441.4375 1427.8125 1475.578125 1493.34375 1474.109375 1465.828125 1472.546875 1479.34375 1449.921875 1444.25 1443.859375 1433.640625 1418.421875 1402.671875 1389.75 1375.359375 1371.8125 1354.953125 1366.203125 1376.359375 1406.203125 1387.546875 1394.125 1397.765625 1404.703125 1416.75 1387.453125 1367.578125 1368.90625
1225.40625 1190.34375 1245.40625 1290.46875 1326.59375 1371.171875 1379.75 1340.703125 1400.25 1427.984375 1428.6875 1420.125 1430.4375 1434.015625 1453.0625 1429.84375 1375.34375 1436.640625 1470.453125 1494.46875 1519.453125 1529.84375 1529.09375 1523.265625 1520.203125 1528.890625 1529.75 1489.984375 1490.453125 1482.046875 1490.71875 1494.046875 1469 1464.328125 1492.15625 1473.640625 1452.09375 1455.265625 1444.71875 1427.71875 1413.203125 1399.953125 1376.78125 1373.65625 1385.375 1388.5625 1397.125 1405.796875 1426.625 1427.359375 1431.15625 1442.828125 1464.234375 1472.96875 1467.828125 1462.171875 1450.359375
1305.3125 1272.203125 1277.53125 1300.109375 1356.078125 1400.015625 1427.234375 1433.296875 1427.875 1443.640625 1447.046875 1450.21875 1431.90625 1427.265625 1422.921875 1395.53125 1359.953125 1402.640625 1447.78125 1477.578125 1476.671875 1507.796875 1517.078125 1521.359375 1526.5 1536.03125 1543.34375 1521.625 1513.21875 1506.6875 1508.140625 1493.171875 1456.859375 1463.96875 1472.578125 1431.0625 1420.796875 1430.078125 1434.3125 1430.421875 1421.765625 1407.78125 1392.0625 1385.109375 1395.171875 1374.390625 1380.390625 1391.75 1402.375 1412.046875 1438.765625 1468.546875 1495.578125 1504.625 1508.046875 1508.859375 1507.34375
1391.859375 1356.453125 1344.203125 1353.375 1352.78125 1390.640625 1398.484375 1422.140625 1459.90625 1439.6875 1418.375 1427.671875 1385.484375 1382.359375 1284.984375 1097.0625 1254.96875 1252.375 1378.96875 1438.609375 1471.1875 1486.578125 1505.96875 1526.828125 1550.8125 1559.9375 1545.09375 1519.296875 1517.765625 1524.265625 1508.390625 1488.53125 1450.75 1482.703125 1461.203125 1401.90625 1425.46875 1428.125 1415.609375 1420.640625 1409.65625 1403.203125 1405.265625 1404.453125 1387.125 1376.78125 1373.03125 1386.359375 1384.578125 1343 1359.8125 1430.859375 1481.765625 1484.4375 1477.875 1490.578125 1491.640625
1469.875 1425.625 1407.671875 1382.109375 1391.890625 1402.609375 1418.59375 1360.734375 1436.375 1424.734375 1363.421875 1338.640625 1323.859375 1291.578125 1139.234375 963.4375 1116.15625 1241.890625 1371.109375 1419.78125 1436.359375 1490 1512.53125 1523 1533.375 1546.1875 1561.03125 1555.015625 1551.9375 1533.046875 1515.796875 1513.203125 1476.359375 1494.546875 1418.578125 1304.875 1386.453125 1409.921875 1363.75 1376.484375 1420.8125 1429.421875 1421.59375 1404.171875 1417.125 1404.5 1384.734375 1389.546875 1396.46875 1392.28125 1355.671875 1372.625 1422.5625 1404.21875 1432.59375 1460.34375 1460.1875
1474.90625 1415.03125 1435.0625 1379.484375 1347.859375 1374.59375 1413.390625 1385.921875 1363.015625 1424.03125 1422.484375 1327.796875 1312.90625 1289.125 1249.4375 1211.328125 1302.5 1326.265625 1354.03125 1369.390625 1466.609375 1485.921875 1482.578125 1506.53125 1539.328125 1557.203125 1563.078125 1577.796875 1587.90625 1559.296875 1516.5 1330.984375 1481.0625 1508.390625 1388.765625 1180.515625 1253.90625 1311.171875 1375.703125 1353.0625 1352.484375 1354.09375 1366.328125 1389.984375 1428.3125 1424.5 1412.390625 1414.28125 1422.6875 1417.921875 1404.328125 1391.984375 1388.640625 1428.484375 1448.078125 1454.84375 1465.359375
1455.4375 1456.21875 1403.875 1385.484375 1383.5 1433.28125 1425.671875 1428.890625 1445.9375 1453.171875 1492.6875 1359.78125 1332.328125 1319.75 1319.09375 1319.53125 1326.328125 1377.265625 1395.671875 1429.84375 1469.96875 1437.9375 1518.546875 1530.96875 1561.34375 1576.15625 1599.203125 1621.875 1595.046875 1572.65625 1537.484375 1341.484375 1231.953125 1398.921875 1387.015625 1196 1293.609375 1321.703125 1255.34375 1255.453125 1312 1386.234375 1441.09375 1465.40625 1458.703125 1455.734375 1447.53125 1435.09375 1452.484375 1454.25 1454.015625 1451.953125 1436.015625 1444.46875 1462.25 1465.890625 1467.78125
1589.96875 1501.34375 1464.9375 1492.46875 1439.515625 1370.828125 1366.625 1375.515625 1373.859375 1404.078125 1499.265625 1476.015625 1430.6875 1357.328125 1372.578125 1345.796875 1322.328125 1306.703125 1363.296875 1409 1459.234375 1497.921875 1541.46875 1533.984375 1567.78125 1550.609375 1584.265625 1637.125 1571 1546.890625 1533.0625 1342.96875 1347.609375 1450.859375 1425.5 1212.78125 1260.359375 1302.75 1341.46875 1365.421875 1447.0625 1480.984375 1478.625 1486.84375 1462.234375 1481.984375 1468.375 1465.1875 1484.703125 1481.03125 1474.390625 1470.65625 1463.078125 1451.296875 1447.859375 1456.59375 1467.9375
1468.328125 1451.921875 1441.890625 1458.34375 1461.140625 1464.4375 1448.078125 1440.96875 1454.25 1431.890625 1438.25 1466.203125 1568.375 1504.46875 1498.5 1460.59375 1467.546875 1356.015625 1405.203125 1400.625 1471.640625 1463.171875 1547.21875 1484.640625 1515.546875 1541.34375 1615.671875 1612.71875 1610.296875 1614.90625 1603.390625 1432.765625 1511.890625 1439.828125 1474.125 1443.875 1451.359375 1436.953125 1439.171875 1477.46875 1466.078125 1492.953125 1469.328125 1515.546875 1510.390625 1507.921875 1482.421875 1501.109375 1514.09375 1504.578125 1495.078125 1481.90625 1468.09375 1445.71875 1427.765625 1456.109375 1462.953125
1518.171875 1435.546875 1447.8125 1511.453125 1520.6875 1510.40625 1482.171875 1464.609375 1466.84375 1443.5 1443.5 1452.296875 1481.625 1515.15625 1525.515625 1579.140625 1585.90625 1565.4375 1550.84375 1597.875 1566.75 1588.15625 1598.484375 1586.8125 1604.265625 1599.8125 1627.421875 1544.328125 1579.71875 1503.09375 1448.96875 1297.34375 1464.015625 1299.765625 1261.390625 1296.59375 1340.09375 1390.546875 1443.015625 1431.640625 1472.34375 1511.765625 1511.984375 1539.703125 1518.546875 1510.296875 1527.859375 1535.984375 1522.5625 1523.9375 1513.375 1498.640625 1486.625 1487.6875 1466.109375 1468.46875 1442.265625
1522.34375 1470.03125 1467.3125 1498.40625 1505.8125 1496.78125 1479.0625 1495.03125 1501.5 1491.328125 1473.28125 1433.03125 1436.09375 1415.953125 1444.328125 1443.203125 1430.921875 1450.234375 1496.5 1466.3125 1433.640625 1464.4375 1430.859375 1390.328125 1461.453125 1603.875 1628.796875 1510.546875 1486.875 1354.234375 1312.171875 1183.203125 1217.28125 1337.5625 1259.15625 1378.5625 1393.15625 1383.765625 1417.265625 1434.25 1460.765625 1523.875 1487.1875 1554.265625 1549.46875 1561.34375 1560.65625 1565.015625 1555.21875 1543.765625 1532.171875 1500.1875 1498.296875 1475.25 1466.515625 1460.265625 1452.28125
1502.53125 1442.546875 1483.71875 1473.671875 1488.15625 1445.40625 1435.984375 1479.296875 1478.71875 1477.46875 1467.140625 1476.3125 1477.46875 1507.40625 1537.84375 1547.65625 1559.890625 1540.890625 1539.375 1545.359375 1559.265625 1544.71875 1559.578125 1555.109375 1554.28125 1619.484375 1614.375 1534.03125 1539.296875 1484.03125 1472.296875 1407.71875 1219.546875 1313.265625 1403.984375 1459.125 1423.609375 1419.078125 1404.203125 1440.71875 1493.40625 1500.71875 1529.53125 1521.71875 1522.125 1523.5 1556.734375 1573.59375 1564.53125 1554.296875 1539.75 1505.078125 1483.09375 1491.40625 1488.171875 1465.4375 1461.5
