Cases/SDM_Urocitellus_beldingi/westernUsClimate_modern/BIO03.asc
NCOLS 316 
NROWS 299 
XLLCORNER -124.820833001 
YLLCORNER 29.1625003333339 
CELLSIZE 0.0666666666645545 
NODATA_value -3.4e+38 
[rows 28 to 55 of 299, columns 0 to 63 of 316]
-3.4e+38 -3.4e+38 -3.4e+38 -3.4e+38 -3.4e+38 -3.4e+38 -3.4e+38 47 47.1090909090909 46.421875 46.96875 47.4375 47.84375 45.828125 44.140625 43.28125 42.78125 43.34375 44.203125 44.796875 44.765625 44.03125 43.296875 42.4375 41.9375 42.046875 42.09375 42.078125 42.25 42.203125 41.875 41.484375 41.046875 40.84375 40.703125 40.546875 41.4375 43.25 42.265625 41.46875 41.75 42.21875 42.4375 40.796875 37.53125 36.109375 35.71875 37.125 37.765625 37.65625 36.703125 34.390625 31.265625 32.703125 34.78125 36.328125 36.734375 36.984375 37 36.703125 36.109375 36.078125 34.328125 32.765625
-3.4e+38 -3.4e+38 -3.4e+38 -3.4e+38 -3.4e+38 -3.4e+38 -3.4e+38 -3.4e+38 46.8181818181818 46.53125 46.421875 46.46875 45.03125 44.6875 44.8125 44.859375 44.015625 43.984375 44.578125 44.71875 44.953125 44.15625 43.046875 41.984375 42.0625 41.96875 42.375 42.625 43.09375 43.015625 42.625 42.671875 41.40625 40.328125 40.953125 41.015625 41.53125 41.8125 41.71875 41.609375 41.953125 42.09375 41.71875 39.71875 38.34375 38.5 36.484375 40.25 39.609375 35.875 33.546875 32.390625 33.453125 33.125 33.5625 33.453125 33.71875 34.859375 35.15625 37.171875 37.109375 36.453125 36.15625 36.203125
-3.4e+38 -3.4e+38 -3.4e+38 -3.4e+38 -3.4e+38 -3.4e+38 -3.4e+38 -3.4e+38 46.03125 46.125 46 45.078125 43.703125 43.90625 43.859375 44.5 44.078125 44.578125 44.625 44.90625 45.140625 44.703125 44.015625 43.03125 40.640625 41.65625 42.203125 42.984375 43.34375 43.03125 42.59375 42.421875 40.546875 40.15625 40.84375 41.5 41.96875 41.640625 41.5625 41.8125 42.421875 42.71875 41.109375 36.796875 34.890625 36.109375 36.234375 37.015625 38.546875 34.34375 33.953125 33.109375 34.71875 37.203125 36.765625 35.546875 34.578125 33.546875 32.390625 33.09375 35.515625 37.09375 36.640625 36.015625
-3.4e+38 -3.4e+38 -3.4e+38 -3.4e+38 -3.4e+38 -3.4e+38 -3.4e+38 -3.4e+38 45.6333333333333 46 46.015625 45.03125 43.65625 43.203125 43.390625 43.953125 44.109375 45.078125 45.140625 45.71875 46.328125 46.46875 44.90625 42.421875 38.625 38.5625 42.328125 43.609375 44 43.734375 43.03125 42.046875 41.171875 41.0625 41.453125 41.765625 41.796875 41.78125 41.625 42.34375 42.328125 42.015625 39.984375 36.5625 36.890625 35.890625 36.140625 35.109375 35.390625 35.765625 35.296875 35.1875 34.71875 35.78125 37.625 38.59375 36.1875 35.015625 34.53125 34.640625 35.9375 37.359375 37.03125 36.796875
-3.4e+38 -3.4e+38 -3.4e+38 -3.4e+38 -3.4e+38 -3.4e+38 -3.4e+38 -3.4e+38 45.3333333333333 46.1935483870968 46.3125 45.875 45.171875 44.109375 43.53125 43.59375 44.484375 44.78125 44.046875 44.515625 44.21875 43.859375 45.71875 40.9375 39.421875 42.484375 43.5625 43.984375 44 43.84375 42.953125 41.921875 41.640625 42.171875 41.984375 41.890625 41.9375 41.9375 42.046875 43.78125 42.515625 42.140625 40.046875 38.203125 36.328125 35.75 35.90625 35.953125 35.828125 36.046875 35.90625 36.21875 36.21875 35.71875 35.5625 35.65625 37.921875 34.953125 33.0625 37.046875 36.484375 36.21875 37.328125 38.234375
-3.4e+38 -3.4e+38 -3.4e+38 -3.4e+38 -3.4e+38 -3.4e+38 -3.4e+38 -3.4e+38 -3.4e+38 46.825 47.390625 46.9375 45.390625 44.34375 44.015625 43.984375 44.0625 44.640625 44.5 45.078125 42.28125 42.640625 44.984375 45.25 43.578125 43.578125 44.046875 43.984375 43.984375 43.46875 42.984375 43.015625 42.78125 42.953125 42.28125 42.015625 41.71875 41.5 42.46875 43.28125 40.890625 40.078125 39.015625 37.375 35.75 37.109375 37.390625 35.890625 35.40625 35.828125 35.859375 35.71875 37.71875 35.859375 34.359375 32.046875 35.59375 38.03125 34.015625 35.5 38.078125 36.5 34.078125 36.34375
-3.4e+38 -3.4e+38 -3.4e+38 -3.4e+38 -3.4e+38 -3.4e+38 -3.4e+38 -3.4e+38 -3.4e+38 47.75 47.984375 47.0625 46 45.375 44.59375 44.265625 44.1875 44.140625 44.5 45.53125 44.1875 43.234375 44.5625 44.921875 44.890625 44.34375 44 43.71875 43.421875 43.4375 42.984375 43.171875 43.984375 43.6875 42.671875 42.734375 43.875 44.0625 43.609375 42.25 41.484375 39.125 36.78125 36.1875 36.109375 35.734375 35.484375 35.421875 35.984375 36.171875 35.625 36.265625 35.546875 34.859375 34.515625 35.765625 34.859375 36.140625 35.71875 34.90625 32.703125 34.265625 38 38.328125
-3.4e+38 -3.4e+38 -3.4e+38 -3.4e+38 -3.4e+38 -3.4e+38 -3.4e+38 -3.4e+38 -3.4e+38 48 48 47.828125 47.5 46.578125 45.921875 44.1875 45.03125 45.3125 44.953125 45 44.96875 42.0625 40.359375 44.640625 44.28125 43.875 43.8125 43.125 42.96875 43.078125 43.109375 43.25 42.75 42.515625 42.296875 41 42.03125 41.140625 40.84375 42.328125 41.421875 39.78125 39.703125 38.359375 38.390625 36.515625 35.703125 36.421875 38.140625 36.6875 34.828125 33.796875 33.765625 34.25 34.265625 33.65625 33.40625 31.578125 35.046875 37.3125 37.953125 38.078125 38.140625 38.609375
-3.4e+38 -3.4e+38 -3.4e+38 -3.4e+38 -3.4e+38 -3.4e+38 -3.4e+38 -3.4e+38 -3.4e+38 -3.4e+38 47.6666666666667 47.0847457627119 47.78125 47.53125 46.75 46.53125 46.625 46.328125 45.515625 45.125 44.1875 44.265625 42.296875 44.328125 43.953125 44 43.6875 43.59375 43.171875 43.234375 43.421875 43.59375 43.625 42.984375 40.421875 37.421875 37.609375 37.125 38.21875 40.15625 38.796875 37.140625 36.109375 35.8125 36.03125 36.40625 36.90625 39.109375 40.015625 36.65625 34.59375 32.8125 33.8125 36.203125 35.265625 38.15625 36.546875 34.125 33.703125 38.765625 39.03125 38.171875 38.46875 38.78125
-3.4e+38 -3.4e+38 -3.4e+38 -3.4e+38 -3.4e+38 -3.4e+38 -3.4e+38 -3.4e+38 -3.4e+38 -3.4e+38 47 47.296875 47.875 47.484375 46.515625 46.34375 45.609375 46.296875 45.734375 45.640625 44.09375 43.390625 45.84375 45.4375 44.75 44.59375 43.84375 43.984375 43.984375 43.859375 44 43.609375 43.28125 43.640625 43.84375 41.921875 40.984375 38.90625 42.234375 39.875 36.625 36.15625 35.71875 37.765625 36.0625 36.15625 40.953125 40.953125 37.46875 35.890625 35.375 34.921875 35.6875 35.34375 36.296875 36.09375 33.265625 32.140625 36.203125 37.609375 38.4375 38.171875 38.15625 38.265625
-3.4e+38 -3.4e+38 -3.4e+38 -3.4e+38 -3.4e+38 -3.4e+38 -3.4e+38 -3.4e+38 -3.4e+38 -3.4e+38 47.2 47.84375 48 47.734375 47.125 45.984375 42.125 44.6875 45.9375 46.5625 45.4375 42.390625 44.1875 44.046875 44.59375 45.140625 44.59375 44.171875 44.28125 44.109375 44.109375 43.859375 43.703125 43.515625 43.796875 43.59375 43.015625 41.84375 41.453125 40.9375 41.40625 42.5 42.171875 42.65625 40.640625 40.9375 38.109375 37.65625 36.75 35.40625 35.0625 35.65625 34.71875 35.546875 34.640625 34.078125 34.34375 34.140625 36.96875 37.953125 37.796875 38.09375 38.46875 38.640625
-3.4e+38 -3.4e+38 -3.4e+38 -3.4e+38 -3.4e+38 -3.4e+38 -3.4e+38 -3.4e+38 -3.4e+38 -3.4e+38 47.475 48.421875 48.515625 47.921875 47.40625 46.15625 45.171875 46.53125 42.765625 40.765625 43.203125 40.578125 41.65625 40.203125 39.765625 44.671875 45.09375 44.984375 44.9375 44.703125 44.390625 44.28125 44.015625 43.90625 43.328125 43.046875 40.640625 39.984375 42.171875 41.359375 40.984375 41.65625 41.9375 42.90625 39.46875 38.546875 36.75 36.046875 35.28125 34.96875 34.796875 34.953125 35.25 33.453125 33.5 32.765625 32.25 32.5 37.015625 39.328125 39.09375 39.03125 38.953125 38.890625
-3.4e+38 -3.4e+38 -3.4e+38 -3.4e+38 -3.4e+38 -3.4e+38 -3.4e+38 -3.4e+38 -3.4e+38 -3.4e+38 47.175 48.296875 48.609375 47.0625 47.15625 45.59375 46.953125 47.609375 48.46875 46.015625 44.34375 39.578125 39.359375 41.625 40.453125 43.84375 45.265625 44.15625 44.96875 44.578125 44.796875 44.90625 44.8125 44.421875 42.875 42.640625 39.1875 38.484375 36.78125 35.3125 34.25 35.28125 37.65625 35.234375 36.21875 37.265625 37.75 34.921875 35.75 37.75 35.046875 34.59375 35.796875 35.546875 36.15625 33.0625 33.359375 34.40625 40.28125 40.078125 39.953125 39.953125 39.125 39
-3.4e+38 -3.4e+38 -3.4e+38 -3.4e+38 -3.4e+38 -3.4e+38 -3.4e+38 -3.4e+38 -3.4e+38 -3.4e+38 45.5918367346939 47 47.65625 46.265625 45.734375 46.078125 46.640625 47.03125 47.625 47.890625 47.078125 44.90625 41.734375 43.640625 38.546875 38.359375 39.84375 43.859375 44.65625 44.828125 44.921875 44.859375 44.609375 40.25 42.71875 41.375 37.53125 35 34.484375 33.109375 32.859375 32.859375 32.953125 31.96875 34.296875 34.125 37.609375 36.953125 37.28125 36.90625 36.234375 37.96875 34.34375 36.09375 35.1875 33.734375 32.78125 33.0625 38.46875 40.640625 40.109375 40.015625 39.453125 39.015625
-3.4e+38 -3.4e+38 -3.4e+38 -3.4e+38 -3.4e+38 -3.4e+38 -3.4e+38 -3.4e+38 -3.4e+38 -3.4e+38 44.4545454545455 44.765625 46.328125 46.40625 45.9375 46.640625 47.21875 47.015625 47.015625 46.828125 46.375 46.375 45.078125 43.890625 45.078125 42.328125 39.78125 44.734375 43.9375 44.265625 44.46875 44.609375 42.296875 41.96875 40.34375 37.40625 36.609375 36.4375 35.765625 33.59375 33.890625 33.984375 32.84375 31.65625 31.734375 33.078125 33.359375 34.59375 33.375 33.53125 33.65625 34.515625 36.71875 40.125 34.6875 35.046875 36.390625 38.5625 39.03125 38.046875 36.390625 35.828125 35.96875 38.046875
-3.4e+38 -3.4e+38 -3.4e+38 -3.4e+38 -3.4e+38 -3.4e+38 -3.4e+38 -3.4e+38 -3.4e+38 -3.4e+38 44 44.6326530612245 45.703125 46.125 45.90625 46.65625 46.984375 46.671875 46.28125 45.953125 45.90625 45.6875 43.09375 42.90625 45.34375 44.921875 44.71875 44.109375 43.640625 43.71875 39.546875 40.65625 39.828125 38.21875 36.59375 37.046875 35.296875 34.96875 33.46875 31.78125 34.65625 37.78125 37.203125 36.59375 37.828125 37.953125 39 37.34375 32.34375 32.78125 33.78125 32.375 36 39.21875 36.953125 37.828125 40.09375 39.28125 36.359375 35.3125 35.4375 36.203125 39.34375 40.21875
-3.4e+38 -3.4e+38 -3.4e+38 -3.4e+38 -3.4e+38 -3.4e+38 -3.4e+38 -3.4e+38 -3.4e+38 -3.4e+38 -3.4e+38 45 45.9137931034483 46.4375 46.453125 47.015625 46.671875 45.71875 42.28125 42.21875 39.25 43.578125 44.28125 43.4375 43.65625 45.34375 44.328125 43.171875 43.0625 43.375 43.125 40.578125 37.6875 40.4375 36.625 34.734375 37 36.6875 35.46875 35.5625 35.96875 39 39.515625 38.9375 36.3125 34.96875 34.578125 34.71875 35.125 32.875 32.703125 31.75 38.234375 39.984375 42 42.296875 42.984375 42.78125 39.21875 36.078125 35.671875 37.15625 37.609375 38.15625
-3.4e+38 -3.4e+38 -3.4e+38 -3.4e+38 -3.4e+38 -3.4e+38 -3.4e+38 -3.4e+38 -3.4e+38 -3.4e+38 -3.4e+38 -3.4e+38 48.0625 48.4375 47.640625 46.53125 46.578125 44.25 38.453125 41.21875 39.546875 41.3125 43.53125 42.34375 43.890625 45.375 45.34375 44.59375 43.59375 43.359375 41.90625 39 41.0625 40.703125 39.03125 37.453125 36.328125 38.03125 38.125 37.625 38.609375 40.03125 39.390625 38.109375 34.703125 33.65625 34.765625 37.0625 39.703125 38.609375 35.359375 36.28125 41.875 43.234375 42.671875 42.0625 41.25 40.96875 38.234375 34.078125 32.625 33.96875 35.421875 38.140625
-3.4e+38 -3.4e+38 -3.4e+38 -3.4e+38 -3.4e+38 -3.4e+38 -3.4e+38 -3.4e+38 -3.4e+38 -3.4e+38 -3.4e+38 50 49.7241379310345 49.75 46.859375 43.21875 43.28125 42.28125 40.328125 41.96875 46.359375 47.546875 48.21875 46.734375 43.5 41.421875 44.015625 43.015625 43.390625 43.1875 39.484375 39.828125 40.109375 36.453125 39.78125 38.96875 39.59375 39.90625 36.921875 35.28125 35.796875 35.375 34.9375 35.53125 33.734375 31.484375 33.921875 35.21875 38.625 40.875 39.6875 40.546875 44.171875 43.46875 40.25 40.828125 38.765625 37.65625 36.453125 33.96875 33 34.015625 35.875 34.765625
-3.4e+38 -3.4e+38 -3.4e+38 -3.4e+38 -3.4e+38 -3.4e+38 -3.4e+38 -3.4e+38 -3.4e+38 -3.4e+38 -3.4e+38 49.9523809523809 49.359375 48.484375 45.59375 43 42.265625 41.578125 44.546875 46.65625 45.921875 45.03125 46.28125 46.46875 46.609375 43.453125 41.359375 43.25 43.5625 43.03125 43.0625 43.171875 42.515625 41.78125 41.359375 39.625 40.484375 38.15625 37.140625 36.78125 34.984375 34.453125 36.171875 36.890625 34.671875 33.296875 35.328125 36.046875 35.25 38.328125 39.5 40.921875 42.078125 40.3125 39.546875 40.109375 39.859375 39.78125 39.890625 37.640625 36.859375 39.3125 39.109375 37.125
-3.4e+38 -3.4e+38 -3.4e+38 -3.4e+38 -3.4e+38 -3.4e+38 -3.4e+38 -3.4e+38 -3.4e+38 -3.4e+38 -3.4e+38 49.375 49.90625 45.875 43.109375 44.25 45.015625 43.78125 46.359375 43.8125 38.21875 40.390625 44.390625 46.6875 46.953125 45.609375 41.015625 40.921875 43 43.21875 42.375 42.90625 42.78125 42.734375 42.78125 40.84375 40.203125 36 35.703125 35.875 35 35.109375 37.640625 37.125 37.1875 34.546875 35.34375 38.734375 35.078125 38.9375 40.40625 40.5625 39.90625 38.328125 37.828125 38.90625 39.828125 40.453125 41 41.015625 41 40.203125 38.890625 38.53125
-3.4e+38 -3.4e+38 -3.4e+38 -3.4e+38 -3.4e+38 -3.4e+38 -3.4e+38 -3.4e+38 -3.4e+38 -3.4e+38 -3.4e+38 49.2173913043478 49.65625 43.078125 46.703125 47.453125 45.5625 44.703125 43.421875 39.5625 38.890625 41.25 44.078125 44.90625 44.53125 39.84375 38.265625 39.78125 42.65625 42.171875 42.015625 42.375 42.90625 43.265625 43.65625 41.96875 39.46875 40.1875 38.671875 36.84375 36.859375 36.21875 36.0625 38.078125 38.765625 36.484375 35.765625 38.09375 35.265625 38.640625 38.421875 38.65625 36.6875 37.21875 38.765625 38.75 39.703125 40.09375 40.5625 40.46875 39.9375 38.5 37.53125 37.859375
-3.4e+38 -3.4e+38 -3.4e+38 -3.4e+38 -3.4e+38 -3.4e+38 -3.4e+38 -3.4e+38 -3.4e+38 -3.4e+38 -3.4e+38 49 49.6612903225806 48.203125 49.296875 46.125 45.078125 41.828125 41.3125 39.171875 37.546875 37.171875 42.546875 41.5625 41.0625 37.3125 38.4375 37.9375 40.90625 41.765625 41.921875 42 42.203125 42.578125 42.578125 41.984375 39.015625 38.515625 37.6875 37 38.96875 37.046875 37.25 37.171875 36.765625 37.53125 36.71875 38.265625 37.140625 38.546875 36.90625 37.6875 38.96875 39.484375 37.90625 36.765625 38.453125 39.1875 39 38.25 37.265625 36.546875 36.6875 37.046875
-3.4e+38 -3.4e+38 -3.4e+38 -3.4e+38 -3.4e+38 -3.4e+38 -3.4e+38 -3.4e+38 -3.4e+38 -3.4e+38 -3.4e+38 -3.4e+38 49.9795918367347 49.09375 47.171875 44.640625 41.90625 40.65625 38.75 36.9375 35.46875 35.578125 40.5 41.15625 41.625 41.203125 41.265625 40.25 39.46875 41 41.234375 41.265625 41.546875 41.28125 41.28125 41.015625 40.40625 41.609375 41.078125 40.34375 39.421875 38.875 38.078125 37.40625 36.546875 35.453125 34.6875 35.4375 39.78125 40.515625 38.53125 39.75 38.890625 38.3125 37.265625 37.703125 37.921875 38 37.671875 37.71875 37.8125 37 36.96875 37.171875
-3.4e+38 -3.4e+38 -3.4e+38 -3.4e+38 -3.4e+38 -3.4e+38 -3.4e+38 -3.4e+38 -3.4e+38 -3.4e+38 -3.4e+38 50.875 50.5238095238095 48.0625 46.6875 42.8125 41.578125 39.890625 40.953125 40.5625 38.171875 35.953125 35.78125 40.875 41.96875 42 42 42.015625 41.890625 41.328125 40.421875 39.6875 38.984375 38.984375 40.203125 40.8125 40.984375 41.9375 43.140625 41 39.609375 38.8125 37.828125 37.859375 37.5 33.515625 33.078125 37.75 39.109375 39.390625 35.5 38.546875 38.59375 39.765625 38.140625 38.15625 39.390625 39.78125 38.375 37.515625 37.765625 38.171875 38.234375 37.265625
-3.4e+38 -3.4e+38 -3.4e+38 -3.4e+38 -3.4e+38 -3.4e+38 -3.4e+38 -3.4e+38 -3.4e+38 -3.4e+38 -3.4e+38 51.4166666666667 51.65625 52.484375 48.71875 46 42.984375 42.296875 42.25 38.96875 35.84375 35.109375 35.5625 38.984375 40.625 42.40625 42.546875 42.796875 42.25 42.0625 41.5625 39.171875 38.28125 39.859375 40.609375 40.453125 40.46875 41.109375 40.5625 40.5 40.015625 38.296875 38.09375 36.0625 34.84375 34.9375 36.03125 37.265625 40.609375 33.203125 33.0625 37.109375 38.484375 38.328125 40.0625 40.671875 40.765625 39.953125 37.78125 37.21875 36.875 37.390625 38.375 37.828125
-3.4e+38 -3.4e+38 -3.4e+38 -3.4e+38 -3.4e+38 -3.4e+38 -3.4e+38 -3.4e+38 -3.4e+38 -3.4e+38 -3.4e+38 52.4166666666667 52.09375 50.796875 53.109375 50.15625 46.703125 44.71875 43.125 39.75 37.921875 35.734375 37.78125 40.65625 41.46875 42.03125 41.75 42.625 42.53125 42.625 42.171875 40.65625 39.671875 40.84375 41.34375 41.1875 41.1875 41.6875 40.578125 39.96875 40.484375 39.625 37.296875 35.609375 33.515625 34.75 32.59375 33.6875 36.765625 32.9375 35.421875 37.765625 38.75 39.9375 41.421875 42.390625 41.390625 37.1875 35.671875 37.03125 35.515625 37.484375 37.984375 37.171875
-3.4e+38 -3.4e+38 -3.4e+38 -3.4e+38 -3.4e+38 -3.4e+38 -3.4e+38 -3.4e+38 -3.4e+38 -3.4e+38 -3.4e+38 52.962962962963 52.90625 51.8125 51.515625 49.703125 43.359375 41.203125 43.421875 40.421875 36.625 37.453125 39.015625 40.609375 41.421875 41.765625 39.171875 40.5625 41.734375 42.171875 42.09375 41.4375 41.03125 41.125 41.71875 41.796875 41.671875 41.8125 40.578125 40.75 40.71875 40.0625 37.890625 36.5 35.5 33.765625 30.53125 30.96875 33.8125 31.828125 34.359375 36.921875 38.84375 40.125 40.40625 40.453125 37.25 34.734375 35.6875 36.359375 35.640625 38.40625 37.875 36.546875
