Cases/SDM_Urocitellus_beldingi/westernUsClimate_modern/BIO06.asc
NCOLS 316 
NROWS 299 
XLLCORNER -124.820833001 
YLLCORNER 29.1625003333339 
CELLSIZE 0.0666666666645545 
NODATA_value -3.4e+38 
[rows 60 to 79 of 299, columns 270 to 314 of 316]
-1545.65468597412 -1421.23017311096 -1296.10342216492 -1240.69394111633 -1285.39306640625 -1335.90800666809 -1293.85606002808 -1192.70722579956 -1074.86924648285 -1113.80410575867 -1149.11747932434 -1107.53271102905 -1101.55673503876 -1215.7958984375 -1322.67050743103 -1256.03838157654 -1319.92109680176 -1256.68222236633 -1207.97254943848 -1180.73115158081 -1236.56307601929 -1268.80137062073 -1304.78096389771 -1320.92744255066 -1316.521484375 -1281.70810317993 -1212.01903915405 -1244.5473651886 -1268.99433708191 -1284.92851638794 -1298.05839729309 -1321.10781097412 -1331.3642539978 -1331.87499809265 -1329.17031669617 -1332.21288871765 -1323.90224647522 -1308.97216796875 -1296.80469322205 -1262.45958137512 -1271.6162071228 -1317.60684013367 -1324.14921951294 -1330.13105392456 -1321.20390129089
-1530.18075752258 -1339.7543964386 -1272.07616996765 -1222.93739700317 -1295.68358802795 -1292.67822265625 -1242.81670761108 -1213.16084289551 -1148.92471313477 -1071.17656612396 -1097.30937480927 -1157.8862247467 -1234.2377910614 -1338.52519798279 -1357.26719284058 -1288.94209671021 -1284.65888786316 -1235.59883117676 -1186.03144454956 -1209.29491615295 -1237.00146484375 -1269.18310928345 -1304.10371208191 -1300.14326095581 -1294.33906745911 -1280.98104476929 -1240.86484146118 -1289.04131507874 -1289.58526039124 -1306.20663833618 -1312.46514320374 -1319.66103363037 -1319.5112285614 -1306.5888671875 -1302.17890548706 -1290.78153610229 -1272.57031440735 -1231.51612281799 -1197.12090301514 -1230.73280906677 -1254.89707756042 -1268.111328125 -1312.72148513794 -1328.19717025757 -1329.20009422302
-1416.71113395691 -1343.74629974365 -1334.20048522949 -1232.28008079529 -1179.68544197083 -1247.34950637817 -1249.93535232544 -1193.95704460144 -1138.13632583618 -1144.61532402039 -1182.486328125 -1302.2412109375 -1366.54023742676 -1404.54590606689 -1355.4238319397 -1450.50078392029 -1378.44922065735 -1309.23846817017 -1265.30331802368 -1270.26073646545 -1273.91386413574 -1297.27548027039 -1311.80292892456 -1301.49063301086 -1301.94883346558 -1223.45606613159 -1302.01015663147 -1301.43545150757 -1298.32753944397 -1305.42324447632 -1319.37685966492 -1315.72490310669 -1304.91386222839 -1290.23134231567 -1245.90907669067 -1213.57392692566 -1224.63399505615 -1191.1572265625 -1137.05087661743 -1126.69238090515 -1168.2480430603 -1231.92265510559 -1272.86318397522 -1289.29189300537 -1300.23222732544
-1292.30839347839 -1241.25039100647 -1221.63623046875 -1251.39970397949 -1171.55058670044 -1133.8066368103 -1115.77226257324 -1115.74991035461 -1176.5024471283 -1225.52128982544 -1318.26737976074 -1372.49218940735 -1289.20859527588 -1341.99511528015 -1371.5710811615 -1333.84198951721 -1384.77617454529 -1335.57167816162 -1233.44726753235 -1205.63954162598 -1166.16698455811 -1307.54188537598 -1312.87158203125 -1287.46435546875 -1280.11825942993 -1282.66327857971 -1277.52510261536 -1288.74482727051 -1293.13623428345 -1304.92061424255 -1316.49755859375 -1310.99873924255 -1283.00371551514 -1228.17207336426 -1185.86044120789 -1196.54013824463 -1212.30459213257 -1147.70185470581 -1142.59834098816 -1119.39404296875 -1144.0807723999 -1166.00888824463 -1214.52011871338 -1251.30185508728 -1248.13213348389
-1318.54403305054 -1278.81113433838 -1224.55224990845 -1156.96376800537 -1123.95976448059 -1140.28525543213 -1171.57255554199 -1198.10401153564 -1260.78075790405 -1333.68486595154 -1343.16611671448 -1333.71893501282 -1295.38613510132 -1272.05166816711 -1286.29043579102 -1282.96055221558 -1247.92978477478 -1213.22783279419 -1200.92939949036 -1200.17344856262 -1231.01533699036 -1319.70469093323 -1310.39424324036 -1295.01249504089 -1259.32803153992 -1215.21416091919 -1243.62519645691 -1257.97431564331 -1285.109375 -1279.33290481567 -1263.97421264648 -1267.83271789551 -1228.88261032104 -1234.28183364868 -1245.27929115295 -1260.82099342346 -1157.09383964539 -1157.47978019714 -1160.93974494934 -1163.36142539978 -1160.60019493103 -1184.92792701721 -1190.68095397949 -1193.77372360229 -1204.81287956238
-1222.40370559692 -1247.90644645691 -1208.04501724243 -1166.44345092773 -1116.02958869934 -1151.87031364441 -1189.56699371338 -1258.86836433411 -1337.13271713257 -1320.86767196655 -1360.87948799133 -1285.78994369507 -1230.99257850647 -1273.9209022522 -1285.21611213684 -1204.99071884155 -1192.32988929749 -1220.03047561646 -1226.34209442139 -1221.25020217896 -1232.6674785614 -1309.91835403442 -1290.43857765198 -1252.24384498596 -1251.54580497742 -1218.89619064331 -1251.29374504089 -1263.9440536499 -1287.80068778992 -1216.2651386261 -1186.64531135559 -1202.9672908783 -1194.09834098816 -1267.80107498169 -1271.06591033936 -1277.38388824463 -1138.03300380707 -1200.70820045471 -1173.67265319824 -1163.34824371338 -1167.39014434814 -1189.32811355591 -1192.44892501831 -1175.71269226074 -1163.51396179199
-1216.90410232544 -1227.38213157654 -1175.74326324463 -1167.51612281799 -1188.99677467346 -1262.82929420471 -1330.37617111206 -1280.87998390198 -1171.55302429199 -1262.0082988739 -1393.03936004639 -1348.40516662598 -1287.81620597839 -1142.47627449036 -1179.61591529846 -1177.10322380066 -1203.17313957214 -1228.40420341492 -1240.44765663147 -1188.14023399353 -1250.87216567993 -1216.28818321228 -1279.55858612061 -1254.8207988739 -1220.41856002808 -1243.19551086426 -1250.89512062073 -1238.98085784912 -1294.02832221985 -1276.40595245361 -1193.40712547302 -1257.40361213684 -1290.62432098389 -1274.24432754517 -1229.72616577148 -1224.35664176941 -1211.40889072418 -1202.2836856842 -1199.67880630493 -1157.15966796875 -1153.35322570801 -1141.57431411743 -1154.36592102051 -1144.70341873169 -1141.19784927368
-1189.84374427795 -1182.21592330933 -1204.17842674255 -1228.42772483826 -1269.35790252686 -1370.72695732117 -1348.28847122192 -1209.56865501404 -1174.01925086975 -1278.55547332764 -1387.06757736206 -1324.93954658508 -1273.6210899353 -1220.07656288147 -1191.72215843201 -1118.85712432861 -1154.28095817566 -1210.37763404846 -1245.66309356689 -1247.04023170471 -1191.05057525635 -1158.28789710999 -1276.88065910339 -1274.40928077698 -1256.71220207214 -1240.1992149353 -1211.17285346985 -1241.44452476501 -1294.95419692993 -1264.72705078125 -1209.99813842773 -1305.05038833618 -1292.88994216919 -1230.82265472412 -1210.36289024353 -1085.5897397995 -1077.41533088684 -1134.31787776947 -1165.92333698273 -1153.87158584595 -1111.27421379089 -1102.23418426514 -1085.8564491272 -1083.01630783081 -1095.38271331787
-1160.43437767029 -1178.73505783081 -1206.04092025757 -1217.75556755066 -1285.54277992249 -1309.23467063904 -1246.56221008301 -1198.04453086853 -1285.07344055176 -1346.3618183136 -1399.59111022949 -1283.6245136261 -1207.74081420898 -1192.0903339386 -1116.11035823822 -1035.01288604736 -1108.33173751831 -1227.8745174408 -1219.92656135559 -1186.79824829102 -1201.4550743103 -1238.92109870911 -1252.92978286743 -1279.37080192566 -1269.79873085022 -1243.20624923706 -1213.3583946228 -1241.0927772522 -1299.86553192139 -1294.12158203125 -1290.36240577698 -1342.08114624023 -1261.68788146973 -1215.28280830383 -1042.3208065033 -1044.19453334808 -1023.96474456787 -1170.22715187073 -1185.82812690735 -1132.54365158081 -1101.26542854309 -1070.09189987183 -1041.77997970581 -1017.5361328125 -1011.77910614014
-1134.4926738739 -1178.04286956787 -1150.41895294189 -1236.8369178772 -1202.65878868103 -1195.78115081787 -1217.55106735229 -1339.49394607544 -1383.41279220581 -1393.78378677368 -1411.7216758728 -1227.99082183838 -1090.67099952698 -1127.10752296448 -1176.86787414551 -1067.61181640625 -1046.96259880066 -1129.50429725647 -1174.50518417358 -1208.80312347412 -1186.43291664124 -1138.58144760132 -1156.84267616272 -1244.7919921875 -1271.166015625 -1260.20439910889 -1228.11504364014 -1253.5092754364 -1295.07686233521 -1261.06708717346 -1296.41250419617 -1334.52910041809 -1272.21259689331 -1214.47626876831 -1069.22851753235 -1128.10869216919 -1083.58535003662 -1197.44989585876 -1177.1054725647 -1111.21738052368 -1046.57783603668 -1004.22314548492 -986.59961605072 -984.212216377258 -1000.80986118317
-1061.51748847961 -1128.27763175964 -1169.26131629944 -1201.82528686523 -1186.91953468323 -1282.06406784058 -1334.80546951294 -1274.96513366699 -1205.36455154419 -1355.2270450592 -1344.77625846863 -1184.76377296448 -1180.98271369934 -1088.39404582977 -1113.40420150757 -1127.23270988464 -1071.82196331024 -1123.45468711853 -1157.9521484375 -1179.0532207489 -1173.33583831787 -1151.30859375 -1141.84423446655 -1234.1962890625 -1267.98418235779 -1218.94814872742 -1238.78535652161 -1278.03360176086 -1306.88320350647 -1319.30556106567 -1346.05253601074 -1345.39208984375 -1312.48672103882 -1272.65732383728 -1245.10127067566 -1215.52665519714 -1193.15751457214 -1201.36124229431 -1211.7597618103 -1116.13349914551 -1035.82490539551 -1042.50459480286 -1032.98632907867 -1015.05302524567 -1025.72548294067
-1059.17841720581 -1106.62939548492 -1171.91113090515 -1146.30312347412 -1203.90244102478 -1212.37920379639 -1298.38906097412 -1175.67920303345 -1234.46181678772 -1353.18653106689 -1341.14072608948 -1227.22109985352 -1153.93974876404 -1157.42792892456 -1115.94609451294 -1157.91631126404 -1112.37451171875 -1100.82901000977 -1082.97909927368 -1118.02792930603 -1126.39970588684 -1140.52480697632 -1118.61591339111 -1159.84696769714 -1219.25263404846 -1230.7626953125 -1248.18486022949 -1284.74824523926 -1320.84121322632 -1337.36748123169 -1349.56289482117 -1341.69365310669 -1335.15547180176 -1298.97305297852 -1280.17782402039 -1268.30878829956 -1261.07168769836 -1256.1997127533 -1207.26395988464 -1214.15703010559 -1151.53808403015 -1174.22226715088 -1135.03847885132 -1111.30850028992 -1142.15449333191
-994.664152145386 -1024.42607593536 -1088.84140586853 -1167.2075176239 -1241.49647521973 -1277.07773971558 -1267.68534660339 -1200.70372009277 -1245.30283355713 -1352.146484375 -1353.50146484375 -1183.12665748596 -1215.76231002808 -1202.72822189331 -1165.45537567139 -1160.70107269287 -1151.37997436523 -1100.83857727051 -1093.39013290405 -1102.6621131897 -1123.67841148376 -1146.97998809814 -1155.70098495483 -1175.09550666809 -1242.89110946655 -1254.42002868652 -1266.61005401611 -1298.35683059692 -1289.3452205658 -1306.42372322083 -1327.18457221985 -1326.64130592346 -1330.60605239868 -1326.1789150238 -1307.1953125 -1291.72929573059 -1312.80867958069 -1315.24004173279 -1199.49746131897 -1258.43202972412 -1256.75389862061 -1225.92089653015 -1212.66055107117 -1196.79570770264 -1150.98114585876
-959.889554977417 -1084.94569969177 -1160.67870521545 -1203.60703086853 -1272.21044158936 -1294.02960014343 -1238.26445388794 -1182.75996017456 -1212.1372089386 -1298.17704200745 -1327.63544464111 -1271.39150619507 -1286.83028030396 -1257.1469745636 -1221.68330574036 -1138.55878257751 -1124.81182289124 -1107.84502601624 -1098.91592407227 -1089.86162185669 -1104.19179725647 -1114.42314910889 -1137.4384765625 -1143.21152114868 -1229.93574523926 -1270.9853553772 -1279.04277229309 -1280.43535423279 -1269.93222808838 -1273.43387985229 -1300.03574371338 -1323.49912261963 -1332.06757926941 -1331.59404182434 -1325.00742721558 -1320.20761680603 -1315.92461013794 -1259.81796836853 -1329.70400047302 -1306.24014091492 -1299.07734489441 -1280.43027687073 -1286.76523208618 -1265.83134651184 -1200.81817054749
-1017.92578029633 -1229.45195388794 -1234.69199562073 -1264.66610717773 -1294.02070045471 -1292.17578125 -1235.68720626831 -1238.50829696655 -1265.69638824463 -1326.35185813904 -1296.5961971283 -1221.96249961853 -1207.35048866272 -1227.62216758728 -1217.81552314758 -1155.74560165405 -1089.63349151611 -1116.84677314758 -1134.2685508728 -1147.93632888794 -1162.17284584045 -1171.31746864319 -1172.86454772949 -1158.88360214233 -1242.82783699036 -1303.59169960022 -1272.69580078125 -1231.6140537262 -1246.4960975647 -1249.08164596558 -1242.5048789978 -1297.65312576294 -1351.67265892029 -1349.51649665833 -1334.21434783936 -1317.97373008728 -1324.4650478363 -1304.66942977905 -1296.37343788147 -1301.75868797302 -1295.70253562927 -1307.74686813354 -1324.86571884155 -1327.28242683411 -1309.34472465515
-1065.54883289337 -1251.01279449463 -1322.39385795593 -1308.81025695801 -1300.76649665833 -1240.69238471985 -1252.0561542511 -1287.97744560242 -1306.23154067993 -1337.06981086731 -1241.38387298584 -1215.77763748169 -1227.025390625 -1203.38838386536 -1165.62119293213 -1116.72959709167 -1092.71973991394 -1121.47373008728 -1139.89121246338 -1160.142578125 -1175.84364700317 -1174.79599952698 -1190.70283317566 -1222.11415672302 -1251.13701438904 -1267.28515625 -1247.79697227478 -1224.34453201294 -1178.77754402161 -1225.19023132324 -1219.84716415405 -1281.59610176086 -1339.57812309265 -1355.08212471008 -1336.65439414978 -1310.64023399353 -1303.15195274353 -1306.69257354736 -1267.53974342346 -1270.90859794617 -1263.81591796875 -1276.67607688904 -1329.65019607544 -1390.21641159058 -1371.25986099243
-1019.10683345795 -1207.38652229309 -1276.94941329956 -1188.94404029846 -1282.50340843201 -1233.5434551239 -1245.68280601501 -1248.35224723816 -1246.26777458191 -1301.89423370361 -1247.41913604736 -1233.95156478882 -1200.2587852478 -1170.49180221558 -1157.35370826721 -1120.46484565735 -1081.10136795044 -1111.79071998596 -1121.24520301819 -1115.95079231262 -1161.85116577148 -1181.9868183136 -1197.96768188477 -1169.17148590088 -1155.1342754364 -1184.03789520264 -1226.30595779419 -1184.68193817139 -1178.65927886963 -1173.14619445801 -1210.16172218323 -1245.24862670898 -1289.42695808411 -1309.76181793213 -1319.05682945251 -1292.60742378235 -1263.3481426239 -1267.72343635559 -1212.32938575745 -1192.9785194397 -1262.56093597412 -1267.83798027039 -1310.30586242676 -1349.63389015198 -1418.67343521118
-987.145211219788 -1123.09941101074 -1129.44188976288 -1110.99081993103 -1231.24882507324 -1253.82627105713 -1271.63574028015 -1286.97147941589 -1289.10741424561 -1281.12070083618 -1227.2898349762 -1156.09257316589 -1178.5671787262 -1184.55507087708 -1162.64131355286 -1110.06708717346 -1125.44853973389 -1131.91709709167 -1135.36454200745 -1154.44549751282 -1168.00595283508 -1160.52636528015 -1167.65039253235 -1148.09550285339 -1099.87695121765 -1133.74178886414 -1167.56620788574 -1140.38095664978 -1158.40654754639 -1185.77696418762 -1194.03086090088 -1202.33955001831 -1265.34725952148 -1284.38340377808 -1280.17421722412 -1258.65057754517 -1223.18495368958 -1206.49872779846 -1170.44179344177 -1191.41054534912 -1216.75273895264 -1215.95215034485 -1260.57782554626 -1306.40165710449 -1328.44199752808
-977.805859565735 -1006.98837184906 -1044.45361614227 -1140.91025161743 -1229.41924476624 -1253.46270179749 -1266.99921989441 -1275.61093330383 -1315.2041015625 -1278.96836090088 -1204.79384803772 -1187.36250495911 -1141.42089653015 -1145.6704120636 -1128.73945999146 -1131.72275352478 -1143.58651924133 -1148.77851676941 -1140.52158164978 -1125.34383964539 -1141.77275085449 -1129.29657936096 -1133.5581111908 -1128.15048980713 -1119.18974685669 -1128.45400428772 -1129.45507240295 -1170.25878715515 -1182.2944316864 -1206.04717063904 -1228.06728363037 -1226.11279678345 -1245.84560966492 -1258.85214996338 -1256.65781784058 -1267.67372894287 -1233.3950214386 -1190.17226600647 -1144.1137676239 -1153.58876609802 -1193.09228515625 -1160.01406097412 -1170.69940948486 -1244.68574714661 -1277.77012062073
-1110.95928573608 -1140.09247589111 -1167.61680412292 -1157.59013557434 -1158.33750915527 -1224.48212432861 -1271.33388900757 -1280.06533050537 -1311.33887481689 -1235.16416358948 -1176.33730125427 -1155.2099571228 -1119.62958717346 -1090.39199733734 -1110.62802886963 -1152.51923751831 -1166.07509231567 -1155.5519618988 -1110.7778377533 -1113.86416816711 -1108.74550056458 -1106.70215606689 -1106.32675933838 -1129.16835594177 -1150.28261947632 -1178.00654602051 -1194.53573799133 -1190.1665019989 -1191.52128601074 -1215.46641159058 -1234.96738243103 -1243.30312538147 -1230.89677810669 -1247.04609680176 -1246.41885185242 -1244.62647247314 -1253.05791282654 -1208.71729278564 -1173.03798103333 -1156.98798751831 -1174.15438842773 -1175.77314853668 -1182.8090877533 -1183.24472618103 -1196.29813575745
