Cases/SDM_Urocitellus_beldingi/westernUsClimate_modern/BIO01.asc
NCOLS 316 
NROWS 299 
XLLCORNER -124.820833001 
YLLCORNER 29.1625003333339 
CELLSIZE 0.0666666666645545 
NODATA_value -3.4e+38 
[rows 104 to 129 of 299, columns 0 to 57 of 316]
-3.4e+38 -3.4e+38 -3.4e+38 -3.4e+38 -3.4e+38 1171 1186.98412698413 1246.84375 1250.21875 1233.34375 1223.765625 1185.390625 1127.75 1024.4375 1039.4375 1052.640625 1123.015625 1191.5 1181.75 1130.9375 1071.765625 986.203125 879 1063.328125 1055.34375 1093.953125 1155.796875 1061.984375 973.03125 863.9375 763.625 880.125 957.4375 1050 901.171875 790.1875 832.5 823.84375 795.890625 754.3125 732.109375 805.8125 767.796875 782.828125 816.296875 823.609375 818.0625 823.71875 844.796875 805.5 801.53125 809.234375 795.4375 786.609375 794.734375 797.40625 767.703125 729.875
-3.4e+38 -3.4e+38 -3.4e+38 -3.4e+38 -3.4e+38 -3.4e+38 1178.95 1203.484375 1245.03125 1263.15625 1197.171875 1165.796875 1138.078125 1088.109375 1063.4375 1084.3125 1134.734375 1151.328125 1136.21875 1077.890625 1007.265625 824.96875 806.703125 978.78125 1029.953125 1098.875 1048.09375 982.6875 785.640625 666.109375 678.6875 691.796875 888.40625 911.71875 894.640625 841.65625 898.875 901.625 832.140625 804.984375 792.671875 792.59375 721.015625 775.421875 795.390625 797.03125 806.203125 803.53125 823.75 807.875 806.5 808.796875 728.671875 774.390625 779.84375 788.28125 774.375 744
-3.4e+38 -3.4e+38 -3.4e+38 -3.4e+38 -3.4e+38 -3.4e+38 1179 1188.39024390244 1204.609375 1237.296875 1220.953125 1163.921875 1149.375 1109.109375 1090.125 1090.140625 1049.875 1093.390625 1066.03125 950.328125 870.953125 905.140625 824.140625 868.03125 1032.640625 1054.28125 1003.6875 891.671875 729.71875 723.453125 920.71875 942.015625 1011.84375 989.96875 971.71875 1037.140625 1030.78125 1012.625 925.75 958.484375 866.046875 810.203125 791.1875 793.8125 782.515625 773.5 783.734375 794.8125 803.84375 814.859375 817.34375 805.953125 802.546875 783.96875 795.859375 803.484375 798.453125 781.296875
-3.4e+38 -3.4e+38 -3.4e+38 -3.4e+38 -3.4e+38 -3.4e+38 -3.4e+38 -3.4e+38 1166.79545454545 1192.203125 1213.5625 1174 1161.359375 1108.953125 1110.703125 1101.703125 1057.375 972.4375 942.484375 967.109375 1089.921875 1111.921875 1056.046875 1011.984375 940.71875 978.59375 929.796875 727.265625 793.640625 1072.546875 1045.828125 991.328125 983.765625 1108.3125 1109.453125 1122.515625 1094.578125 986.90625 828.9375 859.5625 824.84375 807.859375 790.578125 783.953125 796.09375 783.390625 790 803.015625 816.1875 821.734375 821.53125 812.390625 814.109375 825.53125 809.421875 821.109375 822.046875 805.609375
-3.4e+38 -3.4e+38 -3.4e+38 -3.4e+38 -3.4e+38 -3.4e+38 -3.4e+38 1111.66666666667 1132.37096774194 1166.25 1196.046875 1200.65625 1205.640625 1152.71875 1140.765625 1119.9375 1042.328125 920.578125 895.265625 1103.5625 1158.03125 1180.9375 1182.25 1173.125 1157.59375 1167.53125 1162.984375 1103.875 1094.21875 1152.671875 1128.140625 1130.640625 1049.703125 1108.28125 1113.453125 1127.46875 1056.125 923.703125 659.765625 736.65625 800.15625 781.953125 780.65625 780.078125 829.90625 803.046875 804.125 830.28125 825.1875 814.6875 814.078125 810 810.859375 817.046875 811.1875 815.984375 815.359375 807.171875
-3.4e+38 -3.4e+38 -3.4e+38 -3.4e+38 -3.4e+38 -3.4e+38 -3.4e+38 1105.57142857143 1119.90625 1162.21875 1220.609375 1217.5625 1187.34375 1154.90625 1073.609375 1045.453125 970.890625 977.15625 960.09375 1045.4375 1157.703125 1232.265625 1229.734375 1169.9375 1148.546875 1121.53125 1189.3125 1172 1128.15625 1126.234375 1077.921875 1084.3125 1110.015625 1121.359375 1105.71875 1111.78125 1077.359375 988.875 735.625 646.09375 765.703125 762.390625 781.953125 813.484375 858.78125 845.8125 825.359375 859.0625 824.453125 814.28125 814.171875 809.265625 810.046875 831.890625 824.578125 813.28125 810.21875 804.421875
-3.4e+38 -3.4e+38 -3.4e+38 -3.4e+38 -3.4e+38 -3.4e+38 -3.4e+38 -3.4e+38 1123.25 1152.34375 1230.328125 1179.375 1186.453125 1177.515625 1144.96875 1024.21875 1013.921875 981.078125 1110.15625 1187.234375 1228.078125 1222.234375 1188.859375 1093.453125 923.90625 938.46875 1018.84375 1168.96875 1045.78125 993.234375 998.03125 1025.09375 1105.21875 1128.125 1117.453125 1103.578125 1086.390625 1039.5 816.84375 741.703125 846.1875 837.46875 793.78125 843.40625 820.046875 834.09375 877.734375 881.015625 887.390625 876.671875 831.234375 815.953125 813.0625 825.9375 822.453125 820.234375 813.875 804.09375
-3.4e+38 -3.4e+38 -3.4e+38 -3.4e+38 -3.4e+38 -3.4e+38 -3.4e+38 -3.4e+38 1125 1133.64 1164.34375 1164.671875 1143.78125 1209.625 1200.5 1132.078125 970.203125 969.078125 1107 1194.328125 1255.625 1193.359375 1138.828125 854.6875 855.390625 1105.546875 1096.796875 1088.21875 1086.4375 1085.09375 1026.4375 1054.3125 1078.671875 1118.5625 1126.015625 1111.015625 1097.53125 1039.46875 764.34375 810.1875 864.171875 874.234375 826.5625 817.421875 834.65625 884.5 888.515625 795.28125 727.171875 772.671875 853.34375 825.421875 817.0625 822.5 824.1875 834.734375 825.546875 804.34375
-3.4e+38 -3.4e+38 -3.4e+38 -3.4e+38 -3.4e+38 -3.4e+38 -3.4e+38 -3.4e+38 -3.4e+38 1114.83333333333 1125.984375 1179.609375 1163.9375 1163.96875 1162.40625 1097.5 950.140625 1102.609375 1180.359375 1272.140625 1241.8125 1093.328125 900.6875 898.34375 785.890625 905.703125 791.4375 1101.0625 1089.65625 1067.328125 1068.609375 1061.40625 974.46875 1071.015625 1132.125 1120.125 1103.703125 1053.265625 949.125 864.984375 798.328125 861.9375 820.921875 854.828125 851.828125 749.890625 739.90625 563.390625 477.40625 494.484375 808.703125 857.953125 831.625 834.234375 845.34375 848.96875 829.65625 833.96875
-3.4e+38 -3.4e+38 -3.4e+38 -3.4e+38 -3.4e+38 -3.4e+38 -3.4e+38 -3.4e+38 -3.4e+38 1105 1113.15 1153.671875 1193.25 1144.125 1192.703125 1151.015625 1105.046875 1117.96875 1226.359375 1292.46875 1178.953125 979.328125 913.90625 998.265625 923 713.875 862.21875 1032.953125 1081.125 1069.5 1063.59375 1014.4375 1004.984375 1068.203125 1124.234375 1126.71875 1088.4375 1018.578125 926.53125 817.15625 598.546875 763.84375 621.359375 778.203125 763.40625 705.453125 734.140625 722.625 663.625 695.890625 763.359375 838.21875 831.484375 841.046875 853.703125 841.515625 843.640625 862.796875
-3.4e+38 -3.4e+38 -3.4e+38 -3.4e+38 -3.4e+38 -3.4e+38 -3.4e+38 -3.4e+38 -3.4e+38 -3.4e+38 1103.68292682927 1151.46875 1207.84375 1190.296875 1225.25 1229.453125 1155.34375 1125.8125 1207.359375 1326.546875 1251.984375 1200.484375 1184.21875 1109.53125 907.5625 880.359375 844.8125 833.859375 1037.328125 1081.171875 1047.203125 967.015625 941.9375 979.484375 980.9375 1099.890625 1024.609375 907.40625 643.703125 450.5 648.6875 672.140625 675.234375 755.375 864.046875 866.234375 889.53125 895.203125 893.25 897.109375 882.75 856.59375 850.84375 850.421875 862.3125 843.46875 874.203125 885.5
-3.4e+38 -3.4e+38 -3.4e+38 -3.4e+38 -3.4e+38 -3.4e+38 -3.4e+38 -3.4e+38 -3.4e+38 -3.4e+38 1098.925 1128.828125 1182.859375 1206.65625 1192.015625 1171.03125 1177.359375 1187.9375 1245.515625 1334.609375 1342.375 1322.359375 1121.96875 837.140625 908.875 1003.90625 876.5625 815.078125 968.015625 1068.921875 1018.921875 984.609375 941.359375 640.40625 763.265625 925.25 944.5625 844.890625 313.40625 -71.65625 562.28125 847 880.859375 888.90625 826.96875 871.34375 896.28125 905.84375 912.859375 930.390625 907.359375 887.21875 871.8125 867.5625 887.203125 840.09375 876 886.578125
-3.4e+38 -3.4e+38 -3.4e+38 -3.4e+38 -3.4e+38 -3.4e+38 -3.4e+38 -3.4e+38 -3.4e+38 -3.4e+38 1112.75 1132.53125 1158.234375 1224.46875 1258.75 1227.390625 1276.921875 1261.453125 1325.8125 1364.375 1274.953125 1337.859375 1141.671875 965.6875 1126.1875 1028.84375 1081.890625 750.84375 857.921875 1020.0625 986.75 956.890625 781.78125 626.4375 592.90625 613.0625 930.90625 960.46875 774.25 685.8125 855.453125 921.65625 896.140625 853.796875 817.953125 886.53125 904.46875 928.96875 909.015625 910.171875 933.5 918.203125 902.84375 888.59375 887.6875 891.015625 843.5 810.5
-3.4e+38 -3.4e+38 -3.4e+38 -3.4e+38 -3.4e+38 -3.4e+38 -3.4e+38 -3.4e+38 -3.4e+38 1113.84615384615 1130.6875 1162.625 1190.375 1229.921875 1301.46875 1325.21875 1255.1875 1368.703125 1383.171875 1357.921875 1084.15625 1281.921875 1288.125 1230.03125 1095.03125 1022.484375 919.75 704.703125 670.28125 864.125 741.078125 740.15625 839.40625 810.109375 633.625 743.921875 947.203125 1039.671875 1048.125 1023.625 1003.703125 975.203125 929.15625 891.09375 875.125 902.875 931.015625 933.625 925.0625 934.828125 924.6875 903.671875 905.375 897.234375 896.3125 901.140625 812.5 843.890625
-3.4e+38 -3.4e+38 -3.4e+38 -3.4e+38 -3.4e+38 -3.4e+38 -3.4e+38 -3.4e+38 -3.4e+38 1107.5625 1128.796875 1198.0625 1201.546875 1232.46875 1253.546875 1330.625 1365.828125 1355.5 1284.296875 1294.671875 1050.53125 983.15625 1172.625 1213.328125 1169.046875 1040.15625 1032.984375 770.40625 636.765625 640.765625 595.15625 779.78125 994.90625 834.03125 673.171875 754.703125 930.234375 1073.734375 1141.546875 1094.5625 1075.9375 1035.75 900.421875 770.5625 755.203125 871.234375 960.84375 967.640625 955.40625 956.5625 975.765625 976.109375 854.765625 894.65625 900.671875 912.609375 916.046875 916.640625
-3.4e+38 -3.4e+38 -3.4e+38 -3.4e+38 -3.4e+38 -3.4e+38 -3.4e+38 -3.4e+38 -3.4e+38 1098.55555555556 1133 1170.765625 1210.828125 1291.265625 1216.953125 1328.828125 1368 1360.71875 1293.328125 1002.203125 1000.21875 962.59375 998.578125 997.984375 1109.84375 1104.15625 997.640625 727.609375 759.375 854.65625 884.40625 1009.21875 1006.828125 963.546875 893.65625 824.65625 1132.953125 1249.15625 1167.96875 1193.296875 1152.203125 1091.703125 893.28125 1017.6875 988.78125 893.953125 915.265625 1013.5 1005.59375 981.296875 989.359375 995.4375 936.046875 835.59375 915.171875 911.125 911.453125 900.625
-3.4e+38 -3.4e+38 -3.4e+38 -3.4e+38 -3.4e+38 -3.4e+38 -3.4e+38 -3.4e+38 -3.4e+38 1094.05769230769 1122.78125 1158.6875 1196.921875 1265.953125 1317.75 1232.46875 1357.96875 1377.703125 1280.234375 1074.484375 922.015625 1106.03125 1127.484375 884.28125 935.9375 898.71875 912.9375 802.625 704.515625 596.796875 893.015625 1165.484375 1051.5625 1008.859375 889.75 945.953125 1327.03125 1329.640625 1200.421875 1299.140625 1212.296875 1151.578125 1170.6875 1235.875 1102.078125 902.984375 1049.03125 1048.453125 1032.5 1015.6875 995.03125 997.40625 996.3125 944.40625 920.4375 906.125 898.53125 846
-3.4e+38 -3.4e+38 -3.4e+38 -3.4e+38 -3.4e+38 -3.4e+38 -3.4e+38 -3.4e+38 -3.4e+38 1105.65 1098.703125 1110.296875 1207.90625 1174.546875 1289.03125 1227 1225.828125 1375.375 1368.09375 1252.609375 1085.015625 1128.71875 1142.8125 1054.140625 961.8125 938.890625 593.125 634.15625 617.5 658.328125 902.453125 1177.421875 1204.65625 1155.234375 1161.0625 1317.046875 1401.71875 1349.140625 1217.328125 1362.734375 1234.109375 1284.203125 1311.203125 1295.3125 1179 1053.015625 1084.75 1051.546875 1061.625 1072.109375 1010.625 977.75 986.3125 978.0625 958.171875 853.546875 794.765625 775.78125
-3.4e+38 -3.4e+38 -3.4e+38 -3.4e+38 -3.4e+38 -3.4e+38 -3.4e+38 -3.4e+38 -3.4e+38 1112.98113207547 1113.28125 1122.5625 1203.640625 1202.953125 1231.375 1238.78125 1264.578125 1342.796875 1337.609375 1239.859375 1153.28125 1219.21875 1128.5 877.296875 939.984375 1030.546875 767.140625 807 790.1875 739.171875 1087.796875 1145.140625 1171.765625 1137.609375 1269.90625 1416.171875 1476.640625 1424.921875 1444.96875 1410.234375 1399.078125 1383.546875 1361.3125 1289.96875 1045.953125 1022.9375 1034.03125 995.765625 1023.125 1049.546875 1045.484375 987.25 995.234375 985.421875 962.453125 818.390625 798.84375 807.75
-3.4e+38 -3.4e+38 -3.4e+38 -3.4e+38 -3.4e+38 -3.4e+38 -3.4e+38 -3.4e+38 1150.36363636364 1140.09523809524 1141.359375 1167.859375 1177.265625 1197.25 1169.71875 1254.109375 1115.71875 1286.359375 1362.828125 1335.546875 1273.03125 1201.5 1068.125 1100.5625 1049.9375 1121.984375 1041.203125 877.59375 1016.765625 1109.75 1155.359375 1116.375 1109.78125 1181.90625 1271.234375 1424.828125 1553.484375 1499.734375 1504.359375 1421.34375 1474.65625 1450.671875 1420.09375 1350.125 1064.03125 952.75 978.71875 935.21875 983.5 1002.453125 1013.3125 977.40625 902.8125 888.359375 868.71875 861.453125 845.6875 840.21875
-3.4e+38 -3.4e+38 -3.4e+38 -3.4e+38 -3.4e+38 -3.4e+38 -3.4e+38 1166 1155.17543859649 1161.03125 1162.984375 1193 1244.375 1216.4375 1200.25 1157.25 1157.78125 1091.859375 1298.234375 1270.25 1274.84375 1251.9375 1271.15625 1150.6875 1120.21875 1207.53125 1154.59375 897.71875 1027.859375 1100.859375 1139.796875 1114.65625 1141.4375 1179.109375 1229.40625 1359.828125 1589.5 1549.203125 1471.09375 1534.546875 1527.40625 1507.703125 1461.953125 1361.796875 1031.140625 900.34375 957.859375 803.75 878.765625 961.6875 974.953125 876.65625 786.828125 770.171875 736.84375 750.828125 744.328125 726.703125
-3.4e+38 -3.4e+38 -3.4e+38 -3.4e+38 -3.4e+38 -3.4e+38 -3.4e+38 1173.1875 1164.921875 1172.09375 1180.546875 1205.1875 1217.015625 1210.390625 1242.625 1061.703125 1058.375 1173.8125 1257.21875 1273.46875 1111.9375 1118.0625 1118.921875 1251.28125 1195.609375 1088.453125 1240.125 1146.71875 1176.4375 1154.0625 1168.5625 1134.09375 1217.9375 1224.78125 1272.703125 1507.71875 1600.78125 1615.171875 1594.5625 1640.640625 1589.59375 1545.9375 1491.109375 1321.21875 1057.828125 843.5625 831.578125 765.890625 703 841.875 947.40625 845.96875 767 712.796875 689.28125 663.515625 643.8125 651.265625
-3.4e+38 -3.4e+38 -3.4e+38 -3.4e+38 -3.4e+38 -3.4e+38 1189.75 1183.53125 1183.75 1202.03125 1243.9375 1260.953125 1253.875 1204.015625 1244.109375 1186.359375 1118.796875 1107.6875 1070.046875 1261.34375 1239.0625 1184.109375 1115.3125 1052.875 1010.0625 1023.953125 1179.921875 1214.09375 1205.15625 1134.3125 1057.703125 1103.25 1308.796875 1386.6875 1383.09375 1641.140625 1717.390625 1712.65625 1700.09375 1689.078125 1671.25 1631.390625 1552.71875 1447.546875 1274.390625 1026.46875 808.84375 670.84375 663.671875 753.625 860.28125 805.4375 723.8125 709.859375 656.375 616.6875 597.671875 622.484375
-3.4e+38 -3.4e+38 -3.4e+38 -3.4e+38 -3.4e+38 -3.4e+38 1187.89583333333 1189.40625 1190.734375 1197.0625 1235.953125 1261.78125 1237.03125 1275.234375 1269.890625 1210.859375 1129.203125 1151.359375 1072.796875 1085.75 1294.375 1204.84375 1170.28125 1140.671875 1101.90625 1116.078125 1108.953125 1143.875 1196.5 1109.125 1018.453125 1030.75 1078.78125 1346.546875 1573.296875 1704.953125 1735.40625 1706.703125 1692.390625 1684.234375 1678.140625 1663.46875 1580.65625 1483.265625 1337.578125 1120.09375 904.796875 756.46875 701.46875 749.96875 741.71875 669.125 627.28125 620.84375 601.34375 604.125 608.421875 618.0625
-3.4e+38 -3.4e+38 -3.4e+38 -3.4e+38 -3.4e+38 1188.25 1186.8125 1237.765625 1270.65625 1252.984375 1237.234375 1252.09375 1231.09375 1209.671875 1217.90625 1251.375 1208.140625 1151.46875 1139.53125 1025.40625 1206.375 1140.140625 1099.28125 1121.265625 1152.65625 1111.78125 1084.234375 1072.4375 1117.953125 1089.984375 1008.171875 1113.5 1227.875 1392 1587.546875 1687.5625 1693.0625 1679.96875 1671.84375 1664.453125 1676 1644.40625 1515.984375 1352.53125 1163.109375 1070 1035.75 888.015625 654.65625 553.125 586.0625 567.625 564.203125 478.90625 522.671875 592.578125 615.75 623.109375
-3.4e+38 -3.4e+38 -3.4e+38 -3.4e+38 -3.4e+38 1187.13513513514 1208.828125 1267.375 1285.984375 1263.0625 1275.65625 1266.953125 1237.6875 1210.078125 1244.03125 1277.59375 1226.15625 1183.375 1103.25 1125.125 1100.015625 1194.28125 1099.6875 1112.734375 1097.421875 1076.78125 1049.703125 968 1116.109375 1163.765625 1216.015625 1300.328125 1523.265625 1622.578125 1659.703125 1697 1694.34375 1673.125 1652.09375 1635.484375 1661.21875 1600.96875 1490.84375 1392.203125 1325.78125 1176.375 1020.5 844.109375 560.03125 409.03125 502.046875 571.53125 535.375 466.359375 511.890625 586.5625 629.3125 650.171875
