Cases/SDM_Urocitellus_beldingi/westernUsClimate_modern/BIO02.asc
NCOLS 316 
NROWS 299 
XLLCORNER -124.820833001 
YLLCORNER 29.1625003333339 
CELLSIZE 0.0666666666645545 
NODATA_value -3.4e+38 
[rows 25 to 49 of 299, columns 114 to 170 of 316]
1205.1875 1213.203125 1226.40625 1209.875 1188.359375 1205.65625 1215.234375 1225.890625 1251.125 1214.78125 1129.828125 1062.546875 914.890625 1041 1062.75 996.828125 1068.3125 988.6875 952.3125 1013.078125 974.5 986.203125 950.328125 922.65625 993.796875 1117.84375 1290.828125 1403.375 1275.171875 1241.546875 1100.5 1095.25 1089.484375 1042.96875 1168.4375 1126.984375 1201.609375 1023.109375 1123.84375 1305.890625 1171.5 1056.125 1138.9375 1276.6875 1259.21875 1249.34375 1252.015625 1254.953125 1076.953125 948.796875 1027.78125 1189.734375 1242.4375 1308.078125 1283.21875 994.96875 1071.65625
1227.046875 1200.375 1204.28125 1211.8125 1203.265625 1203.625 1203.171875 1216 1240.59375 1246.34375 1243 1235.15625 1210.546875 1223.875 1210.8125 1116.046875 1161.671875 1084.71875 961.734375 1085.625 936.921875 1047.734375 1001.484375 1002.40625 939.015625 910.640625 1075.84375 1085.109375 1109.09375 1255.609375 1242.328125 1276.5 1377.578125 1222.15625 1204.53125 1133.390625 1219.390625 1120.921875 1196.4375 1123.296875 1226.640625 1222.796875 1261.59375 1306.4375 1207.140625 1209.1875 1288.875 1273.625 1145.078125 887.734375 964.625 1118.015625 1141.03125 1130 1393.578125 1112.609375 1039.609375
1244.6875 1223.25 1228.640625 1242.0625 1233.6875 1175.28125 1187.140625 1232.90625 1129.4375 1211.625 1265.578125 1284.875 1225.375 1251.59375 1258.34375 1245.15625 1240.640625 1217.578125 1170.828125 1153.78125 1182.734375 1181.71875 1037.84375 1066.953125 1119.34375 949.046875 932.5625 876.421875 984.40625 1107 1195.9375 1208.296875 1360.875 1215.84375 1077.953125 997.453125 976.59375 985.71875 992.65625 932.09375 932.46875 999.328125 1074.34375 1073.84375 1214.84375 1240.5625 1174.96875 1172.609375 1169.203125 1110.984375 1004.921875 1163.6875 1158.296875 1145.40625 1421.296875 1269.015625 1193
1263.34375 1264.6875 1268.765625 1284.59375 1303.1875 1219.25 1203.5 1265.5625 1276.65625 1272.390625 1286.984375 1290.03125 1201.484375 1102.21875 1170.328125 1157.09375 1102.203125 1116.859375 1026.03125 1110.8125 1199.828125 1071.671875 1113.578125 940.390625 1063.921875 1124.515625 1045.6875 1079.9375 966 969.8125 945.625 989.890625 1110.84375 1230.03125 1318.6875 1245.03125 1016.59375 977.34375 1093.84375 1269.109375 1091.34375 948.046875 880.375 926.828125 1236.796875 1263.796875 1270.359375 1190.96875 1160.5 1231.21875 1202.109375 1185.390625 1149.734375 1203 1393.75 1502.65625 1472.65625
1272.265625 1272.765625 1264.734375 1258.328125 1300.390625 1285.875 1235.53125 1237.53125 1265.234375 1261.21875 1227.375 1289.90625 1285.34375 1154.78125 1069.015625 1162.46875 1195.25 1049.40625 858.65625 1009.875 1097.390625 1058.625 1030.578125 907.0625 977.984375 994.71875 996.359375 1155.859375 994.34375 968.015625 888.125 906.578125 1019.625 1095.5 1129.609375 1238.90625 1343.28125 1225.640625 941.640625 1081.109375 1321.625 1274.421875 1046.484375 906.09375 999.0625 1011.75 1132.546875 1316.71875 1226.375 967.484375 1056.984375 1136.96875 1096.921875 1164.5 1441.671875 1494.3125 1471.5
1261.15625 1267.703125 1275.890625 1240.25 1245.65625 1269.921875 1265.03125 1219.84375 1262.515625 1213.71875 1170.953125 1197.46875 1303.78125 1315.796875 1231.53125 1236.3125 1048.671875 933.734375 914.75 904.234375 1065.921875 1073.625 1110.171875 975.875 943.3125 977.8125 980.09375 1089.515625 1036.28125 934.125 989.765625 942.09375 968.265625 995.546875 1125.765625 1095.9375 1350.046875 1277.828125 1178.21875 1008.890625 1159.171875 1274.703125 1381.21875 1327.46875 1166.90625 1064.890625 1091.640625 1282.96875 960.65625 960.796875 1067.734375 1127.859375 1156.25 1131.78125 1133.90625 1196.03125 1346.921875
1253.96875 1265.421875 1275.359375 1281.03125 1302.34375 1290.609375 1199.734375 1268.59375 1267.0625 1226.46875 1228.453125 1194.453125 1262.6875 1298.203125 1329.671875 1261.234375 1095.625 1007.015625 952.9375 1106.546875 899.765625 906.515625 1089.546875 1238.703125 1073.5 979.109375 914.46875 1002.203125 1002.953125 979.140625 951.140625 1024.34375 899.859375 1021.421875 926.90625 1030.328125 1193.078125 1318 1304.078125 1297.171875 1275.09375 1286.046875 1291.640625 1280.5625 1367.875 1334.6875 1288.75 1240.671875 1127.40625 981.25 1146.21875 1143.078125 1271.421875 1246.375 1304.109375 1272.453125 1318.71875
1233.09375 1252.109375 1269.640625 1293.828125 1318.5 1314.953125 1277.09375 1262.4375 1254.859375 1182.75 1233.53125 1278 1288.90625 1292.78125 1176.15625 1088.59375 1087.140625 1154.984375 1207.3125 1264.921875 1229.421875 1117.078125 1140 986.578125 983.296875 924.65625 1098.015625 1025.328125 1057.5 923.9375 1022.4375 1131.09375 1029.515625 941.421875 991.03125 1129.828125 1196.078125 1283.90625 1201.484375 1080.65625 1141.34375 1237.25 1008.734375 1121.328125 1264.53125 1359.109375 1327.265625 1333.609375 1291.625 1236.359375 1096.046875 1103.703125 1403.015625 1512.84375 1426.25 1437.140625 1576.734375
1211.53125 1232.25 1235.375 1241.984375 1255.15625 1249.203125 1271.125 1264.546875 1263.203125 1245.671875 1269.890625 1284.234375 1286.609375 1271.3125 1208.796875 1169.28125 969.703125 1014.21875 1225.46875 1334.1875 1307.5625 1198.71875 1262.421875 1239.796875 1216.734375 1004.234375 1179.515625 1150.125 1081.625 967.359375 1067.640625 1209.578125 1151.4375 1069.671875 954.03125 1059.28125 1082.40625 1238.921875 1247.09375 1125.46875 1085.4375 1296.984375 1048.046875 1108.375 1068.296875 1220.3125 1345.96875 1336.734375 1301.78125 1286.8125 1323.265625 1205.234375 1197.265625 1433.875 1631.265625 1569.609375 1369
1183.921875 1187.71875 1202 1208.859375 1138.203125 1091.90625 1228.453125 1257.453125 1257.5625 1274.6875 1291.3125 1297.875 1282.59375 1283.046875 1295 1302.140625 1193.0625 1114.828125 1297.140625 1296.515625 1218.4375 1074.359375 1094.9375 1232.53125 1078.5 1161.25 1237.6875 1115.609375 933.328125 1013.984375 1087.875 1225.109375 1246.234375 1061.890625 979.8125 990.796875 992.046875 1103.28125 1284.96875 1337.296875 1259.640625 1348.5 1357.984375 1219.140625 1128.859375 1090.703125 1331.78125 1354.296875 1246.09375 1208.015625 1143.328125 1357.84375 1363.71875 1201.125 1213.71875 1216.578125 1150.828125
1141.390625 1120.484375 1184.859375 1242.4375 1255.15625 1265.234375 1255.34375 1242.5 1257.21875 1282.65625 1287.953125 1297.90625 1258.25 1304.78125 1295.78125 1330.84375 1144.328125 1237.21875 1321.609375 1239.140625 1185.90625 1139.3125 1173.640625 1156.5625 1232.203125 1197.671875 1026.421875 963.890625 1148.8125 1192.0625 1078.75 1200.515625 1319.984375 1280.09375 1159.5 1180.53125 1044.515625 1020.734375 1032.234375 1289.53125 1425.046875 1219.046875 1179.203125 1289.53125 1200.375 1183.328125 1336.953125 1390.625 1220.875 1242.484375 1139.65625 1226.796875 1325.4375 1362.6875 1418.34375 1328.546875 1265.453125
1130.890625 1141.578125 1171.40625 1219.828125 1247.515625 1263.828125 1243.34375 1228.34375 1249.015625 1272.65625 1278.890625 1275.953125 1234.609375 1245.578125 1289.75 1297.25 1238.15625 1282.3125 1316.6875 1226.015625 1324.984375 1276 1212.53125 1132.96875 1114.96875 1181.6875 1137.171875 1259.1875 1194.125 1055.90625 1080.46875 1170.171875 1277.234375 1116.71875 1140.53125 1021.359375 1012.75 1089.921875 1091.28125 1164.046875 1196.40625 1134.140625 1055.203125 1023.703125 931.859375 912.484375 1270.15625 1450.484375 1374.765625 1260.515625 1156.6875 1136.625 1186.78125 1330.25 1176.40625 1184.515625 1273.84375
1112.203125 1107.59375 1138.484375 1208.6875 1230.359375 1208.515625 1228.046875 1236.375 1260.5 1269.0625 1273.078125 1237.21875 1152.328125 1263.109375 1308.875 1272.1875 1246.59375 1257.640625 1218.28125 1200.28125 1225.65625 1285.84375 1141.6875 1212.34375 1189.40625 1217.625 1278.4375 1179.25 1114.203125 1084.8125 1074.078125 1138.859375 1111.796875 1086.03125 1067.734375 1053.234375 1057.953125 1098.109375 1231.703125 1252.234375 1182.671875 1134.765625 1109.46875 987.625 945.265625 1115.484375 1449.25 1488.328125 1456.734375 1416.296875 1164.4375 1108.625 1163.5 1332.546875 1151.359375 1088.046875 1208.15625
1093.453125 1092.28125 1158.28125 1189.984375 1183.578125 1137.03125 1151.09375 1245.421875 1257 1252.25 1243.484375 1194.875 1188.796875 1245.046875 1274.421875 1231.96875 1173.03125 1175.140625 1222.171875 1254.09375 1325.0625 1310.5 1117.5625 1123.125 1047.28125 1105.140625 1236.359375 1259.109375 1178.1875 1106.890625 1046.828125 1087.96875 1098.65625 1078.1875 1147.875 1315.484375 1358.0625 1358.21875 1337.453125 1129.609375 1115.203125 1129.484375 1087.484375 1023.015625 1027.46875 1232.390625 1503.140625 1506.96875 1459.40625 1345.234375 1201.75 1257.4375 1233.890625 1170.21875 1120.6875 1167.8125 1069.71875
1185.9375 1111.953125 1123.65625 1184.25 1189.796875 1213.390625 1240.921875 1224.265625 1248.765625 1244.765625 1227.921875 1237.90625 1255.703125 1222.9375 1280.109375 1307.3125 1264.375 1230.15625 1237.078125 1270.09375 1332.21875 1371.390625 1176.28125 1003.71875 954.796875 1021.609375 1003.5 1099.5625 1134.5625 1104.703125 1051.765625 1188.53125 1300.765625 1352.828125 1248.59375 1263.46875 1098.015625 1068.765625 1129.859375 1215.84375 1190.890625 1070.859375 1059.9375 1064.8125 1158.28125 1379.421875 1504.953125 1486 1435.859375 1335.890625 1188.15625 1286.03125 1164.625 1092.453125 1065.140625 1245.46875 1136.078125
1220.6875 1241.4375 1279.109375 1221.140625 1189.390625 1176.4375 1245.515625 1216 1236.171875 1235.125 1191.609375 1193.25 1234.53125 1226.4375 1212.6875 1286.9375 1238.53125 1231.265625 1262.8125 1295.171875 1326.5 1364.421875 1326.765625 1195.96875 1003.96875 1015.625 1053.515625 1078 1049.171875 1170.453125 1210.640625 1139.59375 1088.875 1094.28125 1077.21875 1090.328125 1041.75 1002.359375 1108.328125 1190.421875 1218.984375 1179.765625 1061.09375 1120.453125 1300.203125 1464.078125 1467.71875 1443.359375 1383.234375 1288.890625 1197.375 1114.4375 1287.625 1276.703125 1143.515625 1339.15625 1172.453125
1189.203125 1218.25 1240.625 1209.46875 1237.5625 1233.140625 1281.546875 1243.65625 1181.53125 1204.65625 1254.953125 1257.34375 1256.53125 1247.09375 1221.203125 1247.03125 1270.21875 1224.515625 1225.71875 1283.140625 1270.671875 1290.203125 1299.140625 1176.484375 1036.203125 1065.40625 1127.59375 1183.953125 1241 1114.140625 1027.921875 1088.8125 1088.90625 1079.34375 1104.40625 1093.734375 1039.8125 1064 1092.265625 1192.09375 1172.78125 1123.921875 1113.671875 1159.296875 1298.84375 1457.65625 1442.359375 1437.328125 1378.75 1164.75 1123.390625 1117.71875 1107.84375 1306.921875 1349.296875 1415.125 1340.28125
1164.40625 1182.03125 1154.703125 1231.09375 1225.890625 1251.28125 1198.5625 1125.03125 1111.171875 1242.984375 1253.140625 1251.5625 1248.6875 1256.71875 1227.375 1211.640625 1270.59375 1316.09375 1259.421875 1241.375 1271.328125 1255.90625 1184.1875 1075.625 996.109375 1108.28125 1115.125 1191.5 1086.671875 1043.765625 1113.0625 1147.15625 1147.515625 1159.09375 1176.578125 1099.796875 996.234375 1250.84375 1261.890625 1216.75 1200.3125 1098.703125 1113.28125 1099.765625 1262.625 1460.59375 1452.875 1453.390625 1359.421875 1181.234375 1094.453125 1117.65625 1141.921875 1203.25 1274.4375 1389.734375 1325.5
1146 1115.515625 1154.625 1221.359375 1223.359375 1112.25 986.21875 988.109375 1128.625 1213.28125 1238.203125 1244.09375 1260.765625 1260 1234.8125 1241.875 1251.796875 1324.90625 1345.984375 1240.84375 1216.28125 1092.671875 1064.28125 1089.078125 1177.5 1175.28125 1140.8125 1139.390625 1033.265625 1049.625 1053.796875 1133.46875 1104.265625 1195.390625 1354.34375 1400.828125 1282.296875 1343.078125 1184.265625 1175.8125 1196.671875 1107.625 1118.96875 1151.65625 1244.46875 1467.390625 1461.3125 1454.5 1373.15625 1252.6875 1247.671875 1182.515625 1207.109375 1114.796875 1272.921875 1384.484375 1344.71875
1073.71875 1105.796875 1143.59375 1194.71875 1241.796875 1112.234375 981.125 971.296875 1040.28125 1096.71875 1178.703125 1242.3125 1222.0625 1235.953125 1235.390625 1250.296875 1197.671875 1248.21875 1374.546875 1331.765625 1285.703125 1250.625 1183.59375 1161.65625 1249.296875 1152.546875 1098.6875 1115.46875 1170.53125 1113.796875 1053.46875 1254.390625 1325.75 1352.515625 1422.25 1281.078125 1199.328125 1239.421875 1248.21875 1278.328125 1193.203125 1196.421875 1193.75 1194.84375 1304.515625 1491.609375 1479.328125 1419.953125 1342.859375 1217.9375 1303.421875 1205.734375 1199.84375 1240.5 1293.5625 1337.9375 1318.34375
1151.671875 1227.140625 1227.75 1299.046875 1227.875 1039.3125 1065.21875 1100.109375 1181.34375 1127.34375 1059.484375 1038.890625 1120.796875 1232.234375 1250.328125 1260.578125 1277.484375 1262.078125 1330.484375 1270.296875 1256.828125 1177.484375 1092.34375 1145.96875 1250.4375 1279.828125 1264.703125 1283.53125 1319.796875 1295.796875 1343.765625 1323.984375 1348 1318.21875 1325.125 1450.265625 1415.421875 1403.984375 1320.34375 1239.109375 1188.765625 1146.84375 1179.796875 1218.46875 1435.796875 1501.375 1408.328125 1267.265625 1299.359375 1240.375 1193.625 1127.171875 1180.171875 1170.15625 1270.96875 1338.390625 1198.25
1212.4375 1245.65625 1284.71875 1166.34375 1304.09375 1153.8125 1134.421875 1258.234375 1265.796875 1228.75 1171.796875 1141.359375 1104.5625 1181.734375 1231.53125 1245.25 1252.25 1265.9375 1288.921875 1251.765625 1143.125 1162.078125 1167.296875 1197.625 1265.640625 1298.390625 1284.375 1254.078125 1299.828125 1288.078125 1282.59375 1252.59375 1324.90625 1305.625 1331.328125 1516 1431.71875 1343.453125 1238.84375 1166.453125 1207.125 1222.625 1131.984375 1202.640625 1316.5 1498.40625 1479.296875 1410.015625 1391.203125 1325.046875 1214.5 1221.296875 1247.796875 1168.734375 1208.578125 1198.59375 1079.34375
1273.25 1205.0625 1203.09375 1081.96875 1184.25 1294.359375 1175.3125 1252.75 1094.21875 1082.703125 1088.234375 1203.828125 1238.828125 1185.0625 1220.796875 1249.25 1254.734375 1246.296875 1270.1875 1206.609375 1146.796875 1118.796875 1212.65625 1378.375 1351.515625 1398.109375 1402.515625 1332.953125 1311.921875 1386.546875 1387.96875 1344.03125 1333.3125 1306.4375 1415.703125 1540.1875 1463.3125 1387.9375 1220.515625 1277.5625 1276.34375 1198.265625 1159.328125 1151.65625 1253.203125 1477.5 1529.21875 1418.828125 1491.609375 1451.8125 1292.34375 1438.234375 1481.59375 1313.921875 1181.5 1102.78125 1104.5625
1129.0625 1044.296875 1029.375 1005.78125 1120.078125 1249.78125 1332.234375 1287.484375 1055.09375 1024.15625 1076.984375 1028.90625 1157.875 1194.984375 1202.046875 1294.796875 1376.484375 1327.625 1292.703125 1253.75 1249.78125 1316.859375 1386.109375 1483.328125 1498.859375 1485.640625 1608.765625 1484.96875 1377.875 1489.5625 1513.109375 1461.515625 1415.328125 1486.3125 1524.828125 1421.671875 1507.34375 1475.546875 1317.5 1323.375 1264.421875 1218.234375 1163.125 1187.09375 1325.625 1456.84375 1255.625 1456.5625 1540.359375 1567.09375 1369.140625 1302.921875 1197.28125 1202.8125 1106.0625 1150.5 1227.859375
1318.4375 1101.03125 1164.5625 1147.71875 1022.140625 1074.34375 1281.9375 1361.0625 1317.75 1287.671875 1204.84375 1010.578125 1016.171875 1274.125 1271.109375 1275.890625 1364.609375 1434.328125 1364.53125 1336.34375 1361.03125 1390.21875 1445.40625 1482.515625 1505.828125 1535.6875 1597.703125 1572.140625 1527.71875 1507.296875 1478.71875 1499.015625 1485.875 1496.34375 1330.796875 1237.9375 1477.28125 1463.859375 1419.71875 1222.546875 1164.1875 1251.078125 1312.03125 1408.1875 1481.765625 1268.890625 1186.984375 1291.0625 1350.890625 1397.84375 1235.078125 1165.75 1162.8125 1213.34375 1265.15625 1356.984375 1450.0625
