Cases/SDM_Urocitellus_beldingi/westernUsClimate_modern/BIO06.asc
NCOLS 316 
NROWS 299 
XLLCORNER -124.820833001 
YLLCORNER 29.1625003333339 
CELLSIZE 0.0666666666645545 
NODATA_value -3.4e+38 
[rows 240 to 259 of 299, columns 135 to 179 of 316]
490.444140434265 497.768848419189 487.794338703156 463.805371761322 450.45175743103 470.415528297424 491.839450836182 540.467966079712 609.584372520447 638.382227897644 669.832617759705 748.801562309265 848.237400054932 852.245409965515 858.472171783447 922.857911109924 745.578906059265 600.962010383606 685.732717514038 622.068161010742 581.23984336853 530.287789344788 550.532421588898 537.437007427216 666.146582603455 622.046873092651 641.930954933167 500.719040393829 375.651174545288 359.989553928375 349.939940452576 380.837889671326 363.443164825439 320.624415397644 333.245116710663 348.324414253235 358.987011432648 371.00400352478 364.081740856171 371.757030963898 389.760646343231 373.869140625 406.154881000519 404.965722084045 403.022363185883
509.46240234375 520.348340988159 497.38525390625 454.067869663239 444.486817359924 464.520801544189 493.703513622284 529.689354896545 566.145703315735 619.610548019409 665.888282775879 691.953809738159 748.880465507507 776.569629669189 840.113669395447 932.49941444397 883.240817070007 773.048826217651 736.096775054932 671.192282676697 598.145016670227 580.508494377136 565.840625762939 511.764260292053 625.389647483826 689.717769622803 663.068358421326 572.981050014496 390.988280773163 397.116014003754 391.33652305603 393.005761146545 443.181542873383 401.730078697205 369.85830116272 374.205955505371 378.564356803894 384.113574028015 372.407910823822 366.45351600647 366.086814880371 377.315626144409 390.141307830811 414.597850322723 423.328418254852
533.897366523743 554.545307159424 521.322367191315 475.252830982208 451.9541015625 473.592578411102 501.595508575439 525.922365188599 548.13525390625 567.900583267212 636.500683784485 686.62685585022 698.668749809265 753.300687789917 790.005373001099 888.065724372864 900.084665298462 866.477151870728 818.268261909485 702.559475898743 624.878220558167 603.612106323242 554.626366615295 494.647852420807 523.543554782867 613.636816978455 642.139741897583 591.539351463318 400.163867950439 407.73349571228 409.261232376099 406.170703887939 391.586619853973 378.863085269928 389.41259765625 402.016211032867 394.355175018311 377.34375 373.234181880951 364.256934642792 360.300098419189 371.200489044189 380.559275150299 397.667479991913 420.171678543091
558.637499809265 596.631152153015 564.653515815735 525.696295261383 515.019137859344 506.47011756897 517.571093082428 531.360547065735 545.763085365295 569.360935211182 581.591014862061 637.413088798523 678.656541824341 701.135446548462 759.593362808228 856.915525436401 836.38076210022 737.217875480652 698.369920730591 656.241504669189 617.958397865295 596.394339561462 565.143166542053 499.130957603455 465.367577075958 463.103708267212 495.076465606689 455.441602706909 383.040332317352 386.421288967133 416.092675209045 404.528421401978 386.890627384186 372.862596988678 378.087206363678 389.928709030151 389.717674732208 370.731250762939 365.474318504333 358.388379096985 356.63525390625 359.746679782867 371.304002285004 383.704786777496 397.940331935883
565.396094322205 605.170798301697 575.433299064636 522.764939308167 515.478027820587 524.337993144989 538.25918006897 540.449510574341 547.112403869629 572.766116142273 586.271974563599 596.805666923523 635.058889389038 651.597851753235 660.471385955811 705.358591079712 696.134471893311 650.72988319397 594.892285346985 601.691794395447 605.52587890625 595.626564025879 601.142381668091 641.759376525879 586.237014770508 512.382325172424 398.931054592133 340.779591083527 313.288183689117 352.358983039856 407.215819358826 399.3828125 379.152147293091 361.116504192352 351.701758861542 356.01259803772 377.34091758728 369.519042491913 361.723730564117 356.507324695587 353.443650722504 356.22128868103 363.927344799042 371.221971511841 389.153318881989
562.609669685364 573.454494476318 564.478899002075 528.739354610443 524.099708557129 541.885153770447 553.226754188538 547.423340797424 548.024514198303 570.503128051758 589.282516479492 591.291405677795 595.417484283447 623.812602996826 618.3388671875 611.226368904114 593.054981231689 609.107323646545 639.802238464355 629.972949981689 610.759767532349 631.835645675659 530.073633670807 547.912206172943 449.309763908386 338.238182067871 300.270604610443 254.385545492172 246.074023246765 323.881249904633 433.059470653534 453.194531440735 396.164061546326 366.435741901398 358.721092224121 364.140135765076 374.393652439117 374.442675113678 367.876172542572 357.938185691833 357.872069835663 359.581736087799 361.306641101837 361.595311164856 356.403513908386
557.745992660522 562.475102424622 570.368165969849 547.183303833008 531.673926353455 546.985744476318 559.839160919189 563.034868240356 564.723532676697 573.402152061462 587.759083747864 582.929488182068 581.945209503174 583.175100326538 587.850583076477 581.781148910522 574.902635574341 622.850002288818 672.966116905212 650.404200553894 600.501954078674 624.230469703674 609.102440357208 421.860643386841 338.964939594269 300.157618045807 291.258398532867 294.710741519928 266.989942073822 320.128615379333 392.689256668091 448.888474941254 420.147654533386 387.269824028015 380.779394626617 382.915333747864 411.065430641174 394.361425876617 371.106641769409 364.207714557648 391.556545257568 366.753713130951 371.024119853973 350.170310974121 335.412501335144
545.366147359212 565.259503682454 583.011456807454 566.788021087646 549.347913106283 553.86940129598 560.994965343941 569.396667480469 568.103118896484 573.867958068848 582.385940551758 575.01171875 577.539054870605 578.590008544922 576.67966267214 562.20849609375 561.866016387939 598.352640151978 641.949417114258 639.536521911621 583.258982658386 626.017482757568 701.088668823242 549.660936355591 427.462207794189 388.659473419189 370.796384334564 408.782225608826 352.074512958527 350.104100704193 376.136327266693 394.380273342133 455.073536872864 405.221877574921 395.002928733826 388.181447029114 395.840330600739 403.503517150879 373.562011241913 359.737891197205 365.153711795807 413.841699123383 473.367965221405 363.819629192352 327.828614234924
-3.4e+38 -3.4e+38 -3.4e+38 -3.4e+38 -3.4e+38 -3.4e+38 -3.4e+38 -3.4e+38 -3.4e+38 -3.4e+38 -3.4e+38 -3.4e+38 -3.4e+38 -3.4e+38 566.007902325324 569.5654296875 570.39003944397 581.04501247406 603.405467987061 611.62949180603 581.085835456848 570.38369178772 689.322754859924 647.003326416016 582.863769054413 464.915626049042 453.611329078674 524.019725799561 404.998243331909 362.637302875519 372.662402629852 377.200685024261 390.955079555511 411.868064880371 411.277150630951 386.320410251617 392.011034965515 385.188183784485 376.000195980072 378.724415302277 395.966598987579 352.709472179413 350.325879573822 367.778222560883 357.085253238678
-3.4e+38 -3.4e+38 -3.4e+38 -3.4e+38 -3.4e+38 -3.4e+38 -3.4e+38 -3.4e+38 -3.4e+38 -3.4e+38 -3.4e+38 -3.4e+38 -3.4e+38 -3.4e+38 566.016561889648 571.259028359065 573.685057640076 582.440136909485 587.23525428772 587.115138053894 581.141406059265 543.419038772583 587.218554496765 742.136719703674 667.1416015625 530.654784679413 449.373634338379 490.607129573822 389.277927875519 343.844044208527 349.992969036102 360.884472370148 368.00888633728 378.623927593231 409.166501998901 403.857422351837 401.761034488678 439.710351467133 373.105664253235 364.32187461853 480.283203125 463.466307640076 463.750098705292 565.69960975647 467.248630523682
-3.4e+38 -3.4e+38 -3.4e+38 -3.4e+38 -3.4e+38 -3.4e+38 -3.4e+38 -3.4e+38 -3.4e+38 -3.4e+38 -3.4e+38 -3.4e+38 -3.4e+38 -3.4e+38 -3.4e+38 575.89112291838 576.000355846477 575.780720338983 575.247557640076 572.650975227356 572.16884803772 552.471385955811 538.40674161911 600.555472373962 616.466504096985 594.572948455811 466.657128810883 428.664450645447 473.791212081909 472.957226276398 417.537888050079 344.585838317871 383.859375953674 381.257518768311 376.397459983826 454.251560211182 395.941698551178 457.347462654114 378.06582069397 354.891504764557 463.126073360443 533.852832794189 490.947947025299 638.952637672424 611.936525344849
-3.4e+38 -3.4e+38 -3.4e+38 -3.4e+38 -3.4e+38 -3.4e+38 -3.4e+38 -3.4e+38 -3.4e+38 -3.4e+38 -3.4e+38 -3.4e+38 -3.4e+38 -3.4e+38 -3.4e+38 -3.4e+38 -3.4e+38 -3.4e+38 573.974015085321 566.058950063345 555.837186686198 551.682423591614 534.582908630371 514.647461891174 522.350290298462 563.718946456909 557.708983898163 436.767187595367 449.238476276398 587.850491046906 538.693747997284 369.492479801178 378.159570217133 475.673338890076 367.562304973602 391.050976276398 414.055370330811 401.360547065735 406.338283061981 353.114062309265 375.881542682648 591.655173778534 576.284960269928 668.847362518311 634.640040397644
-3.4e+38 -3.4e+38 -3.4e+38 -3.4e+38 -3.4e+38 -3.4e+38 -3.4e+38 -3.4e+38 -3.4e+38 -3.4e+38 -3.4e+38 -3.4e+38 -3.4e+38 -3.4e+38 -3.4e+38 -3.4e+38 -3.4e+38 -3.4e+38 -3.4e+38 -3.4e+38 546.524993896484 541.863749186198 532.483993902439 515.554977728396 488.501210366526 506.268166065216 598.527633666992 499.031156539917 442.117966651917 537.943749427795 570.170799732208 462.858401298523 377.864940643311 399.555662155151 436.408595085144 392.397559165955 399.90488243103 382.675389766693 377.766796588898 352.02841758728 348.577538013458 498.268261432648 627.527831077576 550.226564407349 469.127635478973
-3.4e+38 -3.4e+38 -3.4e+38 -3.4e+38 -3.4e+38 -3.4e+38 -3.4e+38 -3.4e+38 -3.4e+38 -3.4e+38 -3.4e+38 -3.4e+38 -3.4e+38 -3.4e+38 -3.4e+38 -3.4e+38 -3.4e+38 -3.4e+38 -3.4e+38 -3.4e+38 -3.4e+38 -3.4e+38 -3.4e+38 -3.4e+38 492.496877034505 466.115498046875 533.230987548828 557.608008384705 552.75498008728 516.550099372864 519.972070217133 478.078320026398 400.392868995667 373.844436168671 391.61767578125 456.690134525299 398.438377857208 382.590818881989 378.993261814117 360.131251335144 345.68310546875 391.986034393311 538.582617759705 448.078711032867 368.902540206909
-3.4e+38 -3.4e+38 -3.4e+38 -3.4e+38 -3.4e+38 -3.4e+38 -3.4e+38 -3.4e+38 -3.4e+38 -3.4e+38 -3.4e+38 -3.4e+38 -3.4e+38 -3.4e+38 -3.4e+38 -3.4e+38 -3.4e+38 -3.4e+38 -3.4e+38 -3.4e+38 -3.4e+38 -3.4e+38 -3.4e+38 -3.4e+38 -3.4e+38 -3.4e+38 -3.4e+38 600.035420735677 595.223843044705 521.461407470703 544.139034055314 555.709182262421 477.016601085663 378.073631763458 383.327244758606 401.376853942871 399.216700077057 389.313769340515 398.356934070587 384.673143863678 344.212109088898 355.190331459045 447.069922924042 496.275685310364 346.140917778015
-3.4e+38 -3.4e+38 -3.4e+38 -3.4e+38 -3.4e+38 -3.4e+38 -3.4e+38 -3.4e+38 -3.4e+38 -3.4e+38 -3.4e+38 -3.4e+38 -3.4e+38 -3.4e+38 -3.4e+38 -3.4e+38 -3.4e+38 -3.4e+38 -3.4e+38 -3.4e+38 -3.4e+38 -3.4e+38 -3.4e+38 -3.4e+38 -3.4e+38 -3.4e+38 -3.4e+38 -3.4e+38 -3.4e+38 -3.4e+38 -3.4e+38 568.226445124699 505.124993526574 389.948842366536 388.377397155762 394.842675209045 389.69677734375 399.346972465515 433.788671970367 530.854294776917 416.995996952057 363.857128620148 492.053615093231 470.719042301178 386.381347179413
-3.4e+38 -3.4e+38 -3.4e+38 -3.4e+38 -3.4e+38 -3.4e+38 -3.4e+38 -3.4e+38 -3.4e+38 -3.4e+38 -3.4e+38 -3.4e+38 -3.4e+38 -3.4e+38 -3.4e+38 -3.4e+38 -3.4e+38 -3.4e+38 -3.4e+38 -3.4e+38 -3.4e+38 -3.4e+38 -3.4e+38 -3.4e+38 -3.4e+38 -3.4e+38 -3.4e+38 -3.4e+38 -3.4e+38 -3.4e+38 -3.4e+38 -3.4e+38 -3.4e+38 -3.4e+38 398.962493896484 399.291759144176 402.505610539363 408.126709968813 410.979004383087 475.334276676178 474.413867473602 400.767871856689 433.362892150879 454.29589509964 473.797849178314
-3.4e+38 -3.4e+38 -3.4e+38 -3.4e+38 -3.4e+38 -3.4e+38 -3.4e+38 -3.4e+38 -3.4e+38 -3.4e+38 -3.4e+38 -3.4e+38 -3.4e+38 -3.4e+38 -3.4e+38 -3.4e+38 -3.4e+38 -3.4e+38 -3.4e+38 -3.4e+38 -3.4e+38 -3.4e+38 -3.4e+38 -3.4e+38 -3.4e+38 -3.4e+38 -3.4e+38 -3.4e+38 -3.4e+38 -3.4e+38 -3.4e+38 -3.4e+38 -3.4e+38 -3.4e+38 -3.4e+38 -3.4e+38 -3.4e+38 422.299987792969 416.13853793674 414.680522829987 401.563559839281 391.035937786102 374.432908535004 388.132713317871 415.241698265076
-3.4e+38 -3.4e+38 -3.4e+38 -3.4e+38 -3.4e+38 -3.4e+38 -3.4e+38 -3.4e+38 -3.4e+38 -3.4e+38 -3.4e+38 -3.4e+38 -3.4e+38 -3.4e+38 -3.4e+38 -3.4e+38 -3.4e+38 -3.4e+38 -3.4e+38 -3.4e+38 -3.4e+38 -3.4e+38 -3.4e+38 -3.4e+38 -3.4e+38 -3.4e+38 -3.4e+38 -3.4e+38 -3.4e+38 -3.4e+38 -3.4e+38 -3.4e+38 -3.4e+38 -3.4e+38 -3.4e+38 -3.4e+38 -3.4e+38 -3.4e+38 -3.4e+38 -3.4e+38 429.071884155273 421.163691929408 385.902778908058 387.691177667356 384.140332698822
-3.4e+38 -3.4e+38 -3.4e+38 -3.4e+38 -3.4e+38 -3.4e+38 -3.4e+38 -3.4e+38 -3.4e+38 -3.4e+38 -3.4e+38 -3.4e+38 -3.4e+38 -3.4e+38 -3.4e+38 -3.4e+38 -3.4e+38 -3.4e+38 -3.4e+38 -3.4e+38 -3.4e+38 -3.4e+38 -3.4e+38 -3.4e+38 -3.4e+38 -3.4e+38 -3.4e+38 -3.4e+38 -3.4e+38 -3.4e+38 -3.4e+38 -3.4e+38 -3.4e+38 -3.4e+38 -3.4e+38 -3.4e+38 -3.4e+38 -3.4e+38 -3.4e+38 -3.4e+38 -3.4e+38 -3.4e+38 -3.4e+38 -3.4e+38 394.322497558594
