Cases/SDM_Urocitellus_beldingi/westernUsClimate_modern/BIO09.asc
NCOLS 316 
NROWS 299 
XLLCORNER -124.820833001 
YLLCORNER 29.1625003333339 
CELLSIZE 0.0666666666645545 
NODATA_value -3.4e+38 
[rows 125 to 149 of 299, columns 116 to 173 of 316]
2030.953125 2017.796875 2031.375 2028.96875 2028.78125 2059.25 2023.40625 2000.0625 1968.546875 1942.53125 1965.9375 2012.359375 1951.078125 1930.84375 1922 1918.265625 1899.328125 1902.9375 1888.3125 1872.265625 1805.9375 1754.203125 1762.9375 1741.46875 1776.890625 1697.109375 1386.453125 1535.71875 1766.5625 1710.28125 1780.53125 1784.765625 1767.8125 1765.296875 1782.03125 1761.9375 1785.0625 1821.421875 -210.28125 204.140625 -187.703125 1809.328125 1870 135.203125 -141.96875 -126.671875 -138.390625 -137.21875 -122.53125 -142.03125 220.453125 1661.3125 2240.953125 2228.140625 2216.46875 2222.015625 2227.15625 2230.984375
2039.140625 2019.34375 2021.015625 2037.296875 2049.8125 2070.21875 2034.375 2057.546875 1982.40625 1944.015625 1973.375 2011.65625 2034.390625 2000.65625 1978.953125 1990.921875 1952.921875 1941.34375 1824.09375 1766.4375 1746.109375 1732.25 1773.421875 1623.578125 1420.796875 1274.96875 1375.765625 1784.984375 1781.578125 1782.921875 1795.203125 1797.828125 1751.59375 1769.640625 1807.765625 1795.703125 1761.390625 1650.109375 94.78125 938.265625 808.8125 1819.78125 1873.546875 587.09375 -146.359375 -145.328125 -135.515625 -127.375 -120.46875 -135.6875 204.515625 1857.90625 2263.28125 2222.671875 2223.015625 2226.265625 2225.625 2228.5625
2047.109375 2006.640625 2021.453125 2046.046875 2082.9375 2089.640625 2068.78125 2024.8125 1974.21875 1944.375 1944.15625 1976.921875 2023.53125 1994.625 2002.765625 1970.046875 1939.03125 1864.234375 1768.9375 1756.53125 1691.53125 1751.84375 1794.765625 1599.53125 1259.046875 1192.171875 1670.890625 1791.53125 1779.78125 1797.859375 1820.6875 1826.96875 1822.828125 1622.21875 1680.578125 1802.75 1635.453125 1555.421875 -17.296875 589.0625 1832.375 1751.078125 1951.1875 763.640625 -135.9375 -125.46875 -104.6875 -115.265625 -111.203125 -120.359375 14.03125 1470.5625 2310.671875 2289.359375 2306.3125 2311.796875 2313.390625 2324.328125
1981.96875 1982.21875 2010.421875 2056.265625 2134.671875 2116.890625 2093.828125 2040.03125 1967.578125 1940.0625 1943.015625 1982.3125 2004.5 2013.296875 1921.875 1861.375 1870.953125 1878.984375 1891.265625 1853.21875 1766.734375 1771.078125 1770.65625 1547.5 1332.328125 1429.109375 1803.546875 1787.078125 1790.953125 1821.65625 1839.5 1833.546875 1834.484375 1501.796875 1580.984375 1643.015625 1520.515625 92.546875 -270.640625 -184.34375 915.953125 1673.21875 1844.328125 966.25 -121.984375 -140.234375 -81.671875 -85.5 -105.546875 -102.4375 -119.203125 -132.875 1373.765625 2326.46875 2327.109375 2324.4375 2323.84375 2330.34375
1960.328125 1978.65625 1989.96875 1925.90625 2039.390625 2013.21875 2034.65625 2007.890625 1966.53125 1948.125 1969.5 1978.421875 1981.8125 1961.6875 1822.1875 1896.3125 1861.453125 1920.96875 1942.71875 1864.15625 1770.578125 1763.34375 1789.578125 1457.234375 1343.859375 1743.375 1802.390625 1803.296875 1817.296875 1835.125 1853.90625 1850.546875 1861.953125 1806.515625 1439.640625 635.078125 -1.625 -282.78125 -284.078125 -283.453125 195.140625 1711.515625 1771.3125 1791.1875 211.875 -108.828125 -133.734375 -131.234375 -105.515625 -59.140625 -66.859375 -71 -86.328125 853.3125 2063.859375 2330.75 2305.375 2336.578125
1959.453125 1985.890625 1816.46875 1676.34375 1920.03125 1996.15625 2041.0625 1989.34375 1961.515625 1946.3125 1959.296875 1956.28125 1982.09375 1925.40625 1823.84375 1915.984375 1755.703125 1880.09375 1886.484375 1812.03125 1771.40625 1769.578125 1776.328125 1426.734375 1600.59375 1821.359375 1812.875 1825.359375 1845.859375 1858.828125 1865 1777.15625 1856.640625 1705.15625 -163.109375 -263.5625 -278.171875 456.640625 1323.8125 -138.859375 -266.765625 960 1780.9375 1697.75 24.734375 -100.65625 -141.75 -124.78125 -69.28125 -51.796875 -93.125 -111.671875 -120.875 -115.96875 637.84375 2147.078125 2343 2347.109375
1966.40625 1996.671875 1846.3125 1768.578125 1967.578125 2036.765625 2024.4375 2033.09375 1993.03125 1999.625 1939.765625 1802.78125 1960.578125 1887.265625 1837.015625 1888.78125 1824.625 1890.9375 1829.21875 1793.359375 1779.09375 1798.015625 1832.125 1736.984375 1830.265625 1838.390625 1845.15625 1864.984375 1854.140625 1882.640625 1880.46875 1835.453125 1713.359375 895.5625 -267.078125 -292.453125 -273.96875 1457.421875 1801.875 800.109375 -250.171875 122.671875 1862.34375 720.125 -137.375 -134.046875 -87.28125 -108.921875 -87.59375 -110.5 -122.96875 -130.390625 -133.96875 -138.671875 -137.3125 24.875 2002.125 2344.65625
1990.09375 1963.65625 1932.078125 1953.328125 2019.078125 2070.546875 2079.0625 2078.75 2051.296875 2007.890625 1852 1945.34375 1899.4375 1844.40625 1834.90625 1868.75 1826.65625 1844.046875 1834.671875 1784.421875 1788.5625 1839.875 1653.703125 1613.703125 1874.296875 1873.5 1882.9375 1876.015625 1650.8125 1651 1888.8125 1841.515625 1543.96875 1103.25 -283.5625 -304.453125 -236.640625 1453.875 1833.25 1100.453125 -131.671875 781.578125 1877.46875 1290.265625 -53.03125 -83.671875 -35.109375 -12.078125 -66.734375 -117.046875 -115.703125 -122.53125 -127.296875 -133.921875 -135.359375 -132.0625 387.25 2349.953125
1984.25 1978.484375 1949.421875 1944.21875 2027.65625 2078.453125 2095.125 1985.3125 1886.71875 1962.8125 1929.859375 1903.78125 1854.078125 1822.546875 1896.078125 1908.9375 1862.25 1865.609375 1854.78125 1805.171875 1805.765625 1860.890625 1546.6875 1570.6875 1903.28125 1882.984375 1851.265625 1918.53125 1779.09375 1726.90625 1867.828125 1875.140625 1549.125 1701.609375 309.6875 -278.359375 -156.265625 666.296875 1266.296875 1876.140625 1484.8125 1066.28125 1879.671875 1836.546875 87.328125 -82.6875 -83.75 7.40625 -22.09375 -40.015625 -113.46875 -122.234375 -125.53125 -130.40625 -132.046875 -116.65625 135.03125 2226.859375
1941.453125 1947.125 1945.953125 1972.03125 2017.578125 2029.953125 2010.21875 1867.546875 1915.734375 1871.125 1857.34375 1861.359375 1822.390625 1860.484375 1931.53125 1885.234375 1823.65625 1796.59375 1834.625 1811.6875 1824.296875 1806.40625 1428.609375 1836 1881.296875 1881.9375 1779.8125 1896.515625 1906.578125 1897.4375 1888.421875 1897.46875 1687.953125 1461.875 1312.125 -247.9375 -169.90625 -138.875 266.6875 1896.734375 1862.5 522.734375 351.5 98.5 -131.328125 -123.546875 -109.171875 -77.609375 -26.578125 26.28125 -111.359375 -115.421875 -109.75 -117.71875 -110.609375 -106.890625 815.640625 2242.578125
1982.015625 1912.15625 1923.40625 2005.671875 1975.34375 1941.765625 1909.515625 1871.25 1865.09375 1851.375 1871.578125 1866.0625 1816.3125 1849.40625 1900.765625 1866.484375 1793.90625 1794.171875 1837.140625 1830.234375 1830.59375 1845.984375 1641.984375 1871.921875 1881.421875 1916.046875 1804.6875 1907.046875 1867.21875 1880.0625 1886.3125 1903.03125 1684.03125 1387.203125 1624.84375 -192.671875 -127.171875 292.09375 1011.140625 1799.09375 1847.609375 571.96875 -146.984375 -74 -119.96875 -125.84375 -112.03125 -40.234375 -42.765625 0.90625 -114.3125 -79.03125 -53.25 -68.734375 -49.453125 -77.203125 -57.328125 908.390625
1909.953125 1861.265625 1883.484375 1929.171875 1884.65625 1902.078125 1848.65625 1834.65625 1871.796875 1877.65625 1859.890625 1862.25 1858.609375 1855.46875 1895.25 1830.8125 1750.25 1792.53125 1717.203125 1840.53125 1830 1878.125 1803.34375 1808.8125 1921.625 1825.3125 1819.078125 1893.40625 1774.921875 1865.734375 1885.765625 1899.84375 1622.8125 1685.09375 1433.96875 -143.359375 672.546875 1708.96875 1880.28125 1781.53125 1722.9375 1296.671875 -1.53125 -138.578125 -119.90625 -112.296875 -108.65625 386.484375 -108.640625 -7.875 -96.328125 -83.984375 -69.578125 -72.0625 -57.03125 -90.671875 -100.46875 1903.90625
1879.140625 1872.296875 1889.53125 1899.65625 1824.984375 1799.234375 1816.59375 1828 1849.9375 1842.953125 1832.203125 1807.125 1863.265625 1887.125 1906.53125 1536.8125 -24.578125 762.28125 1809.953125 1823.59375 1858.296875 1884.796875 1785.890625 1681.046875 1812.796875 1837.140625 1864.84375 1817.15625 1858.046875 1893.703125 1894.3125 1865.59375 1702.0625 1890.421875 359.84375 3.359375 1528.21875 1781.515625 1842.515625 1745.265625 1647 640.34375 -133.1875 -123.953125 -120.0625 -97.078125 -65.203125 926.25 584.46875 0.703125 -129.84375 -122.984375 -118.96875 -88.84375 -78.5 -87.40625 -75.03125 -19.8125
1893.46875 1878.71875 1876.140625 1846.671875 1816.296875 1794.515625 1809.4375 1839.328125 1828.390625 1802.609375 1774.9375 1599.03125 1767.421875 1885.28125 1891.25 709.859375 -334.90625 -271.65625 1429.078125 1664.671875 1834.234375 1833.140625 1857.078125 1809.84375 1878.3125 1863.3125 1847.859375 1732.265625 1875.46875 1891.21875 1782.109375 1803.421875 1779.9375 1279.421875 -113.578125 635.609375 1653.46875 1870.953125 1832.0625 1694.109375 1659.34375 -59.671875 -120.828125 -124.6875 18.3125 404.609375 816.25 1532.109375 618.6875 -30.109375 -137.578125 -128.578125 -103.71875 -75.203125 0.4375 -63.046875 -49.109375 3.640625
1902.390625 1852.046875 1765.875 1770.234375 1821.875 1788.078125 1807.90625 1818.46875 1814.84375 1802.140625 1766.046875 1779.09375 1801.71875 1849.9375 1863.6875 864.109375 -337.0625 -342.140625 1154.671875 1713.078125 1790.140625 1823.671875 1869.015625 1818.59375 1873.515625 1833.921875 1851.15625 1847.765625 1875.859375 1883.1875 1727.484375 1801.484375 1821.625 517.171875 -144.21875 319.6875 1753.515625 1857.265625 1903.765625 1845.296875 735.53125 -112.578125 -12.953125 1189.4375 1811.203125 1725.203125 1722.3125 1424.015625 294.6875 -27.84375 -99.4375 -105.03125 -23.859375 325.40625 1997.125 -13.859375 -11.171875 -6.4375
1895.359375 1697.265625 1677.546875 1822.859375 1816.9375 1791.859375 1814.375 1767.484375 1797.75 1792.078125 1825.484375 1827.34375 1845.1875 1863.6875 1844.53125 1654.65625 219.703125 -282.96875 1594.75 1812.03125 1553.421875 1817.375 1817.015625 1913.375 1856.78125 1826.015625 1805.484375 1706.265625 1863.3125 1868.125 1794.9375 1844.375 1666.46875 1185.671875 -120.96875 314.9375 1625.265625 1785.21875 1355.921875 1105.828125 -124.5625 -17.96875 1630.140625 1823.109375 1910.0625 1672.9375 1586.6875 726.46875 10.25 -47.171875 -49.328125 -8.96875 1923.5625 1889.21875 2101.25 766.03125 4.5625 -12.453125
1865.734375 1719.34375 1768.59375 1791.265625 1811.953125 1818.8125 1815.03125 1803.9375 1780.859375 1765.34375 1772.71875 1783.890625 1796.53125 1818.53125 1865.734375 1748.828125 1115.0625 1178.765625 1743.171875 1803.484375 1200.96875 1762.875 1803.90625 1890.890625 1837.40625 1825.28125 1779.015625 1699.09375 1835.96875 1843.21875 1871.671875 1762.09375 1564.6875 959.59375 -115.703125 585.640625 1558.171875 1772.203125 108.046875 -128.515625 427.015625 385.59375 1069.40625 1794.359375 1772.078125 595.234375 2.453125 -15.703125 -53.90625 -48.65625 -39.28125 15.140625 1111.828125 1274.5625 2158.421875 902.34375 -58.359375 -47.515625
1843.109375 1762.8125 1819.78125 1835.21875 1793.375 1685.40625 1801.15625 1692.21875 1743.03125 1740.609375 1761.671875 1783.8125 1846.25 1813.3125 1860.0625 1836.265625 1816.171875 1855.546875 1701.875 1432.828125 1203.03125 1832.984375 1869.984375 1873.734375 1837.4375 1834.453125 1846.453125 1773.3125 1809.484375 1830.21875 1477.453125 1608.265625 1088.390625 -88.1875 -114.921875 862.3125 1482.3125 1651.96875 149.703125 -115.6875 -114.4375 -135.34375 -9.078125 1183.34375 396.703125 165.1875 -51.171875 -57.6875 -52.703125 28.921875 65.640625 45.71875 632.40625 99.875 138.59375 702.703125 1298.78125 1129.859375
1856.78125 1849.46875 1853.609375 1820.9375 1763.75 1793.84375 1778.234375 1073.421875 1128.5 1214.234375 1096.40625 1777.640625 1810.875 1880.6875 1845.1875 1860.84375 1876.0625 1836.765625 1748.125 911.8125 904.328125 1816.796875 1846.296875 1873.9375 1853.296875 1837.734375 1831.484375 1754.703125 1733.71875 1810.890625 1259.75 1481.6875 434.9375 -149.53125 -115.140625 754.3125 1580.765625 1554.671875 24 -102.703125 -96.90625 475.171875 1325.734375 510.234375 -87.375 -50.53125 -54.203125 -47.15625 -36.84375 51.5625 578.953125 -9.546875 -44.046875 -87.984375 -98.203125 1388.390625 2259.921875 2297.875
1819.53125 1840.703125 1869.21875 1827.453125 1832.796875 1797.109375 1765.703125 1763.5625 890.421875 580.5 -112.109375 702.6875 1825.59375 1860.1875 1797.65625 1776.59375 1729.15625 1771.390625 1840.84375 967.515625 1730.53125 1844.5625 1870.25 1863.546875 1817.5625 1782.96875 1797 1358.96875 1750.34375 1757.828125 1674.375 1718.953125 1005.78125 17.3125 -98.921875 -169.515625 1164.78125 1418.78125 58.234375 -79.234375 -87.921875 1094.828125 1675.03125 326.328125 -68.03125 -57.28125 -43.375 -38.1875 -28.03125 85.359375 1647.59375 0.078125 -67.609375 -99.46875 -103.1875 1292.46875 2081.375 2257.25
1698.921875 1856.28125 1860.90625 1806.25 1815.8125 1822.125 1826.875 1797.71875 1714.921875 1586.984375 801.25 -232.328125 1027.375 1876.703125 1786.796875 1746.671875 1793.421875 1817.078125 1759.140625 1366.953125 1830.875 1867.8125 1865.796875 1833.625 1718.640625 1743.28125 1793.65625 376.53125 1047.703125 1731.890625 1704.625 1533.875 1069.890625 348.0625 16.375 451.78125 1477.40625 1192.765625 316.71875 -71.75 -77.828125 744.015625 1557.859375 1548.296875 568.46875 -36.609375 -36.25 -50.296875 -53.890625 48.6875 1573.859375 -34.140625 -113.390625 -108.75 -67.3125 1805.3125 1955.1875 2138.109375
1679.71875 1888.453125 1564.65625 1833.53125 1865.09375 1837.046875 1811.28125 1763.9375 1639.484375 1612.109375 869.53125 -212.359375 -200.5 953.640625 1755.625 1736.828125 1697.5 1561.421875 1196.90625 1698.28125 1834.25 1852.703125 1847.859375 1811.9375 1691.125 1733.265625 1774.078125 390.3125 183.09375 1703.328125 1699.6875 1665.71875 -86.171875 -141.625 310.09375 1567.640625 1326.75 1046.046875 633.046875 -71.515625 -72.375 855.03125 1495.640625 1617.609375 1252.859375 -20.328125 -36.6875 -56.96875 -58.828125 0.46875 305.859375 246.96875 -94.125 -102.328125 2.734375 2302.421875 2164.3125 2243.671875
1886.15625 693.28125 1049.640625 1885 1849.578125 1819.453125 1758.75 1763.578125 1671.03125 1625.671875 668.265625 -201.96875 -127.359375 -154.640625 1171.3125 1240.203125 1440.625 1461.421875 1147.546875 1819.46875 1854.9375 1850.8125 1772.265625 1542.53125 1581.578125 1667.40625 1668.96875 -198.65625 66.625 1763.140625 1770.578125 1592.3125 1615.859375 -122.5625 495.34375 1454.515625 1262.296875 1260.265625 563.265625 -59.71875 -73.421875 961.15625 1511.71875 1349.65625 1312.875 -5.546875 -26.1875 -40.953125 -31.6875 37.359375 1241.125 2030.890625 182.8125 -137.765625 468.609375 2175.34375 2257.625 2310.328125
1748.640625 35.265625 1192.484375 1827.203125 1764.5625 1780.015625 1747.3125 1734.671875 1680.046875 1571.828125 30.25 -108.09375 1122.609375 -44.921875 465.109375 -99.28125 370.890625 344.03125 565.6875 1811.3125 1886.75 1844.8125 1856.71875 1658.265625 1639.546875 1587.15625 1759.53125 746.984375 52 1675.125 1304.53125 1761.890625 1683.0625 666.265625 4.453125 1303.890625 1456.21875 752.015625 -111.28125 -62.59375 -80.859375 1581.0625 1347.390625 1006.8125 369 -5.640625 -23.421875 -19.828125 30.734375 80.609375 1095.703125 2150.328125 420.03125 -138.828125 1066.28125 1936.234375 2116.234375 837.703125
128.296875 335.421875 1715.65625 1651.1875 1667.1875 1746.21875 1724.8125 1736.75 1688.40625 1609.578125 819.71875 160.046875 1381.171875 -127.25 -96.25 -246.03125 -277.609375 -46.4375 -101.546875 622.3125 1323.828125 1366.265625 1760.3125 1811.1875 1703.828125 1640.90625 1707.5 1775.65625 614.953125 -163.5 156.015625 1766.46875 1472.5 1478.078125 -192.5625 442.40625 1222.46875 348.375 -99.09375 -66.015625 -50.1875 119.578125 -66.640625 -28.046875 -17.46875 -24.984375 -14.5625 -0.84375 75.96875 40.890625 56.03125 1699.21875 1503.15625 -132 556.5 1898.359375 1402.375 -7.0625
