Cases/SDM_Urocitellus_beldingi/westernUsClimate_modern/BIO07.asc
NCOLS 316 
NROWS 299 
XLLCORNER -124.820833001 
YLLCORNER 29.1625003333339 
CELLSIZE 0.0666666666645545 
NODATA_value -3.4e+38 
[rows 21 to 41 of 299, columns 92 to 137 of 316]
3553.92199325562 3547.24052047729 3533.12940597534 3517.29024887085 3490.64738464355 3486.91748809814 3497.68114852905 3508.95946884155 3499.94444274902 3463.53242492676 3440.67042541504 3418.2487449646 3383.34834671021 3369.84805297852 3348.50838470459 3356.52557754517 3391.74229049683 3388.92253875732 3361.42724227905 3343.94766235352 3343.9787940979 3347.10594558716 3339.90010070801 3333.18772125244 3330.51688766479 3203.01148986816 3257.68533325195 3291.99766540527 3293.3918838501 3298.10214996338 3268.5058555603 3251.74081802368 3171.70920181274 3123.9726524353 3258.33456420898 3196.40223693848 3238.02462387085 3275.03272628784 3278.40430450439 3291.88478088379 3315.1848487854 3315.14315032959 3184.09922790527 3086.66271972656 2967.78923797607 3161.27900314331
3567.00633621216 3540.86573028564 3519.17208862305 3506.86650848389 3497.53378677368 3486.9267539978 3487.80006790161 3501.1845741272 3502.78720474243 3481.14402389526 3465.8330116272 3403.77401733398 3377.91640472412 3390.36563110352 3358.95857620239 3338.82030487061 3351.49052047729 3366.63301086426 3368.58408355713 3361.0185585022 3317.83926391602 3330.94023895264 3329.20029067993 3307.44999694824 3194.51122665405 3096.58730697632 3277.24892044067 3272.24512481689 3297.36416625977 3287.09823226929 3269.19881439209 3260.54525375366 3257.95915222168 3275.37548828125 3286.41563034058 3283.76445388794 3364.52500152588 3304.40507888794 3098.55488967896 3155.12636947632 3198.8857383728 3311.17295455933 3092.84219360352 3122.59846878052 2958.65486907959 2958.36670303345
3567.195728302 3551.51540756226 3543.65881347656 3525.0549697876 3500.72598648071 3497.7112159729 3500.41621017456 3489.52628326416 3491.1425819397 3483.27742004395 3462.77624893188 3430.20254516602 3436.78562927246 3439.81530761719 3434.22373199463 3464.09949874878 3461.76073074341 3434.30966186523 3409.99552536011 3381.68749237061 3364.22970581055 3341.47333145142 3320.14537811279 3293.25185012817 3271.79852294922 3258.85568237305 3291.86268997192 3285.80917358398 3292.21934509277 3299.06297683716 3286.66747283936 3303.24248504639 3309.52784729004 3326.31678009033 3329.93914031982 3332.78956222534 3386.35182571411 3302.18092346191 3273.86522674561 3327.29559326172 3238.40858840942 3173.50888442993 2987.26329421997 2894.07852172852 2844.47388839722 3089.53105926514
3579.05558013916 3564.23067092896 3540.59069442749 3536.14387130737 3520.51787567139 3511.65333557129 3508.31602859497 3499.08332824707 3494.42401504517 3506.92000198364 3475.47663116455 3471.58075332642 3483.04286575317 3488.21823883057 3480.77773666382 3502.47791671753 3503.42811584473 3492.0259552002 3457.81786346436 3400.37940979004 3368.43692016602 3356.57334518433 3339.17148971558 3320.53953933716 3313.14560317993 3309.42947769165 3305.42842483521 3303.37334060669 3312.79445266724 3320.84353637695 3322.7880897522 3329.89609909058 3268.10577392578 3236.83712768555 3045.84949493408 3064.34394836426 3290.02108001709 3214.60049438477 2977.70797729492 3120.96270751953 3058.85164260864 3197.85585403442 3098.86395263672 3076.99405288696 3065.7900428772 2972.24325942993
3595.38573074341 3571.13936233521 3554.1478843689 3532.35643386841 3524.84531021118 3507.38516998291 3489.61972427368 3491.32791900635 3508.30861663818 3520.26096725464 3518.19130706787 3517.34872436523 3505.29140472412 3497.47861099243 3480.12889099121 3482.44502258301 3482.63974380493 3467.8636932373 3434.90490341187 3397.66220474243 3370.59582138062 3349.84591674805 3315.72383499146 3311.05156707764 3312.43311309814 3306.97634887695 3299.27179718018 3320.766040802 3322.92296981812 3333.82215499878 3353.03887176514 3338.88136291504 3260.0267868042 3178.18473434448 3022.00847625732 3133.96872711182 3148.71593093872 3078.83488082886 3140.66639709473 3076.10370635986 3042.46310806274 3098.24122238159 3072.76386260986 3074.49091339111 3058.99423599243 3029.57656478882
3629.82419586182 3611.71368026733 3583.61951828003 3553.74071884155 3544.62324905396 3543.10341262817 3531.16609954834 3533.06983184814 3540.2714881897 3539.59288024902 3575.48239898682 3570.22803115845 3555.36055755615 3506.1621055603 3485.5637588501 3461.86407852173 3436.67256164551 3409.78634262085 3374.60349655151 3370.46102142334 3350.49600219727 3328.49238204956 3313.5122833252 3297.5669708252 3290.77194976807 3298.07842254639 3303.36072921753 3303.38779449463 3305.30888366699 3319.03867721558 3338.52158355713 3350.55342483521 3354.75967788696 3355.45625686646 3325.69637298584 3334.69290161133 3308.66595077515 3212.07421875 3260.95418930054 3190.08623123169 3085.68086242676 3190.31982803345 3056.24502944946 3161.87697982788 3107.39970779419 3091.87479019165
3600.47285079956 3582.93768310547 3560.10389328003 3542.66465759277 3554.06495666504 3573.40460586548 3564.82187271118 3560.0625038147 3561.71932983398 3586.59775161743 3596.61809158325 3584.66679763794 3545.87099456787 3482.56872177124 3449.22147750854 3439.03583908081 3408.23252105713 3376.72459030151 3373.355884552 3371.56182479858 3340.14374160767 3328.79735946655 3322.95929336548 3305.35585403442 3303.35105895996 3306.57500457764 3305.74364089966 3276.80644989014 3291.98095321655 3327.70652770996 3215.24764251709 3304.13802337646 3366.79805755615 3389.11034011841 3340.44089126587 3361.55577087402 3373.99639511108 3372.27470016479 3371.04745483398 3360.73556137085 3318.66120529175 3303.25506591797 3331.62675094604 3324.28720855713 3169.6311378479 3178.11776351929
3593.64569091797 3590.17929077148 3585.30675125122 3577.91044235229 3563.94444274902 3567.43534851074 3566.69942092896 3552.43036270142 3560.64055252075 3573.82744979858 3573.24326324463 3535.79170227051 3487.77899932861 3451.85196685791 3431.5739364624 3407.73955154419 3379.54109954834 3378.13135147095 3366.32033157349 3357.06015014648 3340.3999710083 3327.79794692993 3329.74686431885 3331.73212432861 3328.24688720703 3332.74980926514 3341.1374130249 3301.96923828125 3281.20157623291 3358.83535003662 3368.8691444397 3358.95692825317 3372.82579803467 3388.63095855713 3309.46064376831 3208.34121704102 3281.14562225342 3265.6581993103 3215.11396026611 3231.26962661743 3152.3623008728 3219.57483291626 3341.67761993408 3207.95574951172 3228.76222991943 3057.07313156128
3588.22061920166 3597.14113616943 3589.37949371338 3580.58182144165 3569.8480682373 3571.2389755249 3575.80255508423 3570.02137374878 3568.08771514893 3564.36505126953 3553.15642929077 3520.01474761963 3497.07791900635 3477.15380859375 3426.4716796875 3397.83037185669 3374.74933242798 3360.05478286743 3353.11358261108 3335.394115448 3323.7353553772 3327.02558517456 3330.89854049683 3330.09687042236 3331.38302230835 3343.28516769409 3333.56131744385 3320.59932327271 3295.01335144043 3314.40332794189 3352.17607879639 3347.80652236938 3304.52656555176 3382.94649505615 3383.21640014648 3250.94971084595 3159.58611297607 3255.51630401611 3283.11151504517 3123.62032699585 2935.16463851929 3084.22597885132 3199.32480621338 3171.50968170166 3139.64970016479 3019.87959289551
3586.92694473267 3589.24893951416 3589.60967254639 3586.8095703125 3583.71318817139 3583.33876800537 3589.29159164429 3572.19304275513 3570.76203155518 3558.52186584473 3550.49934387207 3520.67927932739 3493.52050018311 3445.81953811646 3402.85272598267 3390.89577865601 3377.92265701294 3358.61846542358 3330.52508544922 3323.02282714844 3316.01669692993 3317.25380325317 3316.98252487183 3315.06113433838 3310.49533081055 3319.91338729858 3324.15594863892 3331.63650894165 3326.30535888672 3282.14189910889 3341.34209823608 3287.6054725647 3240.94541931152 3272.24277496338 3400.23290252686 3407.95241928101 3319.41426467896 3320.90921783447 3126.75291442871 2997.10975646973 2958.2546081543 2954.73912811279 3143.78416442871 3171.03252029419 3209.93566131592 3091.54061508179
3589.82684707642 3595.19979095459 3598.34931182861 3596.01766586304 3594.95791625977 3590.09276199341 3589.84960174561 3572.90831375122 3566.40312194824 3543.18125152588 3529.45235061646 3505.97792434692 3468.69677352905 3444.3229598999 3414.12421798706 3396.91230773926 3377.75369262695 3340.72108840942 3302.4252166748 3284.21845626831 3282.25476837158 3290.9372253418 3291.1393661499 3297.12041854858 3302.15930175781 3312.81525421143 3315.82576370239 3326.23956680298 3269.43074035645 3319.02911758423 3330.55067825317 3303.48241043091 3308.85224533081 3271.67851638794 3352.98848724365 3391.22399902344 3429.09081268311 3340.97627639771 3155.23387145996 3067.03017807007 3020.37990570068 3189.74960327148 2975.43810653687 2988.619140625 3182.81142807007 3340.82390594482
3565.34481430054 3587.48280334473 3594.98180389404 3598.31142044067 3594.50715255737 3575.00528335571 3581.55409240723 3568.04656982422 3542.97343444824 3525.48760986328 3509.54666519165 3525.33056259155 3483.18487167358 3450.435546875 3417.64316558838 3387.47010040283 3352.95146942139 3310.30801391602 3284.78387832642 3277.20516586304 3272.18877792358 3266.72657775879 3264.68349075317 3281.09609222412 3291.08332061768 3299.88682937622 3312.1259765625 3309.97461700439 3307.82518768311 3300.94834136963 3327.48125457764 3247.16758728027 3326.54539871216 3384.09483337402 3397.02373886108 3395.64568710327 3253.50175857544 3149.69598770142 3148.53114700317 3235.94422149658 3330.50389862061 3380.71501922607 3343.32295227051 3228.76708984375 3256.04384231567 3062.8906288147
3540.01015090942 3585.72724914551 3588.82820892334 3579.84228897095 3561.13889312744 3552.52070236206 3539.17960357666 3539.95527648926 3534.84053039551 3512.89189147949 3527.64424133301 3537.26788330078 3516.86689758301 3479.03826141357 3431.52488327026 3383.99726486206 3329.1420135498 3288.95020294189 3253.49366760254 3251.60039138794 3257.91271209717 3256.46203994751 3250.51250076294 3263.21561050415 3271.2594871521 3288.42965698242 3291.86017227173 3289.48084259033 3323.84601211548 3338.02937316895 3357.5989112854 3337.54960250854 3371.96374893188 3384.23678970337 3404.41934204102 3381.72772216797 3294.85928726196 3238.39266204834 3033.36796188354 3093.23935699463 3346.21839904785 3526.7223777771 3487.85557556152 3352.35340881348 3426.4453163147 3389.77648162842
3570.58534240723 3588.76953125 3585.87195587158 3586.58143234253 3558.41641235352 3537.77920913696 3529.00215911865 3510.87978363037 3521.14999771118 3514.01757049561 3528.24542617798 3535.92440032959 3518.52352905273 3464.38653564453 3391.75430679321 3346.61189651489 3313.11611938477 3293.70038223267 3275.67677688599 3241.26932525635 3231.4575958252 3229.53866195679 3233.44569778442 3226.65281295776 3241.50370025635 3274.67998504639 3191.37256240845 3146.11356735229 3294.02558135986 3351.36874389648 3366.59637069702 3382.84715270996 3410.47901153564 3413.14208221436 3386.60682296753 3382.0207862854 3383.73008728027 3389.86787414551 3262.31221389771 3194.70037460327 3436.98582458496 3453.01366424561 3325.57206726074 3146.26016235352 3165.53048706055 3346.91745376587
3584.86689376831 3590.17040634155 3568.61917495728 3538.20645523071 3519.95430374146 3507.42364501953 3503.77733612061 3496.55556106567 3478.63329696655 3463.98086547852 3466.21240615845 3458.07453536987 3454.89512252808 3410.71180343628 3394.95478057861 3375.20724105835 3338.50353622437 3326.53865432739 3314.40987014771 3210.52880477905 3224.70439147949 3211.50537109375 3192.15205001831 3159.47899627686 3238.9169883728 3320.02333450317 3335.84599685669 3345.62479400635 3352.49786376953 3356.2282371521 3378.9863319397 3405.37322998047 3420.01467514038 3401.46210861206 3336.51543045044 3421.04619216919 3417.47410964966 3471.43546676636 3220.45343017578 3354.81699371338 3504.71055221558 3351.07460403442 3245.43328475952 3187.30373001099 3227.6247215271 3218.61065292358
3517.12157821655 3508.27881622314 3503.46640396118 3486.07793426514 3477.76143264771 3475.48399734497 3476.41164398193 3474.99169921875 3456.62091064453 3435.58721542358 3442.59968185425 3423.0964050293 3412.01387023926 3412.71053314209 3399.55965423584 3377.38719940186 3356.34089660645 3339.02266693115 3308.99825286865 3295.58554840088 3194.67823410034 3200.64442825317 3183.34247207642 3190.41833114624 3225.39434051514 3293.41876983643 3335.34881210327 3352.18144989014 3354.22928619385 3340.93869018555 3375.94784545898 3411.75499725342 3407.45449447632 3374.53788375854 3312.88387680054 3342.99961471558 3446.44676971436 3442.50127410889 3354.25602722168 3437.20674133301 3502.4437789917 3309.36210632324 3390.01894378662 3311.87247848511 3251.69523620605 3173.49571228027
3470.84814453125 3453.34658050537 3447.47782516479 3447.98885726929 3453.62284851074 3459.55359649658 3453.30303192139 3433.3964881897 3431.92391586304 3418.91707229614 3411.89209365845 3402.4101600647 3400.85556411743 3397.73985671997 3397.44844436646 3378.00614929199 3367.55799484253 3337.46649551392 3243.91035461426 3272.22079849243 3307.52041244507 3188.31348419189 3176.37187194824 3179.89637374878 3205.53594207764 3274.30020904541 3313.25704574585 3281.41278839111 3331.17469787598 3367.07823181152 3397.30586242676 3393.29679107666 3387.60019302368 3341.78691482544 3244.45021820068 3393.90771865845 3495.62140655518 3435.70859527588 3390.43369293213 3392.77744674683 3323.21640396118 3271.65205001831 3263.91717529297 3326.92021560669 3172.45119857788 3252.72002792358
3436.41101455688 3433.43964385986 3428.89923858643 3435.7558555603 3438.45664596558 3448.91784667969 3442.96407318115 3423.21522903442 3412.11405181885 3403.20264434814 3406.81005096436 3382.69786071777 3375.94942855835 3385.27198791504 3396.04961776733 3395.32384872437 3369.35411071777 3342.0862159729 3293.72481536865 3212.64227294922 3199.16797637939 3326.01133346558 3184.99736404419 3161.5710144043 3221.31132507324 3255.08653259277 3250.83348464966 3194.38807678223 3259.44023513794 3411.50880050659 3413.75811386108 3406.72618484497 3387.78954696655 3324.35800552368 3310.01864242554 3387.888671875 3459.57900619507 3398.81739425659 3301.30100250244 3276.44149398804 3327.89168930054 3370.73075866699 3441.15818405151 3401.74433135986 3140.90390396118 3144.99237442017
3431.38516616821 3421.41142654419 3420.71141433716 3420.97020721436 3431.01524353027 3430.57451629639 3428.57528686523 3419.15909957886 3401.28475952148 3391.42607498169 3378.22050094604 3373.58163070679 3367.02604293823 3366.40161514282 3369.39266586304 3352.67821502686 3318.10410690308 3281.39883422852 3241.81364822388 3198.87110137939 3257.15135192871 3302.67417907715 3342.35409927368 3226.69482803345 3224.72998428345 3321.14677047729 3333.85917282104 3373.66777038574 3419.06336593628 3401.15487289429 3409.57568740845 3374.9853515625 3354.17072677612 3368.19705581665 3408.14130401611 3357.2105178833 3442.99472045898 3520.20567321777 3451.33594512939 3396.50157165527 3370.47204208374 3406.40674591064 3477.52921295166 3500.76523590088 3226.22422027588 3038.35673522949
3421.41287994385 3413.99101638794 3434.44501876831 3432.06356048584 3401.12275695801 3373.29315567017 3353.76407623291 3331.80038452148 3333.62782287598 3337.44395446777 3339.96211624146 3329.20889282227 3283.1669960022 3246.05655670166 3296.34805679321 3255.05350875854 3142.3769493103 3157.1972618103 3137.54949951172 3224.17587661743 3286.22999191284 3372.58671188354 3393.04176712036 3411.14502716064 3484.68525695801 3435.00030517578 3375.1494178772 3354.67852020264 3417.28694152832 3380.4372215271 3388.28202056885 3338.36151504517 3265.37089538574 3280.27822494507 3376.49169540405 3348.86386489868 3323.31970977783 3471.23779678345 3403.03955459595 3386.10143661499 3403.38359451294 3451.29384231567 3481.21853637695 3546.49909973145 3468.6118927002 3250.07590866089
3421.88996505737 3422.63269805908 3446.20410919189 3441.5114402771 3389.01914596558 3373.52429962158 3361.29738616943 3332.27626037598 3316.54458618164 3283.92684936523 3308.54913330078 3262.78601837158 3193.79783630371 3152.33944320679 3081.20938491821 3211.72958755493 2944.05214691162 2994.83805847168 2946.58201599121 2978.20935058594 3093.19402313232 3238.12785720825 3323.19707107544 3363.02540206909 3406.99737167358 3385.4782371521 3394.97625350952 3385.48681259155 3419.18388748169 3396.89129257202 3271.83478164673 3269.85625839233 3303.43699645996 3320.28113937378 3354.51318359375 3323.68488693237 3306.65261077881 3385.20460128784 3449.26894760132 3383.65291976929 3354.88223266602 3418.71903991699 3385.18425750732 3415.39120864868 3415.82685852051 3216.51338577271
