Cases/SDM_Urocitellus_beldingi/westernUsClimate_modern/BIO05.asc
NCOLS 316 
NROWS 299 
XLLCORNER -124.820833001 
YLLCORNER 29.1625003333339 
CELLSIZE 0.0666666666645545 
NODATA_value -3.4e+38 
[rows 63 to 83 of 299, columns 138 to 183 of 316]
2223.84639549255 2366.93935203552 2284.95908355713 2234.51416015625 2296.35343551636 2310.22939872742 2173.44735145569 2302.07092285156 2479.17186737061 2472.92625808716 2313.76190948486 2419.05673980713 2750.18301773071 2617.09959411621 2445.01727867126 2408.6919002533 2505.66102600098 2530.22891235352 2334.46747016907 2165.13368415833 2097.03573799133 2073.49727058411 2423.96396255493 2498.72471237183 2914.31240081787 2578.48183441162 2248.53769302368 2488.86151123047 2615.89509963989 2841.33134841919 2682.39979934692 2462.38671112061 2105.13398361206 2144.16095924377 2403.29061889648 2510.56827545166 2334.64853286743 2070.30996704102 2559.79286956787 2540.13114547729 2259.83925437927 2533.68066215515 2751.56063842773 2430.55860137939 2314.96230316162 2513.48106384277
2147.7670841217 2481.97305297852 2263.58818435669 2163.40117454529 2273.84882164001 2196.71688652039 2324.93925476074 2607.21192550659 2400.1077041626 2588.67578125 2486.59453582764 2737.52393722534 2698.46202850342 2154.72735214233 2092.91290092468 2370.8279094696 2456.95741653442 2535.10526275635 2152.40655517578 2094.74140357971 2362.05311965942 2322.34267044067 2629.16034698486 2798.61573410034 2908.88837051392 2324.52432823181 2067.63174438477 2370.05000686646 2620.29317474365 2663.10694885254 2867.3876953125 2801.05165481567 2416.19785118103 2185.5532283783 2154.60624885559 2436.97783660889 2249.49656486511 2048.95166778564 2404.4575138092 2523.66639709473 2237.4096698761 2277.41865539551 2709.92284393311 2708.91867446899 2485.94050979614 2486.6142616272
2274.25791168213 2412.75274658203 2213.01103591919 2171.35223579407 2293.44491195679 2476.27001953125 2485.50448989868 2552.09824752808 2580.17909622192 2702.94784164429 2746.50235366821 2455.64413070679 2569.78975105286 2365.76895523071 2176.38183403015 2202.95294189453 2397.62520980835 2234.12588500977 2080.56172943115 2341.06151390076 2508.59492492676 2458.58787155151 2785.52686309814 2918.17265319824 2765.02764511108 2463.13153648376 2015.55704116821 2183.56991386414 2410.90166282654 2245.52216339111 2631.59414672852 2815.22108459473 2840.06223297119 2579.08047866821 2379.63035202026 2371.09083175659 2188.04502296448 2129.38037490845 2420.61328125 2245.90555381775 2231.99462127686 2353.08038711548 2422.12372016907 2726.01523590088 2692.37889862061 2585.80848693848
2250.92850875854 2351.80829238892 2193.8849697113 2205.56700325012 2153.7200088501 2248.06358146667 2400.92430305481 2456.70662689209 2435.64540100098 2285.11563873291 2483.71885299683 2323.29102134705 2468.76465606689 2605.79708099365 2473.06504058838 2336.28477478027 2168.73378944397 2179.58633232117 2168.59285926819 2289.59180259705 2585.41864395142 2689.91698074341 2836.07177734375 3042.67101287842 2947.79296112061 2746.78787994385 2269.73328971863 2140.29580116272 2103.01531982422 1943.20584487915 2269.52021408081 2607.38280487061 2740.49042510986 2804.71844482422 2798.89893341064 2689.89129638672 2404.6645565033 2305.1990032196 2183.45946884155 2343.41307449341 2154.54375457764 2480.01445388794 2384.68133544922 2527.7448425293 2701.50576400757 2627.8147315979
2175.27616119385 2325.77449798584 2189.75810623169 2137.83924865723 2354.78807449341 2383.83076477051 2346.21348381042 2223.73398399353 2351.09219360352 2221.08085441589 2155.06435203552 2336.86356735229 2472.86299133301 2263.78681755066 2188.82890892029 2417.86629486084 2121.47207641602 2055.16816902161 2356.77177047729 2630.63780212402 2715.92003631592 2962.67645645142 2624.37773895264 2647.86601638794 3023.6240196228 3061.53408050537 2895.34367370605 2606.35996627808 2099.29022026062 2022.2819519043 2039.84209251404 1997.66424560547 2453.29112243652 2567.88877868652 2745.57460403442 2731.91982650757 2582.75370788574 2144.64609527588 2009.79111480713 2342.66435623169 2456.69842529297 2358.26953125 2455.55038261414 2235.65459632874 2431.88896560669 2446.30038833618
2207.73642730713 2201.48721885681 2291.29914093018 2338.74238586426 2496.13622283936 2304.84951019287 2182.05273246765 2206.28741264343 2326.46796417236 2225.76552963257 2236.7426738739 2404.86904716492 2233.21229934692 2192.59853744507 2181.87734603882 2157.57186126709 2096.16913795471 2233.38399505615 2365.75429534912 2623.4907989502 2894.41716766357 3013.39424133301 2620.73360443115 2409.85479354858 2743.19004440308 2976.63417816162 3006.97032928467 2950.19216537476 2597.94473648071 2163.16230773926 1923.60879135132 1865.60116386414 2154.83144378662 2184.71524620056 2576.96455764771 2606.23829650879 2586.22509384155 2428.84315872192 2002.48388290405 2209.6566619873 2469.88799285889 2507.55762863159 2435.68037796021 2327.38222885132 2169.17402458191 2017.02686309814
2397.09727096558 2216.5133895874 2346.89940643311 2235.03750228882 2381.22723007202 2298.44803237915 2213.83651161194 2245.24102973938 2265.0996055603 2220.69687271118 2126.48878288269 2120.501953125 2059.75565910339 2113.49140739441 2126.59159088135 2204.5649394989 2097.03984832764 2126.56094551086 2107.6277179718 2373.76268959045 2725.22655105591 3010.82968521118 2898.98202514648 2478.97032546997 2281.20010566711 2630.13554382324 2822.86113739014 2939.16123199463 2864.46014404297 2575.07187080383 2237.61220359802 1927.13095283508 2072.56309127808 1995.07138442993 2033.8979549408 2466.76426315308 2517.99013137817 2475.50634765625 2135.59668540955 1948.90235328674 2294.04314041138 2261.92158126831 2369.60938644409 2402.69051361084 2280.85907745361 2211.83446884155
2453.34902572632 2285.92588043213 2245.77502441406 2335.0107383728 2384.45362091064 2211.02159309387 2369.20439147949 2428.44463348389 2340.14297103882 2256.39130783081 2128.25292778015 2244.46326828003 2328.87852478027 2328.78126335144 2261.24833679199 2117.4457988739 2335.10615158081 2240.53916549683 2064.80487823486 2293.17618179321 2730.69989395142 2684.61299514771 2830.76571273804 2666.72002410889 2073.33290672302 2095.36007118225 2378.26639556885 2767.13711166382 2824.05488967896 2756.33097076416 2285.43916320801 2050.72550392151 2114.86591720581 2276.11795806885 1960.36318588257 2175.48427772522 2539.22861480713 2534.93037796021 2435.00625419617 2137.65038299561 1958.10800743103 2004.91122436523 2163.1630821228 2388.66854858398 2533.10633850098 2483.34328079224
2498.72478485107 2159.42021751404 2289.51309204102 2240.76229858398 2259.81074142456 2355.59120941162 2311.89178848267 2436.02081680298 2422.5576171875 2268.7585105896 2326.11991500854 2279.96992111206 2218.23195648193 2431.58631515503 2182.71153450012 2302.5605506897 2349.56347846985 2449.4757900238 2107.85909080505 2513.02048301697 2745.52880096436 2313.22636795044 2530.45313072205 2691.08369445801 2236.12373542786 1783.30204963684 2106.41240882874 2484.6125087738 2651.00576400757 2653.98458480835 2596.02852630615 2472.79803848267 2238.72060775757 2452.14687347412 2300.61659812927 1896.27276039124 2417.10303688049 2565.79764938354 2600.78465652466 2525.90606689453 2220.50761032104 2043.84559249878 2142.8800868988 2209.14969825745 2403.03849029541 2552.12663650513
2539.81612014771 2270.6003818512 2259.75077056885 2210.93202590942 2429.94763565063 2312.58514785767 2293.96523666382 2357.18721389771 2473.05870056152 2527.39238357544 2480.05156326294 2500.52001190186 2415.61474227905 2410.20058822632 2467.92821884155 2501.23740386963 2584.30234146118 2649.26036834717 2471.70371055603 2790.09111785889 2557.96367263794 2496.98759078979 2378.93768310547 2493.83524703979 2477.9531211853 2058.56572914124 1908.41532516479 2249.99120903015 2374.80027580261 2490.2285118103 2213.75008010864 2322.23466491699 2633.83573913574 2707.08505630493 2645.0273475647 2110.95196151733 1990.13143920898 2257.658203125 2472.58898162842 2610.9521522522 2451.6328086853 2065.62910842896 2337.86494255066 2526.75233840942 2470.26709365845 2542.55498123169
2436.97462081909 2491.74189758301 2355.09149169922 2477.36563491821 2565.60419082642 2599.77755355835 2395.61396980286 2229.49452590942 2222.08642959595 2473.60136795044 2521.88603973389 2287.87196922302 2138.88905334473 2291.81513786316 2182.64960098267 2374.06532859802 2305.04424285889 2358.96249389648 2361.69129943848 2546.80263519287 2636.24744796753 2558.54541015625 2336.97421646118 2144.82039642334 2327.92813110352 2527.40663719177 2165.04990959167 1802.3676700592 2273.39628410339 2306.72414588928 2299.86954689026 2250.42547225952 2439.01865196228 2643.19532012939 2743.47333908081 2659.42050933838 2164.72968482971 1919.71484565735 2164.97178459167 2579.63719177246 2570.74169921875 2170.46963310242 2228.89385604858 2552.34911727905 2717.42881011963 2742.56328201294
2758.56680297852 2542.6328086853 2738.5087852478 2819.24619293213 2719.07459259033 2430.82803344727 2560.96778106689 2539.78144836426 2173.77783203125 2156.15635490417 2479.72051239014 2411.46786117554 2137.59376335144 2261.83680915833 1982.4770526886 1917.26885032654 2175.91260719299 2422.08046340942 2554.65644454956 2558.40927124023 2543.01885223389 2439.13290405273 2266.0281085968 2214.07969093323 2458.31015396118 2659.11485290527 2495.27491760254 1650.17890930176 2041.50820732117 1914.13916778564 2090.00137710571 2225.7900352478 2474.11329269409 2576.44500732422 2555.0710811615 2808.35430526733 2482.38926696777 2008.77090072632 1997.89697647095 2457.78778839111 2667.61817932129 2527.21600723267 2288.17469596863 2556.10918426514 2814.71239471436 2856.65684509277
2867.39589691162 2845.44111251831 2647.36973571777 2515.90868377686 2481.49793624878 2336.68124389648 2369.60809707642 2419.04668807983 2110.72704696655 2108.72578620911 2291.69141197205 2465.26221847534 2321.83573913574 2162.21593475342 2003.40235137939 1855.39560699463 2129.67413711548 2426.228515625 2018.48301124573 2205.16309356689 2462.78174591064 2258.42646598816 2024.44248962402 2366.02040481567 2608.04230117798 2676.56844329834 2682.76504516602 2204.06094741821 1791.53330421448 1727.52460670471 1855.10527801514 1914.44277381897 2354.19608688354 2346.23066902161 2480.30223846436 2792.49472808838 2748.41953277588 2229.78709983826 1940.01913642883 2217.31659889221 2657.10223388672 2802.1660118103 2739.77782821655 2698.60860443115 2889.14699554443 2906.03838348389
2726.57685852051 2698.98818588257 2615.42002487183 2387.51679611206 2286.61766815186 2499.32657241821 2343.04950714111 2139.09492683411 2208.48008346558 2043.56388473511 2235.46668815613 2442.45567703247 2378.84295845032 2088.85976791382 2026.8078250885 2110.14658164978 2275.02676963806 2288.34989738464 2039.84980010986 2076.18633079529 2146.41602325439 2112.66738128662 2290.01884078979 2488.12949752808 2504.11659812927 2454.50770950317 2710.10692596436 2772.3779296875 2644.56230926514 2387.26542854309 1956.74540710449 1794.49823760986 2276.80975723267 2050.92373085022 2256.71113014221 2747.87842178345 2936.08437728882 2800.59169769287 2398.54736328125 1978.89510726929 2506.25596237183 2864.66455459595 2917.78173446655 2934.65127563477 2939.23536682129 2922.7001991272
2748.98876190186 2742.32325363159 2823.06426239014 2600.46336746216 2504.24139785767 2473.8251914978 2307.6835899353 2163.54580116272 2126.25293159485 2071.28116226196 2116.88632392883 2420.85674285889 2446.42441940308 2187.74480628967 2021.9636631012 2036.55733299255 2050.50332641602 2025.87265586853 1930.68769645691 2098.30067634583 2146.52276229858 2313.48709106445 2457.74247741699 2241.16717720032 2194.7126865387 2147.80175209045 2303.65399742126 2461.34285354614 2493.94474029541 2694.03953933716 2742.67685317993 2483.58173751831 2559.7211971283 2386.51465415955 1954.59882354736 2514.39862442017 2931.60020065308 2947.45360946655 2737.31708145142 2200.13321495056 2314.32313728333 2878.28730010986 3002.90009307861 3014.26953887939 3009.60312652588 2999.87411880493
2741.87364196777 2862.1318321228 2718.00692367554 2706.64236068726 2543.15439605713 2607.19090652466 2597.89657211304 2366.75439453125 2363.38163948059 2140.00243759155 2194.29803657532 2178.9184551239 2349.26552581787 2158.20566940308 2383.53466796875 1995.16797065735 1869.4238243103 2172.15205001831 2034.55527305603 2026.21661376953 2086.42207527161 2277.83057975769 2210.16757392883 2195.20966911316 2149.54366874695 2322.88212013245 2217.26004981995 1990.02743339539 1858.25459289551 2424.54032897949 2743.27528762817 2820.74110031128 2838.71571731567 2767.79862594604 2102.31709098816 2355.05927085876 2832.21980667114 2985.54228210449 3026.06542205811 2930.88312911987 2794.84247589111 2901.96698760986 3057.15703201294 3089.90303039551 3089.66327285767 3052.72938919067
2902.83818054199 2987.18017196655 2904.71016693115 2863.38584136963 2654.36738014221 2619.71131134033 2632.60263061523 2720.79618835449 2293.63046646118 2328.71131706238 2358.95977973938 2164.95477867126 2165.55752372742 2108.40116691589 2178.36895561218 2429.88897132874 2394.19189453125 2448.03428840637 2428.50693702698 2210.55097961426 2285.79531669617 2033.90458488464 2032.67061042786 1903.43095970154 1859.98994445801 2268.00029373169 2208.38095474243 2109.82362937927 2208.68036842346 2347.92901992798 2395.47863388062 2520.32421875 2798.11973571777 2906.07186889648 2684.42812728882 2152.19501876831 2730.27138900757 2542.00497436523 2945.30322647095 3064.83330917358 3074.81464004517 3056.12783432007 3080.61103820801 3099.95751953125 3092.71199798584 3049.73925018311
2925.65320968628 2682.72783660889 2683.49882507324 2531.60224914551 2420.76496315002 2461.92345046997 2307.10878372192 2359.4912109375 2142.6012840271 2137.14570045471 2501.61571502686 2246.88633155823 2370.44171142578 2335.59454154968 2069.70732307434 2250.93662834167 2230.91249465942 2425.40800857544 2639.55928421021 2552.70459747314 2358.22764205933 2193.85235023499 1947.21025466919 2071.98094940186 2188.95791435242 2167.51865386963 1965.25586509705 1986.23259925842 2426.55419921875 2546.61815261841 2506.72344589233 2606.16943359375 2509.04608535767 2872.49802398682 2778.75205230713 2586.74697494507 2641.79736709595 2357.2675743103 2831.13554763794 3063.44313812256 3065.90293121338 3068.5761756897 3081.89325332642 3079.24082183838 3062.99412918091 3020.45838928223
2600.44150543213 2370.70371055603 2282.08308792114 2399.14804840088 2726.95986175537 2859.19216918945 2610.54657745361 2543.41631317139 2315.92753791809 2340.92910003662 2662.94509506226 2581.99932479858 2526.96787643433 2187.14472579956 2090.90977478027 2276.36991882324 2426.26444244385 2481.67537689209 2539.35643768311 2658.37714004517 2535.62216567993 2454.48965072632 2292.09112167358 2493.84823989868 2491.82070922852 2313.50234222412 2195.86874389648 2303.24825668335 2493.98779678345 2567.77784729004 2635.53086090088 2595.96542358398 2822.26073455811 2963.94882583618 2892.31004714966 2901.83642196655 2723.64317321777 2771.10916519165 2975.78945159912 3053.58710861206 3069.27608108521 3076.06377029419 3061.11249923706 3033.84550094604 2997.43857574463 2952.70253753662
2538.69941711426 2323.84854698181 2172.31922721863 2209.61767196655 2696.27968978882 2981.43709182739 2777.20194625854 2793.96326828003 2696.69774246216 2686.40800094604 2694.46355819702 2716.14305877686 2523.20936965942 2346.92224502563 2186.82695007324 2337.88103866577 2340.11249923706 2485.42451095581 2668.42238998413 2779.73474884033 2500.68612670898 2543.21190643311 2597.01454544067 2601.72694015503 2562.43389892578 2510.30068206787 2370.67772674561 2384.4794960022 2490.92265701294 2396.28788757324 2646.20672607422 2764.1279258728 2968.45927047729 2998.10206222534 3023.69775390625 3024.71991348267 2985.96416473389 3010.92967987061 3034.9541015625 3065.45888519287 3084.11434936523 3076.09434890747 3043.53300857544 3001.15420532227 2975.16199111938 2920.79140472412
2895.70127487183 2789.66562271118 2666.22255325317 2591.9232635498 2823.68358612061 2747.07275009155 2583.59130477905 2465.47567749023 2306.00916481018 2225.04707527161 2257.16874313354 2479.67567825317 2493.87675857544 2522.11032867432 2475.98769760132 2310.51425933838 2455.25802230835 2540.56006240845 2706.72880935669 2844.13243865967 2637.03075790405 2570.60430908203 2694.44667434692 2783.93681335449 2697.84326934814 2662.21983337402 2600.10371017456 2637.69676971436 2504.9453163147 2415.39619827271 2796.2614364624 2971.5019569397 2982.77687454224 2995.02685165405 3004.43877029419 3005.96464538574 3032.38720321655 3044.30147171021 3060.64716720581 3078.92918777466 3087.66728210449 3066.85595321655 3026.97792816162 2986.59687423706 2926.01727676392 2884.14725494385
