Cases/SDM_Urocitellus_beldingi/westernUsClimate_modern/BIO01.asc
NCOLS 316 
NROWS 299 
XLLCORNER -124.820833001 
YLLCORNER 29.1625003333339 
CELLSIZE 0.0666666666645545 
NODATA_value -3.4e+38 
[rows 234 to 259 of 299, columns 116 to 173 of 316]
1762.03125 1753.6875 1752.40625 1673.3125 1529.09375 1399.703125 1398.359375 1463.71875 1578.109375 1509.140625 1578.03125 1508.484375 1607.546875 2013.203125 2258.375 2279.109375 2291.796875 2303.40625 2294.96875 2287.3125 2259.921875 1987.890625 1899.390625 1971.296875 2035.078125 2024.71875 2045.46875 2117.03125 2194.265625 2308.53125 2347.40625 2334.421875 2319.21875 2328.921875 2312.640625 2304.421875 2291.890625 2295.25 2312.625 2303.625 2278.109375 2222.53125 2198.34375 2173.8125 2209.6875 2185.734375 2147.15625 2147.609375 2144.21875 2086.609375 2087.296875 2089.734375 2083.484375 2071.71875 2077.703125 2075.84375 2068.265625 2066.40625
1741.390625 1603.6875 1530.734375 1535.03125 1543.0625 1462.1875 1374.484375 1335.421875 1597.296875 1861.75 1898.53125 2021.8125 1812.640625 1695.15625 2080.75 2230.359375 2287.6875 2300.140625 2306.421875 2303.5 2290.609375 2257.4375 2226.40625 2229.8125 2212.109375 2176.171875 2120.765625 2170.703125 2247.828125 2303.984375 2326.5625 2319.140625 2334.1875 2338.796875 2319.859375 2306.125 2298.015625 2300.953125 2308.078125 2278.34375 2241.1875 2201.328125 2175.46875 2170.15625 2222.640625 2090.890625 2050.875 2118.328125 2164.59375 2161.078125 2147.6875 2120.296875 2113.171875 2089.390625 2079.984375 2077.296875 2066.90625 2084.0625
1753.78125 1712.4375 1519.421875 1396.03125 1424.796875 1440.984375 1399.515625 1296.875 1400 1753.046875 2132.640625 2088.15625 2166.6875 1894.703125 1986.890625 2241.765625 2285.5625 2300.046875 2308.734375 2308.4375 2302.90625 2297.859375 2294.921875 2310.90625 2333.453125 2304.4375 2208.578125 2233.171875 2281.25 2286.625 2291.625 2312.96875 2321.59375 2335.03125 2343.875 2312.890625 2302.515625 2321.65625 2302.53125 2264.5 2218.140625 2194.921875 2176.609375 2175.40625 2229.078125 2128.90625 2122.109375 2181.96875 2213.625 2192.390625 2154.28125 2127.796875 2142.03125 2112.734375 2095.96875 2095.765625 2086.96875 2092.21875
1731.296875 1711.734375 1635.25 1545.109375 1452.90625 1462.0625 1434.078125 1364.796875 1331.359375 1686.453125 2227.515625 2232.875 2197.875 2182.484375 2211.390625 2264.4375 2289.015625 2307.640625 2310.484375 2308.8125 2306.4375 2301.546875 2303.890625 2304.4375 2310.4375 2341.4375 2322.578125 2272.28125 2281.859375 2300.28125 2308.203125 2321.328125 2327.734375 2326.40625 2331.59375 2317.109375 2307.0625 2310.875 2273.78125 2269.078125 2262.203125 2238.390625 2219.140625 2229.625 2218.34375 2239.546875 2266.625 2243.625 2248.046875 2204.8125 2154.890625 2127.953125 2126.390625 2134.796875 2130.625 2121.296875 2120.765625 2121.6875
1713.890625 1655.578125 1599.890625 1575.109375 1490.296875 1434.484375 1379.15625 1409.109375 1484.65625 1619.046875 2041.71875 2198.265625 2222.921875 2245.40625 2261.453125 2280.5 2296.953125 2304.828125 2307.703125 2305.078125 2303.59375 2303.390625 2303.21875 2296.59375 2299.9375 2314.078125 2357.609375 2340.828125 2251.0625 2255.484375 2280.296875 2310.734375 2343.203125 2352.34375 2356.828125 2342.59375 2314.921875 2322.5 2311.765625 2304.71875 2270.703125 2271.09375 2244.09375 2229.5625 2201.78125 2193.5625 2211.40625 2235.125 2251.90625 2236.3125 2186.890625 2160.03125 2144.140625 2157.53125 2164.84375 2163.90625 2162.75 2171.890625
1774.21875 1705.265625 1657.984375 1678.421875 1569.640625 1511.65625 1415.03125 1365.421875 1635.578125 1725.9375 1835.796875 1976.359375 2042.453125 2187.96875 2271.03125 2281.90625 2291.25 2296.90625 2305.703125 2304.875 2302.46875 2299.109375 2294.640625 2287.59375 2288.5625 2298.5625 2325.53125 2347.671875 2370.09375 2366.625 2297.734375 2250.890625 2320.5625 2355 2362.890625 2344.5 2344.109375 2320.796875 2314.75 2291.90625 2258.875 2246.984375 2261.390625 2230.484375 2217.875 2206.953125 2201.5 2202.34375 2206.28125 2214.84375 2211.984375 2192.0625 2162.78125 2169.046875 2185.828125 2196.15625 2210.125 2207.28125
1801.421875 1746.3125 1688.515625 1640.3125 1604.65625 1558.140625 1457.703125 1364.25 1529.390625 1620.59375 1667.1875 1637.078125 1744.609375 1837.109375 2208.5625 2259.09375 2266.3125 2279.375 2290.25 2297.296875 2303.734375 2294.75 2284.78125 2277.921875 2283.234375 2293.546875 2315.421875 2342.453125 2350.09375 2351.703125 2357.046875 2360.859375 2342.5625 2309.3125 2342.75 2349.203125 2332.953125 2336.765625 2331.125 2319.09375 2285.25 2258.359375 2240.65625 2262.703125 2168.96875 2223.4375 2220.59375 2216.4375 2216.046875 2201.28125 2203.109375 2192.3125 2176.59375 2182.484375 2193.640625 2213.75 2233.03125 2239.34375
1783.828125 1689.671875 1660.703125 1666.59375 1656.546875 1650.375 1461.6875 1188.1875 1326.09375 1673.96875 1744.546875 1736.6875 1801.265625 1986.171875 2116.671875 2083.578125 2108.578125 2255.90625 2270.671875 2281.84375 2295 2290.8125 2272.921875 2266.953125 2277.265625 2290.796875 2311.09375 2333.03125 2355.140625 2364.09375 2358.140625 2359.21875 2356.03125 2354.96875 2361.34375 2357.75 2348.71875 2355.90625 2356.65625 2342.984375 2322.53125 2286.578125 2252.828125 2261.734375 2237.15625 2215.375 2228.890625 2225.46875 2233.28125 2243.40625 2235.828125 2221.109375 2193.375 2195.6875 2211.125 2233.296875 2247.140625 2252.28125
1776.796875 1738.96875 1735.109375 1688.28125 1690.796875 1637.375 1496.515625 1261.765625 1208.546875 1423.796875 1748.859375 1770.03125 1980.90625 2081.59375 2138.140625 2127.28125 2150.578125 2239.5625 2254.515625 2276.21875 2294.015625 2290.609375 2275.453125 2268.65625 2278.484375 2292.515625 2308.53125 2324.703125 2333.125 2350.96875 2356.609375 2353.84375 2365.53125 2362.015625 2349.765625 2354.6875 2349.484375 2354.984375 2369.28125 2360.84375 2342.28125 2309.703125 2279.1875 2260.859375 2255.59375 2266.078125 2263.21875 2232.390625 2245.125 2258.71875 2252.84375 2239.5625 2226.390625 2226.59375 2237.671875 2251.078125 2252.0625 2248.46875
1787.21875 1801.953125 1789.78125 1764.359375 1739.234375 1612.109375 1531.984375 1419.640625 1314.734375 1124.265625 1304.125 1584.65625 1869.875 2112.65625 2146.140625 2175.046875 2197.4375 2240.09375 2260.25 2281.15625 2299.46875 2299.859375 2287.375 2290.25 2288.609375 2295.625 2306.5625 2316.09375 2323.1875 2323.171875 2337.265625 2346.890625 2352.796875 2364.703125 2338.3125 2352.453125 2348.75 2334.125 2349.140625 2345.71875 2341.578125 2323.96875 2291.25 2268.75 2255.609375 2269.046875 2260.15625 2242.53125 2254.640625 2266.75 2266.296875 2264.03125 2258.484375 2256.546875 2257.25 2257.59375 2251.890625 2244.40625
1780.515625 1806.71875 1798.765625 1760.5 1717.171875 1637.203125 1564.8125 1444.765625 1372.5 1237.734375 1219.234375 1397.53125 1714.546875 1949.3125 2016.21875 2096.640625 2146.46875 2235.328125 2259.734375 2281.53125 2298.984375 2302.5625 2294.796875 2294.109375 2296.25 2302.453125 2306.53125 2310.3125 2316.78125 2318.03125 2320.265625 2330.625 2334.703125 2336.140625 2341.234375 2338.125 2330.265625 2315.234375 2319.578125 2332.59375 2330.671875 2326 2296.34375 2284.796875 2269.671875 2243.703125 2226.828125 2221.6875 2249.21875 2281.765625 2283.953125 2275.078125 2270.5 2262.90625 2257.90625 2261.5625 2256.015625 2246.59375
1764.75 1774.96875 1772.78125 1725.53125 1653.015625 1593.953125 1578.796875 1449.5 1440.78125 1395.078125 1371.140625 1405.65625 1506.140625 1685.640625 1869.5 2059.84375 2186.59375 2223.03125 2253.53125 2274.765625 2289.296875 2298.125 2297.90625 2297.734375 2302.40625 2307.671875 2308.96875 2309.375 2312.640625 2314.234375 2313.75 2314.109375 2322.0625 2318.859375 2311.34375 2299.296875 2309.9375 2327.640625 2326.578125 2321.734375 2322.84375 2299.609375 2294.015625 2246.28125 2204.203125 2196.265625 2192.171875 2191.375 2235.734375 2292.421875 2298.703125 2282.25 2277.09375 2271.65625 2265.328125 2262.734375 2259.65625 2254.75
1744.078125 1736.5 1736.84375 1754.59375 1709.40625 1594.734375 1614.15625 1541.46875 1483.90625 1442.53125 1408.859375 1413.203125 1442.46875 1512.484375 1575.84375 1774.421875 2037.375 2168.09375 2228.578125 2257.234375 2265.125 2295.671875 2300.515625 2298.578125 2303.8125 2309.453125 2313.8125 2312.21875 2311.890625 2312.34375 2309.140625 2307.125 2303.796875 2301.6875 2295.21875 2287.15625 2314.203125 2346.828125 2340.4375 2319.734375 2319.15625 2300.125 2243.296875 2195.96875 2186.828125 2195.125 2205.9375 2198.8125 2228.796875 2271.9375 2272.15625 2267.078125 2278.203125 2276.1875 2270.59375 2259.890625 2255.296875 2251.40625
1722.609375 1722.53125 1721.390625 1635.8125 1690.203125 1681.171875 1631.265625 1562.8125 1509.625 1458.609375 1412.53125 1387.96875 1393.875 1449.296875 1457.609375 1533.34375 1935.78125 2108.16949152542 2188.4375 2235.60416666667 2196.10416666667 2292.64583333333 2302.29166666667 2299.4375 2302.375 2306.36585365854 2310.33333333333 2309.375 2307.625 2306.75 2303.5 2304.5 2300 2293.67796610169 2284.09375 2277.171875 2299.390625 2327.5 2335.25 2318.390625 2319.890625 2266.984375 2288.84375 2245.53125 2229.34375 2229.6875 2246.859375 2231.734375 2237.78125 2254.703125 2260.78125 2233.828125 2265.8125 2273.046875 2272.046875 2269.1875 2254.484375 2252.71875
1716.953125 1727.359375 1708.921875 1719.6875 1703.171875 1695.078125 1654.609375 1580.171875 1529.390625 1472.33333333333 1402.40740740741 1374.20833333333 1361.91666666667 1394.625 1392.95833333333 1422.95833333333 1784.71428571429 2028.5 -3.4e+38 -3.4e+38 -3.4e+38 -3.4e+38 -3.4e+38 -3.4e+38 -3.4e+38 -3.4e+38 -3.4e+38 -3.4e+38 -3.4e+38 -3.4e+38 -3.4e+38 -3.4e+38 -3.4e+38 2291 2286.75 2288.046875 2294.609375 2311.203125 2321.109375 2317.140625 2311.703125 2303.6875 2220.6875 2275.21875 2266.265625 2260.109375 2242.375 2239.109375 2235.171875 2244.796875 2247 2251.765625 2256.390625 2258.359375 2261.921875 2266.71875 2260.046875 2256.140625
1647.8 1662.5652173913 1695 -3.4e+38 -3.4e+38 -3.4e+38 -3.4e+38 -3.4e+38 -3.4e+38 -3.4e+38 -3.4e+38 -3.4e+38 -3.4e+38 -3.4e+38 -3.4e+38 -3.4e+38 -3.4e+38 -3.4e+38 -3.4e+38 -3.4e+38 -3.4e+38 -3.4e+38 -3.4e+38 -3.4e+38 -3.4e+38 -3.4e+38 -3.4e+38 -3.4e+38 -3.4e+38 -3.4e+38 -3.4e+38 -3.4e+38 -3.4e+38 2292.15 2293.68253968254 2296.53125 2300.3125 2304.578125 2310.640625 2312.6875 2304.71875 2308.75 2314.25 2257.171875 2267.828125 2252.25 2232.4375 2227.34375 2211.390625 2219.171875 2229.84375 2236.21875 2243.703125 2242.890625 2254.3125 2258.21875 2245 2248.359375
-3.4e+38 -3.4e+38 -3.4e+38 -3.4e+38 -3.4e+38 -3.4e+38 -3.4e+38 -3.4e+38 -3.4e+38 -3.4e+38 -3.4e+38 -3.4e+38 -3.4e+38 -3.4e+38 -3.4e+38 -3.4e+38 -3.4e+38 -3.4e+38 -3.4e+38 -3.4e+38 -3.4e+38 -3.4e+38 -3.4e+38 -3.4e+38 -3.4e+38 -3.4e+38 -3.4e+38 -3.4e+38 -3.4e+38 -3.4e+38 -3.4e+38 -3.4e+38 -3.4e+38 -3.4e+38 2298.36842105263 2299.22641509434 2302.49152542373 2303.234375 2304.90625 2307.65625 2305.546875 2298.671875 2302.90625 2290.453125 2250.75 2256.453125 2252.90625 2217.9375 2217.828125 2206.015625 2208.390625 2221.3125 2231.078125 2227.203125 2238.265625 2252.75 2241.25 2237.453125
-3.4e+38 -3.4e+38 -3.4e+38 -3.4e+38 -3.4e+38 -3.4e+38 -3.4e+38 -3.4e+38 -3.4e+38 -3.4e+38 -3.4e+38 -3.4e+38 -3.4e+38 -3.4e+38 -3.4e+38 -3.4e+38 -3.4e+38 -3.4e+38 -3.4e+38 -3.4e+38 -3.4e+38 -3.4e+38 -3.4e+38 -3.4e+38 -3.4e+38 -3.4e+38 -3.4e+38 -3.4e+38 -3.4e+38 -3.4e+38 -3.4e+38 -3.4e+38 -3.4e+38 -3.4e+38 -3.4e+38 -3.4e+38 -3.4e+38 2300.68421052632 2298.72972972973 2299.1 2299.328125 2299.484375 2286.25 2272.703125 2257.015625 2250.828125 2234.203125 2207.453125 2215.46875 2211.109375 2189.359375 2210.203125 2223.421875 2216.796875 2240.09375 2246.71875 2240.109375 2231.90625
-3.4e+38 -3.4e+38 -3.4e+38 -3.4e+38 -3.4e+38 -3.4e+38 -3.4e+38 -3.4e+38 -3.4e+38 -3.4e+38 -3.4e+38 -3.4e+38 -3.4e+38 -3.4e+38 -3.4e+38 -3.4e+38 -3.4e+38 -3.4e+38 -3.4e+38 -3.4e+38 -3.4e+38 -3.4e+38 -3.4e+38 -3.4e+38 -3.4e+38 -3.4e+38 -3.4e+38 -3.4e+38 -3.4e+38 -3.4e+38 -3.4e+38 -3.4e+38 -3.4e+38 -3.4e+38 -3.4e+38 -3.4e+38 -3.4e+38 -3.4e+38 -3.4e+38 2289.5 2286.33333333333 2288.85365853659 2274.26530612245 2266.1935483871 2265.015625 2253.953125 2231.578125 2203.75 2215.40625 2221.515625 2205.609375 2208.1875 2207.859375 2199.171875 2234.421875 2241.359375 2239.546875 2233.25
-3.4e+38 -3.4e+38 -3.4e+38 -3.4e+38 -3.4e+38 -3.4e+38 -3.4e+38 -3.4e+38 -3.4e+38 -3.4e+38 -3.4e+38 -3.4e+38 -3.4e+38 -3.4e+38 -3.4e+38 -3.4e+38 -3.4e+38 -3.4e+38 -3.4e+38 -3.4e+38 -3.4e+38 -3.4e+38 -3.4e+38 -3.4e+38 -3.4e+38 -3.4e+38 -3.4e+38 -3.4e+38 -3.4e+38 -3.4e+38 -3.4e+38 -3.4e+38 -3.4e+38 -3.4e+38 -3.4e+38 -3.4e+38 -3.4e+38 -3.4e+38 -3.4e+38 -3.4e+38 -3.4e+38 -3.4e+38 -3.4e+38 2261.5 2246.12 2253.48936170213 2246.640625 2239.078125 2224.3125 2225.671875 2201.703125 2207.078125 2228.609375 2235.21875 2242.71875 2243.765625 2238.859375 2230.875
-3.4e+38 -3.4e+38 -3.4e+38 -3.4e+38 -3.4e+38 -3.4e+38 -3.4e+38 -3.4e+38 -3.4e+38 -3.4e+38 -3.4e+38 -3.4e+38 -3.4e+38 -3.4e+38 -3.4e+38 -3.4e+38 -3.4e+38 -3.4e+38 -3.4e+38 -3.4e+38 -3.4e+38 -3.4e+38 -3.4e+38 -3.4e+38 -3.4e+38 -3.4e+38 -3.4e+38 -3.4e+38 -3.4e+38 -3.4e+38 -3.4e+38 -3.4e+38 -3.4e+38 -3.4e+38 -3.4e+38 -3.4e+38 -3.4e+38 -3.4e+38 -3.4e+38 -3.4e+38 -3.4e+38 -3.4e+38 -3.4e+38 -3.4e+38 -3.4e+38 -3.4e+38 2224.33333333333 2229.22222222222 2235.475 2235.45283018868 2206.265625 2225.75 2223.75 2242.203125 2254.234375 2248.953125 2243.828125 2231.015625
-3.4e+38 -3.4e+38 -3.4e+38 -3.4e+38 -3.4e+38 -3.4e+38 -3.4e+38 -3.4e+38 -3.4e+38 -3.4e+38 -3.4e+38 -3.4e+38 -3.4e+38 -3.4e+38 -3.4e+38 -3.4e+38 -3.4e+38 -3.4e+38 -3.4e+38 -3.4e+38 -3.4e+38 -3.4e+38 -3.4e+38 -3.4e+38 -3.4e+38 -3.4e+38 -3.4e+38 -3.4e+38 -3.4e+38 -3.4e+38 -3.4e+38 -3.4e+38 -3.4e+38 -3.4e+38 -3.4e+38 -3.4e+38 -3.4e+38 -3.4e+38 -3.4e+38 -3.4e+38 -3.4e+38 -3.4e+38 -3.4e+38 -3.4e+38 -3.4e+38 -3.4e+38 -3.4e+38 -3.4e+38 -3.4e+38 -3.4e+38 2247.92307692308 2240.0303030303 2227.07407407407 2233.7 2250.78125 2249.765625 2247.796875 2234.25
-3.4e+38 -3.4e+38 -3.4e+38 -3.4e+38 -3.4e+38 -3.4e+38 -3.4e+38 -3.4e+38 -3.4e+38 -3.4e+38 -3.4e+38 -3.4e+38 -3.4e+38 -3.4e+38 -3.4e+38 -3.4e+38 -3.4e+38 -3.4e+38 -3.4e+38 -3.4e+38 -3.4e+38 -3.4e+38 -3.4e+38 -3.4e+38 -3.4e+38 -3.4e+38 -3.4e+38 -3.4e+38 -3.4e+38 -3.4e+38 -3.4e+38 -3.4e+38 -3.4e+38 -3.4e+38 -3.4e+38 -3.4e+38 -3.4e+38 -3.4e+38 -3.4e+38 -3.4e+38 -3.4e+38 -3.4e+38 -3.4e+38 -3.4e+38 -3.4e+38 -3.4e+38 -3.4e+38 -3.4e+38 -3.4e+38 -3.4e+38 -3.4e+38 -3.4e+38 -3.4e+38 2234 2240.31818181818 2243.12820512821 2252.53225806452 2241.03125
-3.4e+38 -3.4e+38 -3.4e+38 -3.4e+38 -3.4e+38 -3.4e+38 -3.4e+38 -3.4e+38 -3.4e+38 -3.4e+38 -3.4e+38 -3.4e+38 -3.4e+38 -3.4e+38 -3.4e+38 -3.4e+38 -3.4e+38 -3.4e+38 -3.4e+38 -3.4e+38 -3.4e+38 -3.4e+38 -3.4e+38 -3.4e+38 -3.4e+38 -3.4e+38 -3.4e+38 -3.4e+38 -3.4e+38 -3.4e+38 -3.4e+38 -3.4e+38 -3.4e+38 -3.4e+38 -3.4e+38 -3.4e+38 -3.4e+38 -3.4e+38 -3.4e+38 -3.4e+38 -3.4e+38 -3.4e+38 -3.4e+38 -3.4e+38 -3.4e+38 -3.4e+38 -3.4e+38 -3.4e+38 -3.4e+38 -3.4e+38 -3.4e+38 -3.4e+38 -3.4e+38 -3.4e+38 -3.4e+38 -3.4e+38 2245.66666666667 2243.38888888889
-3.4e+38 -3.4e+38 -3.4e+38 -3.4e+38 -3.4e+38 -3.4e+38 -3.4e+38 -3.4e+38 -3.4e+38 -3.4e+38 -3.4e+38 -3.4e+38 -3.4e+38 -3.4e+38 -3.4e+38 -3.4e+38 -3.4e+38 -3.4e+38 -3.4e+38 -3.4e+38 -3.4e+38 -3.4e+38 -3.4e+38 -3.4e+38 -3.4e+38 -3.4e+38 -3.4e+38 -3.4e+38 -3.4e+38 -3.4e+38 -3.4e+38 -3.4e+38 -3.4e+38 -3.4e+38 -3.4e+38 -3.4e+38 -3.4e+38 -3.4e+38 -3.4e+38 -3.4e+38 -3.4e+38 -3.4e+38 -3.4e+38 -3.4e+38 -3.4e+38 -3.4e+38 -3.4e+38 -3.4e+38 -3.4e+38 -3.4e+38 -3.4e+38 -3.4e+38 -3.4e+38 -3.4e+38 -3.4e+38 -3.4e+38 -3.4e+38 -3.4e+38
-3.4e+38 -3.4e+38 -3.4e+38 -3.4e+38 -3.4e+38 -3.4e+38 -3.4e+38 -3.4e+38 -3.4e+38 -3.4e+38 -3.4e+38 -3.4e+38 -3.4e+38 -3.4e+38 -3.4e+38 -3.4e+38 -3.4e+38 -3.4e+38 -3.4e+38 -3.4e+38 -3.4e+38 -3.4e+38 -3.4e+38 -3.4e+38 -3.4e+38 -3.4e+38 -3.4e+38 -3.4e+38 -3.4e+38 -3.4e+38 -3.4e+38 -3.4e+38 -3.4e+38 -3.4e+38 -3.4e+38 -3.4e+38 -3.4e+38 -3.4e+38 -3.4e+38 -3.4e+38 -3.4e+38 -3.4e+38 -3.4e+38 -3.4e+38 -3.4e+38 -3.4e+38 -3.4e+38 -3.4e+38 -3.4e+38 -3.4e+38 -3.4e+38 -3.4e+38 -3.4e+38 -3.4e+38 -3.4e+38 -3.4e+38 -3.4e+38 -3.4e+38
