Cases/SDM_Urocitellus_beldingi/westernUsClimate_modern/BIO05.asc
NCOLS 316 
NROWS 299 
XLLCORNER -124.820833001 
YLLCORNER 29.1625003333339 
CELLSIZE 0.0666666666645545 
NODATA_value -3.4e+38 
[rows 21 to 41 of 299, columns 46 to 91 of 316]
2234.48418235779 2126.67598152161 2126.88233184814 2009.87626838684 1906.30897903442 2089.99687767029 2044.04502296448 2026.03458023071 1985.70663070679 1800.04628372192 1996.44893074036 1988.26542282104 1693.33212852478 1836.89755630493 2012.70498657227 2663.45009613037 2838.71053695679 2653.27088165283 2541.71709823608 2260.47882652283 2494.3811416626 2790.7851524353 2935.40556716919 3018.50087356567 2781.58505630493 2829.36415863037 2840.63720321655 2849.16287994385 2847.91083145142 2854.60615158081 2887.47197723389 2952.54638290405 2934.89189910889 2914.44091796875 2926.32911682129 2923.74629211426 3009.75194168091 3081.13105773926 3076.5041885376 3089.58496856689 3077.87003326416 3048.34149932861 3016.95812225342 2975.24551010132 2943.26796340942 2937.65937423706
2264.5878944397 2038.294921875 1968.57802391052 2015.96640968323 1985.88710403442 1937.68975448608 1931.85234451294 1919.22548484802 1810.98837471008 1857.74844169617 1970.42928886414 2003.8540096283 2212.11462783813 2124.00450897217 2186.76415061951 2443.47206306458 2967.83446884155 2878.19940185547 2615.37725830078 2543.83721160889 2457.09091186523 2588.52363967896 2984.72850036621 2667.77206802368 2568.00419998169 2795.98202896118 2879.7490196228 2883.26034545898 2886.21436309814 2865.59581756592 2897.69942092896 2942.79316711426 2881.47587585449 2877.72763061523 2924.57599258423 3049.33047866821 3099.22491836548 3077.93740844727 3083.96748352051 3076.16212081909 3059.27578353882 3058.39041900635 3008.60087966919 2977.89121627808 2965.30340576172 2966.40175628662
2143.06211090088 2087.89130592346 2221.89354705811 2087.56796264648 2019.36844825745 1956.78887176514 1911.82196807861 1869.54111289978 1957.1442527771 2002.23221588135 2079.6870059967 2045.6383895874 1997.47256278992 1965.91698646545 2154.86378669739 2415.85389518738 2843.03457260132 2945.16317749023 2991.04327774048 2967.00293731689 2735.77587890625 2889.35821914673 2864.43525695801 2538.24686813354 2596.12353897095 2639.01035690308 2852.20733642578 2932.48847198486 2914.52508926392 2913.22374343872 3001.06005096436 2965.85517501831 2926.78915023804 2960.34513092041 3067.59405517578 3080.16005706787 3090.64649200439 3091.35400390625 3080.33428192139 3065.1103553772 3061.03123474121 3069.24774551392 3022.93329238892 3006.22793579102 2994.48904418945 2983.38018798828
2301.78535461426 2209.77206611633 1928.44766044617 1917.93350601196 1823.18535041809 2008.35165405273 1890.64481735229 2030.65323829651 2118.43729400635 2207.97138214111 2185.44199371338 2094.62315177917 2030.47128486633 2042.83124732971 2023.14140701294 2329.68749237061 2719.91211700439 2681.640209198 2873.63719940186 2860.79471206665 2968.59366226196 3099.84414291382 2910.62968444824 2669.83926391602 2729.88466644287 2771.53721618652 2755.54053878784 2911.97901916504 2999.41552352905 3044.53485870361 3036.11972808838 3031.27940750122 2956.64033889771 3058.95908737183 3073.97882080078 3097.74071884155 3071.80400848389 3108.80478668213 3105.17891311646 3099.01239776611 3103.09912490845 3065.1634979248 3028.90839767456 3014.51453018188 3011.09442520142 2996.48289871216
2101.47831344604 2070.2561416626 2123.36844444275 1992.30673599243 1917.15400695801 2092.45548057556 1916.28134918213 2139.15518951416 2101.40957069397 2284.13701248169 2251.98057174683 2200.66875457764 2227.96622276306 2233.85654067993 2254.67185974121 2359.98084640503 2603.98838043213 2561.19638061523 2734.97021484375 2633.89873886108 2774.5478553772 3017.87462234497 3075.26220703125 3069.98241424561 2930.07021331787 2877.74950790405 2915.81259536743 3005.79433441162 2867.49628067017 2883.7936630249 2954.33330917358 2961.05722045898 2973.40625762939 3121.42137908936 3130.06298446655 3125.57958984375 3117.62615585327 3111.40595245361 3136.30018997192 3150.96639251709 3109.5517539978 3073.70711135864 3042.52265930176 3013.49403381348 3019.62821578979 3024.76123428345
2037.85761642456 2047.24960899353 2019.36240959167 2050.51268005371 1853.08700752258 2029.53429603577 2078.96738624573 2223.52480697632 1998.0539150238 2320.87558364868 2251.37920761108 2256.57764053345 2326.35802841187 2424.47910690308 2428.44150161743 2475.91739654541 2526.46768569946 2389.19901657104 2214.67430114746 2394.55370521545 2523.29736709595 2742.72110748291 2795.75030136108 2865.54357147217 3064.00242996216 3030.81563949585 3018.42753601074 2921.20643234253 2904.18740081787 2854.48035430908 2850.99610137939 2931.90839767456 3051.69736099243 3150.65418624878 3143.73017120361 3118.0163192749 3103.97814178467 3106.28819274902 3114.77635192871 3100.63192749023 3051.19023513794 3009.2546043396 2980.30321884155 2986.75057983398 3025.16395568848 3045.51408004761
2177.51013946533 2054.2504940033 2119.59853172302 1995.56367301941 1976.15244483948 2063.65909194946 2019.61065292358 2199.33556365967 2337.3074092865 2281.67519569397 2385.16815567017 2371.87694168091 2469.57120513916 2517.33729934692 2467.19657897949 2515.21991348267 2538.85645675659 2065.69423294067 2094.19198226929 2201.79501533508 2007.66397094727 2200.37843322754 2392.99755859375 2760.54649734497 2991.88446426392 3066.73896026611 3055.19940185547 3026.09520339966 3020.14265441895 3025.46298599243 3050.43201828003 3096.82040786743 3146.66610717773 3141.88143157959 3124.68915176392 3091.38623046875 3082.25215148926 3076.60537338257 3080.24990081787 3078.44268798828 3059.88261795044 3020.85284423828 2982.77509307861 2977.2783241272 3003.07996368408 3023.16044616699
2050.17079353333 2100.91934204102 2136.62831878662 2220.50965499878 2156.37343406677 2072.9299659729 1939.09735870361 1979.42129135132 2179.79043006897 2404.23183059692 2521.66533279419 2596.75009155273 2604.36824035645 2623.73241424561 2614.42167282104 2609.78749847412 2534.34462738037 2264.19491958618 2189.05790328979 2396.2294921875 2177.92022323608 2030.63788604736 2147.01484489441 2588.88525390625 2896.71328353882 3083.66914367676 3149.30252838135 3051.49452590942 3057.82703781128 3071.51690292358 3092.95858383179 3112.75470352173 3114.47207260132 3106.67822265625 3097.01475524902 3084.18145370483 3082.39374542236 3079.07579040527 3071.14227676392 3086.93653869629 3100.71739196777 3089.82275009155 3053.98789215088 3028.7770614624 3022.17930603027 3038.01318359375
2003.14678192139 2230.19432258606 2218.99843597412 2064.66045570374 1987.22999191284 1911.84375572205 1967.48467254639 1990.56181907654 1980.11270332336 1988.17148971558 2209.13661575317 2378.69874572754 2411.05837631226 2534.68125915527 2629.96133804321 2691.78360366821 2689.24942779541 2694.86445999146 2638.59921264648 2586.7092666626 2535.64188766479 2402.26748657227 2345.48574447632 2576.85000991821 2815.36610031128 3032.51179885864 3144.40507507324 3079.57929611206 3075.78749465942 3077.88408660889 3083.22949981689 3082.61191177368 3079.68857192993 3082.86221694946 3089.88105773926 3086.17665863037 3081.87373352051 3070.40919113159 3064.57842636108 3089.34601211548 3126.16494369507 3135.1474647522 3112.96269607544 3093.22784423828 3074.85330581665 3055.43378067017
2011.89522171021 2065.58536338806 2173.10126113892 1875.71856117249 1967.20194244385 1920.0317401886 2057.23185157776 2246.28292274475 2286.97978973389 2120.54305458069 1960.15048980713 2149.95069313049 2230.38261795044 2346.73790359497 2537.10420608521 2737.37892150879 2829.66053390503 2850.35000228882 2804.49024200439 2812.14249038696 2782.84922027588 2699.18819046021 2546.55400848389 2610.20977020264 2861.26016235352 3093.45840454102 3089.49696350098 3071.40976333618 3082.17118835449 3077.63321685791 3070.6354637146 3062.97489547729 3065.87343597412 3075.47451019287 3079.51659393311 3077.59423446655 3074.55136871338 3067.35155105591 3070.91786193848 3089.44882965088 3129.64169692993 3128.42137908936 3111.58084106445 3100.71229934692 3097.57587814331 3090.28164291382
2045.94892120361 1898.90801239014 1940.91884803772 2102.2184715271 1799.53994369507 1801.5708026886 1855.34903144836 2077.70303916931 2349.77930641174 2524.12636184692 2314.11396026611 2002.84745597839 2166.56101799011 2398.77655792236 2521.04316711426 2634.74159240723 2802.70615005493 2880.82197570801 2894.65311431885 2897.2679901123 2871.07197570801 2818.10019302368 2671.31553268433 2636.43153762817 2835.75860214233 3004.83506011963 3151.73026657104 3011.62226867676 3031.43995285034 3055.35819625854 3059.50400543213 3061.3476524353 3068.46503067017 3078.60497665405 3081.40633773804 3078.48006820679 3079.75918960571 3072.17390823364 3075.6503868103 3080.15007781982 3095.43144607544 3098.72919845581 3089.58338928223 3087.10595321655 3082.6452293396 3090.12197494507
1728.31172180176 1718.9692401886 1826.41064071655 1929.88467597961 1796.47470092773 1981.2236328125 2040.71669769287 2134.07480239868 2232.26983451843 2357.51923942566 2562.31317901611 2322.85372543335 2299.55244636536 2484.98662567139 2526.96815490723 2543.75321578979 2605.19229507446 2713.45488357544 2847.46492385864 2882.27675247192 2897.67929458618 2787.56465911865 2719.67549133301 2727.89540100098 2857.55616378784 3000.38223648071 3208.12430953979 3118.34422302246 3093.07695770264 3083.96622848511 3081.8366355896 3092.94932937622 3092.79453659058 3084.84755325317 3078.66161346436 3073.85195541382 3077.45879364014 3101.07167053223 3070.71786880493 3054.38152694702 3051.42598342896 3064.03524780273 3065.50001144409 3067.85028839111 3069.46629714966 3072.8564453125
1095.12772846222 1599.48016929626 1876.94893836975 1935.32880210876 1956.65958786011 1918.03975486755 2157.11884689331 2011.68339729309 1900.23271369934 2174.83172607422 2422.07167816162 2644.02071380615 2441.37656402588 2470.14364242554 2642.6708984375 2620.12266921997 2500.56006240845 2618.5937461853 2726.52793121338 2822.38398361206 2754.57783508301 2784.11612319946 2678.19297027588 2629.07342147827 2798.00732040405 2937.89295959473 3127.36572265625 3210.74160766602 3167.19930648804 3176.66659545898 3196.82382202148 3204.89472961426 3219.91123580933 3202.97891998291 3165.56328201294 3145.37354278564 3131.19512176514 3103.12912368774 3062.26582717896 3024.70869064331 3012.97938919067 3022.70088195801 3054.26914978027 3060.66553497314 3061.85888671875 3060.96152114868
1605.95996284485 1915.45918273926 2176.05811309814 2133.26816749573 1896.68270111084 2117.75361061096 2094.88896560669 1770.4638710022 2062.92354011536 2285.08359718323 2387.48486328125 2509.32148361206 2571.54149246216 2523.6086769104 2346.36835861206 2542.14413452148 2805.66561508179 2773.70156097412 2764.65987014771 2897.5000038147 2826.69353485107 2838.99306106567 2732.33965301514 2665.23876953125 2797.26767349243 2967.70351028442 3054.9843788147 3166.89101409912 2950.93535232544 2974.24570846558 2988.8789100647 3006.64520263672 3019.67540740967 3055.81679153442 3093.05664825439 3112.81338119507 3088.84941101074 3084.01005172729 3061.51514434814 3025.44863510132 3005.48233032227 3014.82392501831 3061.75567626953 3084.62314224243 3093.57070159912 3108.26444625854
1950.82391357422 2137.03526306152 2420.25380325317 2254.31123733521 2060.18271827698 1911.14677619934 1890.37988853455 1938.93535041809 1994.65800285339 1972.79353904724 2078.84854888916 2209.26845359802 2490.41473770142 2679.83068084717 2803.56463241577 2869.01181793213 2906.98468017578 2959.75263595581 2983.09862136841 2895.64852905273 2829.7734413147 2771.31464385986 2720.83875274658 2709.80263519287 2795.521484375 2959.24775695801 3198.64384841919 3253.36192321777 3193.63924789429 3192.58409118652 3212.47324752808 3223.07626724243 3229.62470245361 3222.18133544922 3176.7744102478 3154.08896255493 3102.57334136963 3074.78818893433 3076.86739349365 3067.55321884155 3055.64141464233 3079.18388748169 3122.05799484253 3144.8828086853 3140.99911117554 3175.21240615845
2289.0587978363 2404.3422908783 2546.69697761536 2227.08036804199 2016.53944015503 1863.78105163574 2019.18340492249 2126.12706565857 2235.08125686646 2447.55233383179 2410.4003944397 2342.2570400238 2454.01485824585 2627.17792892456 2763.70820999146 2872.78983306885 2956.3505821228 3015.30860519409 3081.40497589111 2997.82548522949 2805.56074905396 2772.15538406372 2745.54247283936 2663.33163833618 2628.58240509033 2751.83320236206 2988.38214874268 3246.4941444397 3247.89796829224 3223.55302429199 3215.38426208496 3249.15555953979 3247.01795578003 3221.28545379639 3198.31824493408 3142.52968597412 3124.0322265625 3097.44932174683 3085.63182449341 3119.37598419189 3118.59149932861 3145.25059509277 3168.12148284912 3181.09121704102 3171.18719482422 3178.20009231567
2546.36894226074 2518.02509689331 2214.21004104614 1957.46708106995 2053.92548561096 1835.18934440613 2033.85821533203 2180.7639503479 2246.49960517883 2235.36826896667 2067.10010147095 2252.70682525635 2482.49364089966 2587.58897018433 2776.64649581909 2894.43702316284 2984.69608306885 3038.40438842773 3090.736328125 3097.23456954956 3000.04209136963 2872.89197921753 2723.41006851196 2693.69462203979 2653.86580657959 2631.62490844727 2730.87127685547 2856.10019683838 3011.48036193848 3133.26893615723 3208.50389480591 3222.46240997314 3218.93408203125 3198.0126991272 3187.08417510986 3161.21817016602 3105.01132583618 3088.56591796875 3095.6828956604 3112.26776123047 3124.26669692993 3153.84443283081 3167.52069854736 3166.38059234619 3154.69364929199 3149.34958648682
2226.96084594727 2222.67558288574 2150.63174438477 1888.28602600098 1730.87382316589 1904.5112323761 1888.60254478455 2121.93017578125 1942.23525810242 2034.13974380493 2209.15810394287 2385.11072921753 2604.48310470581 2742.25565719604 2816.64345932007 2891.48328781128 2954.25653076172 2980.29902648926 3039.81406021118 3106.45624160767 3063.72216796875 3042.09198760986 2989.58194351196 2926.84843826294 2856.30703735352 2865.8662147522 2909.55916976929 2947.66296768188 3029.81728744507 3108.78663253784 3175.99678421021 3213.10887527466 3186.2278213501 3170.66241073608 3175.41718292236 3174.63582992554 3157.16924285889 3115.00147247314 3089.60400390625 3076.26309585571 3101.23320770264 3128.4980430603 3131.78261566162 3131.05253982544 3138.78426742554 3144.919921875
2088.40732383728 1990.69335746765 2011.01837158203 1992.03524398804 1814.53828620911 1811.59696769714 2040.64658164978 2041.60059165955 2072.15946960449 2000.01172065735 2196.16592407227 2423.20369720459 2672.54726409912 2878.21053695679 2963.84599304199 3028.08144378662 3062.55916595459 3118.93438339233 3152.42596817017 3180.77900695801 3181.91660308838 3134.83171844482 3065.62733459473 2976.5576210022 2904.9833984375 2845.4709854126 2817.02304840088 2831.93231964111 2833.83877182007 2975.92049026489 3085.79921340942 3126.55194473267 3186.23593139648 3197.27138519287 3170.35068511963 3162.17306518555 3165.11192321777 3106.69345474243 3057.92499542236 3053.70829772949 3085.91133499146 3129.16239929199 3146.27372360229 3151.27861022949 3165.88867950439 3154.62107467651
2189.62997627258 1950.27333831787 2018.98476600647 2078.84209060669 1897.3549785614 1917.96230697632 2085.21260261536 2191.7460975647 2261.4997177124 2150.76650428772 2270.53358840942 2478.39130401611 2789.53145980835 2980.21746063232 3053.65644073486 3092.24727249146 3128.33769226074 3144.80842590332 3162.89570999146 3193.29716110229 3208.60605621338 3209.44570541382 3190.69061660767 3154.87754440308 3131.10702896118 3104.3173789978 3081.20234298706 3014.00568771362 2913.70195007324 2829.32206726074 2831.91287994385 2875.24257659912 2981.09131240845 3131.89384460449 3172.78594207764 3165.19005966187 3171.39434432983 3097.30010223389 3023.88213729858 3028.92567443848 3076.32070159912 3132.58555221558 3173.28466796875 3196.59845352173 3195.67384338379 3192.00680923462
2238.99287223816 2193.34550285339 2158.24578666687 1913.57352828979 1955.47305107117 2146.66895294189 2146.63035583496 2297.34953308105 2279.04521179199 2229.80800247192 2262.97589111328 2442.56591415405 2713.78993988037 2905.11132049561 3015.06749343872 3052.91455078125 3095.72491455078 3130.51867294312 3138.78594589233 3162.11680603027 3199.13360977173 3190.4560585022 3192.86444091797 3217.94942474365 3209.46055603027 3210.83897018433 3222.11248779297 3164.01073074341 3066.96885299683 3006.02158355713 2983.51171112061 3035.91093444824 3101.34892654419 3138.93438339233 3181.47480010986 3183.46260452271 3184.91202926636 3174.34784317017 3130.74171447754 3129.79814147949 3131.97323608398 3161.16915130615 3176.30342483521 3194.27060699463 3200.63711166382 3194.44501876831
