Cases/SDM_Urocitellus_beldingi/westernUsClimate_modern/BIO08.asc
NCOLS 316 
NROWS 299 
XLLCORNER -124.820833001 
YLLCORNER 29.1625003333339 
CELLSIZE 0.0666666666645545 
NODATA_value -3.4e+38 
[rows 208 to 233 of 299, columns 232 to 289 of 316]
2111.25 2068.578125 2016.15625 1955.90625 1949.71875 1927.1875 1899.59375 1907.609375 1870.28125 1871.703125 1880.890625 1861.953125 1803.0625 1779.015625 1675.359375 1502.25 1380.0625 1635.3125 1611.078125 1713.59375 1871.328125 1972.09375 1970.375 1897.078125 1744.484375 1645.96875 1471.984375 1684.84375 1739.78125 1954.125 2038.03125 2053.875 2060.59375 2112.890625 2169.109375 2222.359375 2209.546875 2150.21875 2212.875 2305.515625 2289.546875 2254.625 2180.4375 1668.859375 1664.234375 1959.046875 1913.828125 1913.828125 1971.1875 1948.890625 1942.890625 1941.046875 1937.078125 1921.578125 1897.546875 1875.34375 1913.125 1928.65625
2070.765625 2022.609375 1960.078125 1954.3125 1934.734375 1947.734375 1951.984375 1933.71875 1828.453125 1872.65625 1879.40625 1874.84375 1844.296875 1812.40625 1812.6875 1734.609375 1639.0625 1605.03125 1594.84375 1665.921875 1764.15625 1910.203125 2033.703125 1958.28125 1796.984375 1878.125 1699.59375 1909.71875 1918.84375 2009.125 2095.46875 2089.28125 2076.734375 2147.5625 2200.984375 2239.125 2229.265625 2161.796875 2222.453125 2353.171875 2344.515625 2314.5 2235.40625 1797.53125 1740.859375 1916.0625 1944.828125 1958.53125 1940.53125 1943.234375 1946.828125 1941.828125 1932.703125 1918.9375 1903.171875 1856.765625 1891.53125 1909.328125
2064.703125 2003.8125 1970.46875 1953.046875 1963.65625 1997.390625 2012.90625 2007.25 1932.71875 1868.078125 1839.40625 1838.203125 1821.5625 1803.171875 1800.375 1800.6875 1756.265625 1640.4375 1616.140625 1657.0625 1695.484375 1851.71875 1992.1875 1984.59375 1969.0625 2017.453125 2029.5 2043.65625 2050.71875 2083.3125 2148.25 2132.859375 2076.15625 2162.359375 2223.03125 2249.203125 2241.625 2186.328125 2242.375 2303.59375 2320.984375 2336.640625 2265.125 2017.9375 1917.140625 1833.09375 1895.546875 1923.4375 1933.625 1944.65625 1948.953125 1942.5 1932.84375 1920.578125 1903.140625 1871.5625 1904.03125 1928.34375
2018.171875 1999.265625 1981.671875 1973.25 1996.359375 2029.828125 1990.671875 1898.453125 1870.625 1837.75 1795.078125 1767.171875 1788.125 1770.921875 1777.015625 1774.09375 1766.515625 1715.21875 1664.640625 1674.5 1694.71875 1771.46875 1916.625 1901.03125 1922.109375 1974.96875 1991.65625 2030.546875 2069.09375 2097.6875 2160.421875 2176.328125 2168.984375 2198.640625 2245.40625 2256.828125 2248.859375 2225.328125 2276.328125 2286.21875 2309.671875 2333.625 2257.640625 2076.359375 1835.828125 1781.390625 1853.46875 1916.65625 1936.796875 1957.015625 1957.6875 1946.234375 1932.84375 1924.671875 1889.375 1873.03125 1886.484375 1917.96875
2022.8125 2029.9375 2006.5 2001.984375 2031.515625 2029.734375 1971.375 1914.15625 1833.4375 1810.953125 1791.703125 1759.734375 1773.046875 1749.828125 1758.75 1755.3125 1740.65625 1722.75 1714.90625 1730.859375 1750.34375 1801.859375 1844.328125 1794.78125 1854.65625 1906.6875 1994.484375 2034.625 2070.625 2119.6875 2166.671875 2182.265625 2197.765625 2229.28125 2260.5625 2263.546875 2244.734375 2240.359375 2285.65625 2291.59375 2312.046875 2307.921875 2242.4375 2101.21875 1872.21875 1772.703125 1841.40625 1915.640625 1942.296875 1971.78125 1967.03125 1949.390625 1942.578125 1932.703125 1899.375 1880.53125 1888.4375 1919.078125
2079.484375 2064.015625 2040.5625 2053.71875 2054.921875 2021.65625 1964.71875 1911.765625 1866.140625 1849.75 1843.34375 1818.8125 1781.96875 1758.40625 1737.5625 1733.828125 1696.03125 1713.0625 1751.46875 1771.640625 1786.3125 1786.8125 1775.28125 1750.6875 1791 1865.765625 1955.53125 2018.234375 2120.78125 2148.875 2150.984375 2145.671875 2118.453125 2151.75 2269.015625 2275.453125 2252.546875 2255.15625 2278.09375 2283.171875 2287.21875 2285.5625 2225.078125 2114.34375 1814.65625 1700.15625 1841.140625 1922.890625 1953.984375 1975.171875 1974.140625 1966.046875 1959.421875 1948.25 1922.515625 1877.28125 1910.828125 1933.203125
2108.109375 2094.703125 2090.140625 2058.34375 2024.125 2015.46875 1987.609375 1931.75 1901.421875 1887.53125 1854.3125 1813.625 1800.34375 1764.3125 1749.78125 1721.15625 1704.171875 1730.4375 1778.453125 1796.171875 1781.96875 1779.421875 1734.9375 1720.5 1770.125 1829 1887.703125 2013.84375 2114.359375 2115.328125 2068.234375 2067.828125 2068.6875 2119.8125 2266.046875 2280.0625 2277 2281.125 2267.875 2285.40625 2278.28125 2271.734375 2213.3125 1936.140625 1592.265625 1757.234375 1877.140625 1935.859375 1967.515625 1988.21875 1984.765625 1983.0625 1974.859375 1966.140625 1946.0625 1913.671875 1932.984375 1963.984375
2139.875 2136.6875 2109.109375 2031.453125 1966.546875 1955.171875 1972.4375 1953.015625 1918.984375 1894.96875 1873 1837.203125 1802.3125 1773.3125 1766.484375 1735.65625 1730.796875 1744.46875 1783.578125 1810.953125 1801.140625 1749.96875 1722.875 1730.109375 1764.515625 1812.46875 1861.171875 1955.84375 2080.8125 2047.71875 2029.390625 1959.75 2054.234375 2153.796875 2250.484375 2286.359375 2289.546875 2283.6875 2294.25 2294.796875 2277.25 2268.40625 2211.921875 1911.828125 1638.09375 1834.578125 1924.109375 1958.046875 1981.8125 2000.015625 2001.8125 1995.171875 1990.609375 1979.671875 1960.265625 1943.796875 1953.4375 1972
2167.359375 2129.90625 2089.8125 2036.4375 1971.3125 1940.734375 1892.796875 1883.40625 1864.53125 1865.078125 1870.265625 1831.671875 1799.203125 1781.203125 1751.953125 1735.09375 1757.59375 1773.109375 1790.96875 1807.375 1789.203125 1723.21875 1725.65625 1731.453125 1770.125 1814.515625 1865.671875 1954.234375 1982.671875 2000.46875 1967.140625 1974.515625 2113.015625 2167 2246.25 2288.984375 2302.765625 2299.921875 2332.9375 2325.84375 2291.953125 2273.078125 2191.796875 1769.59375 1706.609375 1895.203125 1955.671875 1980.625 1993.921875 2005.921875 2009.640625 2002.21875 1991.46875 1974.5625 1958.34375 1949.71875 1968.328125 1984.25
2172.15625 2150.96875 2114.171875 2072.03125 2027.46875 1991.65625 1952.1875 1901.09375 1876.46875 1825.765625 1862.96875 1869.125 1855.90625 1801.6875 1756.125 1745.53125 1763.265625 1780.015625 1794.6875 1782.578125 1774.71875 1731.515625 1738.953125 1764.421875 1796.1875 1859.40625 1921.78125 1902.53125 1984.265625 2034.53125 1991.421875 2069.96875 2137.734375 2211.84375 2260.96875 2293.375 2276.828125 2230.625 2155.3125 2323.015625 2298.09375 2276.015625 2154.421875 1614.6875 1773.109375 1929.546875 1986.578125 1994.03125 2002.3125 2009.53125 2011.546875 2004.203125 1981.203125 1961.375 1955.203125 1956.125 1974.203125 1985.4375
2152.78125 2094.59375 2098.015625 2092.21875 2057.765625 2016.953125 1971.875 1983.6875 1970.015625 1940.953125 1919.765625 1902.25 1881.5625 1840.3125 1786.640625 1738.21875 1748.796875 1775.453125 1786.078125 1760.796875 1740.1875 1735.90625 1787 1818.046875 1845.859375 1909.859375 1940.953125 1970.796875 2059.203125 2071.875 2025.515625 2085.75 2117.53125 2211.953125 2255.296875 2295.140625 2235.65625 2062.234375 2150.859375 2333.265625 2305.8125 2283.09375 2200.328125 1912.75 1941.34375 1985.1875 2008.328125 2000.640625 2003.140625 2007.6875 2015.890625 2004.640625 1974.53125 1966.53125 1964.765625 1977.40625 1997.859375 1989.03125
2111.328125 2021.9375 1969.890625 1987.859375 1999.046875 1987.5625 1962.6875 1960.109375 1974.421875 1960.6875 1925.078125 1839.875 1812.328125 1797.890625 1770.5625 1749.921875 1736.921875 1753.15625 1770 1750.546875 1719.9375 1749.9375 1798.890625 1837.8125 1869.453125 1935.65625 1963.796875 1991.53125 2044.765625 2087.953125 2089.84375 2103.5625 2142.203125 2090.796875 2113.421875 2291.484375 2349.5 2374.5 2385.796875 2345.375 2310.09375 2281.09375 2226.515625 2127.890625 2098.484375 2063.875 1979.796875 1979.703125 1983.4375 1961.109375 1950.515625 1994.28125 1992.109375 1980.859375 1976.109375 1998.84375 2020.40625 2005.546875
2000.015625 1944.75 1898.75 1861.125 1865.71875 1909.875 1911 1901.125 1919.296875 1878.828125 1854.203125 1825.65625 1799.5 1758.28125 1751.703125 1745.46875 1738.75 1720 1735.53125 1723.78125 1721 1744.671875 1782.3125 1820.453125 1823.25 1871.96875 1928.0625 1993.03125 2030.828125 2048.703125 2109.25 2154.171875 2156.875 2067.359375 2094.265625 2280.796875 2351.03125 2388.578125 2383.453125 2346.1875 2295.75 2207.71875 2123.4375 2127.140625 2094.0625 2018.453125 1934.0625 1955.328125 1976.15625 1990.71875 1981.40625 1966.4375 1979.3125 1974.9375 1970.15625 1977.28125 1985.65625 1975.6875
2014.203125 1898.515625 1833.71875 1796.53125 1797.859375 1783.9375 1825.515625 1832.140625 1821.90625 1785.640625 1764.609375 1762.34375 1793.65625 1785.515625 1782.0625 1774.9375 1751.75 1731.265625 1712.234375 1697.671875 1715.734375 1735.203125 1749.921875 1775.53125 1790.796875 1825.890625 1838.34375 1902.375 1945.703125 1978.515625 1961.59375 2118.75 2195.125 2232.5 2271.484375 2319.46875 2349.71875 2380.0625 2365.375 2314.8125 2262.859375 2046.703125 2053.828125 2066.734375 2009.84375 1958.421875 1960.40625 1969.234375 2002.78125 2035.328125 2014.171875 1981.1875 1948.46875 1946.3125 1947.40625 1952.125 1946.484375 1958.640625
1935.6875 1882.09375 1806.84375 1746.078125 1727.078125 1700.390625 1717.375 1724.125 1782.25 1763.34375 1732.4375 1733.609375 1759.796875 1740.984375 1765.53125 1765.03125 1743.859375 1737 1705.34375 1692.765625 1697.3125 1732.15625 1739.53125 1768.9375 1762.640625 1799.796875 1808.453125 1814.8125 1874.203125 1913.140625 1883.390625 2044.640625 2162.84375 2218.03125 2231.421875 2294.1875 2331.53125 2353.53125 2334.59375 2283.625 2210.0625 2122.875 2089.828125 2054.90625 2062.921875 2059.46875 2010.125 2000.171875 2044.34375 2049.234375 2029.421875 1967.015625 1873.875 1783.796875 1868.390625 1877.421875 1895.8125 1939.578125
1842.765625 1770.578125 1765.03125 1720.734375 1671.046875 1623.015625 1641.96875 1694.3125 1729.375 1731.828125 1730.28125 1707.125 1714.8125 1703.359375 1713.15625 1738.71875 1706.75 1731.359375 1728.515625 1702.671875 1698.703125 1720.546875 1691.5625 1719.125 1760.046875 1813.140625 1805.3125 1798.90625 1830.703125 1898.15625 1969.453125 2035.703125 2126.46875 2163.875 2157.265625 2183.609375 2310.203125 2328.359375 2308.015625 2255.96875 2164.65625 2096.765625 2117.90625 2140.8125 2138.921875 2102.21875 2032.96875 2015.1875 2069.03125 2063.078125 2038.59375 1963.515625 1868.703125 1743.9375 1765.796875 1870.25 1874.59375 1903.328125
1769.53125 1743.984375 1699.5 1712.859375 1679.40625 1613.28125 1592.375 1628.46875 1694.609375 1670 1671.078125 1668.796875 1668.9375 1681.953125 1704.140625 1700.78125 1706.703125 1723.4375 1731.125 1726.046875 1745.484375 1746.109375 1697.6875 1736.1875 1784.8125 1817.328125 1819.625 1784.453125 1819.96875 1888.859375 1975.609375 2043.03125 2029.40625 2121 2137.46875 2213.640625 2296.234375 2304.984375 2295.109375 2217.875 2116.765625 2080.3125 2167.109375 2204.140625 2185.4375 2129.140625 2040.640625 1993.34375 2047.640625 2073.125 2044.59375 1981.046875 1919.65625 1871.015625 1859.734375 1870.328125 1882.265625 1917.03125
1566.140625 1600.203125 1639.046875 1618.09375 1608.671875 1529.453125 1530.984375 1565.90625 1625.515625 1608.421875 1637.546875 1656.078125 1685.15625 1699.796875 1699.328125 1684.65625 1709.84375 1719.328125 1755.484375 1765.359375 1753.90625 1751 1742.515625 1769.4375 1806.125 1818.78125 1814.5625 1820.9375 1834.296875 1880.53125 1939.203125 1920.78125 1753.28125 2030.15625 2151.890625 2132.828125 2280.8125 2293.65625 2276.5625 2197.703125 2176.765625 2148.921875 2197.53125 2226.84375 2193.484375 2142.71875 2084.34375 2019.171875 2050.453125 2069.71875 2046.46875 2021.296875 1978.578125 1946.21875 1920.453125 1856.28125 1900.109375 1968.546875
1300.828125 1500.484375 1590.40625 1452.984375 1486.859375 1464.046875 1525.109375 1568.25 1598.5625 1655.3125 1662.484375 1677.265625 1679.546875 1698.671875 1727.359375 1715.609375 1733.078125 1761.3125 1772.109375 1781.125 1786.921875 1789.96875 1776.71875 1795.875 1808.8125 1783.375 1766.609375 1790.65625 1846.484375 1919.21875 1934.265625 1864.15625 1550.296875 1806.15625 2080 2213.171875 2304.765625 2315.921875 2302.5625 2229.015625 2234.90625 2230.78125 2245.921875 2249.578125 2215.5 2150.234375 2085.765625 2047.90625 2071.5 2077.171875 2082.5625 2081.890625 2064.203125 2038.625 2000.21875 1931.21875 1939.375 1976.703125
1322.328125 1422.453125 1465.875 1293.765625 1442.03125 1487.703125 1591.9375 1642.265625 1649.734375 1702.484375 1725.59375 1698.828125 1720.546875 1711.796875 1714.671875 1741.859375 1741.625 1781.1875 1801.03125 1795.109375 1791.078125 1795.5 1781.40625 1806.96875 1796.265625 1759.8125 1783.71875 1766.203125 1802.75 1949.171875 1986.390625 1976.625 1754.0625 1822.890625 2104.34375 2208.375 2332.609375 2353.703125 2338.4375 2295.0625 2285.78125 2285.953125 2284.4375 2269.46875 2227.828125 2160.1875 2069.53125 2087.359375 2106.953125 2131.5625 2132.90625 2144.953125 2107.015625 2073.015625 1999.9375 1918.296875 1932.109375 1982.4375
1413.90625 1392.875 1374.75 1424.296875 1512.390625 1560.796875 1649.84375 1679.640625 1652.984375 1735.046875 1779.40625 1795.203125 1756.171875 1678.71875 1718.796875 1785.234375 1818.390625 1824.390625 1812.234375 1803.46875 1793.3125 1767.34375 1751.203125 1759.828125 1782.25 1787.515625 1776.546875 1689.9375 1686.703125 1920.296875 2046.828125 2086.890625 1972.1875 2111.03125 2199.921875 2193.15625 2327.34375 2373.859375 2351.375 2313.921875 2312.28125 2324.15625 2312.46875 2271.421875 2216.5625 2131.484375 2068.4375 2139.796875 2179.21875 2169.40625 2193.140625 2174.875 2146.453125 2039.609375 1927.1875 1823 1899.078125 1961.859375
1478.765625 1440.328125 1426.15625 1490.921875 1586.953125 1639.015625 1659.15625 1684.65625 1801.0625 1840.34375 1842.828125 1783.859375 1742.015625 1667.078125 1726.25 1813.1875 1834.625 1811.078125 1790.703125 1785.671875 1748.828125 1766.109375 1739.859375 1743.3125 1760.328125 1769.5 1799.859375 1768.8125 1668.109375 1952.109375 2071.78125 2150.046875 2152.734375 2223.453125 2282.6875 2312.78125 2366.25 2376.46875 2353.109375 2326.390625 2335.796875 2342.0625 2330.515625 2277.84375 2109.609375 2069.265625 2134.359375 2207.96875 2230.578125 2215.375 2208.921875 2197.75 2162.4375 1984.21875 1903.875 1883.75 1930.328125 1976.75
1543 1485.015625 1536 1660.234375 1748.46875 1658.421875 1700.484375 1799.328125 1917.921875 1924.46875 1824.140625 1710.390625 1668.921875 1646.734375 1734.65625 1781.03125 1789.515625 1817.484375 1791.296875 1765.75 1736.921875 1709.640625 1744.203125 1759.75 1792.109375 1821.5 1834.078125 1843.515625 1840.109375 1953.046875 2087.046875 2172.375 2245.984375 2299.34375 2350.15625 2378 2383.3125 2361.0625 2351.453125 2345.8125 2351.046875 2358.03125 2351.8125 2295.46875 2065.328125 2007.71875 2197.5625 2248.671875 2261.296875 2237.03125 2199.578125 2228.671875 2190.25 2066.96875 1795.34375 1753.171875 1895.34375 1956
1388.515625 1452.765625 1655.703125 1814.875 1756.828125 1684.828125 1809.5 1872.78125 1940.578125 1887.890625 1804.703125 1633.015625 1673.90625 1658.109375 1686.90625 1745.625 1780.609375 1817.40625 1765.03125 1774.515625 1676.875 1639.140625 1686.234375 1772.40625 1824.265625 1874.25 1881.8125 1839.59375 1615.359375 1798.75 2010.53125 2192.046875 2274.53125 2341.46875 2375.359375 2390.5 2375.109375 2359.875 2352.515625 2358.890625 2361.6875 2365.296875 2357.765625 2296.84375 1998.8125 2169.578125 2263.359375 2281.640625 2301.578125 2259.109375 2256.21875 2256.546875 2196.703125 2108.4375 1818.796875 1740.125 1830.484375 1813.890625
1442.921875 1710.1875 1901.015625 1907.59375 1789.703125 1857.90625 1905.984375 1954.3125 1969.4375 1815.21875 1778.171875 1727.484375 1682.4375 1627.59375 1652.265625 1705.328125 1779.78125 1752.109375 1749.359375 1704.21875 1657.90625 1612.171875 1678.40625 1763.984375 1838.984375 1903.796875 1934.828125 1912.296875 1682.140625 1816.546875 2030.703125 2215.125 2301.796875 2368.984375 2389.3125 2390.171875 2362.09375 2347.78125 2351.71875 2363.078125 2364.75 2362.890625 2358.421875 2290.890625 2181.578125 2137.265625 2320.640625 2332.71875 2357.625 2326.953125 2282 2205.484375 2106.078125 2012.640625 1943.0625 1789.34375 1828.984375 1822.484375
1725.109375 1921.03125 1955.375 1774.5 1710.921875 1975.5625 2024.296875 2014.890625 1918.234375 1702.484375 1686.5625 1683.46875 1655.796875 1626.71875 1667.46875 1695.359375 1687.484375 1705.6875 1706.09375 1691.296875 1662 1640.421875 1711.8125 1791.6875 1837.96875 1900.0625 1954.765625 2014.46875 1845.453125 1903.96875 2087.875 2224.390625 2329.875 2391.171875 2395.609375 2380.28125 2351.765625 2331.75 2344.734375 2359.90625 2360.703125 2365.859375 2320.515625 2189.8125 2322.59375 2319.75 2370.359375 2387.90625 2377.75 2301.0625 2206.125 2087.046875 1917.1875 1615.84375 1772.671875 1785.578125 1856.65625 1908.734375
