Cases/SDM_Urocitellus_beldingi/westernUsClimate_modern/BIO10.asc
NCOLS 316 
NROWS 299 
XLLCORNER -124.820833001 
YLLCORNER 29.1625003333339 
CELLSIZE 0.0666666666645545 
NODATA_value -3.4e+38 
[rows 150 to 174 of 299, columns 228 to 284 of 316]
2323.75 2419.21875 2442.859375 2464.375 2463.65625 2474.75 2474.59375 2452.828125 2417.765625 2321.515625 2249.171875 2187.015625 2159.46875 2251.1875 2351.84375 2379.1875 2405.671875 2401.953125 2375.1875 2218.21875 1572.859375 1367.3125 1415.421875 1176.84375 1118.0625 1076.75 1077.734375 1149.234375 1130.046875 1121.4375 1367.75 1534.03125 1662.046875 1761.015625 1545.6875 1236.640625 1318.4375 1071.859375 956.625 787.609375 900.984375 924.546875 1052.03125 833.296875 819.078125 785.5 870.890625 849.640625 1056.890625 1188.09375 1231.046875 928.484375 1109.65625 1220.875 1287.765625 1293.171875 1304.328125
2429.1875 2468.9375 2471.453125 2471.9375 2475.734375 2487.90625 2478.171875 2364.09375 2182.921875 2169.421875 2162.234375 2125.71875 2110.96875 2086.28125 2173.0625 2318.546875 2360.234375 2375.9375 2335.484375 2225.765625 1935.5 1478.609375 1211.859375 1186.015625 1407.671875 1498.015625 1535.796875 1373.421875 1374.09375 1240.46875 1480.96875 1736.96875 1545.015625 1733.609375 1719.296875 1355.125 1284.640625 887.28125 949.734375 944.4375 772.515625 741.09375 867.578125 961.125 936.359375 813.734375 744.390625 785.203125 840.625 961.203125 1250.859375 1114.609375 915.09375 1165.71875 1305.390625 1317.78125 1311.671875
2478.65625 2477.6875 2479.234375 2481.421875 2486.84375 2488.078125 2464.671875 2272.875 2041.4375 1966.890625 2007.328125 1990.296875 1945.9375 1816.46875 1890.671875 2043.078125 2243.015625 2321.203125 2323.484375 2230.046875 2099.9375 1518.46875 1283.578125 1763.21875 2064.328125 2051.828125 2004.765625 1875.03125 1603.09375 1673.015625 1856.5625 1936.578125 1823.65625 1788.0625 1773 1573.21875 1513.734375 1037.703125 1173.3125 1193.3125 1151.703125 1095.65625 996.65625 933.015625 1079.078125 1149.71875 937.015625 771.609375 669.84375 672.84375 989.875 1475.265625 1296.859375 1307.53125 1334.953125 1316.40625 1312.9375
2487.75 2478.34375 2473.828125 2475.984375 2498.171875 2488.59375 2445.078125 2282.453125 1991.5625 1775.921875 1671.890625 1693.09375 1667.359375 1606.84375 1688.09375 1877.75 2102.03125 2205.859375 2298.875 2279.46875 2174.484375 1885.390625 1881.078125 2141.6875 2177.15625 2165.171875 2163.75 2139.984375 2085.96875 2104.828125 2072.421875 1919.421875 1773.890625 1573.4375 1666.84375 1266.4375 1328.171875 1219.3125 1125.796875 1245.84375 1234.625 1166.5 1122.21875 1117.828125 1042.53125 1189.859375 1157.078125 1056.1875 903.21875 759.15625 1067.65625 1569.53125 1599.140625 1479.1875 1393.390625 1306.125 1302.734375
2448.015625 2466.265625 2409.75 2405.21875 2460.390625 2463.9375 2433 2337.4375 2144.421875 1932.390625 1773.796875 1863.265625 1703.859375 1765.375 1833.140625 1910.59375 2013.078125 2078.8125 2250.546875 2290.140625 2253.625 2226.671875 2200.890625 2206.59375 2230.203125 2240.40625 2227.640625 2222.890625 2188.734375 2126.46875 1989.28125 1523.421875 1491.9375 1244.09375 1551.46875 1482.921875 1182.546875 1231.578125 1249.796875 1197.203125 1228.21875 1264.625 1078.421875 1168.90625 1109.96875 1153.34375 1146.578125 995.953125 773.8125 973.5 1132.140625 1542.828125 1668.1875 1599.25 1456.8125 1373.359375 1306.1875
2457.859375 2476.515625 2396.875 2427.890625 2439.140625 2277.703125 2298.375 2328.734375 2286.984375 2286.65625 2224.828125 1917.078125 1781.6875 1736.5625 1787.15625 1855.125 1886.625 1966.25 2126.140625 2232.03125 2259.53125 2259.078125 2216.578125 2206.71875 2216.96875 2217.828125 2187.625 2154.9375 2137.3125 2094.609375 2013.078125 1772.125 1631.703125 1275.046875 1286.5625 1244.28125 941.453125 1206.8125 1370 1375.625 1311.296875 1413.0625 1356.09375 1277.09375 1107.6875 1033.453125 1060.171875 941 837.671875 936.890625 903.765625 1394.578125 1651.109375 1654.71875 1468.328125 1348.453125 1341.671875
2543.828125 2447.71875 2421.75 2447.53125 2320.171875 2164.984375 2087.09375 2047.53125 2080.1875 2272.28125 2140.703125 1994.8125 1907.96875 1671.015625 1708.296875 1755.78125 1827.640625 1916.171875 2031.171875 2161.609375 2218.9375 2230.6875 2231.40625 2206.265625 2207.671875 2185.78125 2140.703125 1985.375 1996.71875 1994.765625 1938.234375 1768.265625 1397.390625 1195.171875 1359.1875 1237.8125 981.875 1157.359375 1334.03125 1439.34375 1444.265625 1463.4375 1367.59375 1255.09375 970.609375 977.484375 967.25 947.171875 922.4375 742.8125 685.640625 1181.734375 1645.65625 1697.671875 1462.0625 1323.0625 1406.78125
2586.734375 2519.0625 2365.09375 2249.515625 2151.875 1791.90625 1764.65625 1874.765625 1917.984375 2054.609375 2249.921875 2142.609375 2055.21875 1791.65625 1620.953125 1699.71875 1792.1875 1927.421875 1985.859375 2050.6875 2144.265625 2177.09375 2179.421875 2186.8125 2187.59375 2166.171875 2112.359375 1961.15625 1852.265625 1817.703125 1857.4375 1752.6875 1526.65625 1324.921875 1484.203125 1334.3125 1291.359375 1350.546875 1442.5 1454.3125 1515.234375 1501.703125 1422.3125 1300.359375 1289.609375 1232.34375 1191.390625 1069.34375 865.953125 765.25 840.171875 1321.171875 1668.921875 1755.296875 1645.0625 1397.84375 1460.6875
2530.234375 2460.78125 2410.03125 2141.296875 1803.65625 1287.921875 1377.5625 1748.53125 1957.578125 2148.75 2229.4375 2218.4375 2199.96875 1996.3125 1710.171875 1609.203125 1716 1821.703125 1874.90625 1926.515625 2029.6875 2077.4375 2107.359375 2120.09375 2151.40625 2150.921875 2107.21875 2031.8125 1871.859375 1770.625 1755.84375 1671.203125 1499.265625 1522.84375 1579.1875 1555.6875 1527.84375 1531.40625 1505.75 1502.328125 1511.5 1526.78125 1525.40625 1479.765625 1431.828125 1318.03125 1263.234375 1232.28125 1086.03125 977.875 1208.84375 1480.640625 1676.640625 1775.15625 1752.859375 1579.125 1651.953125
2467.890625 2383.234375 2347.890625 2232.28125 1888.765625 1228.46875 1437.234375 1782.234375 1922.59375 2096.234375 2169.71875 2249.203125 2250.40625 2180.234375 2029.84375 1766.75 1616.015625 1673.390625 1678.71875 1718.125 1822.265625 1929.671875 1965.578125 2035.15625 2068.78125 2103.03125 2084.734375 2013.921875 1903.8125 1763.015625 1669.59375 1594.65625 1592.5 1608.828125 1607.578125 1607.078125 1624.46875 1628.484375 1558.625 1492.40625 1461.453125 1508.6875 1502.515625 1491.34375 1490.53125 1461.765625 1348.390625 1269.953125 1240.15625 1023.796875 870.453125 1129.375 1478.046875 1342.40625 1466.5625 1630.890625 1796.203125
2368.84375 2376.5625 2315.53125 2189.875 1897.359375 1429.484375 1733.421875 1872.546875 1951.359375 2122.71875 2139.125 2189.171875 2260.734375 2255.796875 2196.640625 2104.09375 1931.015625 1834.40625 1730.171875 1619.671875 1589.84375 1710.34375 1780.3125 1853.9375 1921.921875 1975.734375 2007.5 1971.125 1833.046875 1680.640625 1656.921875 1665.34375 1608.34375 1598 1568.875 1559.21875 1551.28125 1541.609375 1521.6875 1472.859375 1480.296875 1469.1875 1454.515625 1455.5625 1457.609375 1457.875 1425.75 1364.640625 1327.15625 1207.21875 1002.640625 1172.328125 1366.875 1453.234375 1188.640625 1151.625 1617.921875
2316.578125 2317.78125 2269.078125 2175.640625 2046.109375 1912.140625 1935.046875 1982.78125 2036.078125 2137.109375 2194.515625 2205.46875 2182.78125 2243.109375 2260.21875 2206.984375 2083.28125 1972.546875 1840.640625 1720.25 1523.328125 1488.734375 1553 1649.71875 1753.65625 1819.171875 1870.875 1903.125 1793.484375 1438.96875 1557.671875 1522.46875 1507 1449.296875 1516.78125 1534.78125 1480.875 1525.46875 1493.359375 1438.609375 1425.46875 1345.578125 1415 1356.546875 1372.359375 1354.90625 1247.921875 1220.390625 1196.734375 1210.953125 1019.75 1027.546875 1029.90625 1371.890625 1557.359375 1268.9375 1251.453125
2283.640625 2270.359375 2223.765625 2155.078125 2089.46875 2041.5625 2003.40625 2033.546875 2068.0625 2135 2183.96875 2175.4375 2201.875 2194.25 2219.34375 2259.203125 2196.140625 2099.21875 1995.890625 1876.609375 1750.484375 1659 1509.84375 1471 1537.140625 1634.0625 1718.8125 1758.546875 1736.234375 1455.921875 1292.75 1310.640625 1255.828125 1270.375 1304.71875 1489.984375 1468.90625 1447.6875 1425.171875 1343.578125 1295.0625 1176.265625 1346.8125 1344.875 1324.1875 1251.1875 1281.765625 1263.890625 1162.53125 1307.109375 1247.265625 1152.46875 1246.625 1384.875 1577.40625 1624.5 1372.359375
2321.15625 2258.21875 2191.75 2153.890625 2125.78125 2095.828125 2060.78125 2076.390625 2117.671875 2144.734375 2158.546875 2126.71875 2096.765625 2081.078125 2148 2197.796875 2181.375 2095.65625 1962.140625 1888.8125 1813.390625 1710.625 1600.546875 1473.359375 1410.1875 1436.375 1576.015625 1670.5 1699.28125 1631.109375 1325.015625 1233.15625 1046.625 1138.140625 1263.578125 1394.140625 1295.421875 1354.734375 1375.5625 1313 1258.921875 1274.15625 1286.703125 1290.171875 1285.734375 1319.375 1358.140625 1409.953125 1445.703125 1484.296875 1440.28125 1341.71875 1381.265625 1460.109375 1559.765625 1654.765625 1620.09375
2299.6875 2223.875 2170.5 2134.65625 2122.015625 2088.890625 2058.125 2040.515625 2067.484375 2072.59375 2123.5 2131.5 2075.40625 2073.125 2072.984375 2007.71875 2023.984375 1969.359375 1894.734375 1832.984375 1795.328125 1735.578125 1611 1467.75 1380.3125 1409.328125 1589.296875 1601 1619.171875 1465.5625 1256.5 963.421875 808.078125 916.125 1245.5 1151.28125 844.484375 1120.125 1300.3125 1238.296875 1194.359375 1202.546875 1237.453125 1230.984375 1234.15625 1301.75 1357.96875 1446.546875 1433.390625 1495.046875 1563.625 1590.4375 1504.8125 1604.015625 1651.359375 1666.234375 1664.71875
2285.109375 2183.8125 2120.53125 2091.625 2088.65625 2071.8125 2031.390625 1981.1875 1998.328125 2044.46875 2120.96875 2145.640625 2130.796875 2085.0625 2041.65625 2002.46875 1940.921875 1801.828125 1709.46875 1676.578125 1637.671875 1657 1604.53125 1523.1875 1433.828125 1269.828125 1331.234375 1360 1431.03125 1278.0625 1057.921875 768.59375 772.171875 857.328125 1240.828125 1038.171875 959.53125 1150.3125 1249.25 1140.59375 979.5 1137.40625 1196.796875 1193.90625 1213.359375 1260.390625 1341.390625 1334.765625 1328.15625 1368.796875 1486.5625 1624.015625 1673.953125 1676.4375 1676.671875 1673.765625 1676.65625
2176.296875 2099.9375 2029.484375 1980.90625 1984.53125 1979.4375 1964.15625 1934.875 1929.03125 1965.859375 2014.359375 2109.421875 2125.65625 2109.6875 2028.890625 1912.3125 1831.8125 1698.171875 1590.6875 1627.84375 1531.765625 1499.015625 1469.9375 1493.3125 1395.359375 1107.25 912.890625 868.515625 1029.28125 1178.625 781.109375 855.59375 912.53125 991.46875 1158.203125 1047.53125 1072.40625 1037.984375 1035.703125 966.640625 772.296875 980.4375 1047.234375 1170.921875 1197.234375 1156.484375 1187.578125 1166.6875 1235.890625 1186.96875 1433.6875 1622.625 1666.96875 1671.125 1673.6875 1677.828125 1679.390625
1867.3125 1827.3125 1822.203125 1879.3125 1909.453125 1917.046875 1915.3125 1900.734375 1889.03125 1903.5625 1864.0625 1898.171875 1985.9375 2057.890625 2075.359375 1986.90625 1714.734375 1611.359375 1494.765625 1537.953125 1308.8125 1330.359375 1237.46875 1288.546875 1302.53125 1360.890625 1226.703125 1016.3125 835.734375 931.34375 776.671875 708.546875 829.859375 872.046875 1117.1875 963.625 1051.609375 879.15625 844.15625 901.140625 919.890625 746.875 933.765625 1049.28125 1020.828125 943.453125 1072.984375 1217.46875 1281.6875 1325.765625 1528.296875 1645.65625 1662.34375 1665.796875 1668.109375 1669.734375 1675.5625
1764.359375 1417.125 1415.125 1774.34375 1901.671875 1926.765625 1913.0625 1896.109375 1889.9375 1879.21875 1889.96875 1855.09375 1819.875 1802.25 1872.140625 1919.703125 1853.78125 1723.921875 1619.6875 1445.265625 1121.375 1128.015625 1009.4375 1068.609375 898.25 1147.4375 1076.75 840.453125 919.015625 914.921875 935.140625 763.125 757.765625 820.28125 838.625 1038.34375 1085.34375 1041.1875 918.890625 1164.03125 1215.796875 1085.453125 1016.109375 978.296875 939.59375 1042.640625 1119.671875 1204.140625 1349.84375 1435.640625 1589.78125 1640.40625 1648.75 1656.359375 1661.890625 1662.78125 1665.234375
1803.671875 1591.421875 1538 1816.609375 1955.734375 2011.953125 1968.5625 1943.421875 1930.109375 1909.375 1896.75 1900.03125 1886.796875 1740.0625 1698.765625 1678.21875 1752.28125 1565.734375 1535.015625 1457.859375 1289.234375 1141.21875 1146.359375 1103.0625 1024.46875 1008.4375 867.3125 854.515625 954.390625 1041.234375 842.140625 786.3125 832.59375 916.4375 987.046875 1085.09375 1136.890625 1196.484375 1029.40625 1257.4375 1265.359375 1280.515625 1186.171875 1066.109375 1042.921875 1240.140625 1314.1875 1291.25 1403.625 1545.25 1619.03125 1630.640625 1634.9375 1644.40625 1653.5 1657.796875 1662.296875
2019.40625 1919.375 1932.90625 1941.765625 2017.140625 2096.90625 2044.265625 2018.625 1990.203125 1967.265625 1942.15625 1931.296875 1881.390625 1821.15625 1687.21875 1603.75 1606.703125 1601.84375 1495.421875 1427.828125 1402.453125 1309.59375 1140.765625 1066.4375 1043.71875 977.796875 947.53125 964.03125 1042.65625 1062.515625 829.09375 822.03125 909 981.8125 1060.625 1116.515625 1091.609375 1104.484375 1245.296875 1187.796875 1041.171875 1221.53125 1195.453125 1288.796875 1257.53125 1284.578125 1448.90625 1488.984375 1532.15625 1602.1875 1623.140625 1619 1621.15625 1634.484375 1646.03125 1654.390625 1660.125
2196.6875 2105.40625 2144.515625 2123.65625 2172.40625 2188.0625 2148.453125 2109.359375 2037.8125 2017.828125 1999.984375 1975.046875 1925.6875 1886.828125 1747.703125 1641.53125 1637.09375 1640.71875 1560.234375 1492.15625 1426.859375 1234.25 1134.03125 1205.09375 1066.21875 1144.703125 1135.765625 1284.28125 1056.640625 1079.671875 789.21875 905.078125 888.375 849.15625 990.34375 960.578125 927.53125 987.25 1140.40625 1091.59375 994.625 1130.3125 1043.953125 1251.65625 1398.84375 1396.34375 1448.96875 1532.6875 1565.078125 1605.984375 1624.109375 1619.328125 1621.625 1632.84375 1645.578125 1654.859375 1659.84375
2329.078125 2258.84375 2260.734375 2245.4375 2244.25 2298.109375 2262.921875 2167.9375 2131.5 2078.046875 2053.078125 2005.34375 1967.015625 1931.734375 1854.203125 1764.671875 1717.265625 1673.75 1588.8125 1570.21875 1473.46875 1370.734375 1343.15625 1227.78125 1172.84375 1254.5 1230.28125 1424.28125 1178.078125 939.046875 815.015625 1007.484375 901.84375 1004.796875 1131.015625 1012.953125 1068.3125 1034.1875 980.8125 915.671875 955 917.953125 1073.890625 1284.140625 1236.046875 1061.359375 1155.96875 1367.6875 1389.859375 1476.65625 1598.875 1624.71875 1629.453125 1636.0625 1650.03125 1658.6875 1664.28125
2351.546875 2351.4375 2337.4375 2311.96875 2306.140625 2346.921875 2314.859375 2259.015625 2233.359375 2180.5 2103.421875 2059.671875 2039.59375 2009.1875 1935.125 1852.34375 1801.828125 1705.140625 1655.96875 1544.921875 1467.734375 1351.09375 1215.890625 1092.15625 1247.546875 1379.96875 1371.375 1496.859375 1170.171875 1022.34375 953.359375 1180.109375 1112.1875 1166.5625 1177.828125 1394.96875 1325.9375 1157.109375 1021.1875 997.0625 1048.078125 990.6875 1177.9375 1133.265625 1138.171875 991.1875 1169.6875 1104.390625 1127.140625 1384.984375 1543.46875 1620.65625 1637.046875 1646.1875 1658.09375 1665.421875 1671.6875
2381.171875 2415.234375 2397.234375 2380.859375 2380.703125 2368.65625 2363.375 2334.6875 2293.203125 2223.828125 2164.078125 2153.984375 2100.453125 2052.703125 1994.328125 1933.859375 1859.90625 1789.734375 1705.765625 1615.65625 1525.734375 1402.0625 1152.625 976.484375 1196.34375 1433.8125 1522.125 1636.28125 1267.640625 1226.578125 1256.703125 1450.65625 1367.828125 1219.8125 1381.921875 1470.53125 1449.34375 1381.375 1060.5 1081.34375 1284.28125 1199.171875 1111.3125 1078.828125 1009.578125 938.03125 984.140625 928.78125 982.953125 1232.671875 1325.859375 1604.140625 1645.34375 1652.765625 1665.171875 1671 1676.09375
