Cases/SDM_Urocitellus_beldingi/westernUsClimate_modern/BIO12.asc
NCOLS 316 
NROWS 299 
XLLCORNER -124.820833001 
YLLCORNER 29.1625003333339 
CELLSIZE 0.0666666666645545 
NODATA_value -3.4e+38 
[rows 231 to 251 of 299, columns 230 to 275 of 316]
68343.7810668945 74500.2220458984 78176.3302001953 70452.3143310547 58525.5156860352 53605.5386352539 54482.938659668 54020.4033203125 47162.9385986328 44762.3147583008 44422.8369750977 47379.6518554688 50810.4436035156 66698.4741210938 54879.5545043945 43894.989440918 39543.3627319336 39598.1381225586 40783.0789794922 44315.2811889648 46480.9962158203 44045.3579711914 40587.7994995117 39701.9014892578 40272.4233398438 40153.9400634766 37967.5274047852 34839.330078125 37046.4005737305 41058.373840332 49265.3123168945 45837.1321411133 36693.3358154297 28025.6224365234 24820.2763671875 24055.6179504395 24318.2515869141 24376.9196166992 25172.6753845215 25751.5907287598 25477.7557983398 25524.601776123 25659.7984313965 25472.8243713379 25468.2890625 27720.6756591797
70755.639831543 75973.0633544922 75090.4436645508 59349.2946777344 57220.3651123047 57312.1822509766 56427.6207885742 49020.8843383789 45532.3861083984 45198.5313110352 47372.0085449219 55099.12109375 50774.7854003906 54312.616027832 61435.8408813477 51727.5498046875 42383.0499267578 43735.588684082 40785.0788574219 40434.5825805664 41802.0988769531 42179.5325927734 41257.3701782227 38639.5328979492 40641.1921386719 44400.7944335938 38687.2944946289 34499.5021972656 34550.7822265625 37175.7289428711 46315.7703857422 45514.6519165039 35935.9335632324 27595.9624633789 24776.5223693848 24102.2930297852 23911.8110961914 24930.1913146973 25929.5562133789 25964.858215332 25316.7301025391 24989.7970275879 25532.664642334 25857.8176574707 26490.7600402832 28360.1680297852
54149.6953125 58619.6892089844 60962.4803466797 56562.9918212891 56866.2701416016 62732.4250488281 59225.4250488281 48865.5290527344 45703.905456543 48998.4795532227 53963.9811401367 64345.3594970703 66045.3200073242 66548.4959106445 59273.5454711914 51009.7996826172 45742.6411132812 43103.1904907227 42603.9770507812 40151.0670776367 41073.8986816406 43141.6179199219 42229.1157226562 39137.2412719727 43551.6331787109 44277.8325805664 39000.0432739258 36666.0218505859 35808.8051757812 34042.9809265137 41256.1109008789 39601.0541381836 32893.6420898438 27779.4815063477 24706.8037414551 23867.3775634766 24219.5102539062 26063.0057067871 26639.9813232422 26653.6514587402 25556.4898071289 24750.5227050781 25419.5091247559 26435.1067199707 28069.2563476562 32309.9970397949
49984.7807006836 57531.6375732422 56087.1236572266 53461.3519897461 49306.4044189453 54034.4136352539 54627.6411132812 48733.0479125977 45981.6755371094 48299.3779907227 53677.4606323242 67908.0584716797 85217.4079589844 74927.6914672852 54331.6252441406 48459.8670654297 46571.759765625 48554.2915039062 49388.2127685547 45857.3912353516 42092.418762207 43893.6842041016 46836.4455566406 48065.9034423828 48914.923828125 44265.1340942383 39539.2108764648 40734.0668334961 39905.189453125 33132.2517089844 33122.9216003418 32724.7035827637 30034.0316772461 26249.0151062012 23859.7320251465 24994.4643554688 25543.1268310547 26165.9905395508 26457.371887207 26295.919921875 25616.7811584473 25618.9083251953 26309.4921264648 26985.174621582 30171.7235107422 30908.6382751465
46772.1885375977 52570.126159668 52593.5994262695 49209.7848510742 45454.3029174805 50100.9736938477 51783.3695068359 48642.6833496094 45848.6742553711 47905.6771850586 54754.0248413086 73381.1361694336 85021.380859375 68839.2066650391 51820.0755615234 45756.4361572266 44519.5728759766 46560.4837646484 52619.5479736328 54126.6319580078 43718.3693237305 45235.9906005859 52217.5509643555 54994.610168457 53173.3508911133 46052.7371826172 39136.9940185547 37614.4990234375 37999.1854858398 33340.0971984863 29004.9731750488 28248.3999633789 26670.764465332 24954.2210083008 23902.3484802246 27581.7471008301 27086.9293518066 27049.89453125 26838.9041748047 26328.7684631348 26199.821472168 26609.0255432129 27195.3660888672 27524.1794128418 28583.4187927246 30613.4951782227
44816.3178100586 48290.4493408203 48675.6571655273 46126.0733642578 42698.9814453125 53455.1596069336 54376.7391357422 51289.7319946289 50503.1246337891 48127.1478881836 63840.0838623047 79581.9633789062 92983.4124755859 77625.7206420898 54525.8795166016 47739.2651977539 43600.9702758789 43645.6103515625 47506.7062988281 48772.2023925781 42235.4085083008 44546.4919433594 54587.8735961914 57937.564453125 53934.9429321289 45954.13671875 39470.5677490234 35194.8822021484 36936.5175170898 32313.0439147949 28997.4989318848 27164.3671264648 26236.1679992676 25268.7581787109 24892.0213623047 28294.6211242676 28067.7344665527 27409.6139526367 26899.4059448242 26054.6201477051 29388.6045837402 33013.215423584 33767.1618041992 37020.7538146973 40712.6741943359 30561.3960571289
45543.2808837891 49724.4360351562 47690.0142211914 43814.041809082 39914.9069824219 47831.891418457 47799.439453125 50539.1833496094 50622.958190918 46648.0775756836 56804.1326293945 67248.4877319336 72977.7059936523 74715.1978759766 57606.2657470703 50236.6500854492 50165.0756835938 45964.3784179688 42244.7594604492 42792.9951782227 42385.348449707 46644.0897827148 55125.8949584961 62870.8987426758 59097.9076538086 47069.0440063477 39074.732421875 34903.1628417969 33803.8059082031 30442.0460205078 28303.1920166016 26926.2261352539 26093.8477783203 25305.3193359375 25752.9952697754 27808.0535583496 28533.2390441895 28055.0037536621 27700.1578979492 27752.9947814941 36241.451385498 43071.0620117188 43016.0939331055 38597.2060241699 31566.7482910156 25748.7275695801
44744.1602172852 49514.0348510742 46919.0031738281 39894.5160522461 39166.3713989258 42024.059387207 47886.5277099609 46408.9079589844 45801.6451416016 44923.5710449219 47310.3765869141 50487.4965209961 54481.9362792969 58222.9537353516 62718.6293334961 60992.6029052734 56275.4598388672 49744.8711547852 44616.2166748047 43647.5015869141 45841.0198974609 50223.4093017578 54844.6262207031 61832.8430786133 57162.674987793 44118.5353393555 37890.7117919922 35035.2950744629 33697.7407836914 30236.4414978027 27742.199432373 26561.9971618652 25837.6948852539 25594.2948608398 26130.175994873 27496.7930603027 28437.3803710938 28504.5647277832 28639.9878234863 28536.2825927734 35642.6834411621 46584.9566650391 37326.7560424805 29429.916595459 25552.9458007812 24899.4349365234
42440.1900024414 46372.6646118164 43221.6687011719 40719.2492675781 47314.7286987305 48533.419128418 48531.1986083984 45277.0317993164 44539.4313964844 44260.7845458984 43329.579284668 45182.3318481445 47416.8416748047 48262.3268432617 57853.1384277344 54127.0501708984 54990.1081542969 51016.5081176758 47864.8527832031 48914.9999389648 49073.6272583008 54588.7734985352 60754.532409668 63259.788269043 62456.7622070312 46278.4486083984 40519.0524902344 37097.6867675781 34176.5334472656 32524.2370605469 27895.7339172363 26081.8128662109 25812.7649841309 26880.4560852051 27194.3664550781 28410.8931274414 28247.945098877 28295.0262451172 28477.7614440918 29099.6876220703 33124.3693237305 36785.8006591797 33895.8315429688 28220.5108337402 24857.9240112305 24605.1418457031
39374.7099609375 40023.4443359375 36250.4058227539 37817.2659912109 41733.1930541992 47448.7484741211 50241.5654907227 46106.2635498047 45236.0943603516 44103.0543212891 42273.7237548828 39457.702331543 41929.329284668 42875.7476806641 46188.3256225586 49570.6701660156 48353.4835205078 45246.4979858398 46270.5293579102 48787.2688598633 53738.3287963867 56046.1697998047 58998.5132446289 64694.6534423828 69871.4181518555 56383.5523681641 49646.1409301758 42467.728515625 36019.1770019531 31121.4144897461 28164.9094543457 26329.493560791 25702.0077514648 27490.2291564941 29382.6023864746 28661.8439331055 28212.343963623 28069.7601623535 28426.4805297852 29316.6786499023 32069.2277526855 34328.9852905273 37105.3807983398 29895.3041687012 24529.8888549805 24577.7918395996
41410.3789672852 34371.7505187988 32543.5085449219 33774.2453613281 35492.2684631348 39688.7739257812 45440.7979736328 48693.5133056641 49096.2938842773 45899.5555419922 44415.783996582 41661.9930419922 38214.5695800781 39074.0993041992 41011.1405639648 44272.9051513672 48094.3587646484 52477.0044555664 53555.573425293 54208.9866943359 51568.1307983398 52261.2282714844 54376.8312988281 61064.1635131836 69823.0277099609 68084.2639160156 58516.2272949219 47754.9680175781 39313.3250732422 32272.0480957031 27253.6924438477 26627.8453979492 25721.5929260254 30273.9754333496 33717.337890625 29058.7952575684 28575.2891540527 28186.6666870117 28195.8517150879 28932.843536377 30619.228302002 32387.9729919434 34025.0700683594 31303.757019043 24493.5959777832 24331.2848815918
31911.9067687988 35353.5881958008 36075.9121398926 32929.5766906738 31095.2796325684 34195.0227355957 36901.7238769531 43047.6712036133 44942.6503295898 45079.6848144531 43088.5820922852 42128.4359130859 39061.6041259766 37224.4002075195 40261.3721313477 42895.6989746094 43596.1642456055 48913.7387695312 58872.9600219727 64972.2028198242 62660.3134155273 53279.1470947266 49900.0000610352 56437.720703125 62454.69140625 69608.9985961914 58221.6682739258 45198.0819091797 36202.0994567871 30625.1773681641 27126.0429992676 27457.8175048828 25688.2112121582 30448.7141723633 35751.1071166992 31034.5451965332 29029.3666381836 28066.2519836426 27915.4853515625 28533.8545227051 29478.3294067383 31552.8756713867 33358.2581176758 35983.8170776367 25706.0071716309 24248.4771728516
29295.4835205078 34523.5371704102 38870.719543457 34650.1132507324 30271.8973999023 31663.2761230469 34863.0199584961 39977.3204956055 41096.1904296875 40152.4319458008 42437.2275390625 43353.7903442383 40127.1032714844 37268.4003295898 38648.1796264648 42976.9733276367 47048.1637573242 49588.3469848633 54278.0077514648 56318.4772338867 57262.7791748047 54049.707824707 46132.2500610352 47445.7674560547 51263.813293457 65572.2737426758 56167.2868041992 45054.9162597656 38204.0816955566 30926.0800170898 28292.5269470215 27447.6177062988 25637.9399108887 28039.2828369141 31366.3468322754 30835.2877197266 28721.9027404785 27759.7631835938 27513.2122192383 28160.6390686035 29186.2407836914 30585.5756835938 33565.6929931641 35906.8700256348 27789.662902832 24434.955078125
28291.2590332031 31261.8358764648 34618.7877807617 33170.7073974609 30050.4985351562 30079.5533752441 31937.0671386719 35258.2340698242 37671.6271362305 36913.871887207 37343.9877929688 38449.7675170898 39288.72265625 38509.4758911133 40752.6865234375 40118.114074707 45211.096862793 48321.5207519531 45447.5698242188 42799.612121582 42831.5645751953 48244.1165161133 45541.9866943359 41709.4535522461 44105.8743896484 52964.1152954102 54072.7946777344 45380.2230224609 37250.3202514648 32950.5403747559 29721.6834106445 28522.3132019043 27803.9632873535 29420.8695678711 30982.3179626465 31422.169128418 27953.8189697266 28093.4024658203 27580.3299255371 27983.9676513672 29018.7221679688 30169.8526916504 32875.993560791 36519.5232543945 29494.7422485352 24649.5801086426
27580.7229309082 29564.7716674805 31029.3190917969 31761.7658691406 30823.420501709 29514.2608947754 29763.7659606934 31084.2247314453 33566.9263305664 34649.5933227539 34322.494140625 34377.1723632812 35444.8236694336 39771.1287841797 41977.4514770508 40186.9000854492 42425.9078369141 42838.3301391602 40112.2009887695 38876.5535888672 39890.633605957 42887.4434814453 42357.7180175781 42558.4890136719 38749.5887451172 43823.8368530273 48937.3582763672 41905.3880004883 38131.8355102539 32898.1972045898 31150.3044128418 29731.433013916 28823.2016601562 28480.4319763184 28139.3468933105 28734.6566467285 27617.8093566895 27425.9894714355 27703.5987548828 27786.356842041 28338.1436462402 29460.84375 31126.2247924805 35710.8314208984 33203.5224304199 24979.6488647461
28683.2505187988 30752.6526794434 28866.5285644531 29571.1831970215 33107.9913635254 30053.5258483887 29257.1949462891 29303.9698181152 30757.6152648926 32899.634185791 32727.6601867676 34202.250793457 35021.8303222656 37267.1639404297 42219.6992797852 42476.362487793 41128.8969726562 41361.4608154297 36368.4001464844 33963.0742492676 34580.8615722656 36357.396484375 39240.4247436523 39984.6412963867 35988.757019043 38941.4572143555 43738.9031982422 39835.055480957 35382.8520507812 32296.5863952637 31174.8455505371 30321.5530700684 28629.813659668 27880.9143371582 26107.2937316895 25719.3913269043 25928.2971191406 27185.494140625 27840.3185424805 27928.4758911133 28074.4418334961 28670.3795471191 30436.595703125 35706.6452941895 38594.553527832 25779.3631286621
27500.4614868164 29673.3757629395 27504.9426574707 30119.7440185547 35939.5798339844 31343.1661987305 29891.1215515137 30568.4700622559 30892.0601806641 31686.1512451172 32681.9965515137 33516.7889099121 33909.3175048828 35632.7506713867 38946.9994506836 45124.0942382812 44694.1430664062 39372.8294677734 35774.1538085938 33472.8239440918 34390.7720947266 34458.3803710938 34197.1663818359 33695.799621582 34405.9446411133 36422.7002563477 41738.3984375 36025.2047729492 33219.6547851562 31258.3681640625 30785.526763916 29499.4825439453 28444.6831970215 28805.0995483398 30287.3965148926 29088.3385314941 26935.84765625 26451.5885314941 27447.3635253906 27850.5866088867 28117.7908935547 28321.4190063477 29441.9383850098 34600.3805236816 41425.0415039062 31343.0658874512
26788.258972168 26421.1355285645 26470.9774475098 28717.2570495605 32604.371673584 30700.3654174805 29787.3894348145 30466.500579834 30826.3122253418 31105.2534179688 31867.1922912598 32676.7347106934 33711.9393310547 35535.2128295898 38516.8572387695 42064.6294555664 40870.7788085938 38096.9979858398 36131.6587524414 35464.2133178711 35434.896484375 34083.7993774414 32357.4991760254 31691.2301940918 32313.8905029297 36148.0969543457 44936.137512207 33999.8741760254 31364.5048217773 29973.0628051758 29952.4980163574 28283.5367126465 28560.8155517578 31866.4527587891 35493.057800293 31249.8829040527 28133.0843200684 26621.7836303711 26681.4750976562 27965.9736328125 28319.0894165039 27854.9931945801 29065.1692504883 36344.438873291 45105.1772460938 35183.8214416504
27842.5198059082 25727.9296569824 25551.3434753418 27411.8017272949 31944.1177978516 32932.909576416 30320.6442565918 29668.2940368652 29626.5270996094 30004.5618591309 30964.2547912598 31760.6487731934 32995.8546142578 35740.50390625 39978.5294189453 40135.4247436523 37725.4779052734 36409.4268188477 35180.362487793 35068.1120605469 33999.7952270508 32239.997833252 30670.7688293457 29864.2686462402 30771.1405029297 31907.0638122559 33045.593536377 31945.2715148926 29446.2749633789 28487.5523986816 29540.4463195801 28843.4627685547 28728.9562988281 30989.6831970215 32299.1516723633 29886.7992248535 28353.4351501465 27357.1024475098 27000.6423950195 26279.4068908691 28262.5403747559 27041.3527832031 28687.045135498 37414.3928222656 39630.8410949707 27812.9414367676
28539.6157226562 26567.2339782715 25110.7683410645 26557.5018920898 30122.4675292969 34166.3154296875 33362.4172973633 29257.6385498047 28707.23046875 28985.9260864258 29780.1261291504 30123.3395996094 30949.6101074219 33584.1387329102 37229.235534668 38427.0484619141 35696.1909790039 34666.1971435547 33927.1201782227 33154.1666564941 32095.1539306641 30672.610748291 29353.986907959 28654.098815918 28566.7637939453 28672.7174072266 28932.1264953613 29207.5541687012 27361.2709960938 27058.117980957 28183.7878112793 29824.660736084 28699.1218261719 28830.4318237305 28627.4701538086 27941.6285705566 28259.5441894531 27412.9632263184 28374.3623352051 24670.9378051758 24925.4523620605 26023.0553894043 29094.8725585938 40086.5800170898 33121.2885131836 25831.1574707031
29178.5552978516 27568.2037658691 25617.8613586426 25436.9754333496 28083.7758789062 31337.7515563965 33014.6359558105 29261.027130127 27886.1283569336 28464.2829589844 29916.4019165039 30072.2727355957 29589.6134338379 30460.7164916992 32501.4373474121 34016.8719482422 32983.4750976562 32531.7345581055 31996.7461547852 31043.6851196289 30458.8486938477 29213.1126708984 28175.5549316406 27397.184387207 26591.3462219238 25779.7454833984 25527.5899658203 25560.6139831543 25353.0252075195 25325.3098754883 25831.119720459 27914.6082763672 27716.6873779297 27209.8995056152 26792.9451599121 26576.7291564941 27179.9378356934 26632.9359741211 26222.6478881836 23928.4844055176 23664.2512512207 25043.4006958008 29789.5570678711 45470.1195678711 50427.3124694824 27646.174621582
