Cases/SDM_Urocitellus_beldingi/westernUsClimate_modern/BIO19.asc
NCOLS 316 
NROWS 299 
XLLCORNER -124.820833001 
YLLCORNER 29.1625003333339 
CELLSIZE 0.0666666666645545 
NODATA_value -3.4e+38 
[rows 125 to 149 of 299, columns 112 to 167 of 316]
9492.65625 8114.984375 8201.96875 7731.09375 6673.625 6397 6643.5 9284.5625 9853.5625 7650.640625 6371.0625 6213.84375 6120.8125 6328.84375 7047.703125 11647.90625 11316.8125 6425 6390.703125 6852.0625 7698.140625 7738.125 7516.71875 8310.03125 7498.75 7337.25 8339.625 9538.53125 11170.78125 13084.5625 18927.890625 18576.640625 11367.203125 13717.078125 11411.3125 9419.671875 7883.125 7896.140625 8574.109375 7205.609375 6024.78125 6580.875 4966.109375 5183.046875 5173.296875 7562.09375 7310.484375 4215.953125 2701.109375 2281.328125 2052.765625 2234.65625 2594.34375 3058.796875 3454.1875 3745.78125
7737.703125 8294.71875 11427.96875 12456.765625 8159.6875 6546.5 6407.390625 6513.109375 6597.578125 7297.90625 7953.296875 8064.15625 6784.921875 6524.265625 6958.359375 9966.328125 9381.296875 6647.203125 6947.34375 9002.15625 9527.328125 9029.765625 6945.40625 6624.703125 6684.796875 7790.015625 9161.609375 13503.953125 18192.5 23518.25 23051.984375 11718.28125 10672.890625 11224.90625 11029.390625 9313.75 7781.953125 8928.59375 9320.84375 7403.8125 7502.859375 10588.5625 5040.875 5220.015625 5340.84375 7387.015625 7135.25 4102.640625 2673.796875 2072.953125 2064.1875 2265.015625 2642.265625 3060.640625 3418.53125 3735.390625
7600.6875 9076.375 12532.53125 14023.59375 9948.90625 6760.828125 6393.5 6372.78125 6643.984375 9153.90625 9020.46875 7008.21875 6399.6875 6342.0625 6628.71875 6571.71875 6814.109375 6174.34375 7700.140625 10099.8125 9964 7728.234375 7430.40625 8170.1875 7703.796875 8777.453125 10555.703125 17016.71875 26904.359375 26370.328125 16481.125 10566.40625 10202.0625 10556.015625 11004.6875 9360.390625 8871.953125 15369.984375 13784.078125 7847.21875 9529.578125 8137.046875 4751.859375 4884.640625 5340.375 8015.75 6164.25 4209.5625 2894.734375 2341.578125 2365.15625 2507.984375 2839.59375 3177.65625 3454.96875 3707.578125
7191.765625 7628.125 8307.765625 9341.984375 6901.890625 6514.859375 6453.5625 6505.703125 6752.09375 8350.75 8345.34375 7473.828125 6658.75 6332.421875 6929.671875 8025.375 8139.46875 8625.296875 7373.21875 10386.34375 10684.515625 8617.390625 9213.9375 9305.09375 8123.375 8985.109375 11550.125 21561.015625 26841.625 22611.8125 11008.890625 9975.03125 9930.171875 9838 9970.9375 8862.953125 9407.765625 18823.90625 12949.1875 9481.65625 6533.984375 4736.59375 4387.59375 4439.65625 4873.28125 8973 6885.734375 4173.734375 3004.21875 2579.703125 2623.21875 2827.03125 3031.25 3329.75 3455.6875 3688.03125
6852.59375 6845.53125 6906.375 6731.484375 6557.734375 6567.6875 7220.453125 8638.59375 8725.5625 10245.125 9317.296875 6936.078125 6311.796875 6821.484375 7721.78125 8118.953125 8402.5625 8294.359375 7340.46875 8974.484375 11114.125 10856.125 10660.046875 9593.734375 8530.765625 9239.765625 12945.890625 25038.921875 26264.375 13561.0625 9848.5625 9723.140625 9583.984375 8249.3125 6760.125 6205.96875 7342.640625 8160.40625 6324.25 5384.75 4385.859375 4015.390625 4218.625 4274.609375 4580.3125 7804.140625 8018.4375 5302.34375 3786.453125 3046.546875 2675.3125 2914.125 3092.578125 3358.625 3474.953125 3611.59375
6820.65625 7692.53125 7518.203125 6618.828125 6515.65625 6931.46875 10047.03125 12500.125 11193.515625 10233.75 7659.671875 6681.359375 6316.40625 6439.390625 6453.15625 7778.5 9642.671875 7789.46875 7212.46875 9184.171875 12845.015625 11674.859375 9614.90625 8586.84375 8442.875 8920.21875 13674.21875 26928.015625 18689.234375 9774.359375 9594.9375 9070.6875 8831.3125 8152.03125 7397.734375 6120.515625 6631.875 5955.734375 4458.359375 3689.515625 3558 5219.8125 5946.9375 4514.34375 4417.25 5208.28125 7871.234375 4756.609375 3705.625 3224.296875 2825.9375 2841.46875 2998.140625 3197.03125 3342.21875 3520.296875
8217.828125 9266.484375 7351.828125 6400.0625 6467.890625 7137.203125 9762.40625 12156.96875 9626.328125 8527.484375 6936.859375 6303.84375 6230.859375 6648.5625 10005.171875 12433.546875 9408.0625 7552.96875 7297.234375 8641.609375 11868.75 10415.546875 8713.28125 7550.765625 7613.4375 8617.9375 10628.6875 14201.890625 10585.03125 9517.984375 9280.3125 10096.453125 10856.15625 9847.6875 8150.25 7882.09375 8998.46875 5573.765625 3800.140625 3339.40625 3868.890625 7633.0625 7980.28125 5394.96875 4398.203125 4760.640625 6230.453125 4604.140625 3782.046875 3585.75 3419.390625 3019.96875 2829.625 2985.75 3158.359375 3393.5625
10315.640625 10365.140625 7107.65625 6308.125 6561.078125 7734.765625 8131.09375 8284.78125 8582.84375 7237.765625 6362.78125 6177.484375 7777.4375 10151.28125 12053.84375 9309.875 7986.875 7310.140625 7189.640625 8409.265625 11241.328125 11389.1875 8134.953125 6510.59375 7059.125 9344.078125 16781.03125 19783.515625 9217.21875 9704.84375 9552.953125 11516.78125 15636.03125 15467.78125 8660.78125 8382.03125 10762.890625 7336.546875 3579.6875 3450.9375 4482.953125 6085.03125 6664.09375 5614.734375 4611.671875 5133.0625 6716.484375 5196.140625 4832.40625 4669.3125 4027.703125 3885.078125 3551.15625 2859.21875 3046.3125 3247.515625
8427.453125 6957.234375 6313.796875 6212.03125 6616.25 7527.0625 7021.34375 6707.578125 6845.796875 6525.125 6524.0625 8896.453125 10958.625 9379.84375 8714.328125 7415.71875 7166.703125 7362.984375 7821.703125 10084.609375 9280.4375 8995.859375 8085.484375 6897.34375 7119.625 10302.5 19256.859375 19666.625 10226.5625 11919.765625 12701.640625 11609.546875 13729.53125 13668.21875 10299.359375 7761.578125 10535.109375 8432.28125 4631.828125 3574.4375 4391.890625 5318.078125 5968.25 7029.03125 6107.5625 5386.390625 5943.21875 6055.140625 5207.734375 4946.046875 4455.234375 4876.40625 5461.078125 3540.453125 2850.890625 3075.828125
6760.6875 6266.71875 6078.671875 6154.9375 7539.9375 8499.328125 6688.859375 6769.78125 6879.71875 7428.09375 8315.15625 9796.328125 9257.234375 7537.34375 7047.8125 6745.546875 6989.4375 7810.4375 9257.265625 10318.8125 7408.359375 6617.4375 7627.359375 7320.515625 7727.421875 11800.609375 20106.734375 11352.484375 9768.15625 10807.984375 14003.5 12188.65625 11138.6875 10075.09375 8015.84375 7468.28125 10279.546875 11657.3125 6960.859375 3662.421875 3699.875 4021.96875 4918.09375 6623.984375 6942.03125 5651.234375 5476.71875 5760.34375 4983.5 4713.15625 4610.109375 5258.265625 5747.875 4596.203125 2995.6875 2909.375
6119.734375 6108.765625 6117.984375 6545.078125 8279.265625 6840.40625 6588.34375 7862.703125 8043.671875 9121.890625 7727.640625 7153.9375 7627.046875 7467.53125 7179.6875 6749.078125 6649.609375 7864.015625 9394.140625 9696.1875 6285.125 6209.265625 10356.84375 8314.234375 7764.609375 10492.640625 14550.265625 9243.125 8851.640625 10057.234375 12800.15625 10732.5 9861.234375 8930.515625 7207.421875 7183.90625 10334 12460.171875 6596.890625 4151.6875 3892.25 4850.609375 5499 6869.265625 6887.75 5568.5625 5575.953125 6204.671875 5458.734375 5058.84375 4886.84375 6035.921875 6468.109375 4654.515625 2937.09375 2814.1875
6110.65625 6239.46875 6360.5 7420.109375 7124.859375 6368.546875 6571.390625 7976.859375 8050.3125 7685.390625 6760.390625 6524.375 7549.46875 8233.5625 7261.640625 6708.046875 6813.125 6737.25 7949.640625 7449.265625 5715.953125 6262.65625 13991.609375 10599.671875 7996.515625 8965.6875 11428.65625 11662.3125 9087.28125 11403.25 11067.640625 8928.390625 10709.109375 8770.984375 7040.078125 7432.109375 10757.828125 9276.015625 5036.84375 4023.0625 5391.390625 9302.125 7419.578125 8372.703125 8838.28125 6114.265625 5408.546875 5593.390625 5440.953125 5233.859375 5191.984375 7497.859375 8008.25 4026.09375 2885.796875 2712.609375
6252.515625 7011.3125 7133.5625 6612.359375 6714.421875 6581.8125 7185.90625 8348.15625 6939.890625 6511.234375 6185.90625 6606.46875 8364.546875 8240.96875 8033.875 10526.28125 9975.171875 7507.390625 8347.625 5624.15625 5108.9375 5461.90625 10107.734375 11694.421875 8016.984375 8983.1875 12449.765625 14782.109375 11944.125 10585.609375 9129.40625 9381.578125 8542.453125 7291.25 7508.484375 9049.140625 11074.859375 6072.734375 4487.640625 4296.703125 7961.4375 8760.1875 7220.0625 8717.3125 9546.25 5646.140625 4880.953125 5182.859375 5289.890625 5368.28125 5573.984375 9786.546875 10964.484375 4484.40625 2631.828125 2566.40625
6705.140625 7812.453125 8158.71875 7210.140625 7424.953125 7696.5 8628.15625 8226.46875 6925.046875 6415.40625 6123.203125 7471.625 9632.53125 7941.453125 10126.25 15985.40625 12969.640625 8516.875 8559.984375 5445.890625 4951.984375 5087.21875 9636.453125 15620.53125 7239.625 7873.875 9471.703125 12027.015625 9015.3125 7939 8694.5625 10398.21875 7173.265625 7017.890625 9868.5625 9671.234375 7326.734375 5043.296875 4108.140625 5342.5 10543.03125 6860.671875 7488.875 9652.796875 7295.515625 4709.21875 5080.40625 5606.59375 5847.3125 6020.0625 6629.328125 14470.25 9875.078125 4220.515625 2789.3125 2618.125
7085.078125 8164.21875 7890.65625 7308.3125 8200.046875 9760.703125 11397.25 10490.078125 7352.890625 6295.78125 6588.84375 8703.390625 8566.46875 7662.578125 11834.078125 11948.53125 10478.203125 9695.9375 7173.140625 5407.46875 5034.578125 5027.609375 9383.890625 12245.21875 6172.546875 7411.078125 9496.734375 11320.921875 8058.25 6980.40625 7330.140625 8656.75 7178.890625 7377.640625 10478.953125 9440.84375 8410.140625 5462.140625 4087.953125 4747.984375 9421.1875 7757.71875 7186.5625 7873.625 5404.515625 4823.53125 5558.671875 6819.609375 7705.234375 9062.46875 11574.90625 15483.234375 7409.46875 3724.578125 3037.5 3146.328125
7351.65625 7947.84375 6445.0625 7540.9375 8983.890625 13445.234375 13001.40625 7907.6875 6575.109375 5982 7393.265625 8907.09375 7481.0625 6999.4375 7741.015625 7613.5 7363.78125 7417.484375 7125.140625 5411.546875 5205.09375 5153.28125 10443.625 8427.984375 5654.375 10212.515625 11950.234375 8514.90625 7074.359375 6168.25 7640.515625 9985.484375 6979.9375 6891.78125 8806.015625 8047.640625 11167.5 9524.25 3537.34375 4681.25 11454.21875 8879.46875 5944.40625 5901.671875 5258.53125 5402.53125 8272.15625 8979.984375 7279.71875 9399.640625 12159.3125 9057.90625 4414.953125 3115 2885.21875 3910.4375
6705.359375 7536.375 6207.65625 7857.296875 9738.453125 13700.65625 11286.515625 7118.296875 6954.984375 7619.96875 8252.078125 7968.34375 6545.6875 6236.296875 6219.40625 6198.90625 6235.953125 6242.734375 7462.3125 5894.140625 5382.125 5593.5625 11523.09375 8223.125 5308.234375 10188.1875 10620.09375 7388.109375 6652.6875 6037.203125 8011.859375 9356.765625 6858.6875 6097 5911.078125 8839.421875 12515.40625 7210.765625 4016.875 5436 12296.109375 8501.421875 5314.484375 5173.171875 5815.515625 6174.890625 7225.765625 8866.546875 9163.203125 6528.546875 6083.53125 4233.59375 3109.96875 3232.921875 3480.1875 4344.453125
6706.265625 6855.671875 6095.796875 7596.390625 11266.96875 13294.09375 10686.875 8169.78125 10540.625 12699.578125 8423.859375 6231.140625 5476.96875 5705.203125 5650.109375 5841.484375 6822.5625 5953.265625 6727.015625 6315.21875 5668.71875 6286.890625 13120.234375 10345.25 4935.515625 6876.921875 7363.296875 6718.84375 6139.453125 5964.0625 6391.9375 7693.265625 6802.078125 6016.71875 5622.203125 7546.734375 6942.359375 4354.765625 4290.40625 6576.796875 13565.109375 9282.828125 4979.578125 4507.421875 4722.78125 5345.671875 6352.796875 7118.109375 7087.15625 6458.78125 4341.65625 3239.625 3121.140625 4662.65625 5393.953125 4787.640625
6364.203125 5585.71875 5723.03125 6945.53125 11254.625 10175.078125 9686.390625 8563.796875 11456.328125 9183.1875 6662 5083.859375 4860.703125 4985.90625 4906.0625 5428.265625 5976.484375 7218.703125 9746.09375 7590.390625 6807.828125 8392.90625 12204.78125 7078.3125 4713.9375 6120.03125 6946.65625 6615.875 6484.703125 6414.0625 6748.296875 8075.546875 8300.5625 6542.234375 6028.96875 8351.046875 5326.328125 3744.140625 4156.09375 6278.625 10575.1875 11493.09375 4752.640625 4234.421875 4354.5625 6614.046875 7855.71875 7355.71875 6053.46875 4808.875 3611.640625 3006.71875 3499.375 4846.078125 5739.25 4078.28125
5226.09375 4555.9375 5143.390625 7175.890625 14202.5625 11615.640625 8231.109375 6671.28125 9001.046875 7623.734375 6675.15625 5998.140625 4889.625 4969.734375 4515.875 4653.15625 5791.5 8199.859375 11245.046875 11657.59375 12224.46875 11741.359375 8451 4619.65625 5259.796875 6875.640625 7547.75 7307.0625 7488.15625 7894.125 7373.09375 6847.5 7357.4375 7930.46875 9769.078125 9495.65625 7180.578125 4306.234375 4028.421875 5247.125 9978.15625 13845.3125 4984.484375 4048.84375 4405.046875 8929.953125 10598.265625 7547.171875 5661.28125 4066.5625 3101.3125 2819.921875 3541.4375 5120.609375 6463.9375 4202.5625
4289.6875 4428.25 5862.296875 13000.4375 17156.796875 9813.96875 5692.953125 5169.453125 6269.796875 7350.90625 7361.8125 7535.765625 7513.5625 8605.84375 5037.390625 4248.046875 4830.109375 7042.203125 9616.5625 11206.3125 10318.203125 8030.9375 6595.1875 4411.546875 6788.078125 8127.40625 7587.5625 7675.96875 9132.078125 8631.5 7136.1875 5638.515625 6449.890625 8535.984375 8899.78125 8054.75 7580.078125 5804.875 4306.4375 6264.875 12668.046875 17894.1875 5827.140625 4033.84375 4133.1875 7342.046875 11424.15625 9414.046875 7519.40625 3941.328125 2687.296875 2521.328125 2774.96875 4070.953125 5815.6875 3846.828125
4437.578125 4834.1875 9927.875 20129.078125 15498.21875 5585.46875 4819.234375 5203.046875 6679.8125 7689.109375 7057.625 7760.890625 8775.859375 8339.1875 5143.90625 4237.984375 4280.234375 5029.421875 7783.59375 6614.9375 5272.921875 4494.890625 4343.21875 5146.953125 7859.53125 7599.203125 7682.703125 8224.890625 10049.875 8474.0625 7094.59375 5700.796875 5726.734375 8754.296875 8319.96875 7228.078125 5695.1875 4928.859375 6192.03125 10076.859375 15975.1875 20594.828125 7307.1875 4076.40625 4069.671875 6944.03125 12254.296875 11568.0625 8973.515625 4105.03125 2478.8125 2292.734375 2359.453125 3290.171875 5051.140625 4560.953125
5172.796875 6041.609375 18092.65625 21971.1875 8148.453125 4371.0625 4543.765625 5889.890625 9182.234375 8385.5 7052.765625 7430.0625 8089.09375 8027 5052.390625 3997.21875 4457.84375 4718.046875 5638.46875 4619.09375 3992.140625 3981.234375 4559.15625 6902.3125 7410.296875 7197.265625 9338.90625 12390.90625 12164.421875 10023.4375 7517.25 5793.078125 5699.828125 8208.234375 7800.078125 7743.640625 7304.171875 5474.0625 7242.171875 14228.59375 16822.265625 12504.015625 7583.125 4104.453125 4554.234375 7800.390625 12399.765625 17245.78125 11759.8125 4747.625 2314.1875 2196.15625 2552.859375 3573.515625 6820.65625 7165.28125
5161.59375 10154.921875 20517.171875 11846.640625 4988.671875 4117.53125 4814.984375 9584.125 11426.015625 8604.6875 6931.953125 7744.25 8395.421875 7534.28125 4670.453125 3818.265625 6550.421875 5466.421875 5182.171875 4356.703125 4044.53125 4028.9375 4507.015625 6034.734375 6579.859375 7957.734375 8019.40625 10975.921875 11442.234375 11896.28125 7817 6263.203125 6243.703125 7021.34375 6120.828125 8229.109375 10849.8125 6462.375 6264.078125 9748.578125 13357.578125 10218.3125 5301.578125 4178.90625 5478.765625 9904.75 10474.390625 12777.953125 8817.4375 3750.390625 2196.65625 2312.28125 3304.875 4530.203125 7039.609375 7674.375
6527.34375 15742.65625 17321.40625 6489.515625 4042.59375 4278.234375 6032.90625 14539.015625 13153.09375 8810.390625 6665.796875 6678.515625 7990.15625 10281.96875 6327.90625 5144.046875 9727.671875 5064.25 4242.40625 4201.4375 4251 4484.171875 4454.46875 4855.875 5768.40625 6234.734375 6056.28125 7919.078125 10564.78125 11526.203125 9433.65625 7397.59375 6489.484375 5782.828125 5668.125 9497.421875 16559.125 8108.65625 5984.03125 7941.421875 10159.078125 8872.46875 5164.625 4354.5625 7174.765625 7714.96875 6408.421875 5564.5625 4275.8125 2692.03125 2160 2700.4375 3942.734375 4127.109375 4492.484375 6712.09375
