Cases/SDM_Urocitellus_beldingi/westernUsClimate_modern/BIO11.asc
NCOLS 316 
NROWS 299 
XLLCORNER -124.820833001 
YLLCORNER 29.1625003333339 
CELLSIZE 0.0666666666645545 
NODATA_value -3.4e+38 
[rows 26 to 51 of 299, columns 174 to 231 of 316]
-649.265625 -643.671875 -581.5625 -613.5 -706.1875 -720.953125 -694.453125 -644.921875 -635.5625 -587.640625 -538.3125 -447.9375 -409.359375 -390.3125 -363.375 -342.328125 -342.1875 -347.71875 -373.21875 -352.796875 -333.203125 -311.90625 -287.5625 -267.828125 -275.265625 -305.046875 -305.953125 -331.90625 -338.671875 -335.546875 -324.65625 -324.859375 -331.015625 -332.4375 -318.546875 -318.984375 -320.40625 -347.6875 -396.046875 -364.453125 -340.65625 -336.8125 -338.1875 -354.46875 -374.5625 -368.640625 -388.203125 -422.84375 -445.75 -457.03125 -457.078125 -439.765625 -441.640625 -444.078125 -431.3125 -428.125 -413.03125 -396.75
-602.03125 -665.15625 -631.734375 -602.078125 -642.84375 -679.890625 -687.515625 -682.421875 -630.5 -632.109375 -581.703125 -550.578125 -460.15625 -390.796875 -365.25 -348.0625 -330.859375 -329.796875 -402.578125 -445.078125 -432.609375 -336.9375 -252.859375 -227.75 -255.578125 -306.6875 -309.921875 -314.75 -339.34375 -349.109375 -348.59375 -346.40625 -347.3125 -363.671875 -341.234375 -353.3125 -350.40625 -349.3125 -346.953125 -344.1875 -334.890625 -330.421875 -334.734375 -337.078125 -345.046875 -358.46875 -388.46875 -415.109375 -428.0625 -441.28125 -434.125 -422.78125 -434.515625 -446.328125 -432.25 -420.765625 -415.484375 -404.625
-542.3125 -616.203125 -634.609375 -633.03125 -600.546875 -619.40625 -671.921875 -678.078125 -664.3125 -680.515625 -636.25 -626.671875 -527.4375 -379.375 -348.59375 -328.609375 -322.125 -329.515625 -336.15625 -410.578125 -385.09375 -289.046875 -285.859375 -311.453125 -300.078125 -316.765625 -321.625 -322.53125 -356.671875 -402.328125 -398.453125 -403.28125 -443.46875 -429.890625 -374.015625 -448.515625 -433.359375 -401.765625 -445.828125 -399.078125 -373.46875 -366.28125 -359.5625 -335.03125 -329.140625 -337.109375 -362.84375 -384.359375 -410.125 -416.203125 -415.40625 -407.53125 -414.015625 -438.59375 -428.15625 -439.984375 -424.765625 -414.421875
-532 -553.25 -600.296875 -580.8125 -603.703125 -636.0625 -630.171875 -680.609375 -634.421875 -637.28125 -654.375 -640.625 -584.1875 -503.109375 -467.1875 -424.671875 -390.75 -370.03125 -323.40625 -308.03125 -341.78125 -425.375 -431.0625 -508.296875 -403.296875 -337.59375 -338.796875 -379.953125 -395.390625 -406.203125 -517.78125 -509.875 -549.96875 -470.75 -421.15625 -440.859375 -477.15625 -508.71875 -539.734375 -612.90625 -509.0625 -454.28125 -394.375 -357.640625 -331.90625 -325.53125 -345.65625 -374.765625 -395.0625 -393.53125 -397.703125 -405.140625 -408.125 -431.640625 -433.984375 -431.8125 -434.875 -427.125
-600.3125 -575.125 -558.796875 -543.703125 -534.1875 -592.640625 -622.75 -639.5 -607.6875 -614.75 -593.703125 -601.703125 -602.671875 -588.140625 -518.6875 -433.75 -369.65625 -319.109375 -262.34375 -303.65625 -365.65625 -480.96875 -553.03125 -509.84375 -430.671875 -359.265625 -407.125 -455.046875 -430.15625 -438.09375 -504.84375 -596.921875 -595.921875 -578.828125 -606.75 -502.3125 -465.84375 -575.421875 -641.078125 -692.125 -678.203125 -532.21875 -482.3125 -439.25 -396.71875 -351.4375 -348.890625 -367.953125 -386.40625 -393.921875 -392.234375 -395.1875 -410.6875 -422.484375 -429.671875 -437.078125 -439.09375 -427.53125
-555.484375 -614.265625 -599.453125 -584.703125 -534.609375 -549.5625 -552 -527.84375 -534.234375 -561.3125 -549.171875 -552.578125 -618.40625 -630.40625 -547.5625 -477.96875 -365.015625 -273.296875 -235.796875 -393.421875 -410.625 -478.8125 -532.90625 -431.015625 -410.640625 -434.46875 -491.46875 -441.078125 -424.03125 -475.609375 -554.390625 -633.203125 -649.953125 -703.25 -725.5625 -627.9375 -534.46875 -621.40625 -742.109375 -802.234375 -689.015625 -687.703125 -613.234375 -558.921875 -471.328125 -400.71875 -378.3125 -366.78125 -376.234375 -383.515625 -388.84375 -392.578125 -408.921875 -408.53125 -411.984375 -420.125 -424 -421.0625
-484.984375 -606.921875 -643.34375 -608.203125 -541.640625 -525.625 -525.5 -496.53125 -503.28125 -543.75 -621.53125 -629.0625 -597.140625 -575.09375 -561.59375 -456.359375 -386.515625 -455.515625 -369.53125 -331.828125 -422.359375 -517.3125 -597.078125 -587.15625 -544.09375 -565.15625 -534.078125 -514.3125 -476.28125 -488.4375 -551.28125 -578.203125 -646.78125 -705.921875 -772.609375 -808.03125 -726.859375 -702.328125 -772.578125 -822.953125 -799.921875 -751.828125 -703.90625 -589.234375 -531.015625 -454.25 -399.953125 -377.875 -373.0625 -376.046875 -385.9375 -389.46875 -399.625 -400.296875 -411.609375 -417.4375 -421.96875 -423.515625
-520.71875 -497.015625 -589.15625 -606.1875 -559.53125 -546.484375 -582.765625 -576.859375 -612.40625 -634.328125 -664.78125 -651.390625 -551.609375 -490.4375 -498.625 -449.3125 -434.296875 -420.125 -400.3125 -377.265625 -474.90625 -511.09375 -533.203125 -579.140625 -620.890625 -583.609375 -532.921875 -454.953125 -476.90625 -510.109375 -534.875 -569.984375 -602.125 -641.453125 -728.703125 -750.984375 -788.484375 -770.625 -800.78125 -782.40625 -711 -706.484375 -623.96875 -504.984375 -449.71875 -541.828125 -463.625 -431.375 -407.859375 -389.46875 -378.3125 -377.78125 -392.640625 -426.328125 -474.5 -483.921875 -519.78125 -505.375
-478.328125 -470.296875 -510.84375 -536.125 -553.09375 -537.25 -520.09375 -520.84375 -588.625 -647.234375 -677.453125 -595.25 -545.984375 -501.53125 -445.578125 -440.140625 -468.40625 -428.75 -398.703125 -389.71875 -407.734375 -423.953125 -519.921875 -525.90625 -582.640625 -620.765625 -563.21875 -543.390625 -544.265625 -526.15625 -520.546875 -509.28125 -559.375 -606.921875 -604.203125 -664.4375 -710.765625 -769.28125 -824.859375 -816.734375 -782.390625 -707.890625 -684.8125 -616.875 -577.859375 -621.421875 -573.84375 -520.015625 -458.5 -401.96875 -375.625 -372.109375 -394.375 -479.6875 -641.734375 -684.28125 -699.078125 -692.59375
-465.609375 -459.4375 -484.109375 -537.703125 -569.515625 -622.59375 -580.65625 -511.078125 -526.3125 -639.625 -676.671875 -630.015625 -621.75 -608.03125 -535.15625 -461.953125 -458.109375 -442.015625 -437.28125 -423.96875 -414.25 -409.46875 -428.203125 -476.5625 -505.515625 -564.953125 -595.453125 -565.375 -523.40625 -474.6875 -475.4375 -491.78125 -514.5625 -612.609375 -654.859375 -610.21875 -693.546875 -712.953125 -755 -763.71875 -763.03125 -722.265625 -681.71875 -647.578125 -741.28125 -757.515625 -723.828125 -680.96875 -606.671875 -521.5 -448.71875 -386.09375 -387.6875 -429.890625 -500.40625 -586.3125 -641.4375 -642.34375
-488.328125 -471.3125 -482.078125 -480.515625 -476.859375 -545.484375 -578.140625 -592.3125 -533.90625 -566.8125 -588.875 -600.015625 -624.875 -596.375 -521.78125 -475.734375 -458.671875 -446.296875 -437.046875 -436.03125 -428.546875 -403.765625 -403.015625 -418.625 -445.734375 -468.90625 -544.171875 -563.4375 -537.21875 -472.015625 -452.109375 -456.265625 -488.15625 -542.171875 -555.125 -586.640625 -595.515625 -560.1875 -585.703125 -612.25 -640.4375 -651.9375 -675.203125 -701.90625 -721.4375 -688.328125 -637.6875 -558.484375 -507.203125 -455.890625 -419.15625 -390.5 -381.484375 -414.59375 -443.09375 -473.1875 -477.8125 -493.25
-521.546875 -498.84375 -504.6875 -512.859375 -508.9375 -476.96875 -504.640625 -555.09375 -517.765625 -515.4375 -524.578125 -562.796875 -587.890625 -581.296875 -518.890625 -461.203125 -445.09375 -439.890625 -453.734375 -479.609375 -471.03125 -440.1875 -417.234375 -424.484375 -423.890625 -428.109375 -456.546875 -572.78125 -651.484375 -557.75 -488.578125 -458.421875 -447.546875 -465.546875 -539.25 -511.0625 -511.046875 -554.53125 -574 -524.84375 -520.9375 -543.859375 -555.9375 -491.03125 -505.09375 -519.765625 -504.34375 -495.1875 -451.03125 -422.078125 -396.171875 -389.359375 -370.8125 -380.5 -402.71875 -423.375 -434.84375 -442.21875
-486.71875 -480.8125 -489.671875 -472.5 -487.125 -481.8125 -486.84375 -478.671875 -500.578125 -491.453125 -538.171875 -572.75 -520.921875 -570.234375 -496.328125 -507.46875 -479.703125 -479.4375 -428.84375 -448.4375 -441.6875 -445.03125 -424.71875 -423.453125 -425.09375 -427 -432.140625 -594.28125 -701.71875 -655.515625 -601.875 -521.296875 -461.3125 -457.265625 -459.09375 -484.65625 -613.6875 -648.59375 -624.4375 -575.671875 -524.03125 -471.296875 -405.09375 -390.796875 -415.359375 -435.90625 -429.34375 -439.71875 -407.328125 -397.859375 -372.734375 -364.90625 -353.75 -348.765625 -363.03125 -379.671875 -384.0625 -402.390625
-505.171875 -596.875 -636.0625 -614.328125 -512.4375 -465.984375 -472.671875 -467.796875 -461.703125 -494.046875 -553.828125 -555.4375 -569.484375 -620.328125 -590.796875 -589.515625 -473.171875 -436.921875 -439.203125 -453.609375 -479.015625 -586.359375 -443.96875 -415.9375 -422.609375 -415.125 -419.0625 -441.828125 -526.828125 -738.390625 -733.09375 -651.125 -517.734375 -478.3125 -468.671875 -532.40625 -735.578125 -746.109375 -638.5 -553.703125 -528.84375 -506.109375 -404.109375 -365.15625 -351.921875 -356.359375 -367.0625 -360.9375 -348.0625 -344.75 -334 -337.75 -350.234375 -355.796875 -347.203125 -343.96875 -349.6875 -358.96875
-572.296875 -624.921875 -710.734375 -687.84375 -624.5 -484.40625 -480.5625 -446.40625 -468.328125 -520.34375 -645.15625 -596.46875 -621.578125 -638.296875 -714.9375 -648 -487.703125 -443 -436.078125 -542.125 -675.59375 -709.390625 -627.53125 -446.25 -403.828125 -405.578125 -406.125 -424.890625 -471.859375 -532.109375 -610.15625 -567.03125 -543.28125 -512.296875 -494.65625 -509.859375 -569.265625 -597.671875 -561.921875 -525.703125 -495.890625 -454.53125 -454.46875 -448.375 -403.328125 -387.46875 -382.390625 -362.234375 -381.453125 -363.953125 -340.484375 -319.84375 -319.03125 -332.84375 -343.5625 -366.953125 -349.96875 -336.9375
-651.578125 -672 -705.640625 -742.46875 -617.390625 -481.0625 -495.984375 -483.4375 -473.171875 -620.984375 -700.046875 -690.875 -601.59375 -579.78125 -643.390625 -648.046875 -495.53125 -466.25 -605.96875 -726 -711.875 -566.40625 -546.21875 -462.328125 -363.609375 -386.796875 -400.28125 -419.109375 -447.171875 -463.078125 -478.765625 -505.25 -514.78125 -525.984375 -523.78125 -525.890625 -517.6875 -537.859375 -557.828125 -552.203125 -605.671875 -512.78125 -502.296875 -474.5 -456.6875 -465.09375 -440.609375 -391.015625 -403.46875 -371.4375 -347.375 -368.75 -373.765625 -370.984375 -333.515625 -321.109375 -333.890625 -330.546875
-670.875 -690.59375 -700.03125 -619.34375 -505.15625 -468.71875 -482.0625 -485.609375 -506.578125 -611.234375 -609 -558.75 -528.71875 -492.03125 -506.5625 -488.375 -461.875 -475.390625 -567.125 -676.109375 -664.40625 -575.375 -472.171875 -405.890625 -387.90625 -381.578125 -402.6875 -412.8125 -417.046875 -401.40625 -429.21875 -455.140625 -473.59375 -508.28125 -514.109375 -514.109375 -511.578125 -520.9375 -548.25 -555.609375 -641.125 -611.65625 -603.625 -722.5 -570.78125 -492.265625 -459.90625 -431.28125 -411.328125 -376.9375 -364.875 -350.46875 -334.234375 -328.421875 -326.609375 -332.390625 -332.71875 -323.03125
-629.453125 -638.6875 -634.5625 -571.0625 -475.828125 -450.078125 -462.65625 -478.375 -565.640625 -612.546875 -638.3125 -578.828125 -601.015625 -595.34375 -594.21875 -488.765625 -466.265625 -467.625 -473.40625 -473.46875 -528.203125 -547.078125 -435.46875 -369.75 -378.46875 -395.375 -402.484375 -407.25 -399.484375 -452.90625 -449.109375 -438.9375 -446.484375 -461.984375 -471.65625 -505.90625 -508.078125 -508.375 -500.359375 -538.53125 -546.09375 -624.796875 -662.46875 -738.265625 -590.71875 -530.578125 -484.421875 -453.921875 -410.40625 -376.046875 -364.203125 -347.4375 -335.53125 -324.3125 -320.734375 -322.390625 -331.84375 -324.90625
-658.296875 -642.234375 -593.09375 -475.609375 -412.15625 -428.140625 -446.828125 -516.921875 -589.140625 -584.265625 -643.578125 -647.546875 -632.046875 -727.09375 -657.59375 -562.828125 -482.65625 -599.46875 -416.71875 -390.75 -420.15625 -425.75 -390.59375 -364.140625 -384.015625 -396.5625 -398.703125 -395.84375 -392.5 -404.46875 -411.3125 -424.484375 -432.234375 -444.171875 -482.84375 -479.375 -480.296875 -488.8125 -482.9375 -502.625 -499.859375 -561.578125 -781.296875 -791.765625 -604.390625 -516.453125 -482.515625 -435.28125 -395.03125 -379.578125 -385.078125 -375.9375 -360.90625 -346.875 -328.078125 -325.46875 -330.75 -317.671875
-784.1875 -758.1875 -700.9375 -569.109375 -473.59375 -445.6875 -447.65625 -516 -568.640625 -575.390625 -656.453125 -676.859375 -715.171875 -725.390625 -686.4375 -541.734375 -450.28125 -616.34375 -526.375 -382.609375 -387.484375 -402.046875 -369.96875 -359.5625 -360.921875 -368.296875 -365.296875 -376.25 -375.546875 -427.96875 -413.171875 -436.890625 -462.953125 -482.734375 -486.8125 -488.984375 -491.40625 -483.3125 -489.59375 -469.984375 -457.5 -635.8125 -842.984375 -900.46875 -797.09375 -572.359375 -466.34375 -416.546875 -364.53125 -338.890625 -330.75 -328.65625 -363.96875 -352.46875 -320.234375 -305.328125 -308.734375 -319.25
-671.296875 -651.953125 -633.625 -600.640625 -609.328125 -562.203125 -501.953125 -526.53125 -576.6875 -573.015625 -606.609375 -670.828125 -673.65625 -612.15625 -582.71875 -499.03125 -410.640625 -550.625 -521.359375 -364.390625 -369.09375 -398.8125 -359.875 -343 -340.953125 -337.25 -352.421875 -359.984375 -399.453125 -412.328125 -422.859375 -444.34375 -509.84375 -479.8125 -494.421875 -504.625 -489.578125 -484.625 -481.09375 -456.78125 -437.4375 -501.671875 -697.203125 -863.6875 -853.03125 -468.109375 -419 -365.078125 -296.421875 -283.359375 -301.375 -301.015625 -311.65625 -344.546875 -354.65625 -325.015625 -294.046875 -295.40625
-674 -664.765625 -643.8125 -646.703125 -669.015625 -639.78125 -582.25 -573.8125 -612.671875 -592.578125 -651.890625 -649.890625 -597.21875 -487.28125 -428.1875 -400.984375 -344.796875 -442.5 -417.125 -339.46875 -379.953125 -358.296875 -348.234375 -339.765625 -341.5625 -348.546875 -356.84375 -374.28125 -377.953125 -383.875 -400.375 -423 -473.59375 -688.046875 -498.734375 -505.359375 -467.765625 -470.5 -442.28125 -426.1875 -426.25 -448.609375 -484.671875 -571.984375 -586.21875 -417.46875 -373.765625 -305.5625 -237.84375 -230.109375 -257.984375 -264.15625 -264.796875 -302.21875 -344.59375 -356.0625 -328.375 -291.703125
-689.703125 -672.6875 -655.234375 -656.375 -654.3125 -624.34375 -610.8125 -601.140625 -600.34375 -626.203125 -615 -569.265625 -556.234375 -479.328125 -385.96875 -333.75 -288.640625 -298.234375 -310.578125 -330.40625 -395.65625 -389.703125 -336.671875 -332.65625 -346.015625 -350.390625 -351.625 -363.125 -394.4375 -440.765625 -466.03125 -447.390625 -424.625 -517.59375 -512.5625 -501.890625 -483.125 -452.390625 -404.6875 -370.90625 -363.1875 -396.484375 -422.59375 -407.484375 -377.328125 -342.6875 -282 -231.75 -205.625 -204.75 -215.171875 -230.953125 -243.1875 -288.75 -301.328125 -330.84375 -284.21875 -255.671875
-691.25 -675.921875 -664.015625 -647.4375 -623.9375 -615.40625 -609.09375 -583.875 -580.90625 -619.546875 -662.25 -669.3125 -560.984375 -430.25 -386.328125 -330.40625 -332.359375 -379.140625 -392.796875 -349.34375 -361.046875 -329.828125 -327.3125 -319.59375 -315.640625 -326.96875 -347.5 -355.953125 -420 -488.875 -537.90625 -527.1875 -448.328125 -437.234375 -565.015625 -512.828125 -549.640625 -453.875 -412.828125 -333.625 -293.234375 -301.34375 -362.640625 -336.390625 -256.53125 -232.28125 -208.875 -198.375 -184.4375 -181.1875 -200.09375 -224.15625 -220.65625 -262.859375 -230.703125 -243.78125 -243.921875 -240.546875
-705 -756.25 -694.734375 -661.1875 -660.4375 -646.53125 -605.015625 -538.1875 -567.546875 -634.234375 -623.75 -775.125 -622.90625 -422.125 -349.625 -320.828125 -440.484375 -585.796875 -468.3125 -429.328125 -347.640625 -336.40625 -334.53125 -327.171875 -343.734375 -322.203125 -349.9375 -364.828125 -395.6875 -437.5625 -469.25 -465.34375 -414.953125 -433.3125 -458.78125 -485.484375 -536.5 -468.578125 -397.703125 -340.109375 -268.9375 -230.171875 -225.375 -224.546875 -200.4375 -205.234375 -225.40625 -224.796875 -201.265625 -201.671875 -201.421875 -201.03125 -216.328125 -227.25 -233.375 -264.390625 -250.265625 -262.1875
-696.65625 -703.53125 -706.84375 -748.796875 -675.25 -631.390625 -580.28125 -524.265625 -503.515625 -540 -523.453125 -592 -507.5 -399.515625 -354.359375 -414.484375 -602.125 -699.8125 -639.40625 -494.625 -383.1875 -349.9375 -337.25 -341.34375 -347.3125 -313.5625 -337.546875 -363.015625 -391.328125 -401.5 -393.390625 -393.984375 -378.828125 -393.890625 -433.59375 -458.75 -466.171875 -417.265625 -341.6875 -246.765625 -223.21875 -259.578125 -266.265625 -281.359375 -296.25 -292.546875 -281.1875 -277.640625 -280.984375 -265.515625 -313.78125 -247.125 -214.265625 -192.359375 -215.59375 -204.734375 -243.0625 -266.109375
