Cases/SDM_Urocitellus_beldingi/westernUsClimate_modern/BIO18.asc
NCOLS 316 
NROWS 299 
XLLCORNER -124.820833001 
YLLCORNER 29.1625003333339 
CELLSIZE 0.0666666666645545 
NODATA_value -3.4e+38 
[rows 125 to 149 of 299, columns 0 to 56 of 316]
-3.4e+38 -3.4e+38 -3.4e+38 -3.4e+38 -3.4e+38 -3.4e+38 -3.4e+38 3300.875 3238.484375 3398.84375 3689.78125 3983.8125 6394.65625 5933.140625 5108.046875 10645.609375 10714.59375 7738.953125 4302.609375 3742.859375 5074.296875 4505.640625 4237.984375 3630.953125 3909.71875 4761.859375 2955.734375 3806.671875 3039.34375 3257.03125 3147.75 4731.640625 3942.3125 4554.59375 6331.34375 5273.484375 4623.25 4617.390625 4624.15625 4746.546875 4792.265625 4820.453125 4774.9375 5056.921875 5905.8125 6692.03125 5696.921875 5644.265625 6282.921875 5329.015625 4041.046875 3647.046875 3407 3455.640625 3572.75 4604.125 5978.75
-3.4e+38 -3.4e+38 -3.4e+38 -3.4e+38 -3.4e+38 -3.4e+38 3503.25 3495.078125 3574.765625 3779.515625 4036.625 4470.265625 4729.578125 5507.40625 4860.234375 6905.3125 8874.65625 9596.9375 6701.734375 3120.78125 3619.9375 3796.96875 3706.015625 4132.1875 4373.265625 4498.484375 3610.890625 3034.40625 3111.265625 4298.0625 4446.484375 4589.6875 3895.171875 4229.421875 5313.296875 4334.03125 3889.546875 3589.859375 3450.046875 3364.78125 3883.09375 4078.375 4467.375 4575.578125 4893.796875 5390.90625 5352.15625 5620.171875 5834.15625 5186.53125 3976.734375 3689.71875 3688 3392.421875 3361.390625 3769.359375 4689.515625
-3.4e+38 -3.4e+38 -3.4e+38 -3.4e+38 -3.4e+38 -3.4e+38 3614.14583333333 3675.21875 3680.3125 3528.75 3687.84375 4511.359375 4023.34375 4292.671875 4836.890625 5602.640625 8129.96875 7352.578125 8173.359375 5071.796875 2618.328125 3537.796875 3646.03125 3409.109375 3425.328125 3099.765625 3335.421875 3121.90625 3250.515625 4246.890625 4935.390625 5850.0625 6430.625 4879.984375 4300.234375 4029.75 3354.078125 3355.8125 3227.390625 3047.796875 3022.125 3662.875 3967.296875 4129.1875 4192.375 4495.515625 4905.21875 5710.65625 5935.53125 5373.203125 4754.265625 5285.390625 4999.71875 4388.28125 4245.1875 4607.609375 4760.453125
-3.4e+38 -3.4e+38 -3.4e+38 -3.4e+38 -3.4e+38 3750.8125 3892.125 4634.359375 4669.25 3454.765625 2899.375 3117.59375 3730.203125 4467.125 5215.515625 4617.75 5751.234375 6257.515625 5562.828125 6399.21875 3780.8125 4341.90625 4368.59375 3546.328125 2688.140625 3100.515625 3076.640625 3319.453125 3355.734375 4352.171875 5545.140625 5518.609375 4694.390625 4168.09375 3871.703125 3553.734375 3339.890625 3189.671875 3116.234375 2940.28125 2863.65625 3344.046875 3394.859375 4008.71875 4769.203125 4717.875 4179.34375 5027.640625 6160.984375 7169.734375 6980.15625 6573.640625 5394.046875 5563.546875 4992.109375 4839.5625 4704.890625
-3.4e+38 -3.4e+38 -3.4e+38 -3.4e+38 -3.4e+38 3655.43243243243 4102.609375 4746.40625 4941.5 4723.109375 3677.078125 3277.078125 3251.40625 3693.578125 4138.796875 4100.015625 5085.40625 5262.3125 5669.265625 4327.0625 4687.46875 3852.703125 4441.453125 4152.4375 3528.40625 3130.453125 2992.328125 3683.515625 3109.890625 2999.875 3433.28125 3878.234375 3764.875 3173.515625 3190.859375 3234.6875 3166.4375 3005.0625 2733.890625 2637.953125 2660.171875 3624.234375 3385.375 4086.296875 4375.109375 4112.9375 3850.453125 4687.5625 6955.625 9105 8532.5625 6325.796875 6234.796875 6653.921875 5559.359375 4845.296875 4677.734375
-3.4e+38 -3.4e+38 -3.4e+38 -3.4e+38 -3.4e+38 3718.8 4006.546875 4884.5625 5034.640625 5152.765625 5226.65625 4672.9375 3701.171875 3241.375 4211.84375 4301.375 4967.78125 6015.71875 6343.515625 4467.1875 4110.328125 4086.25 4148.234375 3961.09375 4409.609375 3606.703125 2985.015625 2837.515625 2602.484375 2380.296875 2626.828125 2957.96875 3329.1875 2955.46875 3001.5625 3015.625 2923.921875 2793.109375 2462.625 2384.25 2458.171875 2702.671875 3205.5625 3244.515625 3683.671875 3865.953125 3891.484375 4979.59375 6381.234375 6798.328125 6261.484375 5520.375 4839.875 5143.3125 4975.890625 4869.21875 4546.828125
-3.4e+38 -3.4e+38 -3.4e+38 -3.4e+38 -3.4e+38 -3.4e+38 3805.515625 3948.8125 4068.78125 4588.40625 5120.1875 4413.890625 3840.90625 3183.765625 3337.046875 3741.625 3917.203125 4552.25 7978.546875 7546.4375 4136.453125 4286.859375 4688.734375 4133.8125 4470.171875 4302.421875 3111.515625 2430.359375 2416.453125 2257.890625 2201.4375 2543.125 2800.96875 2754 2944.6875 2947.984375 2857.84375 2629.484375 2525.640625 2345.34375 2423.640625 2485.390625 2826.171875 3224.859375 3555.75 3785.375 4094 5011.96875 5174.015625 5170.265625 4915.5 4784.140625 4451.25 3905.3125 4270.046875 4405.125 4265.359375
-3.4e+38 -3.4e+38 -3.4e+38 -3.4e+38 -3.4e+38 -3.4e+38 3727.77192982456 4084.140625 4064.640625 4275.015625 4478.28125 4640.171875 4270.21875 3597.078125 2836.5 3353.640625 3065.65625 3460.65625 4600.375 7461.015625 5324.5625 4136.328125 4241.25 5461.171875 4371.890625 4307.09375 4513.703125 3495.203125 3319.125 3076.984375 2276.84375 2519.84375 2270.328125 2103.484375 2354.484375 2558.71875 2588.875 2447.84375 2283.3125 2164.640625 2660.609375 2978.71875 3008.71875 2992.546875 3263.59375 3775.640625 4180.5 4708.203125 5043.53125 4832.046875 4512.609375 4687.859375 4626.171875 4050.5 4451.75 4478.390625 3517.390625
-3.4e+38 -3.4e+38 -3.4e+38 -3.4e+38 -3.4e+38 -3.4e+38 3681.06666666667 3753.54098360656 4093.90625 4722 4578.5 4463.53125 4028.109375 3639.3125 3125.78125 2933.1875 4363.59375 3158.15625 3297.359375 3629.5 4513.890625 3513.78125 3671.8125 3965.8125 5043.484375 4921.90625 4550.21875 3767.53125 3554.171875 3608.171875 2579.953125 2371.046875 1956.1875 1722.421875 1750.921875 2066.34375 2186.78125 2084.890625 1869.171875 1991.359375 2217.859375 2401.34375 2662.765625 3132.125 3541.5625 3821.46875 4123.859375 4098.671875 4296.203125 4420.171875 4759.84375 5633.140625 5246.671875 4949.796875 5199.21875 4462.84375 3143.703125
-3.4e+38 -3.4e+38 -3.4e+38 -3.4e+38 -3.4e+38 -3.4e+38 -3.4e+38 3791.08333333333 3938.97916666667 4359.078125 5702.78125 5860.0625 4434.84375 3595.328125 3001.90625 3014.171875 4508.5625 3863.796875 3238.4375 3484.859375 3525.796875 3319.359375 3263.21875 3883.234375 4011.75 4414.484375 3778.125 3435.265625 2988.015625 3059.734375 3193.78125 2606.625 1992.8125 1858.953125 1745.75 1930.484375 1976.734375 1944.703125 1893.40625 2083.703125 2143.953125 2361.125 2638.421875 3214.15625 3262.390625 3860.171875 4245.234375 4131.515625 4365.5 4597.40625 4999.515625 5632.640625 5162.25 3879.171875 3784.875 3427.203125 3824.25
-3.4e+38 -3.4e+38 -3.4e+38 -3.4e+38 -3.4e+38 -3.4e+38 -3.4e+38 -3.4e+38 -3.4e+38 4430.45161290323 4710.87096774194 6411.234375 5595.96875 3967.703125 3404.25 3235.875 3899.140625 4179.9375 3599.9375 3143.046875 3484.75 3282.4375 3003.78125 3100.984375 3266.46875 3361.640625 3459.359375 3459.890625 3055.203125 2897.421875 2948.484375 3052.046875 2209.109375 1913.828125 1811.625 1904.234375 1923 1942.5 1992.390625 2146.765625 2284.421875 2417.421875 2423.28125 2622.46875 3112.015625 3561.859375 3978.375 4134.1875 4304.4375 4429.5 4776.609375 5993.5625 5386.109375 3406.9375 3095.671875 3568.328125 3757.796875
-3.4e+38 -3.4e+38 -3.4e+38 -3.4e+38 -3.4e+38 -3.4e+38 -3.4e+38 -3.4e+38 -3.4e+38 -3.4e+38 4526.42857142857 4901.57407407407 5743.328125 4542.53125 3813.828125 3739.390625 4249.671875 4636.515625 4029.203125 3537.21875 3269.21875 3287.59375 2716.828125 2493.671875 2967.46875 3143.625 3191.203125 3241.3125 2917.40625 2290.484375 2710.546875 3083.765625 2713.359375 1919.078125 1745.53125 1772.734375 1676.125 1692.609375 1841.375 2112.40625 2317.578125 2368.65625 2271.359375 2414.234375 3033.75 3837.34375 4482.46875 3992.8125 4156.78125 4334.296875 4798.453125 5704.328125 5510.796875 3637.421875 3725.375 3520.890625 2995.1875
-3.4e+38 -3.4e+38 -3.4e+38 -3.4e+38 -3.4e+38 -3.4e+38 -3.4e+38 -3.4e+38 -3.4e+38 -3.4e+38 -3.4e+38 4310.16666666667 4168.38888888889 4734.484375 4480.25 3948.15625 4234.953125 4641.46875 4357.125 3657.015625 2973.84375 2809.3125 2653.171875 2820.46875 3124.3125 3402.640625 3238.03125 2827.890625 2662.328125 1621.75 2292.65625 2709.546875 2679.71875 1777.703125 1599.296875 1542.921875 1438.703125 1447.5 1628.296875 1809.484375 1921.734375 1956.625 2010.828125 1969.1875 2591.515625 3261.46875 4096.03125 4141.53125 4208.828125 4211.453125 4804.84375 4723.359375 4124.03125 5026.90625 5411.5 4349.34375 3049.609375
-3.4e+38 -3.4e+38 -3.4e+38 -3.4e+38 -3.4e+38 -3.4e+38 -3.4e+38 -3.4e+38 -3.4e+38 -3.4e+38 -3.4e+38 -3.4e+38 3925 4063.08928571429 4297.390625 4071.3125 4080.9375 4433.921875 4263.84375 4189.96875 3295.359375 3378.9375 2768.640625 2424.84375 2571.4375 2708.421875 2753 3088.875 2356.15625 1438.1875 1488.359375 1934.6875 2132.921875 1697.609375 1627.515625 1550.40625 1476.46875 1447.1875 1509.046875 1537.015625 1559.796875 1565.546875 1588.546875 1680.34375 1885.59375 2637.5625 3099.40625 3523.09375 4046.734375 4010.640625 4613.390625 4059.046875 5201.453125 5953.390625 5778.390625 5127.109375 4576.453125
-3.4e+38 -3.4e+38 -3.4e+38 -3.4e+38 -3.4e+38 -3.4e+38 -3.4e+38 -3.4e+38 -3.4e+38 -3.4e+38 -3.4e+38 -3.4e+38 -3.4e+38 3607.79166666667 3606.53125 3980.203125 4010.5625 3990.140625 4093.1875 4364.109375 3865.9375 2910.78125 3156.96875 2068.5 2044.59375 2345.03125 2593.734375 2733.3125 2461.046875 1644.421875 1453.59375 1867.8125 2229.890625 1781.125 1566.671875 1562.359375 1559.25 1574.5 1502.46875 1450.53125 1420.921875 1397.546875 1431.640625 1559.203125 1603.578125 1912.59375 2525 2674.6875 3372.71875 3900.078125 3746.328125 4536.9375 5326.5625 5594.15625 5305.46875 4742.96875 4370.046875
-3.4e+38 -3.4e+38 -3.4e+38 -3.4e+38 -3.4e+38 -3.4e+38 -3.4e+38 -3.4e+38 -3.4e+38 -3.4e+38 -3.4e+38 -3.4e+38 -3.4e+38 3391 3167.8 3638.71875 4314.015625 4626.8125 5074.53125 4161.71875 4149.765625 3136.28125 3224.203125 2572.015625 2208.40625 2293.59375 3093.640625 3300 2770.703125 2722.078125 1784.78125 1897.546875 2171.765625 1939.40625 1596.609375 1560.15625 1493.515625 1465.890625 1395.53125 1422.5625 1419.234375 1394.515625 1517.328125 1564.546875 1598.34375 1629.59375 1953.765625 2439.65625 2884.953125 3341.609375 3316.15625 3377.21875 3897.484375 4122.328125 4438.4375 5158.15625 4997.421875
-3.4e+38 -3.4e+38 -3.4e+38 -3.4e+38 -3.4e+38 -3.4e+38 -3.4e+38 -3.4e+38 -3.4e+38 -3.4e+38 -3.4e+38 -3.4e+38 -3.4e+38 -3.4e+38 2716.28 3007.40625 3855.546875 4600.140625 5311.34375 4408.25 3947.171875 3365.53125 3080.875 2966.296875 2481.953125 2136.609375 2713.203125 3361.65625 2756.578125 2765.296875 2096.859375 1775.515625 1870.078125 1709.6875 1512.65625 1534.734375 1383.671875 1279.109375 1259.421875 1305.3125 1348.15625 1424.921875 1512.640625 1534.3125 1571.203125 1588.65625 1546.03125 1610.59375 1947.375 2699.734375 3284.25 3558.09375 3827.25 3965.84375 4746 5025 4816.09375
-3.4e+38 -3.4e+38 -3.4e+38 -3.4e+38 -3.4e+38 -3.4e+38 -3.4e+38 -3.4e+38 -3.4e+38 -3.4e+38 -3.4e+38 -3.4e+38 -3.4e+38 -3.4e+38 2392.0625 2697.421875 3296.125 3447.1875 3894.96875 4348.1875 3429.453125 2985.265625 2733.25 3363.875 2926.265625 2317.640625 2532.65625 3056.015625 2865.40625 2135.59375 2079.015625 1776.203125 1746.453125 1654.859375 1572.21875 1416.359375 1212.03125 1142.359375 1111.890625 1097.890625 1164.671875 1280.625 1361.421875 1388.046875 1399.03125 1408.296875 1395.859375 1402.234375 1963.78125 2714.546875 2811 3043.203125 3152.3125 3754.671875 4443.296875 4807.046875 4972.65625
-3.4e+38 -3.4e+38 -3.4e+38 -3.4e+38 -3.4e+38 -3.4e+38 -3.4e+38 -3.4e+38 -3.4e+38 -3.4e+38 -3.4e+38 -3.4e+38 -3.4e+38 -3.4e+38 2400.72222222222 2478.421875 2980.609375 3217.4375 3170.40625 3663.875 3332.34375 2768.3125 2911.03125 2634.03125 2865.125 3726.625 3275.515625 2615.953125 2940.296875 1980.296875 1849.65625 1860.328125 1622 1596.828125 1521.421875 1334.78125 1134.828125 1049.546875 990.09375 981.484375 1011.96875 1141.3125 1192.78125 1230.15625 1249.875 1262.578125 1321.46875 1381.765625 1458.640625 1701.625 2478.765625 2777.25 2927.859375 3263.015625 4023.625 4144.734375 3926.078125
-3.4e+38 -3.4e+38 -3.4e+38 -3.4e+38 -3.4e+38 -3.4e+38 -3.4e+38 -3.4e+38 -3.4e+38 -3.4e+38 -3.4e+38 -3.4e+38 -3.4e+38 -3.4e+38 2225.83720930233 2516.171875 2942.75 3009 2865.546875 2602.65625 2633.59375 2589.421875 2692.40625 2583.375 2586.203125 3027 3148.21875 1830.21875 1910.03125 1997.359375 2234.375 2032.359375 1512.15625 1345.328125 1244.046875 1270.671875 1163.375 1079.578125 988.234375 973.359375 1004.75 1050.859375 1090.515625 1108.390625 1110.671875 1139.140625 1200.328125 1289.859375 1341.9375 1452.421875 1906.828125 2851.109375 3194.328125 3449.46875 3653.25 3492.921875 3652.65625
-3.4e+38 -3.4e+38 -3.4e+38 -3.4e+38 -3.4e+38 -3.4e+38 -3.4e+38 -3.4e+38 -3.4e+38 -3.4e+38 -3.4e+38 -3.4e+38 -3.4e+38 -3.4e+38 2118.66071428571 2371.140625 2791.171875 2765.90625 2627.8125 2444.828125 2413.625 2461.140625 2190.640625 2381.640625 2527.28125 2740.84375 2765.125 1879.46875 1628.84375 2051.375 2863.078125 2608.9375 1635.65625 1195.4375 1081.5 1115.6875 1138.84375 1125.46875 1003.21875 1008.59375 1022.421875 1008.09375 998.59375 1003.53125 1037.125 1107.921875 1138.78125 1166.234375 1244.203125 1344.234375 1485.90625 2040.828125 2834.546875 3067.03125 3691.484375 3290.6875 3373.1875
-3.4e+38 -3.4e+38 -3.4e+38 -3.4e+38 -3.4e+38 -3.4e+38 -3.4e+38 -3.4e+38 -3.4e+38 -3.4e+38 -3.4e+38 -3.4e+38 -3.4e+38 -3.4e+38 2092.61111111111 2412.375 2672.75 2558.875 2334.609375 2232.53125 2139.203125 2044.5 1880.953125 2323.140625 2336.109375 2332.921875 2714.65625 2835.578125 2176.203125 2050.390625 1958.140625 2407.0625 1889.78125 1578.71875 1064.703125 1064.78125 1071.15625 1042.734375 1008.484375 972.59375 907.328125 872.8125 865.234375 882.453125 938.71875 1032.921875 1124.140625 1150.1875 1131.578125 1204.734375 1309.1875 1544.796875 2378.671875 2828.4375 2663.90625 3031.484375 3433.28125
-3.4e+38 -3.4e+38 -3.4e+38 -3.4e+38 -3.4e+38 -3.4e+38 -3.4e+38 -3.4e+38 -3.4e+38 -3.4e+38 -3.4e+38 -3.4e+38 -3.4e+38 -3.4e+38 2154.78125 2372.0625 2604.078125 2479.03125 2224.828125 2094.890625 2045.75 1970.21875 2022.6875 2297.421875 2264.359375 2187.578125 2196.234375 2335.5 2365.125 2059.78125 2049.890625 2436.46875 2209.75 1710.15625 1206.328125 1124.703125 1057.71875 1018.21875 964.375 893.296875 845.890625 763.25 694.390625 779.53125 901.734375 992.671875 984.015625 1009.359375 1001.890625 1007.09375 1183.90625 1268.078125 1691.03125 1954.34375 2414.953125 3096.53125 3380.140625
-3.4e+38 -3.4e+38 -3.4e+38 -3.4e+38 -3.4e+38 -3.4e+38 -3.4e+38 -3.4e+38 -3.4e+38 -3.4e+38 -3.4e+38 -3.4e+38 -3.4e+38 -3.4e+38 2198 2300.48333333333 2642.140625 2478.234375 2148.671875 1984.96875 1938.25 1980.890625 1968.875 1869.734375 1680.40625 2019.78125 1907.59375 1853.359375 1932.046875 1988.921875 1898.546875 1588.71875 1727.296875 1619.5 1246.015625 1099.390625 993.515625 968.03125 877.15625 863.9375 788.640625 714.484375 665.84375 721.546875 920.4375 1018.1875 917.984375 912.828125 892 901.359375 932.484375 1075.765625 1337.15625 1912.328125 2498.65625 3095.3125 3366.109375
-3.4e+38 -3.4e+38 -3.4e+38 -3.4e+38 -3.4e+38 -3.4e+38 -3.4e+38 -3.4e+38 -3.4e+38 -3.4e+38 -3.4e+38 -3.4e+38 -3.4e+38 -3.4e+38 -3.4e+38 2159.5625 2390.796875 2486.328125 2175.6875 1947.953125 1895.25 1967.421875 2104.640625 1875.03125 1696.015625 1697.171875 1508.03125 1653.296875 1415.71875 1524.890625 1880.3125 1473.09375 1387.3125 953.1875 965.59375 1184.203125 953.90625 896.25 871.8125 900.40625 878.125 771.71875 745.59375 735.8125 773.4375 828.0625 856.734375 875.78125 882.703125 842.453125 834.40625 874.53125 1078.625 1433.703125 2017.265625 2609.046875 2917.390625
