Cases/SDM_Urocitellus_beldingi/westernUsClimate_modern/BIO11.asc
NCOLS 316 
NROWS 299 
XLLCORNER -124.820833001 
YLLCORNER 29.1625003333339 
CELLSIZE 0.0666666666645545 
NODATA_value -3.4e+38 
[rows 208 to 233 of 299, columns 232 to 289 of 316]
145.359375 105.484375 52.46875 2.1875 3.703125 -10.390625 -29.6875 -13.875 -55.21875 -49.9375 -38.953125 -56.15625 -124.265625 -138.71875 -133.703125 -83.453125 -135.671875 -192.3125 -117.9375 -131.84375 -57.75 17.96875 20.625 -8 -58.0625 -100.578125 -196.453125 -45.109375 0.046875 46.765625 92.609375 99.265625 106.578125 153.375 194.375 239.484375 231.515625 191.84375 230.125 292.15625 283.03125 254.3125 228.0625 -148.3125 -148.828125 70.1875 52.828125 53.859375 54.234375 13.40625 -3.46875 -0.609375 11.09375 3.90625 -9.234375 -7.5 29.3125 46.453125
108.53125 63.765625 10.546875 8.515625 -0.453125 9.59375 19.3125 10.6875 4.21875 5.375 -35.65625 -38.140625 -74.328125 -100.59375 -85.359375 -119.46875 -118.40625 -152.25 -130.421875 -126.796875 -96.5625 -21.234375 65.4375 43.0625 -6.3125 19.484375 17.8125 44.140625 44.125 85.21875 150.109375 138.359375 125.921875 184.09375 225.484375 249.328125 248.59375 203.125 238.609375 318.671875 303.578125 278.28125 254.53125 -37.1875 -92.28125 51 77.25 60.25 22.546875 2.046875 -2.84375 -5.859375 3.78125 3.875 -12.921875 -37.578125 7.984375 43.359375
90.171875 41.15625 14.1875 7.96875 20 54.9375 77.8125 82.28125 45.015625 -38.8125 -76.75 -65.390625 -80 -103.59375 -97.9375 -86.09375 -116.078125 -145.921875 -161.515625 -165.109375 -83.984375 -22.984375 62.609375 67.234375 73.203125 104.03125 113.203125 116.734375 121.71875 146.296875 194.859375 175.96875 152.25 195.890625 241.984375 255.6875 257.8125 220.46875 254.453125 288.859375 289.515625 309.25 254.78125 107.0625 31.328125 -2.59375 43.359375 37.859375 9.15625 10.640625 10.53125 6.09375 5.53125 4.578125 -15.40625 -31.421875 24.3125 65.21875
46.875 37.296875 26.59375 30.796875 52.65625 82.28125 59.296875 -21.203125 -46.765625 -73.6875 -96.796875 -109.328125 -96.828125 -127.34375 -120.421875 -110.296875 -107.921875 -123.921875 -155.203125 -159.109375 -130.140625 -79.765625 17.78125 17.78125 34.1875 69.375 77.265625 107.375 135.96875 153.625 203.171875 212.96875 201.765625 221.984375 255.3125 261.296875 263.375 244.984375 278.703125 279.640625 288.03125 305.796875 255.65625 147.984375 -4.6875 -36.9375 26.5 54.546875 18.90625 28.546875 24.078125 18.171875 12.359375 14.328125 -11.984375 5.984375 48.796875 74.125
71.453125 71.5 54.515625 59.875 80.28125 83.453125 40.765625 -5.8125 -81.59375 -88.21875 -83.0625 -103.53125 -97.8125 -128.8125 -128.34375 -120.1875 -113.515625 -107.375 -110.625 -109.609375 -103.640625 -64.921875 -32.671875 -29.78125 -14.984375 9.765625 81.15625 113.21875 137.6875 175.046875 211.1875 219.265625 220.4375 242.78125 266.03125 268.59375 255.203125 255.90625 286.5625 280.828125 291.375 291.8125 250.546875 163.53125 22.015625 -37.5625 26.703125 42.046875 29.09375 44.046875 35.5 26.5 25.078125 26.171875 22.234375 50.28125 67.328125 80.421875
126.578125 113.15625 92.953125 100.03125 101.15625 79.90625 41.4375 -2.984375 -34 -40.40625 -43.6875 -64.46875 -93.71875 -121.109375 -129.109375 -123.234375 -129.765625 -113.78125 -87.1875 -75.1875 -68.484375 -69.40625 -74.28125 -45.703125 -43.1875 -0.3125 52.21875 106.125 180.078125 199.453125 201.09375 189.53125 184.234375 199.578125 268.40625 275.296875 260.53125 270.75 273.5 268.265625 275.25 281.625 246.25 175.046875 -13.359375 -74.46875 24.921875 43.640625 41.03125 51.3125 51.859375 48.4375 47.53125 42.0625 43.34375 38.515625 75.609375 84.40625
158.703125 147.140625 133.734375 111.71875 87.234375 75.796875 61.46875 24 2.03125 -13.609375 -37.75 -63.640625 -83.265625 -115.640625 -124.515625 -129.921875 -126.625 -109.703125 -74.890625 -60.125 -68.03125 -58.0625 -14.609375 -45.125 -47.515625 -1.53125 39.625 117.703125 178.296875 180.8125 151.109375 156.90625 176.65625 192.203125 271.328125 280.203125 279.5 284.71875 264.21875 272.796875 270.640625 266.96875 241.84375 65.90625 -156.421875 -26.9375 42.78125 51.796875 66.21875 74.234375 67.34375 62.328125 55.890625 55.21875 49.90625 53.296875 75.8125 91.453125
178.78125 164.375 148.1875 103.015625 62.734375 54.546875 58 41.109375 23.3125 5.703125 -12.828125 -36.078125 -60.09375 -87.328125 -98.359375 -120.96875 -118.640625 -112.453125 -78.734375 -55.921875 -49.75 -69.96875 -31.390625 -57.765625 -71.390625 -15.640625 21.265625 94.578125 155.03125 145.515625 135.25 137.484375 171.625 204.484375 265.109375 287.046875 288.453125 283.5 286.671875 290.65625 275.375 267.953125 245 50.90625 -125.640625 23.84375 59.40625 70.84375 82.25 88.25 82 72.859375 65.15625 63.390625 58.109375 60.9375 71.328125 79.28125
188.46875 172.859375 156.734375 117.078125 77.625 55.46875 14.734375 16.984375 3.21875 6.421875 9.3125 -16.8125 -40.421875 -56.578125 -83.609375 -107.484375 -95.90625 -84.421875 -70.859375 -56.734375 -55.734375 -68.6875 -81.296875 -79.546875 -62.40625 -7.984375 45.53125 107.515625 137.15625 121.96875 133.421875 148.515625 188.40625 214.515625 261.5625 290.203125 294.84375 288.328125 306.265625 306.78125 285.3125 270.34375 236.53125 -57.859375 -82.59375 54.046875 72.0625 87.71875 91.078125 92.609375 87.203125 79.953125 74.875 72.3125 69.390625 64.296875 64.1875 62.59375
203.53125 186.328125 171.109375 139.53125 112.140625 87.046875 59.1875 30.890625 19.515625 -3.578125 8.890625 6.734375 -6.25 -43.640625 -72.46875 -82.6875 -86.046875 -75.15625 -66.03125 -69.0625 -60.53125 -63.625 -52.21875 -15.03125 22.578125 26.796875 53.59375 125.90625 136.25 130.921875 141.703125 166.796875 202.703125 244.828125 275.015625 294.828125 303.421875 298.90625 311.859375 310.84375 290.109375 273.6875 211.28125 -181.46875 -57.46875 63.46875 91.578125 102.453125 106.578125 98.390625 94.296875 87.578125 79.84375 76.4375 71.96875 68.515625 70.875 65.5625
206.59375 173.0625 163.359375 150.203125 125.078125 97.453125 73.5625 77 67.125 49.984375 37.96875 28.640625 17.40625 -4.46875 -42.40625 -77.28125 -84.3125 -69.125 -61.3125 -66.921875 -63.71875 -43.96875 -22.890625 -3.03125 32.53125 53 71.65625 118.765625 144.5 155.375 148.59375 172.078125 207.296875 254.609375 281.703125 302.03125 319.125 319.375 331.53125 321.0625 299 284.578125 242.421875 37.453125 57.25 104.765625 125.25 119.40625 118.90625 115.28125 106.46875 101.109375 92.625 94.359375 89.328125 107.5 109.828125 96.703125
186.21875 145.625 118.078125 115.4375 122.25 102.953125 83.859375 81.703125 94.703125 85.078125 63.140625 23.40625 -3.296875 -15.734375 -17.0625 -54.15625 -70.78125 -73.453125 -69.125 -69.453125 -66.3125 -40.890625 -6.15625 15.734375 39.796875 76.21875 97.09375 115.359375 138.484375 165.546875 173.265625 186.21875 219.1875 223.0625 233.125 312.84375 334.515625 344.828125 355.59375 330.578125 309.125 292.78125 261.46875 192.296875 168.8125 167.46875 117.296875 122.140625 129.234375 118.296875 112.46875 126.40625 122.546875 107.484375 118.4375 134.84375 136.625 131.421875
148.734375 118.328125 100.875 81.8125 78.015625 92.796875 76.859375 68.5 74.9375 54.59375 43.171875 19.09375 -4.484375 -27.875 -26.109375 -51.1875 -67.4375 -68.1875 -72.125 -70.09375 -61.140625 -36.625 -6.375 15.359375 48.5 54.796875 89.09375 121.640625 138.625 150.53125 191.984375 219.71875 227.34375 219.78125 249.484375 311.921875 338.140625 358.21875 354.203125 334.8125 307.84375 258.015625 206.09375 199.625 188.25 152.765625 97.09375 122.28125 147.15625 161.625 149.015625 126.21875 130.296875 117.890625 126.859375 136.515625 143.59375 151.53125
161.328125 105.15625 79.25 61.234375 56.3125 45.78125 64.296875 57.296875 43.921875 19.140625 11.5 5.828125 -0.859375 -9.1875 -27.625 -44.125 -59.875 -67.171875 -70.296875 -57.65625 -30 -5.28125 2.875 45.109375 39.140625 68.90625 103.296875 106.046875 99.9375 132.25 178.96875 218.671875 251.015625 271.515625 302.875 328.546875 336.921875 355.65625 349.109375 322.90625 291.515625 177.515625 182.65625 178.046875 159.984375 132.234375 129.421875 149.71875 194.21875 220.84375 190.234375 152.078125 130.0625 132.75 132.921875 136.71875 142.6875 165.25
131.3125 102.703125 68.90625 37.734375 27.796875 12.234375 20.578125 12.34375 37.15625 20.921875 -1.625 0.765625 -4.359375 -16.515625 -18.5 -39 -47.609375 -54.71875 -72.34375 -73.796875 -45.625 5.875 17.53125 63.0625 19.640625 12.03125 33.890625 86.484375 76.984375 118.234375 142.859375 208.203125 242.28125 272.046875 292.0625 320.46875 347.515625 358.78125 338.90625 304.640625 264.53125 228.125 209.171875 189.609375 202.890625 193.203125 174.671875 176.203125 233.9375 248.9375 219.796875 163.21875 81.8125 17.921875 88.03125 101.640625 122.828125 158.84375
96.328125 64.84375 59.78125 30.421875 8.015625 -17.109375 -10.125 4 10.65625 8.265625 3.765625 -9.3125 -1.6875 3.859375 -10.28125 -35.75 -21.328125 6.796875 -47.8125 -55.46875 -33.1875 -6.640625 -23.921875 -4.15625 -0.546875 27.359375 11.4375 33.84375 76.84375 91.4375 145.265625 199.4375 246.640625 266.828125 287.375 309.875 363.15625 364.25 337.3125 303.8125 291.265625 251.984375 237.984375 246.265625 245.8125 227.265625 194.171875 199.34375 245.078125 247.734375 226.796875 172.75 99.625 20.4375 41.53125 113.328125 110.921875 132.953125
68.390625 58.15625 31.671875 37.96875 19.046875 -10.875 -26.15625 -10.90625 4.796875 -0.46875 -8.296875 -15.1875 -14.59375 -3.53125 26.671875 -30.328125 12.359375 38.859375 -5.46875 -16.421875 36.453125 41.625 -21.140625 -3.859375 15.71875 29.765625 26.625 0.171875 37.671875 86.390625 159.328125 216.5 222.9375 259.0625 290.90625 332.703125 381.84375 379.34375 352.515625 323.15625 286.546875 253.3125 277.28125 288.078125 279.703125 258.765625 209.953125 190 228.984375 244.6875 231.8125 190.875 149 113.53125 102 104.484375 123.90625 153.234375
-59.609375 -25.125 4.125 -9.0625 -13.609375 -64.546875 -63.65625 -30.46875 -10.125 -6.015625 9.875 6 33.171875 53.03125 41.546875 25.40625 43.828125 16.625 21.078125 21.203125 16.484375 18.34375 3.703125 13.265625 28.515625 27.4375 21.71875 23.703125 42.6875 84.421875 135.75 159.953125 90.015625 246.40625 310.125 306.59375 396.28125 393.765625 371.875 334.3125 305.734375 299.765625 298.0625 305.625 292.875 274.09375 245.703125 219.796875 235.5625 252.375 234.796875 218.390625 188.09375 161.625 140.953125 95.671875 145.53125 200.96875
-253.84375 -90.765625 -16.140625 -116.90625 -85.40625 -98.765625 -52.734375 -26.265625 -7.859375 3.359375 7.6875 29.890625 9.875 39.53125 79.828125 54.265625 64.453125 67.203125 93.453125 41.140625 34 40.453125 30.25 34.46875 30.0625 0.421875 11.9375 20.703125 61.59375 115.78125 135.890625 156.953125 -54.375 146.78125 288.5 353.265625 426.625 411.609375 411.3125 355.75 349 339.890625 335.9375 328.015625 314.65625 282.234375 247.265625 258.0625 266.984375 271.890625 267.125 260.5 252.109375 236.703125 210.53125 164.390625 186.140625 217.640625
-224.34375 -141.359375 -98.015625 -201.03125 -108.46875 -72.515625 -18.65625 6.015625 29.921875 62.796875 49.34375 57.890625 32.140625 14.46875 26.34375 20.0625 22.109375 36.875 53.71875 42.453125 39.78125 40.6875 26.734375 38.59375 20.984375 20.6875 96.78125 79.75 104.203125 148.1875 195.453125 200.4375 130.1875 171.5 311.046875 358.671875 443.484375 430.640625 426.578125 396.921875 378.421875 362.28125 355.53125 348.75 330.125 295.5625 266.84375 309.015625 295.078125 308.171875 316.75 317.71875 295.453125 271.6875 225.609375 183.28125 195.96875 233.953125
-145 -159.359375 -169.859375 -118.265625 -50.953125 -26.25 2.984375 33.8125 41.921875 103.4375 87.234375 88.5 93.578125 46.421875 49.9375 50.75 54 57.1875 51.90625 48.0625 42.59375 49.984375 40.8125 22.15625 12.4375 113.140625 133.859375 71.796875 73.859375 196.1875 251.203125 278.1875 260.46875 317.1875 352.125 367.453125 435.0625 443.21875 431.390625 412.84375 392.625 396.640625 390.09375 368.953125 334.390625 294.015625 294.65625 344.71875 363.578125 340.03125 368.171875 354.234375 330.203125 263.390625 215.40625 172.484375 197.75 230.78125
-87.984375 -120.9375 -137.890625 -78.625 0.21875 2.65625 12.90625 58.828125 128.234375 130.125 133.0625 121.15625 134.78125 62.3125 57.578125 55.96875 61.078125 56.34375 44.34375 54.21875 30.3125 102.5625 116.265625 33.25 9.484375 33.140625 111.71875 137.40625 78.734375 208.34375 290.765625 353.421875 364.953125 400.796875 433.21875 445.84375 459.6875 450.40625 440.125 422.21875 419.59375 426.9375 418.234375 393.1875 314.828125 326.625 356.765625 400.90625 372.5625 379.1875 386.046875 380.390625 352.828125 271.125 245.40625 216.984375 237.390625 257.078125
-43.8125 -93.5 -40.765625 58.765625 93.5625 43.15625 88.953125 118.96875 189.53125 198.96875 178.109375 131.109375 72.203125 44.953125 99.75 43.953125 45.71875 169.9375 132.6875 71.828125 32.546875 15.390625 68.671875 72.171875 98.25 79.046875 109.46875 171.4375 187.375 252.265625 331.703125 406.703125 459.140625 482.328125 498.140625 481.25 464.578125 458.078125 440.703125 435.125 446.9375 458.109375 445 424.0625 322.4375 308.796875 414.578125 421.96875 405.78125 407.421875 361.984375 405.625 378.765625 311.9375 187.765625 167.625 237.859375 266.65625
-163.453125 -113.640625 63.8125 183.0625 134.59375 77.9375 147.578125 181.484375 238.609375 211.46875 157.359375 26.015625 41.5625 3.5 11.453125 68.234375 118.0625 181.296875 145.03125 112.75 3.09375 -36.953125 14.328125 105.171875 141.828125 147.125 159.734375 217.0625 60.84375 198.546875 324.40625 439.078125 490.265625 515.140625 493.640625 482.703125 474.90625 466.203125 453.046875 460.4375 466.25 467.875 464.734375 444.546875 296.125 390.5 396.640625 410.140625 456.5625 432.34375 426.625 420.015625 379.96875 340.1875 194.875 171.265625 218.359375 202.90625
-117.171875 109.859375 256.03125 259.40625 180.421875 220.984375 251.15625 278.015625 274.015625 182.046875 121.828125 77.1875 84.84375 10.109375 5.296875 88.453125 128.953125 79.984375 75 26.984375 -17.421875 -56.4375 24.6875 151.921875 153.953125 183.140625 217.859375 270.578125 105.4375 212.4375 348.125 456.28125 511.296875 522.296875 493.46875 498.4375 480 465.3125 463.78125 471.171875 477.4375 479.203125 481.46875 460.359375 406.234375 400.203125 455.265625 462.1875 502.59375 501.28125 462.421875 400.9375 333.5 298.3125 274.0625 211.78125 235.578125 222.734375
133.953125 292.515625 309.78125 165.234375 103 324.765625 337.3125 340.671875 269.40625 95.671875 86.28125 96.84375 85.40625 46.421875 67.0625 43.90625 1.9375 -8.5625 -6.203125 4.375 -20.234375 -33 62.765625 147.984375 125.046875 197.453125 258.53125 296.9375 235.234375 273.171875 387.96875 468.53125 531.40625 528.859375 509.046875 503.1875 480.65625 460.484375 464.671875 475.90625 477.546875 494.359375 488.21875 453.140625 487.984375 495.015625 507.296875 512.71875 536.828125 500.71875 414.453125 355.75 286.671875 104.625 201.28125 213.9375 267.6875 293.90625
