Cases/SDM_Urocitellus_beldingi/westernUsClimate_modern/BIO13.asc
NCOLS 316 
NROWS 299 
XLLCORNER -124.820833001 
YLLCORNER 29.1625003333339 
CELLSIZE 0.0666666666645545 
NODATA_value -3.4e+38 
[rows 84 to 104 of 299, columns 46 to 91 of 316]
12271.9881896973 11931.396774292 10308.9497833252 10275.9101715088 9904.98254394531 8249.22048187256 6979.79544067383 5688.60703277588 4677.85682678223 4329.44432830811 4171.447265625 4038.35245895386 4039.3590965271 4054.07939529419 3866.5436668396 3415.97929000854 3086.94912719727 2947.94043731689 2927.24628067017 2957.55556488037 2981.58768844604 2877.03388595581 2813.78242492676 2873.3583984375 2931.59864044189 2988.60820388794 3126.74697875977 3265.69199752808 3310.66562652588 3259.84569549561 3295.31973648071 3157.97938919067 3114.1272354126 3066.30087661743 3039.63164901733 3104.84619140625 3203.83280563354 3237.0433807373 3258.57108688354 3236.4091758728 3215.72285842896 3244.69160842896 3221.05302429199 3227.78340911865 3246.07236480713 3224.74180603027
13237.8160705566 14013.6883087158 15484.2468566895 15581.1839294434 13215.7563171387 9723.99430847168 6860.04724884033 5066.66543579102 4381.17873382568 4139.93360519409 4031.43067550659 3965.48778533936 3962.03174972534 3811.57069396973 3569.43924713135 3493.58456802368 3109.53526306152 2902.20723724365 2883.12392425537 2895.43025970459 2899.72764587402 2873.90331268311 2920.80616378784 2999.18563079834 2990.0283164978 2960.2131729126 3147.65487670898 3716.85840606689 3420.59276580811 3193.73555755615 3102.42744445801 3116.17012405396 3136.17998886108 3151.45497894287 3175.97803115845 3249.80313110352 3243.02921295166 3250.84225845337 3249.25986099243 3170.79706573486 3147.14599227905 3022.91464996338 3021.30829620361 3033.87020874023 3028.099609375 3051.78477478027
14613.8737945557 16726.997833252 16890.4178161621 17494.4041137695 16757.4509429932 13172.560546875 9792.35150146484 6405.14736175537 4586.90508270264 4240.70280456543 4096.13581848145 4028.50578308105 3934.98329925537 3613.52186584473 3242.52040481567 3113.66983413696 3016.8752822876 2977.04416656494 2976.31786346436 2926.79882049561 2906.81171417236 2926.1796836853 3039.69198608398 3036.79140853882 2953.3544883728 2968.74901580811 3522.74569320679 4689.91063690186 3885.94597625732 3164.8381729126 3078.4404296875 3093.09482955933 3136.27822875977 3217.73809051514 3286.23710250854 3325.13955307007 3349.4118309021 3332.86347961426 3253.28319549561 3180.41775131226 3099.99541854858 3081.87891387939 3103.47146987915 3130.29063796997 3130.73290634155 3119.845703125
15531.3712463379 15963.4150543213 16017.0048370361 16285.0437316895 14757.5550079346 13264.9549713135 10468.1748962402 7398.53260803223 4943.2943572998 4463.12462615967 4347.0131111145 4535.70576858521 4178.2444229126 3560.03886413574 2981.58496856689 3005.35116195679 2966.05205917358 2975.80049133301 2988.51375579834 2958.48036956787 2937.48252105713 2924.46921920776 2995.00644302368 3044.87059783936 2955.73211669922 2939.89775848389 3072.03662490845 3322.05517196655 3226.78379821777 3027.96221160889 2942.53964614868 3041.15441513062 3132.15086364746 3246.8411026001 3286.08562850952 3324.39150619507 3364.82723999023 3331.35400772095 3272.01054763794 3180.09992599487 3111.34844207764 3148.42421340942 3159.85731887817 3148.41777038574 3171.07674789429 3192.23564147949
14224.1677856445 14697.1017913818 14860.380355835 14542.12940979 13278.5812530518 12688.7252502441 10232.181640625 7611.59717559814 5666.55480957031 4164.29932785034 3803.92920684814 3900.18584060669 4137.11464691162 3463.7861289978 2983.60869979858 3027.98877334595 3230.71875762939 3336.94049835205 3392.95138549805 3000.25510025024 3037.93312072754 3021.75537872314 2906.22159957886 2901.61698532104 2920.2682762146 2845.46338272095 2813.54522323608 2973.81699371338 3304.66630172729 3305.44784927368 3062.94978713989 3061.81806182861 3165.74306869507 3236.52519607544 3316.69414901733 3362.83202362061 3400.67919921875 3356.98495864868 3299.00615310669 3198.08660888672 3221.8977394104 3335.21033477783 3238.01220703125 3241.40567016602 3352.27020645142 3435.03896713257
12887.1844329834 14993.1162567139 15485.8898620605 13531.3051300049 13250.8054504395 11460.50050354 9021.78672027588 6909.19452667236 5507.43807983398 4082.45235061646 3469.19919586182 3363.62860488892 3482.58155059814 3430.52090072632 3657.64298248291 3963.29130935669 4830.24968719482 5006.71278762817 3989.97541046143 3261.04034423828 3369.08918380737 3055.61835861206 2932.77997207642 2951.34238815308 2929.99130630493 2914.26816940308 2902.2880859375 2939.93056869507 3111.8078994751 3137.00712966919 3027.69540023804 3166.58260726929 3234.18397903442 3311.09062576294 3334.15284347534 3414.48351287842 3526.22187042236 3647.07079696655 3620.89442443848 3423.71904754639 3395.49237060547 3659.23664093018 3441.07724380493 3415.34403991699 3599.03252410889 3700.25573730469
13147.7812194824 13267.678817749 12627.4662475586 12172.3496856689 12345.7178192139 12614.4280090332 9927.65860748291 7644.11869049072 6684.69607543945 5536.3244934082 5036.42840576172 4580.2839050293 4472.1738243103 4212.06983566284 4998.0336227417 5071.87627410889 4803.23281097412 4757.64599609375 4438.09284210205 4005.72117996216 3927.44297409058 3379.26591873169 2945.73761367798 2946.4384765625 2956.44413375854 2911.58563995361 2892.45098495483 3028.56589889526 3022.89687347412 3006.72723388672 3067.83642578125 3156.77616882324 3283.25790405273 3349.00594329834 3410.40830612183 3524.54054260254 3700.89131546021 3689.86484146118 3952.57218933105 4091.17003250122 3854.34559249878 4051.04376602173 3968.54647445679 3554.75301361084 3812.60193634033 4095.56356430054
13597.8811645508 12505.5876159668 11536.3128509521 10174.4254150391 11446.1689605713 15308.3774871826 15033.4208984375 13213.2082061768 10022.8347320557 7116.34153747559 8208.82718658447 7922.84539794922 6807.05801391602 8629.29670715332 5999.76710510254 3878.50525665283 3648.16621017456 4525.61716079712 5138.28359222412 4735.30995941162 4098.70039367676 3623.8840675354 2982.17412567139 2961.6650390625 2895.65799331665 2876.20127868652 3093.56991577148 3790.27421951294 3297.78036880493 3069.50636291504 3055.88800048828 3243.61257171631 3283.41532516479 3371.77715301514 3508.52499771118 3601.36826324463 3983.43152999878 4083.42929077148 4149.52001953125 4187.48359298706 4206.25458145142 4245.60059738159 4585.15200042725 3789.94580459595 4075.97235870361 4155.88388824463
13584.0325317383 11713.4488220215 10219.3622741699 10277.1136779785 10743.7850799561 16700.7075042725 16339.6420135498 15235.5186309814 11194.3612823486 7558.25819396973 8230.48960113525 10266.5261993408 10245.5949401855 10408.9909820557 4439.70722579956 3575.40889358521 3582.38534545898 4913.14783477783 5135.08594512939 4800.21453094482 4245.9538192749 3900.89248275757 3391.05430984497 3098.47977828979 2899.11550521851 2845.74695968628 3659.12392425537 4462.97431564331 3432.9287109375 3276.08846664429 3369.49531555176 3645.66933822632 3480.59755325317 3808.23719787598 3881.14237213135 3834.79237365723 4023.89239501953 4149.9118309021 4096.32735061646 4013.98937225342 4205.7197227478 4453.32903671265 4651.36678314209 3795.22634506226 4189.95400238037 4855.90390777588
13154.7989349365 11534.7000732422 9716.22920227051 9398.27830505371 9253.89952087402 11612.5456237793 12521.6192932129 11716.0629882812 9620.48197937012 7944.5453414917 8456.96762084961 9654.1420211792 10752.3388214111 9875.62961578369 3720.87957763672 3290.40849685669 3411.03720474243 4075.93700027466 5439.48428344727 4503.06701660156 4329.19244384766 4207.77920913696 3718.11945724487 3237.87023162842 3072.12880325317 2955.28838348389 3411.77254104614 3829.21778106689 3661.78760528564 3777.19384002686 3780.72127914429 3621.45439529419 3693.63057327271 3728.15995025635 4069.12070083618 3916.91970825195 3913.76512908936 3974.37538909912 4043.38575363159 4088.92195510864 4211.23468780518 4680.74072265625 4443.59561157227 4073.94774246216 4660.16150665283 7182.18342590332
11654.6641540527 9935.73617553711 10222.1529998779 9271.48851013184 8909.07275390625 10986.1571350098 11774.7563323975 10794.3091125488 9259.87841796875 7361.87225341797 7312.92303466797 8707.87307739258 10646.2194671631 10332.2844696045 4251.12520599365 3017.77460479736 3134.21561050415 3442.88505554199 4287.80825424194 4578.12540435791 4807.92002868652 4421.69395065308 3400.15381622314 3139.28086471558 3192.16532897949 3453.0927734375 3665.68096542358 3524.68025970459 3557.84199523926 3666.22764968872 3664.52167892456 3481.38008117676 3546.23817825317 3666.17502212524 3923.37910079956 4011.42844009399 3921.23759078979 3922.01483535767 4018.11309051514 4009.55558395386 4235.89221572876 4448.83904266357 4638.42556762695 4443.75732421875 6209.44110107422 8571.34426116943
10736.0969238281 9253.61503601074 10082.5955200195 9913.83303833008 8819.82150268555 9764.59564208984 10749.5309448242 10092.7615509033 8786.66297912598 7841.32618713379 8319.03837585449 8472.38270568848 9619.27729797363 10263.9949951172 7513.46015167236 4161.70691299438 3601.08728790283 3690.43925476074 3512.5559425354 3559.5551109314 5075.97811126709 4468.6748046875 3246.26700592041 3034.12881469727 3558.29140472412 4176.0654335022 3708.19403076172 3369.05723953247 3421.84003448486 3471.27753448486 3458.88282394409 3415.65223693848 3514.43954086304 3749.28858184814 3944.05615234375 4024.63526153564 3931.4635848999 3940.52099227905 3965.63554382324 3982.76065444946 4083.46377563477 4317.50937652588 5077.08477020264 5574.54866027832 6896.76876831055 10281.9832305908
10592.4724578857 9550.34223937988 10220.3588256836 11403.7072296143 11243.4554595947 9926.44940185547 9731.19441223145 10017.1005706787 9113.94239807129 8817.2213973999 8436.95892333984 9472.06498718262 9982.74795532227 10352.0314483643 11031.3501434326 10831.2288208008 8282.04913330078 5609.58477020264 3917.93936538696 3312.51795196533 4895.10820770264 4640.91133499146 3457.25381851196 3861.26015853882 5329.68376159668 4334.24420928955 3461.6523475647 3404.86738204956 3382.19561386108 3335.50087738037 3304.53056335449 3456.92861938477 4262.46139526367 3942.87939834595 4009.48992156982 4034.13153457642 4040.19844055176 3993.16042709351 3958.59444046021 3975.91327285767 4021.82120513916 4302.97119903564 5660.7204284668 6470.20088195801 6059.12828826904 7941.05838012695
7899.27256011963 8151.07225036621 9860.92966461182 10870.5540313721 10436.9644470215 9086.27513885498 8800.83409118652 10530.0351867676 9134.66536712646 7982.60936737061 8255.58282470703 10166.8532867432 10759.5016784668 10228.78956604 11433.0930786133 10567.3494720459 7321.1028213501 5930.32023620605 5287.64707183838 3528.40283203125 3424.63291549683 4300.78115081787 3850.16006469727 4810.07587432861 5826.19625091553 4556.44218063354 3743.35614013672 3541.53722381592 3397.22686386108 3254.97216796875 3406.49745941162 4189.11405944824 4142.04805374146 4006.97372817993 4010.69424438477 4013.95213699341 4019.70840835571 3999.76189422607 3945.90292358398 3967.90578460693 3984.88985061646 4119.38837051392 5389.29953765869 6782.35878753662 7351.31581115723 7810.93338775635
9063.65383148193 9057.39550018311 6787.93074798584 7372.05627441406 8239.87801361084 7707.97376251221 6918.49140167236 6986.66144561768 6971.9225769043 6470.40557098389 6592.82174682617 7879.64276885986 9856.10317230225 11897.3296051025 12003.4234619141 9041.5450592041 5914.79402160645 5357.16467285156 6859.62188720703 4793.57598495483 4029.70468902588 3948.15899276733 4523.37275695801 7742.66151046753 6471.59484863281 5276.28572845459 4421.87102127075 3585.40018081665 3318.87734603882 3719.7822265625 5089.35098648071 4491.01180267334 4274.21786880493 4025.79207992554 3986.71992111206 3947.88886642456 3799.19904327393 3798.17248535156 3821.34355545044 3855.96736907959 3970.67473602295 4003.01348495483 4995.31992340088 7984.73612213135 8642.6614074707 10270.9772186279
12822.1159820557 10396.6400527954 7125.97742462158 6461.39875030518 6536.72706604004 6307.37324523926 5993.11112976074 5908.78915405273 6328.4704284668 6080.6279296875 5880.2272567749 6009.88655853271 9004.90869903564 11440.9000320435 9940.56475830078 8342.00482177734 5719.35743713379 5415.56983184814 6916.91458892822 6197.13584899902 4664.97344207764 5345.58496856689 5787.32223892212 9274.46829986572 5881.64489746094 4131.07130050659 3789.63535690308 3475.19376754761 3348.46904754639 4468.98838424683 5335.87284851074 4973.2310256958 4433.4602432251 4086.29502868652 3826.37061309814 3754.97520065308 3795.28242492676 3725.80957794189 3701.84101104736 3709.31422805786 3827.55938339233 3949.05995178223 3977.111328125 5416.79248809814 7900.71286010742 8355.53588867188
11501.2145385742 12854.0328979492 8572.55511474609 8155.68417358398 8398.84712982178 6974.40287780762 6362.32279205322 6429.8871383667 7038.5030670166 6819.53897857666 5570.76055908203 4831.22646331787 5868.32913970947 7073.66044616699 8329.90771484375 10593.0688781738 7358.39991760254 6555.89814758301 8752.31192016602 7880.09144592285 6248.15458679199 5909.96174621582 7483.44742584229 8904.39394378662 6193.69734191895 4382.23593139648 3868.78253936768 3591.65370559692 3435.27254104614 5366.6259765625 4483.43054962158 4458.43965148926 4398.3402557373 4108.42927932739 3789.67977523804 4011.54256439209 4675.45679855347 3907.69043731689 3720.61503219604 3616.09452819824 3539.88360214233 3825.35291671753 3947.95554351807 4273.78253936768 4226.90772628784 4827.05186080933
7045.92830657959 5981.99343109131 7925.09971618652 6642.74314880371 6480.62463378906 6650.5915145874 7563.42893218994 8034.50116729736 6963.02921295166 7063.60350036621 6120.326171875 5409.94158935547 6274.49327087402 7564.05847167969 7926.67069244385 9806.82201385498 11104.8548126221 7662.7163848877 7821.1549987793 6579.19932556152 5388.84149932861 5404.77109527588 7454.67961883545 10316.5031433105 8655.05571746826 5281.39335632324 4452.03396224976 4226.51623153687 3255.57929229736 3625.56591415405 4043.37814331055 4122.39509963989 4240.99733734131 4042.7324180603 3756.9121055603 3964.79432296753 4606.39873886108 4021.43515396118 3583.58087539673 3446.40995788574 3339.15771865845 3330.01200485229 3881.4740447998 5925.71482086182 4406.35977935791 4156.91637039185
7645.81901550293 6481.45662689209 5965.94257354736 6147.56945037842 5988.23811340332 6114.42802429199 6587.0061340332 6830.93869018555 6745.27639770508 7072.18670654297 8234.45390319824 7558.39420318604 7766.31955718994 8648.85011291504 8581.25858306885 7380.36488342285 11316.3362121582 8470.98028564453 6024.34082794189 4951.60939025879 5071.36810302734 6475.30087280273 8592.92535400391 8970.61552429199 8398.07977294922 5809.27052307129 5606.57372283936 6323.17080688477 3132.62199020386 3134.81346130371 3712.9296875 3783.30605316162 3870.99797058105 3694.98740386963 3536.46295928955 3489.64991378784 3719.16553497314 3541.53368377686 3419.02030181885 3315.74099731445 3238.42918777466 3410.50977325439 4083.2297668457 5415.43449020386 4347.01369094849 2862.48485946655
5570.70810699463 6075.40926361084 5657.44862365723 5604.45635223389 5211.08674621582 5229.34103393555 5595.00605010986 6649.48087310791 6850.4644241333 6814.46299743652 7216.80400085449 7670.81786346436 7722.31968688965 8554.5124130249 7883.62673187256 6460.83517456055 6467.89524078369 6689.62097930908 4834.94580078125 4480.71834564209 4830.22159576416 6886.81542205811 7936.4465637207 7673.51038360596 6811.26708984375 6214.36241149902 5753.25060272217 5727.00028610229 2869.96562194824 3534.05146789551 3558.54657745361 3592.16484451294 3616.83731460571 3539.46319961548 3447.07873153687 3334.81904602051 3503.03730773926 3495.78321456909 3376.96161270142 3343.48612213135 3476.80606460571 3426.64735031128 3485.60517883301 3877.98750305176 4203.52439117432 3966.29043960571
4867.62792205811 5638.92919158936 6442.81649017334 4913.77323150635 4831.82166290283 5363.95416259766 5096.82256317139 4710.17029571533 5287.64960479736 6604.9878616333 6904.26551055908 7483.92723083496 7945.47981262207 8577.38526916504 7964.61653137207 8000.6538848877 5633.19687652588 5370.8537902832 4259.06802368164 4208.24862289429 4831.06903839111 6187.36373901367 8726.14968109131 8189.80975341797 6923.67684936523 6842.72510528564 6165.35615539551 3535.13505935669 2949.75810623169 3266.91319656372 3364.62510681152 3436.73700714111 3448.9482460022 3379.53204345703 3296.3323135376 3334.79521942139 3343.20351409912 3622.59091949463 3989.10752105713 3612.83106994629 3119.19785308838 3638.20341873169 3689.30527114868 3446.30126953125 3965.52655410767 6374.27508163452
