Cases/SDM_Urocitellus_beldingi/westernUsClimate_modern/BIO18.asc
NCOLS 316 
NROWS 299 
XLLCORNER -124.820833001 
YLLCORNER 29.1625003333339 
CELLSIZE 0.0666666666645545 
NODATA_value -3.4e+38 
[rows 25 to 49 of 299, columns 57 to 113 of 316]
8745.71875 7627.9375 7302.34375 6943.25 5828.546875 5446 5373.265625 4613.703125 4543.671875 3855.484375 3365.90625 3037.203125 2969.71875 3023.46875 3438.71875 3305.078125 3055.640625 3502.28125 3449.0625 3713.421875 3885.546875 3960.75 3074.34375 2838.34375 2869.390625 3040.53125 3243.546875 3272.375 3264.515625 3247.65625 3189.453125 3158.140625 3235.828125 3391.171875 3522.1875 3657.9375 3794.453125 3980.921875 4227.984375 4341.96875 4332.515625 4299.90625 4478.15625 4738.78125 5023.5 5283.53125 5419.375 5480.171875 5654.234375 5975 6021.203125 6056.03125 6155.828125 6544.109375 7007.96875 7131.5625 7195.390625
8008.453125 7486.0625 6448.578125 6037.71875 5749.09375 5717.765625 5651.140625 5747.515625 5237.234375 4815.625 4207.875 3898.453125 3225.234375 3059.9375 3065.03125 3070.140625 3207.234375 3233.234375 3429.671875 4015.8125 4239.765625 3800.140625 2838.078125 2727.859375 2813.921875 2918.84375 3014.5625 3073.125 3162.828125 3173.453125 3118.65625 2987.84375 3019.921875 3225.46875 3495.609375 3501.78125 3551.171875 3755.765625 3991.015625 4129.734375 4269.546875 4367.828125 4601.3125 4948.953125 5308.890625 5302.453125 5280.109375 5328.828125 5618.859375 5913.84375 6077.21875 6148.546875 6393.921875 6759.421875 6849.671875 6941.28125 7335.21875
6875.75 6243.84375 5853.09375 5837.390625 5527.390625 5597.828125 6688.578125 6347.796875 5951.4375 6427.65625 5755.765625 5009.953125 3823.234375 3390.265625 3187.734375 3137.359375 2875.359375 2644.09375 2671.046875 2847.953125 3026.84375 2957.109375 2766.625 2717.234375 2783.625 2736.578125 2870.53125 3024.65625 3097.09375 3157.71875 3128.5625 3092.84375 3098.328125 3259.3125 3496.796875 3529.234375 3650.40625 3760.5 3967.6875 3975.9375 4084.921875 4277.71875 4564.25 4918.9375 5104.6875 5188.328125 5211.796875 5375.734375 5733.375 5989.15625 6023.609375 6110.046875 6416.328125 6515.5625 6527.390625 6819.703125 7208.140625
5290.859375 5361.59375 5087.578125 4999.265625 4929.5 5347.296875 6108.0625 6201.125 5643.921875 5943.296875 6379.96875 5835.8125 4491.625 3684.890625 3198.15625 3004.84375 2845.09375 2552.296875 2533.5625 2540.171875 2568.109375 2683.46875 2766.078125 2746.4375 2719.078125 2677.640625 2824.859375 3060.5625 3114.6875 3180.234375 3182.6875 3180.421875 3240.65625 3295.46875 3393.15625 3515.671875 3619.640625 3725.375 3857.609375 3902.125 3933.703125 4119.65625 4388.65625 4632.328125 4859.1875 4985.671875 5319.0625 5657.484375 5811.0625 5839.390625 5860.828125 6290.125 6332.71875 6484.578125 6690.09375 6960.578125 7276.296875
9631.625 9055 7195.078125 5520.328125 4647.59375 4431.25 4376.9375 4690.875 4896.828125 5167.4375 5492.125 5395.75 4676.0625 3538.03125 3153.515625 2796.953125 2742.953125 2609.28125 2577.0625 2518.3125 2465.015625 2507.9375 2650.90625 2721.171875 2758.828125 2876.109375 3000.296875 3091.71875 3125.359375 3176.796875 3159.859375 3136.109375 3194.703125 3308.921875 3357.421875 3488.65625 3517.53125 3667.3125 3784.75 3853.453125 3856.6875 3907.296875 4113.296875 4404.125 4645.8125 4872.515625 5255.9375 5445.03125 5406.609375 5370.34375 5821.25 6349.4375 6601.84375 6652.515625 6939.203125 7407.703125 7522.90625
12767.0625 12524.109375 10410.046875 7782.15625 4634.640625 3396.953125 3206.8125 3333.453125 3400.953125 3589.703125 4013.09375 4728.3125 4269.265625 3430.203125 2861.53125 2758.234375 2695.0625 2622.96875 2538.1875 2408.953125 2312.625 2333.921875 2466.671875 2659.5 2780.625 2966.515625 3064.109375 3031.421875 3052.046875 3036.375 3065.609375 3144.484375 3181.4375 3246.078125 3328.859375 3364.359375 3378.265625 3482.84375 3657.03125 3773.5 3796.09375 3850.84375 4071.796875 4307.21875 4551.109375 4704.5625 4972.296875 5201.609375 5283.171875 5575.234375 5980.296875 6239.671875 6549.53125 6809.9375 7053.796875 7441.078125 7686.09375
9535.671875 10112.53125 8815.875 7998.0625 6034.859375 3711.21875 3157.875 3067.265625 3105.96875 3199.1875 3415.84375 3846.625 3724.703125 3187.484375 2910.5 2652.0625 2815.796875 2725.984375 2612.40625 2503.296875 2397.1875 2372 2482.46875 2594.234375 2804.65625 2890.15625 2949.703125 2940.578125 2985.328125 3026.15625 3059.03125 3149.59375 3168.046875 3299.875 3356.875 3252.59375 3206.296875 3248.125 3435.546875 3635.4375 3722.234375 3826.765625 4042.46875 4305.625 4571.3125 4673.0625 4822.140625 5157.875 5177.515625 5441.890625 5677.265625 5909.5625 6270.125 6695.625 6948.40625 7268.28125 7400
6607.046875 6590.15625 6002.53125 6453.484375 6533.8125 5071.375 4419.859375 3617.0625 3176.203125 3206.90625 3475.109375 3825.34375 3540.125 3050.8125 2748.203125 2447.28125 2632.671875 2696.96875 2701.203125 2710.125 2690.265625 2562.875 2573.703125 2690 2853.25 2868.125 2851.640625 2918.484375 3011.3125 3086.78125 3132.84375 3151.890625 3199.921875 3291.671875 3339.0625 3346.90625 3349.046875 3370.25 3473.1875 3592.65625 3757.359375 3840.234375 4077.578125 4446.4375 4613.609375 4689.640625 4577.40625 4746.6875 5005.671875 5352.8125 5541.328125 5837.1875 6138.328125 6336.875 6519.484375 6845.84375 7192.15625
5023.515625 5590.015625 5473.921875 5067.25 5275.234375 5211.328125 4938.4375 4359.796875 3492.09375 3566.765625 3513.5 3865.515625 4250.140625 3332.65625 2901.671875 2538.484375 2514.375 2710.484375 2705.328125 2740.46875 2752.375 2658.484375 2552.1875 2492.078125 2600.109375 2672.265625 2753.546875 2932.5 3012.28125 3010.890625 3077.421875 3139.703125 3254.84375 3270.421875 3308.84375 3357.859375 3406.046875 3427.859375 3517.875 3735.90625 3860.671875 3982.59375 4117.625 4292.203125 4434.5 4309.8125 4378.421875 4538.375 4780.78125 5061.375 5365.140625 5833.984375 6227.28125 6496.484375 6518 6735.328125 7115.015625
5066.53125 4664.28125 4958.453125 5407.90625 4434.078125 3628.21875 4172.203125 4463.09375 3609.15625 3655.9375 3725.703125 3868.609375 4384.546875 3635.25 2946.359375 2655.25 2516.421875 2968.640625 3111.6875 3149.390625 3142.421875 3047.546875 2929.859375 2848.03125 2838.015625 2889.140625 2874.375 2917.84375 3013.703125 3003.703125 3005.984375 3030.84375 3054.625 3100.359375 3216.65625 3272.859375 3326.953125 3377.125 3534.265625 3716.078125 3737.703125 3865.3125 4105.296875 3934.140625 4163.9375 4234.296875 4424.734375 4524.34375 4728.609375 5177.15625 5545.109375 5888.578125 6180.046875 6420.65625 6659.375 6987.484375 7171.171875
5820.6875 4680.390625 4325.0625 3943.65625 3814.421875 3656.09375 3784.6875 3980.0625 3873.421875 3855.96875 4016.3125 3966 4103.796875 3794.625 2957.109375 2321.75 2175.4375 2406.640625 2558.375 2572.875 2551.34375 2544.984375 2542.953125 2700.671875 2801.859375 2928.65625 3013.5625 2892.59375 2888.359375 2961.6875 2995.453125 2942.65625 2912.609375 3010.578125 3169.890625 3262.390625 3288.03125 3347.5 3516.0625 3529.703125 3583.28125 3547.015625 3658.40625 4009.625 4397.609375 4505.625 4617.53125 4564.78125 4844.40625 4667.03125 5015.78125 5685.34375 6045.359375 6055.90625 6739.828125 7097.59375 7298
5290.984375 4704.609375 4633.921875 4137.078125 3800.015625 3748.765625 3686.875 3571.0625 3775.984375 3944.296875 4046.453125 3943.40625 3851.953125 3966.40625 3566.234375 2920.953125 2196.46875 2150.40625 2240.796875 2302.4375 2431.875 2524.515625 2627.484375 2601.84375 2803.921875 2925.203125 3021.765625 2939.40625 2862.53125 2885.78125 2877.96875 2745.9375 2705.96875 2859.1875 3065.140625 3231.203125 3283.625 3288.234375 3343.84375 3435.65625 3479.3125 3531.796875 3630.40625 4273.203125 4191.609375 4174.625 4474.6875 4444.796875 4317.296875 4925.734375 5514.65625 5706.390625 5861.4375 5666.40625 6032.265625 6939.171875 7469.4375
5115.15625 4919.125 4667.453125 4057.046875 3836.859375 3553.359375 3136.90625 2983.5625 3339.03125 3411.40625 3571.984375 3724.75 3798.84375 3662.46875 3923.359375 4042.21875 3476.796875 2903.0625 2470.09375 2300.625 2376.28125 2535.828125 2664.8125 2592.484375 2691.15625 2956.625 3113.96875 3002.8125 2941.09375 2930.296875 2891.984375 2837.984375 2912.0625 3045.234375 3234.0625 3305.28125 3296.765625 3230.734375 3295.4375 3363.859375 3383.515625 3564.0625 3589.671875 3843.53125 3725.328125 3976.1875 4030.875 4014.171875 4340.65625 5062.203125 5579.25 5787.296875 6165.28125 6146.828125 5824.15625 5947.734375 6386.8125
4905.484375 4593.5625 4114.1875 3877.15625 3889.6875 3763.09375 3427.125 3032.796875 3093.625 3186.78125 3135.75 3120.078125 3170.34375 3309.09375 3334.265625 3424.109375 3226.109375 2818.359375 2562 2489.375 2449.34375 2554.078125 2663.453125 2616.109375 2600.671875 2699.125 2857.34375 3073.953125 3145.21875 3006.0625 2979.53125 3056.015625 3079.28125 3140.953125 3268 3307.828125 3249.90625 3348.84375 3813.734375 4000.046875 3876.671875 3832.25 3726.515625 3650.1875 4145.96875 4633.671875 4784.046875 5089.65625 5222.921875 5464.734375 5651.4375 5841.265625 6094.453125 6515.609375 6545.90625 6830.796875 6058.15625
4543 4298.703125 3847.359375 3485.625 3219.921875 3046.859375 2714.171875 2728.875 2909.703125 2944.03125 2982.828125 2987.578125 3060.40625 3241.875 3403.796875 3646.65625 3797.40625 3707.984375 3163.09375 2798.484375 2702.734375 2569.671875 2517.78125 2613.9375 2677.6875 2743.359375 2890.734375 3270.765625 3154.828125 2986.1875 2932.9375 2997.890625 3032.15625 3161.96875 3308.984375 3345.65625 3397.765625 3619.140625 4006.09375 4239.34375 4388.640625 4297.109375 4813.40625 4532.46875 4666.484375 4905.46875 5061.28125 5587.9375 5719.75 5820.84375 6172.71875 6645.25 6952.078125 7192.296875 7412.125 6978.578125 6492.25
4355.515625 4019.625 3458.09375 2881.46875 2580.40625 2400.59375 2267.765625 2362.828125 2710.390625 2817.953125 2830.0625 2786.09375 2716.6875 2691.421875 2781.796875 2926.84375 3252.09375 3826.890625 4283.15625 4193.125 3651.796875 3233.953125 2815.234375 2631.453125 2592.640625 2569.296875 2779.5625 2984.984375 2924.421875 2897.125 2920.0625 2988.453125 3162.625 3342.578125 3377.75 3489.765625 3673.421875 3865 4043.484375 4657.859375 5008.1875 5452.71875 5835.125 5941.515625 5899.671875 6004.453125 6162.640625 6858.234375 7185.3125 6710.703125 7020.90625 7928.734375 8536.78125 8069.5 7383.40625 6674.46875 6284.828125
4578.65625 4031.8125 3562.8125 3119.4375 2851.84375 2610.8125 2433.703125 2390.0625 2451.828125 2454.390625 2570.1875 2542.609375 2393.34375 2358.625 2344.640625 2363.296875 2679.796875 3267.078125 3667.59375 3737.546875 3463.21875 3025.875 2804.6875 2580.265625 2525.84375 2489.78125 2491.765625 2665.734375 2681.609375 2745.6875 2869.90625 3146.828125 3400.296875 3405.28125 3518.09375 3838.03125 4043.15625 4064.171875 4285.46875 4883.265625 5312.515625 5418.40625 5725.625 5837.15625 6100.703125 6038.171875 6615.265625 7630.578125 8187.203125 7937.796875 7835.109375 8314.96875 9187.390625 8860.421875 8425.515625 7981.953125 7657.6875
4758.734375 4202.734375 3937 3832.125 3644.6875 3281.03125 3014.5 3201.421875 2962.59375 2835.09375 2882.03125 2621.484375 2355.90625 2343.5 2345.765625 2350.171875 2532.34375 2890.21875 3040.171875 2981.75 2962.75 2963.328125 2745.609375 2616.34375 2617.578125 2564.140625 2426.1875 2411.40625 2377.484375 2481.3125 2856.296875 3320.703125 3556.53125 3649.140625 3993.375 4279.15625 4255.953125 4496.734375 4712.875 5007.125 5495.53125 5746.0625 5919.078125 5871.65625 5993.734375 6704.609375 7410.359375 8508.546875 9175.6875 8569.40625 8275.703125 7549.3125 8160.40625 9081.46875 9366.984375 8533.359375 8636.984375
5323.46875 5086.828125 4857.78125 4138.125 3544.484375 3074.390625 2966.75 3084.734375 3052.8125 3016.5625 3048.5625 3026.96875 2815.21875 2738.640625 2696.546875 2697.078125 2785.734375 2939.796875 3103.421875 3219.453125 3301.671875 3245.984375 3154.34375 2989.1875 2802.6875 2648.4375 2595.390625 2555.625 2453.40625 2484.796875 2856.53125 3148.71875 3510.015625 3908.796875 4210.703125 4580.75 4915.03125 5069.34375 5242.78125 5443.84375 5743.328125 6036.015625 6459.546875 6793.671875 7760.515625 8973.53125 9232.96875 8955.09375 9090.5625 8885.328125 7865.484375 7276.4375 7267.703125 8593.0625 9213.3125 9001.25 8414.703125
5082.171875 5633.25 4960.609375 3921.640625 3254.828125 3017.359375 2842.53125 2923.5 3132.421875 3058.390625 2975.53125 3006.796875 3225.390625 3278.703125 3429.4375 3656.15625 3832.421875 3662.796875 3393.9375 3175.859375 3069.078125 3036.1875 3011.34375 3179.40625 3183.28125 3026.171875 2929.125 2882.03125 2840.3125 2781.46875 2778.375 3021.1875 3394.03125 3924.9375 4355.40625 4654.625 5342.234375 5408.890625 5303.21875 5520.296875 5837.390625 6293.84375 6909.25 7907.953125 9589.640625 10076.578125 9427.046875 9567.890625 9740.625 9369.90625 8359.6875 8019.328125 8133.0625 8624.859375 9399.03125 8969.765625 9198.46875
4837.5625 5807.390625 5792.90625 4301.125 3364.03125 2944.125 2861.40625 3209.421875 3289.125 3182.640625 3070.484375 3170.03125 3292.140625 3167.515625 3202.21875 3421.953125 3261.78125 3058.15625 2942.6875 2866.421875 2869.28125 2932.90625 2965.046875 3013.53125 3099.3125 3144.828125 3161.859375 3275.75 3304.1875 3207.625 3261.96875 3257.0625 3733.0625 3955.9375 4080.984375 4178.5625 4587.359375 4889.3125 5115.078125 5488.25 5661.53125 6138.984375 7271.078125 9196.15625 10436.75 10022.703125 10008.1875 10063.734375 9337.9375 8837.953125 8119.390625 8242.78125 7607.8125 8452.125 8624.375 7820.5625 8389.671875
4578.4375 4610.65625 4732.203125 4106.6875 3707.734375 3452.5 3565.125 3618.859375 3407.796875 3124.578125 3164.25 3320.078125 3160.265625 3059.390625 3214.375 3261.703125 2953.78125 2805.65625 2741.03125 2739.140625 2815.234375 2865.03125 2851.296875 2880.390625 2951.296875 2842.640625 2930.359375 3070.46875 3262.40625 3472.15625 3546.40625 4432.625 5297.765625 5175.6875 4778.96875 4505.65625 4543.015625 4807 5159.78125 5381.203125 5616.46875 6512.125 9473.109375 10646.671875 10133.5625 10234.625 10413 9293.609375 8586.546875 8788.859375 8201.03125 8329.09375 8275.640625 8648.046875 7812.09375 8170.859375 8928.78125
3568.984375 3506.953125 3634.8125 3613.859375 3443.828125 3511.453125 3378.546875 3208 3219.953125 3245.203125 3292.5 3146.171875 3029.6875 3038.53125 3220.921875 2900.3125 2757.09375 2670.9375 2657.96875 2646.53125 2656.984375 2655.796875 2675.140625 2771.15625 2987.359375 2686.359375 2554.515625 2692.21875 2881.625 3314.546875 3905.15625 4559.359375 4985.921875 6044.953125 6063.078125 6146.5625 6086.375 5697.4375 5572.75 5581.078125 5983.796875 7427.0625 9860.375 10210.609375 9935.3125 10242.203125 9948.828125 9163.078125 9125.015625 8790.0625 8976.359375 8834.109375 8381.9375 7552.375 8977.78125 10313.71875 10527.15625
3148.609375 3220.71875 3251.875 3303.6875 3313.875 3248.546875 3087.5 2995.765625 3076.046875 3095.09375 3038.765625 3021.625 3029.421875 3243.40625 2902.15625 2698.515625 2637.828125 2602.328125 2594.6875 2547.25 2531.578125 2396.859375 2359.921875 2571.328125 2829.1875 2793.34375 2748.03125 2827.03125 3034.078125 3470.734375 3990.78125 4598.0625 5011.015625 5348.578125 5681.390625 5717.75 5802.1875 6198.890625 5890.359375 5879.46875 6800.546875 7849.90625 9015.75 9505.71875 9500.8125 9744.109375 9214.234375 8483.28125 8830.046875 8902.25 8342.15625 8264.390625 8337.4375 8691.125 9291.875 9679.71875 9639.90625
3150.328125 3062.640625 3077.328125 3316.703125 3332.59375 3104.59375 3021.859375 2972.90625 3007.25 3079.734375 3068.375 3207.53125 3106.828125 2601.109375 2413.828125 2430.140625 2463.015625 2503.40625 2551.953125 2551.734375 2541.4375 2417.0625 2311.6875 2451.796875 2666.9375 2715.578125 2831.109375 3033.171875 3202.765625 3579.59375 3966.46875 4468.109375 4746.1875 5040.046875 5396.375 5580.84375 5587.09375 5808.5 5861.421875 6685.640625 8683.390625 9005.734375 8811.03125 9295.328125 9782.78125 9644.609375 9026.515625 8689.03125 8641.265625 8648.625 9125.21875 8692.375 9085.46875 8932.3125 9030.75 8825.6875 9405.890625
