Cases/SDM_Urocitellus_beldingi/westernUsClimate_modern/BIO12.asc
NCOLS 316 
NROWS 299 
XLLCORNER -124.820833001 
YLLCORNER 29.1625003333339 
CELLSIZE 0.0666666666645545 
NODATA_value -3.4e+38 
[rows 147 to 167 of 299, columns 184 to 229 of 316]
22725.7261962891 25134.6649169922 30223.1863708496 35837.0493164062 48066.723449707 44459.3367919922 35336.2875366211 45111.9177246094 48028.7907104492 31368.6490783691 30891.7360229492 40426.2066955566 35821.5056152344 32043.4823913574 52177.4308166504 65157.40625 70916.3564453125 72667.9208374023 55576.4770507812 43924.9963378906 42579.871307373 28537.3096618652 23773.8575439453 20377.2849731445 19592.5538024902 21909.2947998047 25678.9477844238 28509.6916503906 30006.3836364746 27694.7309875488 23186.9449462891 22122.6995239258 21025.4058837891 21587.0664672852 23745.9361877441 24991.071472168 25886.3852844238 22828.621673584 27108.7361755371 34350.6734924316 51480.4293823242 60813.6213989258 51567.7730102539 48176.5723876953 47969.8460083008 42617.1267700195
23713.5547180176 25205.4313659668 29111.2003479004 33391.3881530762 36643.3456420898 39427.6307983398 42225.4052124023 45431.9309692383 39266.5236206055 30334.3156738281 25051.1460876465 31063.1764526367 30128.1998291016 44795.4635925293 69063.4345092773 78583.0067138672 77738.9328613281 59596.2435302734 50234.5819702148 46941.5063476562 46698.5604553223 28351.8398742676 20524.9209289551 18946.137298584 18740.4458312988 21062.6578063965 23700.1405639648 28231.881652832 34686.9342041016 32882.854675293 23748.4663696289 22845.6211547852 22043.2408752441 22593.609375 25863.3474121094 23938.6741333008 23892.1541748047 24401.8092956543 27488.9016418457 30602.7038269043 37929.6199645996 58618.3754882812 53630.9512939453 50716.7229614258 44205.4067993164 37125.1388549805
25851.5766906738 25610.9059753418 28727.7163391113 32732.8140563965 35961.4703369141 43450.8171386719 59304.8627319336 37273.0595092773 39273.5192871094 30306.2421569824 24068.0028991699 25868.277557373 31344.0317382812 47718.5849609375 65372.8209228516 78893.5877685547 82004.1760253906 73260.1283569336 56683.8454589844 36428.3131408691 34488.2305908203 22828.8262939453 20235.6756591797 19266.9331359863 18926.71484375 20412.4451904297 22613.0487976074 24149.8789367676 25639.9609680176 26782.8885498047 25369.9856872559 22666.4309997559 21606.8904724121 20789.7835083008 25836.6383056641 24763.0594177246 22296.1929321289 26586.1708984375 28711.3017272949 31012.5729064941 33859.1948547363 40209.2080688477 44495.3078613281 39158.3283996582 38373.5826721191 35732.0112915039
27573.1235961914 27443.287322998 32161.3636169434 36696.8541870117 39131.5922241211 51522.951171875 63550.8712158203 34489.1192016602 44677.8884887695 30487.8708190918 25073.3978881836 28469.7492980957 36689.7153320312 56608.1481323242 73399.8867797852 83282.7348632812 70364.2777099609 56351.6804199219 60587.073059082 46661.4984130859 27117.8976745605 21740.0147705078 21109.5958557129 20683.1014099121 19948.0327148438 21556.222076416 24286.0779418945 23213.2769470215 22557.5803833008 24302.7327880859 26477.4338684082 22466.5972900391 20622.7576293945 19848.1623535156 21823.0337524414 19932.38671875 18863.9505615234 22748.9468078613 27029.3425292969 30984.2351989746 32565.6529846191 33660.4897460938 34297.4126586914 34290.9620361328 28317.6662597656 26331.5341491699
27301.3112182617 29268.0463867188 36505.675201416 39875.7246704102 43995.7062988281 65303.3393554688 68925.2659912109 38117.0709533691 33376.0377807617 27302.159362793 25989.8212585449 33378.983215332 45481.5462646484 60448.8170776367 71642.1352539062 77414.341796875 71537.1320800781 50310.9696044922 44599.34375 31762.6486206055 24682.8383483887 22063.2317504883 21877.2444763184 21243.8100585938 22059.3430786133 23751.421295166 25003.8839111328 24084.4084472656 23155.4570922852 22741.7416992188 22227.9334411621 21254.8885192871 20263.7562255859 19251.1570739746 18507.1583862305 18014.9999084473 18272.3102416992 19679.1969909668 22911.7491760254 25469.934173584 26302.4175415039 27747.6370239258 27844.0384521484 27202.8134765625 25172.9668884277 23597.2469177246
30209.7412109375 30958.2142333984 37745.7065429688 43098.8595581055 53658.6958007812 68623.1409301758 65967.2322998047 50403.8171386719 30833.2714538574 24699.5749206543 28393.7549133301 34949.9968566895 37871.1983947754 52581.3319091797 57003.4417724609 51181.2057495117 44280.7843017578 36548.4472045898 30363.3052978516 23401.1133117676 20938.8086242676 21859.8731384277 21322.7465820312 22345.7115478516 24399.0770263672 25383.983215332 26687.6830749512 25310.8460083008 24909.2008056641 26540.3975524902 25215.3900146484 21828.34375 19356.8014831543 19315.206237793 18498.1269836426 18167.9239807129 18951.8654174805 19523.8239135742 20797.8666381836 22313.3779602051 22939.1500244141 22737.1254577637 23534.4090576172 23796.1684875488 22953.4276123047 22311.6415100098
34198.2465515137 36577.6479187012 40600.9932861328 59621.2440795898 82127.0954589844 65929.8198852539 51836.5464477539 40014.9624328613 24672.5416564941 26248.4100341797 30837.7844848633 41552.3706665039 43933.8740844727 54038.0335083008 46626.0283813477 41712.9548950195 39897.0459594727 31430.7803955078 21807.9537658691 20396.3229980469 21304.2646179199 20940.5065002441 21555.4416503906 23426.6041564941 27946.5757141113 29812.3731994629 30432.0974121094 27110.5771484375 25985.3842163086 26793.3508605957 26596.8325500488 21180.9802856445 18803.8695373535 19144.8269958496 19206.1067199707 18812.7221374512 19014.7486572266 20057.8866577148 20967.687286377 21716.1434326172 21807.6342468262 22437.8460998535 24728.4567565918 24335.7424621582 23108.7815246582 23610.3893737793
38227.2147827148 40294.5749511719 43795.2005615234 63922.0588989258 68143.6929321289 48046.6291503906 34024.1091918945 23926.7825927734 23371.1792907715 30237.1943969727 38164.4850158691 51404.8502197266 62129.3995361328 74638.6920166016 55232.3109130859 39875.6607666016 36754.1426391602 27498.4287719727 22325.4125976562 20796.6593933105 20156.7420959473 19915.1010131836 21618.7428894043 25416.9493408203 28500.5673522949 28860.429901123 27304.5037536621 25297.4210510254 24205.5367431641 24341.240020752 23214.5792236328 19676.2317504883 18296.2440490723 18686.9518127441 20024.941619873 18928.1620178223 17975.519744873 19200.4744262695 21415.1836242676 21771.3369750977 22058.5324401855 22645.4987487793 24744.4382629395 26262.4647827148 25616.9507751465 24757.7686462402
44258.0834350586 51408.3912353516 50257.3010864258 50521.0935668945 47554.0968017578 34715.8412475586 24843.857421875 22371.6119689941 26284.9360046387 37894.071472168 40822.6040649414 57088.3572998047 82052.4057617188 88720.4141845703 67808.6311645508 50480.9014282227 40149.5942993164 31767.6860351562 24322.0223388672 20505.1181335449 19494.5720214844 19442.8574523926 21186.9076538086 23602.0093383789 23355.447052002 24883.4613952637 25205.4625549316 23903.1842956543 22852.0682983398 21990.108581543 20776.625793457 19601.857421875 19199.1045227051 18690.0881958008 18863.814453125 19447.1598205566 18339.0301208496 19838.7348632812 21715.1622314453 23078.5254821777 24737.986114502 23653.5987548828 22791.6668701172 23684.0098266602 26552.1492919922 25353.1923217773
45460.9255371094 50347.9950561523 52368.7044067383 53785.4698486328 38383.0982666016 25778.1606140137 23995.4539794922 35036.2976989746 68218.4096679688 57538.0064697266 36853.8796081543 59867.3818359375 88620.4304199219 68798.6116943359 57613.3256225586 60765.6036376953 43777.5272216797 32456.3288269043 22764.7720947266 20153.9077453613 19601.7649230957 20039.7490539551 20460.3095092773 20060.6072387695 22814.8372802734 23694.6236877441 23292.8049621582 22846.7933959961 21038.4736328125 20254.7375793457 20163.2163085938 20316.9384765625 20563.0881958008 20684.7182617188 21285.1723022461 21087.2319335938 20791.6173706055 20639.9208068848 22229.7984619141 23058.6128540039 23750.0238952637 25103.674041748 24256.8887634277 22639.9053039551 23708.9526062012 26118.2412109375
45243.5894775391 41215.1851806641 39530.277557373 36686.1108398438 26977.1337280273 22915.647277832 26099.0693969727 52103.9081115723 80573.2265014648 61139.6306762695 31657.7262573242 64545.3037719727 88478.288269043 58214.3063964844 51403.1013793945 53895.7041625977 40842.7070007324 26541.1649169922 20527.5005493164 19949.7844543457 19581.7996826172 20379.5834655762 21484.1026916504 19821.2290039062 20712.6155090332 21273.2509765625 20815.6185302734 19954.6601867676 19971.9605102539 20400.707244873 21179.4849853516 21117.3448486328 21344.3508605957 21781.9217529297 21996.0034179688 21576.237121582 22006.051940918 20725.8641662598 21058.5038757324 22044.7213745117 23393.1037597656 26077.5871582031 25290.4581604004 22939.3991699219 22654.4356384277 24528.588684082
66929.8609619141 50978.1262817383 48892.7955322266 49966.4007568359 30429.2471923828 25527.0272216797 49230.1710205078 72957.9636230469 62789.9841918945 39066.4660339355 27982.4768371582 65734.5375366211 70344.3701782227 56858.844543457 39254.1525268555 44516.1264953613 45682.4815979004 27153.4302978516 20747.9420776367 20189.5065917969 20129.0434875488 19783.945892334 21107.6047973633 20278.2715148926 17470.2069091797 17612.5290527344 18311.7886352539 18798.8250732422 18927.9411010742 20907.2546386719 22859.0594787598 23284.7429199219 21720.2169494629 21926.3092956543 21270.0974731445 20762.013671875 22380.2721252441 21401.0433349609 20450.3444824219 21417.7196960449 23221.4736633301 25172.8403625488 25519.6087646484 22710.5223083496 24143.8740539551 26727.3638305664
68997.1057739258 72929.4116210938 92073.1674804688 58020.3103637695 25817.6379699707 23786.2815856934 53152.6156921387 66827.7708740234 52042.1411132812 27203.6196899414 32456.8112182617 48257.8005981445 44747.8338317871 33291.8469543457 25846.764251709 46235.9082641602 56322.4244384766 30621.1965026855 21118.2370910645 20191.5108642578 19139.9963989258 18903.0283203125 18694.8024597168 17519.9980773926 17232.9440612793 16615.1279754639 16274.6009368896 16528.2275085449 18026.3786010742 19802.9536132812 21562.4368591309 23313.6253662109 23952.1304626465 22856.0288696289 21278.0056762695 20823.899017334 23014.075012207 21348.428527832 20480.4318847656 20856.153503418 22426.737701416 21639.0302429199 21966.4745483398 22809.5251159668 25860.0137939453 29002.3174133301
58647.9052124023 81301.423034668 99986.7585449219 71447.4299316406 27852.1520385742 21218.6758117676 31834.8762207031 61642.2039794922 46038.2793884277 24499.1760559082 44111.9765625 37404.9473266602 29616.2111816406 21234.0224304199 21653.2297973633 45172.2609863281 51746.1705932617 32782.3355102539 24081.2756958008 20280.1663208008 19101.0467834473 18560.3596801758 18146.7428894043 18742.3439025879 17552.7199707031 16847.3553771973 15778.7111053467 15366.2994995117 15819.2818756104 17871.3366394043 19574.685333252 21121.1282958984 23040.8010864258 23907.1857299805 20987.3731689453 22771.7010192871 23722.6897277832 20198.509765625 19360.3435668945 20910.0029602051 23160.75390625 21361.4989318848 21970.0840454102 26726.9710998535 28784.3579711914 27998.8295898438
55008.4581298828 77076.2799682617 87384.4816894531 72985.3267211914 32733.4146118164 21992.0892944336 26490.1669311523 52373.6801147461 28596.236907959 34828.4761962891 60835.8754272461 43717.2719116211 32055.2297668457 24381.4838867188 21268.888458252 25655.1065673828 30190.6724243164 26513.0088806152 24186.5024414062 21497.175567627 18781.7752075195 18088.1127624512 18333.6649475098 18533.7557983398 17003.55418396 16725.9298400879 16415.3515319824 16171.9103546143 16139.8271636963 16584.6370391846 17895.6678466797 20590.6061096191 23495.7975769043 24954.8052062988 22160.5009765625 23331.2482910156 23087.8343505859 21920.7630310059 19674.1780700684 20049.3971252441 21983.956237793 21009.3816223145 21254.7164916992 23437.4979248047 30973.9294433594 29939.1078491211
49950.5276489258 69974.4882202148 81898.7260742188 55069.7816162109 27144.3289489746 23675.3416748047 35938.9376831055 47280.3329162598 23404.6236572266 40421.7590332031 61078.3567504883 47986.4110107422 38729.0586853027 29878.4679870605 28743.4443969727 36891.7015380859 30580.5735778809 24562.6644287109 25099.1946105957 21498.1260681152 19886.2870483398 18647.8219299316 18470.5471191406 18831.4855041504 17518.8352355957 17828.0485839844 17756.3635253906 17340.124786377 17089.6200561523 17976.1428833008 18589.3468933105 20972.6770935059 23358.3859863281 25620.1861877441 25007.3356323242 24156.5176086426 24067.940612793 23331.5642089844 21585.8399963379 19699.3135986328 21079.9186401367 20688.560333252 21431.2471618652 27041.492401123 31136.4653015137 31017.5536804199
48461.3435668945 74798.2205200195 70936.4506835938 34521.4240722656 23509.2748413086 23707.2369995117 25089.7312316895 27026.6870727539 21578.8836975098 41282.2648925781 57503.8793334961 49900.2288208008 50035.1724853516 46270.236328125 47049.6383056641 59846.5184326172 53195.8648681641 40554.9146118164 31614.0185241699 26828.6318664551 22518.8960876465 20426.9945373535 19370.3632507324 20135.1694946289 19554.5775756836 21837.4405517578 22402.408996582 19594.810546875 17417.7794494629 17605.8137512207 20381.9692382812 21683.7366027832 22973.9276428223 24601.9481201172 24054.3139648438 23957.0456542969 24397.191986084 23393.9630432129 22418.3170166016 20770.8762817383 20905.039276123 20772.4846496582 20890.7695617676 21545.1164245605 26669.5992736816 29736.9011230469
45433.1325073242 55836.9682617188 41465.2061157227 28875.777130127 25388.0177307129 36192.0364685059 50690.2127380371 27932.6822509766 20324.813079834 32961.0388793945 54920.9552001953 59056.2914428711 62018.3711547852 63976.5664672852 62059.1810302734 71186.8890991211 66720.7434082031 59337.5714111328 38234.0730895996 26659.1817932129 25379.5601806641 22964.0444946289 19943.5532836914 21243.5467529297 22902.376373291 43713.6068725586 55365.1628417969 26968.7403259277 19558.9381713867 18403.3030395508 19038.0073547363 21850.038269043 21580.0224914551 23626.9931945801 24890.1773071289 25152.8414306641 24905.1885070801 22942.4326171875 21708.9041137695 21247.6219787598 22631.849029541 21887.9969177246 22026.4599304199 22245.0621337891 27005.514465332 31149.9263000488
47533.0820922852 40916.8441162109 34528.7875366211 33882.7532043457 40032.5317993164 63225.5043334961 55278.2901000977 34067.5494689941 22800.0986938477 33423.8482666016 57953.5721435547 67403.9133911133 72251.2305908203 73103.3293457031 73802.203125 74575.8119506836 68875.2990722656 64749.0347290039 45772.3645324707 28579.6459960938 25927.4643249512 23158.5558166504 20655.040802002 22382.8547668457 24020.7062988281 46196.795715332 65865.5335083008 30570.6279296875 20666.3582763672 19867.1372680664 19622.7849731445 22856.6813659668 20937.3106689453 22557.4365234375 24969.3315124512 27154.4522705078 24040.5025939941 22028.2978515625 24480.8334960938 26211.5464782715 26483.5590820312 25206.2190551758 24663.8993530273 25084.4208068848 26134.4457397461 31903.6705932617
37723.247253418 33827.8525085449 30227.9585266113 35573.1831665039 62224.1704101562 71002.5095825195 54458.8800048828 38901.671875 27993.3272705078 44272.9866333008 69923.5554199219 69534.7048339844 70287.8750610352 60373.6870727539 61873.6849975586 57519.7128295898 43319.764465332 47167.5525817871 37931.2398986816 28992.1758728027 25937.8159790039 24895.6639404297 22189.5515441895 24077.7688903809 25494.8945617676 29274.2505187988 51854.1410522461 26944.3047180176 21741.0331726074 20754.7481994629 20447.9417419434 22510.1045837402 21246.4039611816 25517.1206359863 26592.8235168457 24698.6069335938 23254.2973327637 24333.6418151855 28664.8571166992 29615.5472412109 30649.9677124023 28676.5516967773 28451.1985473633 30743.0099487305 32813.4126281738 35227.1473388672
40053.0533752441 27549.854095459 27624.2795410156 34975.888885498 52896.6363525391 62896.1627807617 51122.2600708008 35267.2662963867 28715.751953125 56161.4423217773 74915.9512329102 64255.4575195312 62700.5778808594 42127.1686401367 37116.0417175293 33203.112487793 30462.0358276367 27968.5431518555 27383.9953918457 25830.1530761719 24475.549407959 26272.5318908691 22901.8901977539 22656.4295349121 23369.8627929688 25591.9898986816 45506.5250549316 34346.4123535156 32594.7998962402 21989.2497558594 20428.2077026367 20915.9868164062 20339.374786377 23827.1812744141 23751.0673828125 22835.1856689453 27426.3828735352 30462.9363708496 31368.7921142578 31587.3813476562 32949.3870849609 36767.3983459473 34110.2663879395 34409.0117492676 49702.0843811035 54199.8637084961
