Cases/SDM_Urocitellus_beldingi/westernUsClimate_modern/BIO11.asc
NCOLS 316 
NROWS 299 
XLLCORNER -124.820833001 
YLLCORNER 29.1625003333339 
CELLSIZE 0.0666666666645545 
NODATA_value -3.4e+38 
[rows 26 to 51 of 299, columns 232 to 289 of 316]
-405.953125 -403.90625 -412.328125 -418.453125 -410.875 -403.609375 -410.4375 -422.765625 -428.828125 -438.703125 -459.8125 -501.515625 -523.484375 -509.828125 -457.921875 -440.78125 -461.296875 -469.328125 -479.234375 -490.34375 -537.8125 -548.796875 -474.0625 -467.578125 -443.84375 -436.765625 -412.546875 -425.53125 -407.90625 -449.734375 -481.03125 -524.625 -552.21875 -573.34375 -594.46875 -605.46875 -621.234375 -628.15625 -636.59375 -651.40625 -660.59375 -672.75 -672.0625 -678.625 -693.890625 -694.515625 -663.96875 -686.1875 -693.078125 -685.625 -671.59375 -662 -672.25 -681.765625 -690.046875 -691.140625 -682.265625 -681.53125
-396.984375 -405.359375 -419.0625 -420.03125 -438.890625 -402.203125 -399.328125 -403.953125 -406.46875 -413.09375 -450.5 -483.625 -492.59375 -466.96875 -440.96875 -425.5 -442.328125 -461.34375 -490 -511.78125 -533.390625 -508.828125 -498.609375 -490.015625 -478.9375 -471.09375 -444.125 -420.71875 -411.140625 -466.4375 -494.265625 -527.640625 -548.625 -564.890625 -550.40625 -569.21875 -596.4375 -613.734375 -630.59375 -621.984375 -627.5625 -623.59375 -614.109375 -632.4375 -654.890625 -684.21875 -670.015625 -668.859375 -676.28125 -675.203125 -660.375 -663.40625 -674.96875 -679.21875 -672.4375 -675.671875 -667.0625 -662.09375
-402.03125 -457.03125 -480.9375 -412.984375 -408.703125 -398.09375 -394.96875 -389.984375 -385.78125 -392.15625 -427.5 -466.234375 -467.203125 -431.0625 -404 -402.828125 -399.640625 -405.921875 -430.59375 -442.28125 -471.71875 -517.515625 -449.28125 -454.9375 -425.515625 -412.90625 -426.375 -414.90625 -392.71875 -430 -473.640625 -500.53125 -530.40625 -542.203125 -547.203125 -571.328125 -572.765625 -587.671875 -587.828125 -579.546875 -585.25 -586.265625 -600.4375 -624.71875 -642.09375 -654.046875 -675.828125 -665.90625 -667.34375 -664.328125 -656.4375 -660.609375 -666.078125 -666.203125 -656.40625 -655.25 -661.0625 -666.625
-453.59375 -467 -397.71875 -393.03125 -391.59375 -377.875 -370.421875 -364.15625 -370.046875 -383.796875 -410.140625 -435.328125 -435.765625 -427.25 -423.53125 -408.28125 -408.0625 -410.5625 -433.984375 -454.328125 -490.59375 -488.265625 -451.28125 -438.203125 -420.75 -420.359375 -405.234375 -393.5625 -395.890625 -440.421875 -481.375 -492.96875 -509.515625 -514.78125 -536.515625 -524.8125 -531.84375 -542.203125 -554.859375 -557.5625 -561.4375 -576.890625 -594.546875 -612.203125 -623.609375 -634.203125 -658.796875 -663.125 -654.921875 -650.515625 -647.6875 -650.453125 -650.828125 -644.390625 -636.546875 -645.953125 -675.90625 -688.5625
-408.34375 -409 -389.515625 -384.484375 -379.84375 -365.25 -347 -327.328125 -329.796875 -352.375 -381.5625 -403.609375 -411.234375 -409.953125 -407.796875 -417.21875 -438.0625 -435.296875 -426.453125 -443.921875 -457.359375 -499.578125 -396.703125 -402.234375 -426 -418.171875 -403.921875 -412.953125 -385.234375 -434.265625 -452.9375 -472.6875 -495.9375 -513.671875 -511.3125 -499.390625 -510.140625 -541.8125 -552.640625 -555.765625 -565.9375 -580.03125 -593.546875 -612.25 -627.71875 -639.71875 -652.28125 -650.609375 -645.671875 -638.78125 -640.390625 -637.703125 -623.921875 -609 -618.390625 -664.46875 -696.890625 -712.84375
-405.25 -396.25 -401.640625 -401.109375 -396.1875 -387.53125 -369.765625 -348.71875 -346.703125 -356.5 -368.03125 -388.171875 -400.9375 -401.59375 -401.71875 -395.359375 -407.859375 -424.015625 -441.421875 -420.015625 -409.84375 -471.28125 -454.125 -417.171875 -398.734375 -413.59375 -433.546875 -422.0625 -398.921875 -432.828125 -456.625 -464.25 -459.078125 -469.171875 -485.171875 -496.5 -526 -551.828125 -556.71875 -559.203125 -567.109375 -569.375 -579.953125 -607.53125 -614.546875 -624.75 -636.75 -642.765625 -637.3125 -629.328125 -625.328125 -619.90625 -604.453125 -619.296875 -629.671875 -654.3125 -679.328125 -690.3125
-413.109375 -413.171875 -410.3125 -404.15625 -399.84375 -390.40625 -377.78125 -375.796875 -360.140625 -370.703125 -374.703125 -378.234375 -397.0625 -388.40625 -382.65625 -386.890625 -393.40625 -404.140625 -412.578125 -431.75 -433.515625 -449.84375 -420.6875 -399.96875 -403.546875 -403.109375 -407.6875 -436.84375 -439.71875 -459.578125 -472.171875 -473.875 -472.6875 -477.046875 -490.84375 -509.234375 -539.96875 -556.96875 -558.53125 -562.765625 -568.984375 -572.109375 -585.828125 -603.171875 -613.484375 -620.09375 -630.46875 -632.078125 -633.390625 -627.9375 -623.234375 -615.9375 -607.59375 -628.0625 -648.1875 -657.40625 -667.328125 -675.546875
-483.921875 -489.96875 -454.03125 -416.921875 -402.6875 -388.15625 -376.90625 -376.875 -372 -364.1875 -366.15625 -372.53125 -383.484375 -375.765625 -360.9375 -360.515625 -363.03125 -376.140625 -384.25 -395.921875 -408.5625 -429.359375 -421.5 -421.40625 -421.15625 -430.609375 -432.28125 -441.984375 -469.109375 -494.140625 -512.3125 -518.015625 -511.921875 -498.9375 -501.0625 -513.765625 -533.859375 -547.703125 -556.171875 -559.109375 -568.921875 -575.4375 -581.359375 -596.65625 -608.890625 -617.1875 -623.125 -628.3125 -630.0625 -631.765625 -628.734375 -620.84375 -612.765625 -627.25 -641.5625 -654.125 -660.90625 -672.046875
-678.125 -587.296875 -491.203125 -439.765625 -399.671875 -396.671875 -380.25 -362.671875 -360.234375 -355.453125 -356.359375 -362.40625 -364.359375 -363.328125 -359.640625 -356.578125 -356.578125 -370.875 -383.203125 -396.75 -405.1875 -409.96875 -422.71875 -421.53125 -419.109375 -424.890625 -432.828125 -452.6875 -481.453125 -509.546875 -526.078125 -529.65625 -544.375 -528.71875 -513.875 -525.5625 -535.46875 -543.734375 -550.765625 -555.140625 -559.5 -578.75 -586.1875 -601.25 -607.859375 -615.046875 -624.8125 -630.84375 -632.421875 -640.78125 -631.625 -623.375 -611.9375 -621.359375 -630.953125 -641.234375 -651.953125 -664.546875
-678.5625 -675.109375 -542.546875 -443.390625 -394.3125 -379.671875 -372.21875 -364.203125 -349.09375 -353.5625 -357.140625 -359.46875 -356.625 -356.03125 -359.15625 -358.734375 -365.234375 -374.96875 -378.59375 -381.03125 -388.640625 -385.640625 -389.890625 -401.96875 -404.609375 -415.84375 -420.4375 -440.578125 -486.609375 -512.78125 -539.328125 -554.84375 -560.0625 -545.25 -546.75 -541.65625 -538.265625 -542.796875 -547.953125 -554.171875 -557 -571.890625 -584.234375 -594.390625 -606.0625 -610.78125 -614.015625 -617.765625 -626.71875 -625.484375 -620.296875 -618.171875 -619.765625 -614.484375 -616.96875 -626.953125 -638.515625 -658.421875
-498.546875 -503.140625 -443.953125 -404.265625 -389.578125 -364.5625 -347.5625 -341.796875 -338.5625 -346.9375 -351.65625 -346.0625 -350.84375 -347.796875 -348 -353.4375 -362.5625 -371.28125 -374.671875 -373.453125 -368.265625 -357.765625 -357.40625 -379.046875 -396.09375 -412.453125 -427.9375 -447.734375 -480.796875 -503.375 -524.328125 -538.1875 -559.125 -550.453125 -547.578125 -540.265625 -536.921875 -540.328125 -544.390625 -548.78125 -551.359375 -564.109375 -582.578125 -582.390625 -592.96875 -601.671875 -607.421875 -602.3125 -603.78125 -610.0625 -613.84375 -606.984375 -605.515625 -607.109375 -604.671875 -610.484375 -615.640625 -638.953125
-432.265625 -418.15625 -401.5 -381.21875 -373.140625 -367.125 -347.578125 -339.53125 -339.265625 -333.015625 -341.875 -350.265625 -340.46875 -339.328125 -344.671875 -351.5 -360.59375 -368.90625 -370.515625 -364.953125 -354.5625 -345.40625 -348.984375 -362.6875 -388.6875 -403.09375 -423.328125 -449.359375 -480.140625 -495.09375 -510.515625 -523.921875 -527.765625 -532.859375 -531.453125 -527.34375 -529.609375 -531.171875 -535.546875 -542.140625 -545.65625 -552.71875 -564.578125 -575.90625 -581.71875 -587.65625 -585.625 -592.625 -583.96875 -585.921875 -595.375 -598.78125 -594.375 -596.359375 -603 -607.78125 -612.5 -609.375
-399.046875 -389.046875 -369.875 -368.796875 -349.8125 -342.4375 -342.8125 -342.5 -338.125 -326.890625 -321.96875 -323.9375 -315.359375 -326.4375 -335.3125 -337.375 -345.53125 -357.703125 -361.1875 -358.4375 -353.34375 -347.578125 -354.53125 -367.546875 -377.078125 -387.59375 -414.453125 -449 -469.59375 -483.296875 -501.96875 -509.328125 -506.34375 -508.09375 -508.265625 -511.9375 -514.921875 -520.8125 -519.75 -525.4375 -530.828125 -547.875 -558.9375 -564.6875 -572.734375 -573.546875 -571.421875 -571.5 -576.03125 -575.078125 -574.640625 -587.671875 -582.078125 -581.421875 -595.9375 -594.546875 -597.4375 -600.609375
-363.03125 -352.234375 -340.25 -347.65625 -347.21875 -332.625 -332.359375 -332.265625 -322.9375 -313.8125 -304.671875 -280.484375 -272.984375 -279.09375 -299.53125 -327.390625 -334.171875 -351.875 -354.390625 -355.296875 -356.1875 -354.703125 -362.96875 -368.5 -375.59375 -392.4375 -412.6875 -441.609375 -463.796875 -472.390625 -471.953125 -481.109375 -484.921875 -489.5625 -497.40625 -496.84375 -490.84375 -505.890625 -514.84375 -511.125 -514.46875 -533.921875 -535.5 -551.40625 -555.046875 -568.75 -571.625 -570.859375 -572.234375 -569.8125 -571.4375 -571.5 -570.625 -569.234375 -581.640625 -587.3125 -586.390625 -595.671875
-333.390625 -325.71875 -334.40625 -337.703125 -325.6875 -330.1875 -321.734375 -322.21875 -322.890625 -301.484375 -278.3125 -283.328125 -306.6875 -324.453125 -326.71875 -335.75 -335.875 -345.09375 -345.765625 -350.859375 -351.171875 -369.0625 -373.0625 -382.78125 -391.15625 -402.25 -417.21875 -432.578125 -442.984375 -457.65625 -446.484375 -438.65625 -444.96875 -452.765625 -465.25 -481.9375 -473.390625 -497.640625 -516.96875 -506.796875 -504.828125 -507.1875 -518.53125 -546.265625 -537.359375 -551.359375 -558.875 -560.875 -565.8125 -569.5625 -570.40625 -570.53125 -565.078125 -565.8125 -575.921875 -578.65625 -575.375 -578.9375
-322.6875 -312.796875 -313.53125 -317.140625 -319.046875 -318.84375 -319.734375 -316.78125 -304.109375 -292.859375 -291.3125 -298.59375 -317.90625 -325 -338.53125 -335.203125 -337.34375 -342.984375 -347.734375 -356.265625 -375 -384.03125 -384.4375 -387.15625 -390.953125 -402.046875 -410.09375 -418.578125 -429.125 -440.21875 -423.375 -413.46875 -405.734375 -411.84375 -439.84375 -475.71875 -473.125 -477.796875 -485.1875 -503.296875 -495.234375 -479.3125 -497.921875 -528.375 -532.6875 -542.71875 -544.25 -546.75 -554.140625 -560.453125 -562.4375 -561.546875 -562.640625 -559.90625 -566.390625 -566.703125 -562.46875 -568.703125
-316.34375 -312.109375 -325.78125 -314.890625 -311.859375 -310.59375 -315.6875 -305.953125 -306.265625 -305.53125 -312.4375 -319.609375 -334.75 -331.90625 -340.140625 -342.515625 -342.046875 -344.75 -353.90625 -366.875 -389.515625 -395.65625 -396.390625 -394.4375 -394.84375 -397.65625 -404.5625 -411.375 -411.71875 -407.828125 -406.640625 -408.359375 -417.90625 -429.875 -455.890625 -458.90625 -452.953125 -461.109375 -467.671875 -474.21875 -480.5625 -491.265625 -492.625 -495.578125 -511.5625 -513.625 -517.90625 -530.078125 -544.453125 -543.21875 -544.59375 -547.796875 -559.34375 -555.34375 -558.375 -565.84375 -563.15625 -561.578125
-313.90625 -308.921875 -313.578125 -316.96875 -317.203125 -312.171875 -310.28125 -315.71875 -329.609375 -315.203125 -326.578125 -333.609375 -325.59375 -323.65625 -326.046875 -323.96875 -336.390625 -365.390625 -389.4375 -400.15625 -398.453125 -396.984375 -399.15625 -401.875 -404.5 -402.21875 -397.1875 -406.84375 -406.390625 -422.203125 -398.125 -407.875 -439.640625 -445.875 -467.203125 -471.78125 -467.09375 -477.59375 -484.265625 -494.390625 -498.53125 -501.0625 -491.84375 -504.84375 -512.140625 -507.515625 -525.84375 -530.6875 -528.703125 -522.90625 -525.953125 -535.515625 -546.171875 -553.140625 -554.828125 -559.453125 -561.265625 -558.234375
-307.078125 -311.296875 -320.9375 -316.203125 -311.953125 -317.90625 -319.796875 -312.984375 -315.140625 -314.609375 -315 -317.359375 -312.0625 -326.4375 -334.734375 -337.140625 -355.1875 -363 -380.296875 -396.109375 -399.34375 -399.71875 -402.046875 -403.21875 -403.96875 -400.625 -402.59375 -404.515625 -407.125 -424.0625 -367.4375 -314.625 -417.671875 -447.15625 -443.171875 -442.15625 -463.8125 -464.515625 -469.1875 -485.96875 -488.5 -477.359375 -481.75 -488.75 -503.265625 -501.3125 -498.828125 -520.734375 -511.46875 -510.96875 -519.46875 -528.921875 -535.765625 -542.4375 -547.046875 -552.3125 -551.9375 -553.875
-317.84375 -306.828125 -305.34375 -311.5625 -312.5625 -313.96875 -314.125 -307.578125 -304.671875 -305.15625 -313.0625 -307.875 -322.5625 -328.140625 -338.9375 -340.96875 -355.015625 -370.46875 -379.671875 -387.9375 -395.53125 -398.4375 -397.171875 -396.328125 -393.34375 -385.796875 -398.84375 -407.625 -421.921875 -429.34375 -424.15625 -371.359375 -434.265625 -463.75 -451 -435.9375 -442.65625 -448.859375 -459.578125 -451.890625 -444.8125 -445.625 -462.609375 -478.625 -485.21875 -487.515625 -491.484375 -491.015625 -494.5 -506.53125 -509.75 -519.234375 -521.203125 -529.671875 -531.40625 -542.78125 -541.328125 -547.484375
-293.546875 -289.734375 -289.28125 -294.359375 -304.546875 -303.34375 -304.234375 -301.375 -298.578125 -299.21875 -288.640625 -296.296875 -323.84375 -333.515625 -346.203125 -358.15625 -373.65625 -384.421875 -383.953125 -384.921875 -385.71875 -381.71875 -372.109375 -332.5625 -307.890625 -313.546875 -404.3125 -416.65625 -416.453125 -423.03125 -444.453125 -413.421875 -459.75 -490.671875 -476.65625 -437.59375 -445.5 -439.140625 -431.3125 -418.265625 -418.140625 -416.203125 -437.765625 -458.1875 -471.671875 -479.625 -489.90625 -479.859375 -492.875 -499.8125 -507.796875 -511.890625 -517.40625 -524.484375 -521.671875 -525.203125 -529.875 -531.734375
-282.09375 -282.796875 -285.53125 -286.15625 -289.484375 -292.609375 -291.296875 -291.625 -292.53125 -294.59375 -288.921875 -283.90625 -305 -327.5625 -352.765625 -384.171875 -401.859375 -381.171875 -361.984375 -354.421875 -373.328125 -336.84375 -271.234375 -240.734375 -259.671875 -364.390625 -394.046875 -411.234375 -381.625 -384.59375 -448.828125 -456.8125 -483.046875 -506.3125 -468.765625 -387.296875 -436.53125 -433.46875 -409.296875 -383.671875 -383.078125 -383.453125 -410.90625 -437.515625 -450.5625 -457.125 -469.109375 -466.328125 -477.953125 -487.609375 -498.828125 -498.5 -499.65625 -504.515625 -505.8125 -505.109375 -513.859375 -519
-268.046875 -273.609375 -280.75 -284.203125 -287.421875 -291.890625 -288.671875 -287.828125 -291.625 -289.1875 -280.578125 -279.65625 -291.828125 -299.296875 -322.28125 -337.640625 -327.203125 -288.578125 -265.640625 -283.28125 -352.9375 -308.703125 -221.6875 -259.515625 -347.984375 -379.546875 -390.046875 -406.96875 -368.5 -383.515625 -442.15625 -421.3125 -424.421875 -475.203125 -453.234375 -368.59375 -348.734375 -421.0625 -424.8125 -392.34375 -380.1875 -382.265625 -404.9375 -430.484375 -438.765625 -442.296875 -443.5 -449.828125 -464.765625 -474.765625 -476.84375 -484.53125 -487.046875 -488.3125 -489.8125 -493.078125 -497.328125 -502.3125
-259.8125 -254.84375 -255.71875 -259.75 -260.390625 -271.125 -281.609375 -285.546875 -278.5625 -282.125 -275.515625 -273.140625 -263.4375 -255.703125 -268.0625 -289.328125 -288.140625 -246.796875 -225.921875 -271.140625 -355.953125 -358.8125 -308.34375 -346.09375 -366.859375 -376.109375 -379.203125 -392.84375 -391.84375 -394.9375 -431.125 -435.046875 -412.90625 -447.28125 -449.25 -439.984375 -406.34375 -376.078125 -428.25 -418.546875 -416.71875 -424.140625 -429.5 -434.375 -438.671875 -441.78125 -442.921875 -451.046875 -463.5 -468.296875 -473.8125 -480.875 -478.78125 -482.234375 -488.65625 -488.5 -489.140625 -494.671875
-255.703125 -251.59375 -249.71875 -256.703125 -275.265625 -276.203125 -264.5 -271.609375 -287.78125 -287.1875 -272.96875 -267.203125 -258.84375 -261.515625 -264.5 -294.65625 -276.4375 -224.953125 -227.65625 -314.203125 -342.921875 -346.140625 -352.734375 -363.125 -369.734375 -364.734375 -361.25 -371.484375 -380.46875 -393.140625 -419.34375 -435.359375 -437.421875 -459.515625 -457.328125 -402.359375 -388.421875 -420.796875 -450.71875 -446.921875 -445.03125 -441.65625 -449.21875 -445.109375 -446.765625 -447.1875 -454.03125 -465.109375 -468.984375 -470.171875 -451.71875 -486.421875 -480.1875 -483.84375 -487.421875 -489.34375 -486.234375 -493.265625
-287.359375 -294.5625 -272.109375 -274.78125 -280.46875 -296.34375 -283.5 -293.296875 -295.875 -290.703125 -278.328125 -260.578125 -260.328125 -261.703125 -292.765625 -292.78125 -296.328125 -268.453125 -294.296875 -318.265625 -327.421875 -332.796875 -338.5 -341.921875 -361.140625 -369.34375 -365.375 -380.78125 -390.4375 -378.125 -390.5 -438.1875 -444.9375 -476.328125 -433.59375 -395.734375 -436.84375 -454.53125 -460.203125 -463.828125 -450.859375 -389.59375 -335.953125 -366.328125 -460.234375 -459.421875 -464.8125 -420.875 -417.03125 -452.21875 -453.96875 -481.265625 -474.65625 -487.359375 -488.5 -486.21875 -484.015625 -488.03125
