Cases/SDM_Urocitellus_beldingi/westernUsClimate_modern/BIO16.asc
NCOLS 316 
NROWS 299 
XLLCORNER -124.820833001 
YLLCORNER 29.1625003333339 
CELLSIZE 0.0666666666645545 
NODATA_value -3.4e+38 
[rows 63 to 83 of 299, columns 92 to 137 of 316]
30724.5649108887 24545.1644897461 24481.9136657715 27263.7993469238 30900.9054870605 38134.6320800781 39170.0606079102 39696.7891845703 33981.1231994629 28863.4431762695 13049.2467651367 9597.64633178711 8720.81996154785 8860.73596191406 10497.1436462402 10100.9147186279 12366.0996246338 15970.1994628906 19498.7474212646 30302.1097717285 36897.1882324219 28104.8743896484 38056.5820922852 29009.508026123 22278.3494567871 19714.1249389648 18342.0005340576 18439.0707244873 26645.9692077637 37013.9823303223 32893.0823364258 24635.4508666992 22632.9221496582 25184.0722045898 27212.6404418945 34247.4971008301 33744.5665588379 31354.5859375 26796.5473022461 27810.8410949707 38898.6929016113 46352.8375244141 45261.2974853516 40327.9914855957 24953.1202087402 32321.7937316895
34067.3706970215 32930.9671936035 29373.7656860352 26469.5952758789 26813.087097168 30677.8267211914 29709.5041503906 30491.751373291 35097.9302978516 34922.5499572754 21241.19921875 12525.6389160156 9475.51766967773 9478.48567199707 11096.1352996826 9270.78645324707 10171.057144165 13260.0322418213 17279.1372528076 23931.6254882812 20989.000869751 17800.2229919434 17797.8540039062 21495.5000610352 21826.2974243164 19490.1939697266 17590.5045928955 27962.6680908203 39080.6638183594 41391.9666137695 37081.8387451172 28969.3864746094 24604.0430297852 26274.205657959 29037.4223632812 38602.6658935547 42953.1920166016 36247.0643920898 27290.7171630859 26701.3461608887 35208.7308654785 37884.5693054199 42604.5070800781 46481.9393310547 34047.1947631836 38578.4769592285
35457.9598693848 38244.3958129883 32437.1665344238 29456.6897583008 28274.3000793457 26610.3471069336 25656.0583190918 21270.3916931152 18970.4522399902 22504.7263641357 25731.910949707 17347.6115570068 11070.6821289062 11806.5834197998 14754.1028137207 12496.8066864014 11801.6787414551 12128.3591461182 16883.4489440918 27169.4711608887 24580.5760040283 17425.8057861328 14378.3653106689 16759.3865814209 18494.8268585205 23555.0039672852 22186.8380126953 25463.5842590332 39182.3208007812 43603.7427978516 40761.1899414062 31116.0890808105 26582.0480041504 26538.9591064453 29668.346282959 41193.0553283691 46140.8656616211 40176.9323730469 29297.3035583496 25409.848815918 29962.9796447754 34961.4745178223 41737.746887207 49622.7599487305 38012.063659668 43820.8286743164
19417.8701019287 25904.4108581543 29408.7861938477 29553.2070922852 28675.3614807129 23670.7987670898 19737.5288391113 23641.8232727051 20059.44581604 18701.1262969971 18808.1346740723 13908.648651123 13398.9085388184 14012.3597106934 14318.7787475586 14232.8580627441 11460.5755310059 10261.2888793945 12436.629486084 22414.6977233887 28503.9483947754 24698.9815673828 19601.686050415 17638.6437225342 21323.2460479736 34279.2096557617 35177.8795471191 32386.9815979004 33137.1253662109 29463.4087524414 27258.2171936035 25561.885345459 25122.9710388184 25630.4215393066 27149.7155151367 30294.397857666 36078.3628845215 43364.002746582 33034.0884399414 25210.9933166504 28924.3092346191 32862.1651000977 42850.5791625977 50903.6475219727 35318.4642333984 36477.9483337402
26321.4347839355 24122.9152526855 22347.5106201172 24064.3590087891 27560.2392272949 28537.15625 19670.6728515625 21571.7322235107 26353.8764648438 23508.0460662842 26236.636505127 24293.7094116211 22270.7837219238 23178.899810791 22101.9209289551 19775.6696166992 15458.4055633545 9789.8424987793 9377.80474853516 12771.1821899414 24399.5355224609 31763.9473571777 26554.8918457031 16625.8811187744 29843.902557373 37886.699432373 41037.4671020508 36702.4870605469 30621.6013183594 25228.848449707 24746.407409668 24034.6448974609 24361.801361084 24117.5979003906 26210.2870788574 29336.8165588379 37531.8302612305 41734.6195678711 27330.8295288086 23315.8934936523 29206.8511352539 35212.913269043 38344.1858215332 49738.0919799805 40335.0246276855 41312.305267334
22544.3782348633 27966.1475830078 29807.9100646973 30609.2070922852 33427.5400085449 24967.8727111816 16269.2009429932 12393.8431091309 13688.2894744873 13627.294303894 12552.490486145 14872.6398162842 16792.7189025879 14410.8269348145 11983.9577331543 14506.0190124512 15590.3484802246 13371.1633300781 11622.1679534912 11948.2471618652 18427.7970428467 20629.950958252 16280.7854614258 21049.1566619873 32116.1321411133 33870.6932373047 36152.0946960449 36799.2584228516 29946.8461608887 25044.5144958496 23134.3070678711 23559.5240783691 24757.4604797363 24974.7416381836 26085.9541015625 27545.6440429688 30153.0158691406 38869.1453857422 29823.3080444336 22879.2323913574 21652.7950134277 26192.4828491211 37882.5893859863 41033.9030151367 48163.2530517578 53595.3120117188
14983.9859008789 23120.1491241455 32486.9650878906 36856.0270690918 36921.3067626953 28314.9126281738 13673.4348297119 9459.24266052246 9703.48760223389 10508.7263793945 12819.4133300781 16127.8991394043 15544.0356750488 10976.4248962402 13325.0966186523 17029.4039459229 18978.1123504639 15390.6913909912 14033.7722473145 15165.2852172852 14853.0611877441 15738.5174255371 17452.9757232666 23305.0570373535 29562.1206359863 32948.7253417969 33099.5321960449 33857.3060302734 26297.096862793 20357.2053833008 22996.7038574219 24851.6951904297 25346.9382324219 25600.3463745117 25817.7941589355 27862.6968994141 30124.5181884766 38013.0690612793 38978.7473754883 26040.303314209 24623.5003051758 29752.1495056152 39452.8565063477 35147.4039306641 45528.0740356445 51680.8784790039
16756.1306152344 18546.1696929932 27609.5966491699 37490.2501831055 36568.8128662109 24354.5665893555 18605.6988220215 13608.4947967529 13300.7309112549 19669.0946044922 18724.7432403564 13759.4815368652 11600.1025390625 10694.0454101562 11135.984664917 13711.1570587158 15015.71434021 16487.2233734131 17033.6493682861 18457.5063171387 15988.1435394287 15806.1029663086 17996.4043273926 19411.5251159668 23782.1017456055 26379.4679870605 24063.174987793 24650.3415527344 22329.3408508301 26232.4262695312 25622.9411010742 24765.3646850586 24930.015045166 25428.8199768066 25702.3894042969 28162.0628662109 30165.441619873 35698.7850646973 40892.3173217773 30166.9191894531 29238.4781799316 37984.2933349609 32184.2401123047 32571.633605957 46271.3997192383 46853.8595581055
31419.8209838867 29367.7296447754 35217.2554931641 39572.2419433594 39786.3937072754 44674.9496459961 36709.7906799316 23136.3066711426 18487.4467315674 14927.8861541748 12667.1251068115 10615.5809020996 10261.9826202393 11203.8719787598 11657.150894165 12433.4710083008 13389.4516601562 16601.5362243652 17563.5237731934 17844.9867858887 16237.5817260742 14316.4491424561 15252.0559997559 15632.7138824463 15581.9334106445 17598.4786834717 17504.9835205078 17980.3607330322 17684.4594726562 25569.758972168 25981.3649291992 25220.5065917969 25317.9572753906 25939.3582763672 25695.984954834 26339.8735046387 27987.2284240723 32881.6902160645 35356.7257080078 30251.8736877441 30181.1232910156 31093.101348877 28183.272857666 35392.9473571777 44639.5376586914 37143.5933837891
45250.4417724609 45303.6178588867 43223.6594238281 45438.0227050781 32051.9212341309 35369.2169799805 31859.3917541504 24718.6469421387 23010.6980895996 18016.0079803467 13899.3218994141 13976.911605835 11786.2937164307 10924.8102416992 11087.2376403809 11685.7257385254 11013.5165863037 12967.2203826904 15270.154510498 15726.1167297363 15135.5035705566 13487.4258575439 13261.8518981934 12746.270111084 12851.9831237793 14070.2804718018 15070.3191680908 15466.6842193604 15012.4771728516 21521.7868652344 26230.624206543 25892.1581420898 26368.7262268066 26487.9239196777 26603.5840454102 25906.0444946289 27102.2775268555 32783.7021179199 32387.7599182129 33197.302154541 35048.2852172852 30951.5531921387 32915.2513427734 47870.0296630859 46554.5649414062 38529.1984863281
30845.7423095703 33693.8868713379 37141.2271118164 41370.7547912598 30113.746887207 30852.7833251953 24153.6198730469 20688.9084777832 21218.3039550781 19735.4513702393 17111.6417694092 12509.7492523193 12363.1776275635 12474.9649963379 12194.8338317871 11969.357925415 10582.8709411621 10918.6880187988 12511.6284332275 13038.3565368652 13050.3974456787 12850.3296966553 12359.4061584473 12108.5126190186 12209.6871185303 12034.3211669922 13434.1482696533 14165.2842407227 15634.9513702393 17567.0352172852 22883.7011413574 25808.7408447266 28453.1903991699 28246.1934814453 27643.0315246582 25112.4630737305 26778.0667419434 31355.7149658203 31950.4144287109 35710.8538818359 33580.0099182129 30123.973815918 31668.3728942871 46173.9424438477 45646.1419067383 37808.7731018066
30731.4429931641 28540.2085876465 36504.7909545898 30692.4227294922 27536.0959472656 23747.6920471191 21691.5456695557 19175.769241333 20310.0266418457 16085.5036315918 12520.6951141357 10933.1853179932 10797.2500610352 10741.8117675781 10890.3570709229 13152.718536377 12003.4717407227 11347.165222168 10935.8492584229 10871.5552825928 10968.6472473145 11288.2613372803 11607.9303131104 11889.667388916 11217.6945037842 11247.9138183594 12039.3517608643 13839.2675628662 16619.3423156738 18019.5253753662 16777.03125 20342.1479644775 26479.318939209 29771.3299865723 27811.633605957 23498.9446105957 26388.2528991699 31525.055267334 30737.9973144531 35949.9324035645 32265.0083312988 32563.6939086914 30168.3564453125 34526.8913574219 37915.4063720703 31260.0162963867
29478.8199462891 28637.3237304688 31695.5281066895 30842.1936340332 28565.8514099121 19086.2825622559 15550.3979949951 20651.3064880371 14548.2971038818 11191.1823272705 10836.9158477783 10332.2650299072 10345.935546875 10281.0945892334 10347.2046356201 11036.9869537354 12118.224029541 11436.8231811523 10645.0763397217 10292.9809570312 10321.1572875977 10442.3504638672 11686.8834838867 10868.3997802734 10456.4086303711 10549.6450958252 11405.641418457 12335.8353881836 12726.3042144775 13054.1741333008 14797.9960784912 15395.125579834 17492.7662506104 27564.2744445801 29664.937713623 22990.1975097656 26470.3518676758 26873.8290405273 26522.7094726562 32371.701171875 34494.0458679199 28526.5002746582 28036.8657836914 30713.0439147949 34490.914855957 32303.1260375977
18072.2665100098 23367.1944580078 22675.7892456055 26198.6285095215 25518.2040710449 17447.6027374268 12612.2478179932 15067.3661804199 12231.3552703857 11383.2350921631 10265.0597686768 9742.73431396484 9928.75823974609 9862.41410827637 9639.92121887207 9985.54029846191 10540.9004211426 10394.8444366455 9919.18148803711 9727.39172363281 9968.4506072998 9645.4387512207 9825.26432800293 9942.20040893555 9820.47834777832 9675.07641601562 10278.6385650635 10674.0762481689 10909.9987030029 11761.1298217773 13134.1136016846 14266.4938812256 15596.588394165 22455.7429962158 25360.1394958496 17211.8513641357 23332.3363647461 21606.9734802246 25799.1211853027 38806.3934326172 38593.0780639648 30909.4396362305 31337.9771118164 41310.107421875 52507.6213989258 48684.8760375977
14148.2559204102 13611.1081542969 16078.0117645264 20341.4300537109 18933.6705780029 13896.9357147217 15130.2138671875 12477.9959259033 11825.5871582031 11784.2214660645 10060.7121124268 9644.68601989746 9671.54681396484 10075.0841217041 10066.7983093262 9908.09585571289 10384.2018280029 9994.27215576172 9625.69770812988 9425.58686828613 9360.69403076172 9579.35597229004 10194.91796875 10176.5968780518 10006.9083557129 9776.75535583496 9937.16932678223 10348.0300750732 10340.1112823486 10379.8884124756 11077.8572845459 12753.5109863281 13932.9099273682 15051.907333374 15228.8391418457 14431.2966308594 19108.4239654541 18313.9819335938 25209.9734191895 42156.8451843262 35446.3183288574 26526.1475219727 30784.2023620605 40170.0532531738 51620.1876220703 54577.442565918
13969.1256103516 11226.2078399658 11989.0865783691 13292.8529663086 12724.569152832 10921.1047058105 11836.7483062744 11551.6108551025 12328.5418395996 11897.2324829102 10050.0303649902 10551.6917572021 10184.2758636475 10115.428604126 10408.0894927979 9429.24609375 9290.9839630127 9754.38555908203 9693.99008178711 9423.15463256836 9522.56678771973 9886.04287719727 10001.5866241455 9848.59153747559 9700.5850982666 9817.34941101074 9794.77519226074 10281.8967285156 10594.0264129639 10677.470199585 10925.6197967529 11220.1420440674 12154.1228027344 14449.5550231934 16363.4700927734 20355.0797424316 19998.8932189941 18328.7916107178 24245.2619018555 34715.5574951172 34987.5520019531 28122.6147460938 28253.7516784668 29504.5825500488 37179.8110351562 48500.5330810547
14541.4373626709 11946.6796875 11919.8709716797 10521.9879150391 10682.2202758789 10701.9415130615 11628.4597625732 11150.7725067139 10754.8739776611 10056.462600708 9620.9680480957 9660.52275085449 9736.2977142334 10015.9593353271 10053.0307769775 9724.32366943359 9853.68827819824 10831.4764099121 10093.2189941406 9698.59049987793 10588.469039917 10055.0892944336 9289.18037414551 8920.23692321777 8859.87994384766 9175.14367675781 9075.73565673828 9572.15386962891 10054.7489471436 10452.6471405029 11199.8789672852 12261.3641815186 13964.095916748 14355.76953125 14586.2450408936 16501.5178985596 17931.7959747314 22254.2519836426 28724.8285827637 33409.1618652344 29457.6636352539 29288.397644043 28595.937713623 30693.7506408691 36665.3841552734 35007.5095825195
13944.2528686523 12710.3259887695 11883.7830352783 10200.7868652344 10467.9041595459 10208.9222717285 11555.7321166992 11324.2932739258 9381.31002807617 9576.83450317383 9948.76867675781 10242.3886413574 10843.2906951904 10163.0423736572 10180.6859436035 10669.3991546631 11238.4558105469 11704.9340820312 10678.8546905518 9852.64701843262 9584.58052062988 8816.18243408203 8694.34046173096 8759.58387756348 8314.64353179932 8780.85926818848 8952.51054382324 9282.80993652344 9984.54328918457 10498.0239257812 10651.0430755615 10686.0139465332 10995.7963409424 11477.7325134277 11804.1531829834 12650.0049438477 14454.9912261963 19932.040435791 27349.0033569336 31201.29296875 29192.2504882812 25682.7705688477 30190.6653442383 36316.9205322266 33334.0080566406 27286.4040222168
10899.0642089844 12559.38621521 12301.2337341309 10107.3017883301 10297.5822296143 9739.99409484863 9066.16973876953 10028.9280548096 9057.07157897949 9325.00610351562 10608.9425354004 10586.9658660889 10662.9760437012 10152.1997528076 10186.6265563965 10889.7838897705 11018.0217285156 10841.8867950439 10131.6906738281 9753.67169189453 9057.09408569336 7740.1575088501 8302.73983001709 8657.73788452148 8407.22045898438 8238.43063354492 8281.83629608154 9025.64822387695 9991.88873291016 10522.630355835 10565.3231964111 10099.2384643555 10022.9468688965 10372.5330352783 10662.313583374 10923.4283294678 12258.9517974854 14988.8552703857 22664.0461730957 28492.8265686035 24417.8571166992 28864.3753356934 29118.3394165039 27464.1988830566 25407.9761047363 26516.6474609375
9286.80732727051 9898.7494354248 11625.8115081787 12016.2597808838 14137.3294372559 10698.0047149658 7915.65904998779 8776.30878448486 8646.34118652344 9138.41764831543 10221.8179931641 9723.62954711914 9902.91265869141 10091.1141967773 10610.8061218262 10368.3923339844 9956.14945983887 9685.44844055176 9367.17510986328 8723.31171417236 8424.22992706299 9472.39356994629 9726.06108093262 8491.16914367676 8461.80110168457 8118.49112701416 7627.38915252686 8039.4370803833 8692.18458557129 9112.31248474121 9712.01678466797 9657.74482727051 9734.06629943848 10376.6884460449 10639.5260772705 10693.9780273438 10805.7326202393 11990.8902587891 17068.3354187012 25853.5298461914 21963.0825500488 24576.6972045898 23772.8401794434 25021.9503479004 24033.8462219238 24831.8082885742
9064.73690795898 9327.43727111816 13039.977142334 14191.3723602295 14136.5481567383 10935.386428833 9719.27467346191 8291.42234039307 8537.38062286377 8903.06327819824 9641.68077087402 10109.788848877 9747.07788085938 9643.71249389648 9724.27726745605 9526.38487243652 9221.53678894043 9174.3445892334 8907.08363342285 8662.94328308105 8749.87917327881 10764.1874542236 10107.1001434326 8770.37493896484 9189.31416320801 8888.55000305176 8401.9379196167 8496.83546447754 8520.93528747559 8853.96940612793 9151.80909729004 9392.00909423828 9466.1332244873 9635.79678344727 9854.50308227539 10448.3124389648 11434.8589172363 12524.3800811768 13674.7185211182 16908.0750274658 24082.010345459 29924.2563171387 25066.3421325684 23159.9395751953 22227.5524597168 21941.3889465332
