Cases/SDM_Urocitellus_beldingi/westernUsClimate_modern/BIO15.asc
NCOLS 316 
NROWS 299 
XLLCORNER -124.820833001 
YLLCORNER 29.1625003333339 
CELLSIZE 0.0666666666645545 
NODATA_value -3.4e+38 
[rows 112 to 139 of 299, columns 189 to 251 of 316]
25.1875 25.546875 27.875 34.953125 28.109375 26.0625 30.375 34.8125 31.125 26 30.28125 37.984375 34.625 23.671875 18.6875 19.03125 21.53125 21.9375 17.03125 20.640625 19.1875 13.765625 19.234375 25.21875 28.578125 28.703125 29.3125 31.703125 32.4375 33.90625 34.25 36.25 36.609375 37.4375 37 36.703125 36.21875 36.25 34.765625 35.453125 35.359375 34.140625 33.28125 29.6875 32.703125 31.921875 30.546875 29.84375 29.75 29.5 31.421875 32.84375 36.84375 40.375 41.75 43.328125 42.953125 40.5 34.96875 33.4375 36.25 40.734375 43.625
25.53125 25.703125 27.28125 32.59375 34.5 31.4375 30.953125 34.84375 34.328125 28.0625 33.953125 38.15625 34.46875 26.921875 19.09375 18.15625 29.203125 28.375 23.953125 20.03125 20.578125 17.15625 21.515625 30.671875 30.734375 32.03125 32.71875 33.171875 34.109375 34.796875 35.03125 35.734375 36.1875 36.703125 36.6875 37.25 36.40625 35.6875 35.6875 34.953125 35.359375 35.09375 34.375 32.921875 31.75 30.828125 29.265625 29.265625 29.4375 28.609375 31.71875 33 35.1875 38.90625 41.578125 42.265625 41.15625 36.46875 30.640625 30.921875 33.65625 36.890625 40.515625
25.46875 27.359375 30.4375 37.578125 39 38.59375 36.5 35.671875 28.703125 27.015625 37.25 38.515625 33.96875 28.390625 19.53125 17.765625 28.15625 29.046875 23.90625 20.25 19.78125 16.578125 24.15625 31.890625 32.28125 33.953125 34.40625 33.1875 32.125 32.5625 34.046875 35.109375 34.90625 34.078125 36.875 37.421875 36.109375 35.5 35.828125 34.703125 33.5625 33.984375 34.171875 31.609375 30.515625 27.546875 25.5625 27.40625 30.34375 30.078125 31.625 32.890625 35.296875 37 35.859375 37.953125 39.203125 35.0625 35.25 33.21875 31.03125 34.734375 35.75
25.453125 27.09375 29.640625 43.5625 43.015625 40.078125 41.46875 37.578125 28.265625 26.90625 35.09375 38.5 39.265625 33.9375 19.203125 17.6875 25.40625 27.0625 24.265625 21.65625 19.9375 18.21875 23.765625 31.4375 34.96875 35.953125 33.796875 32.0625 31.21875 32.125 33.3125 35.171875 34.59375 33.890625 34.953125 38.09375 37.265625 35.703125 35.3125 34.75 33.359375 34.046875 32.390625 31 30.328125 25.1875 25.28125 30.53125 31.46875 31.265625 31.078125 31.171875 33.15625 35.953125 36.28125 35.1875 36.140625 36.53125 30.703125 25.640625 27.078125 31.296875 31.671875
25.1875 27.046875 28.515625 33.234375 40.53125 35.234375 38.265625 37.5 30.84375 29.375 36.09375 43.90625 41.4375 34.578125 21.171875 15.84375 21.84375 25 25.71875 22.703125 19.53125 19.546875 23.140625 26.671875 28.3125 28 29.640625 30.734375 30.40625 31.234375 32.484375 33.390625 33.375 34.359375 35.53125 37.984375 37.265625 35.921875 35.71875 35.609375 34.359375 33.609375 30.96875 29.640625 29.25 29.3125 31.578125 32.34375 32.03125 30.953125 30.09375 30.109375 31.671875 27.921875 31.828125 34.484375 36.03125 35.96875 31.390625 29 31.640625 31.234375 26.796875
25.8125 27.484375 28.859375 28.75 35.578125 36.421875 31.421875 30.40625 30 34.015625 37.0625 41.78125 35.828125 31.578125 26.640625 20.265625 17.9375 22.15625 25.796875 24.609375 19.453125 19.546875 19.09375 18.84375 21.203125 22.28125 26.84375 30.453125 32.265625 31.78125 32.03125 32.125 32.734375 33.765625 34.46875 35.90625 36.859375 38.15625 39.21875 36.96875 34.3125 34.046875 32.5 31.609375 31.75 30.65625 32.078125 33.578125 33.515625 32.3125 30.5625 30.75 31.4375 30.8125 32.03125 33.296875 33.859375 33.578125 32.46875 30.03125 31.234375 27.890625 24.78125
26.671875 27.375 27.96875 28.40625 34.859375 39.21875 33.5 32.09375 32.96875 36.3125 35.953125 32.25 28.234375 30.65625 27.75 20.765625 18.953125 21.5625 21.5625 20.640625 19.296875 19.21875 18.296875 18.46875 20.484375 18.25 21.6875 24.28125 28.515625 29.390625 29.359375 28.5625 29.875 26.8125 26.875 35.71875 37.59375 36.8125 40.671875 38.671875 34.453125 34.84375 34 32.578125 34.09375 31.34375 31.703125 34.796875 33.640625 36.359375 33.90625 32.6875 32.375 30.65625 30.609375 30.15625 31.515625 31.484375 29.578125 25.625 27.671875 26.296875 26.5
26.890625 27.375 27.9375 30.859375 31.640625 35.28125 30.953125 32.890625 36.796875 32.875 28.78125 25.84375 24.96875 23.703125 21.625 20.734375 21.171875 19.578125 18.875 18.9375 18.875 19.125 21.046875 22.15625 19.953125 15.703125 16.640625 16.75 19.859375 25.21875 27.421875 25.296875 25.34375 22.5 25.84375 36.5 37.640625 37.265625 41.25 39.0625 35.09375 35.9375 35.78125 33.75 31.078125 35.03125 35.140625 35.171875 33.796875 35.890625 35.421875 34.546875 33.234375 29.03125 26.8125 27.328125 28.65625 29.21875 28.53125 26.625 26.421875 25.671875 23.640625
28.4375 28.5 28.578125 30.265625 31.515625 39.125 33 29.515625 30.734375 29.03125 25.84375 25.46875 24.65625 23.171875 21.65625 21.203125 22.203125 21.109375 20.03125 19.8125 20.09375 20.921875 21.5 20.96875 19.359375 14.671875 15.796875 17.484375 16.234375 21.375 27.828125 28.765625 27.0625 28.765625 34.578125 38.046875 40.953125 42.34375 42.03125 39.28125 35.546875 37.9375 38.328125 36.453125 36.046875 36.65625 37.5 36.1875 30.71875 34 33.4375 32.703125 29.71875 28.421875 27.140625 24.65625 26.4375 27.078125 25.578125 26.84375 29.71875 28.640625 25.9375
32.59375 30.875 29.65625 30.34375 32.296875 36.09375 36.375 29.4375 28.046875 27.03125 24.53125 24.265625 24.28125 23.328125 21.9375 22.90625 25.1875 22.0625 22.609375 21.859375 20.40625 21.15625 24 21.203125 18.5 16.71875 14.671875 15.65625 17.046875 20.59375 24.859375 24.90625 24.625 25.4375 24.640625 28.71875 36.984375 43.09375 43.25 39.171875 37.484375 37.84375 38.171875 39.171875 37.34375 37.4375 33.71875 33.28125 30.453125 31.515625 31.703125 30.828125 29.359375 27.328125 27.953125 25.78125 26.453125 25.75 26.21875 27.203125 27.734375 27.546875 29.609375
32.90625 31.78125 30.21875 30.3125 31.40625 34.921875 41.8125 31.140625 29.078125 27.625 25.859375 22.359375 21.765625 22.484375 22.3125 23.4375 23.75 26.28125 27.453125 25.171875 21.390625 21.65625 25.59375 20.265625 17.765625 20.09375 19.140625 17.5 17.640625 21.125 23.03125 22.640625 22.609375 23.421875 23.734375 22.921875 26.078125 37.265625 40.734375 39.828125 40.21875 38.75 39.078125 39.9375 38.21875 36.125 33.046875 32.265625 31.21875 28.234375 26.859375 27.4375 29.546875 28.390625 27.328125 27.25 27.859375 28.671875 29 28.5625 26.75 25.6875 28.078125
31.828125 30.234375 29.53125 30.25 31.078125 32.765625 39.390625 42.84375 37.234375 30.140625 30.65625 29.234375 21.890625 21.953125 24.109375 25.046875 29.75 31.203125 32.125 27.984375 25.484375 26.3125 25.046875 23.03125 22.28125 23.71875 25.03125 23.375 20.3125 19.21875 19.78125 20.5625 20.234375 21.140625 22.75 22.4375 20.71875 23.40625 30.390625 33.71875 36.046875 40.015625 40.203125 40.53125 39.140625 37.1875 37.953125 37.34375 35.703125 32.75 26.96875 24.65625 29.96875 28.828125 28.5 28.46875 29.046875 28.6875 29.921875 30.21875 27 24.15625 21.75
29.734375 29.140625 28.640625 30.703125 32.234375 33.375 33.609375 32.71875 34.3125 30.484375 31.421875 25.453125 22.53125 24.484375 29.609375 28.203125 30.390625 30.5 30 29.75 28.109375 25.8125 23.1875 19.359375 17.6875 20.25 21.890625 20.921875 15.640625 15.765625 16.203125 16.84375 16.953125 17.515625 19.453125 20.875 20.484375 20.78125 21.28125 21.28125 22.78125 27.421875 28.21875 31.234375 33.109375 37.640625 38.703125 37.203125 36.859375 36.546875 32.78125 29.109375 29.0625 29.21875 32.90625 28.671875 27.921875 27.4375 28.25 26.8125 24.40625 22.6875 18.5625
31.328125 34.515625 31.5625 28.5625 30.015625 31.765625 30.046875 28.078125 34.0625 32.109375 25.3125 23.125 21.5 19.109375 23.765625 31.015625 32.15625 31.140625 29.25 28.328125 26.109375 24.28125 23.4375 17.65625 15.859375 15.625 15.125 14.71875 12.890625 15.546875 14.703125 15.09375 16.25 16.90625 17.921875 19.609375 20.25 21.328125 21.75 22.28125 22.890625 23.0625 22.796875 24.359375 26.375 31.625 36.40625 36.578125 36.84375 35.890625 35.40625 34.515625 32.828125 32.265625 35.421875 30.609375 26.71875 25.125 25.1875 23.734375 22.8125 20.453125 17.296875
28.6875 31.25 34.53125 28.78125 28.328125 31.53125 30.90625 35.515625 41.265625 39 27.546875 22.625 24.453125 18.046875 22.453125 30.703125 32.515625 30.078125 29.0625 28.578125 26.9375 24.140625 21.078125 19.03125 16.53125 14.890625 13.09375 12.46875 12.203125 14.359375 15.796875 16.15625 16.90625 17.984375 18.46875 19.03125 19.84375 20.6875 21.390625 22.21875 22.546875 22.890625 24.3125 24.890625 28.40625 29.5 30.59375 30.625 34.0625 34.96875 35.28125 34.25 34.484375 35.203125 36.171875 33.890625 29.125 25.328125 24.671875 24.3125 22.9375 20.125 17.734375
31.21875 25.328125 31.203125 27.734375 26.25 30.53125 31.34375 37.078125 41.328125 39.28125 37.984375 27.21875 18.984375 17.296875 19.1875 26.859375 29.09375 30.328125 28.296875 26.296875 26.328125 23.65625 15.6875 17.921875 17.96875 16.140625 12.359375 12.015625 13.984375 14.546875 15.390625 19.828125 18.296875 18.6875 19.421875 18.984375 19.484375 20.484375 22 24.296875 27.21875 29.40625 30 29.640625 28.984375 30.796875 31.171875 30.5625 32.140625 36.28125 42.234375 41.078125 39.578125 37.984375 36.46875 32.65625 29.078125 26.671875 26.75 25.234375 22.859375 20.921875 18.671875
29.15625 24.390625 28.953125 29 25.921875 29.859375 31.703125 35.953125 38.078125 38.21875 32.109375 25.453125 21.53125 19.515625 24.578125 27.296875 29.625 30.703125 26.796875 23.078125 15.984375 17.609375 15.03125 12.5625 14.296875 16.75 22.90625 17.703125 19.125 18.1875 18.859375 21.125 25.125 27.53125 27.578125 25.25 25.546875 21.265625 25.375 28.921875 31.03125 30.4375 29.421875 29.296875 29.15625 29.34375 29.28125 30.796875 29.71875 32.203125 38.078125 40.046875 40.125 38.453125 36.09375 32.828125 28.765625 26.09375 28.75 29.375 23.671875 21.03125 20.578125
30.6875 23.546875 23.984375 26.390625 26.453125 29.3125 29.75 27.234375 29.875 36.828125 33.921875 26.5625 23.484375 21.609375 26.09375 30.078125 32.453125 32.328125 27.03125 21.296875 14.265625 12.875 11.828125 12.1875 13.34375 16.953125 19.625 20.1875 18.25 17.6875 20.375 26.0625 28 29.90625 31.625 34.6875 31.90625 28.0625 28.6875 32.34375 33.328125 30.203125 29.015625 29.984375 30.75 31.015625 31.390625 31.5625 31.046875 31.671875 31.34375 31.453125 29.453125 30.390625 29.578125 28.09375 27.140625 25.53125 27.21875 27.765625 23.546875 19.578125 17.9375
32.375 22.328125 23.25 23.109375 23.515625 25.6875 27.546875 27.359375 31.28125 37.96875 33.15625 28.046875 25.484375 25.703125 29.03125 31.109375 33.640625 36.78125 31.75 21.3125 16.84375 17.125 19.078125 13.796875 12.921875 17.234375 18.1875 15.40625 17.265625 21.421875 24.828125 30.625 33.21875 33.515625 35.453125 38.96875 38.890625 36.671875 34.140625 33.21875 33.28125 32 29.875 28.6875 29.078125 30.265625 31.109375 33.375 33.8125 32.796875 28.40625 27.3125 26.71875 25.953125 24.953125 25.0625 25.390625 23.484375 23.46875 21.640625 20.265625 18.53125 16.5
26.78125 19.21875 17.96875 20.015625 22.609375 25.03125 26.84375 27.125 29.015625 31.53125 28.890625 27.34375 28.15625 31.609375 31.90625 32.359375 33.140625 28.9375 25.71875 25.984375 21.453125 20.171875 17.765625 16.96875 15.3125 18.171875 19.171875 20.859375 25.953125 33.890625 33.359375 32.9375 32.71875 32.859375 33.828125 35.421875 36.84375 35.484375 33.390625 32.6875 31.5 30.59375 29.359375 29.265625 29.828125 30.21875 29.75 30.5625 30.796875 28.125 23.578125 23.375 23.9375 24.09375 25.0625 25.8125 24.109375 22.03125 23.15625 21.390625 16.296875 15.265625 14.296875
19.53125 16.546875 16.15625 17.953125 23.109375 25.703125 27.21875 27.9375 27.546875 32.75 31.484375 29.5 28.75 32.53125 33.09375 22.453125 25.890625 22.8125 20.03125 19.125 16.46875 17.1875 17.203125 16.921875 16.875 21.21875 30.609375 31.84375 31.25 36.421875 34.75 33 33 32.53125 32.671875 34.53125 33.84375 33.53125 32.75 31.40625 30.78125 29.421875 29.6875 30.765625 30.96875 30.109375 29.984375 29.75 29.5625 28.28125 26.703125 26.46875 26.90625 26.140625 26.203125 26.84375 25.953125 22.15625 25.625 24.34375 20.078125 16.515625 14.09375
18.453125 16.828125 16.921875 18.46875 22.296875 26.140625 28.796875 30.578125 28.125 33.203125 34 33.28125 30.59375 26.96875 33.90625 24.09375 18.390625 22.0625 22.0625 23.203125 18.5 18.46875 16.984375 16.859375 22.3125 27.109375 30.5625 32.875 33.46875 33.8125 33.40625 33.78125 34.59375 33.5625 32.703125 32.390625 32.078125 32.078125 31.875 32.078125 29.65625 30.15625 29.921875 30.40625 30.984375 31.453125 31.515625 30.3125 30.171875 29.78125 29.1875 26.53125 27.8125 27.953125 26.734375 26.953125 26 24.8125 27.484375 24.265625 20.203125 15.015625 14.59375
19.921875 17.796875 18.28125 19.765625 23.484375 25 28.90625 29.03125 28.96875 29.578125 32.875 32.390625 31 26.9375 25.640625 23.1875 20.3125 21.03125 24.390625 23.71875 22.265625 18.421875 16.96875 17.375 17.578125 18.5 21.703125 24.578125 27.796875 29.46875 31.0625 31.703125 32.875 33.5 32.53125 31.96875 31.34375 31.765625 32.046875 32.09375 30.390625 30.25 29.75 30.296875 30.75 31.71875 32.6875 33.296875 31.65625 30.046875 30.484375 29.015625 28.828125 28.3125 25.140625 20.46875 23.328125 24.546875 25.046875 24.1875 22.96875 20.59375 15.375
23.5 20.234375 20.1875 19.390625 21.109375 27.5 30.390625 30.65625 30.09375 30.53125 31.1875 30.609375 28.609375 26.453125 22.65625 22.515625 29.296875 26.828125 25.5 23.890625 23.359375 20.9375 20.421875 19.984375 18 17.09375 17.375 21.9375 25.046875 28.15625 28.34375 29.703125 31.21875 32.4375 32.65625 31.8125 31.5625 31.984375 32.15625 32.015625 30.859375 29.9375 29.296875 29.5 29.5 30.375 34.65625 34.90625 32.5 31.796875 30.953125 30.390625 27.5 23.734375 21.453125 20.734375 21.53125 23.3125 23.5 23.140625 22.8125 22.25 20.140625
25.375 21.65625 20.53125 19.109375 22.84375 28.828125 31.15625 30.328125 30.40625 30.1875 30.21875 30.34375 28.71875 26.984375 22.453125 22.640625 27.296875 25.671875 26.453125 21.984375 19.84375 17.984375 22.03125 23.03125 21.25 20.34375 17.84375 17.875 21.21875 23.921875 25.8125 27.765625 29.59375 30.71875 31.140625 31.4375 31.96875 32.0625 31.75 31.96875 32.234375 31.953125 30.75 30.40625 30.78125 31.09375 33.71875 35.25 32.796875 30.546875 29.546875 29.390625 24.78125 22.484375 23.640625 21.1875 21.140625 22.625 23.40625 23.5 23.015625 21.5 17.921875
21.46875 21.359375 20.703125 19.09375 22.875 29.4375 31.84375 32.4375 29.609375 26.234375 27.234375 28.328125 25.953125 26.4375 24.734375 19.734375 21.15625 21.28125 26.0625 25.28125 21.6875 20.453125 22.515625 24.140625 23.5 19.84375 20 18.765625 20.03125 23.8125 26.796875 27.796875 28.8125 29.921875 30.5 31.078125 31.359375 31.890625 32.203125 32.78125 33.53125 33.125 32.40625 32.171875 30.953125 31.25 33.5 35.71875 33.03125 29.84375 28.796875 28.9375 24.484375 23.875 25.28125 22.453125 21.265625 21.984375 23 22.796875 19.734375 18.328125 16.296875
23.546875 21.859375 21.640625 20.015625 25.265625 29.140625 31.421875 29.984375 26.234375 22.734375 20.140625 22.09375 27.6875 32.953125 31.984375 20.75 21.40625 19.6875 21.140625 23.65625 23.40625 22.25 23.1875 23 21.375 19.171875 18.390625 20.359375 23.46875 26.515625 28.828125 31.59375 30.53125 31.015625 32.5 30.984375 30.65625 31.90625 32.828125 33.46875 33.40625 33.28125 32.640625 32.484375 32.375 32.796875 33.15625 36.03125 33.859375 27.609375 23.140625 24.359375 24.25 23.15625 25.6875 23.203125 21.390625 20.9375 21.703125 21.828125 19.4375 16.5 16.40625
24.90625 23.703125 22.828125 22.265625 24.734375 26.640625 29.796875 28.140625 25.671875 22.640625 19.609375 18.40625 24.25 30.671875 28.40625 20.859375 17.25 17.953125 19.234375 18.625 20.21875 19.953125 20.1875 20.15625 18.875 18.15625 18.359375 24.46875 26.359375 28.0625 32.109375 32.328125 31.15625 31.71875 32.015625 31.03125 30.53125 30.84375 31.53125 32.15625 32.28125 32.578125 32.578125 32.390625 32.1875 33.203125 33.25 33.875 32.34375 28.59375 21.578125 23.15625 22.765625 22.109375 24.140625 24.4375 21.796875 20.828125 20.84375 21.34375 21.625 20.640625 19.078125
