Cases/SDM_Urocitellus_beldingi/westernUsClimate_modern/BIO10.asc
NCOLS 316 
NROWS 299 
XLLCORNER -124.820833001 
YLLCORNER 29.1625003333339 
CELLSIZE 0.0666666666645545 
NODATA_value -3.4e+38 
[rows 25 to 49 of 299, columns 57 to 113 of 316]
1356.171875 1380.4375 1370.53125 1390.09375 1483.5625 1676.5 1655.015625 1815.09375 1753.9375 1877.453125 2094.265625 2162.015625 2161.890625 2030.171875 1985.265625 2000.8125 2073.140625 1940.21875 1948.0625 2005.875 2004.203125 2013.234375 2164.5625 2169.234375 2131.515625 2101.9375 2071.703125 2051.28125 2043.4375 2027.140625 2012.90625 1994.203125 1965.40625 1953.234375 1938.625 1921 1908.921875 1892.546875 1875.3125 1860.546875 1850.0625 1832.890625 1832.125 1844.609375 1845.1875 1838.015625 1842.53125 1844.3125 1849.40625 1844.40625 1848.3125 1853.5625 1848.171875 1822.421875 1809.3125 1813.875 1817.15625
1420.765625 1458.671875 1521.953125 1523.03125 1544.375 1578.15625 1511.84375 1416.6875 1552.96875 1655.453125 1848.40625 1902.28125 1961.171875 2136.390625 2106.65625 2091.203125 2000.921875 1971.515625 1915.90625 1906.78125 1983.84375 2102.9375 2217.421875 2191.359375 2142.703125 2105.15625 2082.578125 2061.46875 2034.953125 2004.328125 1974.71875 1954.140625 1949.765625 1953.03125 1944.453125 1933.5625 1932.625 1924.53125 1909.515625 1901.546875 1889.359375 1876.53125 1871.375 1871.765625 1862.890625 1871.578125 1869.875 1869.625 1856.515625 1853.140625 1851.640625 1851.140625 1836.890625 1810.859375 1800.890625 1807.65625 1796.78125
1502.71875 1579.09375 1614.890625 1551.03125 1580.46875 1577.328125 1285.046875 1297.796875 1368.65625 1266.046875 1433.71875 1572.25 1867.046875 2070.453125 2125.40625 2127.296875 2102.96875 2077.25 2081.515625 2098.875 2138.40625 2191.59375 2195.328125 2172.109375 2127.8125 2116.625 2084.484375 2056.96875 2035.03125 2008.28125 1976.984375 1949.609375 1938.09375 1941.59375 1935.515625 1926.296875 1919.828125 1909.40625 1905.28125 1910.71875 1918.9375 1906.203125 1897.546875 1891.8125 1896.546875 1897.296875 1891.515625 1877.796875 1864.734375 1860.59375 1866.109375 1861.578125 1830.078125 1817.421875 1809.5 1793.21875 1785.375
1689.703125 1680.671875 1703.234375 1691.71875 1678.859375 1609.515625 1426.390625 1373.796875 1514.484375 1379.96875 1313.046875 1392.8125 1722.828125 1983.3125 2137.5 2192.71875 2113.25 2101.609375 2117 2130.953125 2142.46875 2144.375 2135.703125 2137.6875 2129.203125 2120.75 2090.890625 2052.921875 2037.203125 2024.03125 2013.59375 1988.9375 1970.671875 1957.375 1955.109375 1945 1935.234375 1927.40625 1925.484375 1916.234375 1921.90625 1917.796875 1904.6875 1917.6875 1919.546875 1918.203125 1894.734375 1871.78125 1869.40625 1877.5 1877.40625 1844.84375 1832.140625 1812.9375 1794.296875 1787.03125 1772.171875
1506.53125 1525.484375 1597.375 1691.78125 1753.703125 1748.453125 1749.21875 1704.34375 1662.109375 1609.921875 1526.859375 1511.828125 1702.078125 1910.453125 2105.78125 2191.0625 2136.265625 2116.484375 2111.1875 2097.34375 2083.125 2084.40625 2097.84375 2113 2110.140625 2107.140625 2071.828125 2045.328125 2034.46875 2043.53125 2044.859375 2035.03125 2020.96875 2000.34375 1972.390625 1967.171875 1960.515625 1948.984375 1940.765625 1940.84375 1944.546875 1948.15625 1944.921875 1945.15625 1942.953125 1938.78125 1914.25 1906.171875 1911.859375 1906.328125 1863 1839.84375 1821.9375 1808.234375 1790.234375 1763.828125 1763.125
1354.703125 1413.875 1492.578125 1610.203125 1781.09375 1876.6875 1899.21875 1873.453125 1863.984375 1836.359375 1740.890625 1622.078125 1724.1875 1947.765625 2149.5625 2146.234375 2119.84375 2109.546875 2090.5 2059.359375 2030.796875 2040.875 2075.328125 2091.03125 2095.640625 2087.640625 2063.03125 2052.578125 2052.5 2067.578125 2055.125 2044 2032.78125 2023.96875 2002.875 1989.140625 1977.25 1969.390625 1960.578125 1958.5625 1956.59375 1974.46875 1956.234375 1962.109375 1957.90625 1972.609375 1959.484375 1943.5625 1928.171875 1886.609375 1861.71875 1850.671875 1837.265625 1815.390625 1795.40625 1770.359375 1759.625
1228.078125 1345.15625 1505.546875 1580.8125 1671.46875 1844.625 1911.890625 1931.390625 1935.75 1907.34375 1855.75 1730.734375 1723.375 1915.625 2063.71875 2172.671875 2045.8125 2057.40625 2066.90625 2054.609375 2039.609375 2054.71875 2074.3125 2083.328125 2088 2087.28125 2074.0625 2060.703125 2053.453125 2056.515625 2052.359375 2036.53125 2031.078125 2015.59375 1999.734375 2015.75 2017.03125 2011.890625 1988.90625 1971.75 1970.03125 1987.953125 1985.484375 1980.453125 1972 1981.15625 1982.890625 1946.734375 1942.109375 1911.34375 1896.5625 1887.8125 1872 1836.03125 1806.1875 1776.265625 1763.984375
1458.046875 1488.625 1543.65625 1599.0625 1617.96875 1666 1737.6875 1869.28125 1917.171875 1930.765625 1831.203125 1763.046875 1791.875 1927.21875 2066.390625 2221.625 2141.796875 2117.953125 2104.265625 2091.890625 2096.40625 2089.640625 2083.265625 2070.96875 2065.703125 2073.734375 2101.40625 2072.546875 2044.640625 2030.21875 2029.8125 2028.46875 2029.59375 2028.671875 2014.6875 1998.234375 2001.015625 2002.140625 1990.875 1977.125 1982.421875 2001.5625 2007.09375 1989.0625 1987.546875 1974.453125 2006.546875 1985.875 1955.15625 1925.734375 1910.9375 1887.328125 1856.96875 1830.40625 1806.078125 1781.84375 1764.3125
1637.78125 1579.484375 1579.859375 1668.90625 1682.65625 1641.09375 1700.734375 1757.09375 1841.765625 1792.671875 1825.046875 1723.34375 1719.03125 1871.171875 1996.53125 2157.359375 2221.234375 2177.328125 2171.6875 2170.109375 2170.21875 2184.171875 2180.859375 2160.796875 2153.3125 2141.78125 2114.625 2077.578125 2036.28125 2017.09375 2010.15625 2022.125 2024.046875 2035.171875 2021.953125 2012.15625 2003.953125 2004.578125 1998.375 1988.21875 2002.25 2009.1875 2025.453125 2016.171875 1996.46875 2016.625 2005.3125 1982.25 1960.359375 1951.375 1939.03125 1908.390625 1877 1835.734375 1817.234375 1790.15625 1770.125
1582.875 1643.65625 1631.3125 1552.75 1677.640625 1810.53125 1779.75 1783.171875 1896.109375 1834.640625 1858.40625 1765.796875 1709.859375 1853.515625 2014.734375 2075.9375 2174.484375 1979.671875 1991.625 2001.71875 2015.328125 2033.140625 2069.328125 2101.765625 2119.03125 2100.5 2104.8125 2078.28125 2042.390625 2016 2010.609375 2032.40625 2047.609375 2060.6875 2057.78125 2062.046875 2055.15625 2052.5625 2042.0625 2039.515625 2053.234375 2054.796875 2050.015625 2067.734375 2042.453125 2031.890625 1997.28125 1984.515625 1984.375 1986.984375 1992.734375 1980.65625 1954 1908.15625 1861.96875 1816.890625 1785.265625
1471 1580.234375 1681.78125 1782.6875 1854.65625 1895.453125 1940.0625 1949.609375 1888.546875 1824.84375 1788.3125 1757.953125 1757.453125 1836.203125 1986.140625 2209.484375 2279.40625 2212.65625 2194.46875 2211.53125 2217.1875 2220.875 2214.796875 2175.640625 2147.53125 2107.28125 2081.859375 2084.671875 2077.421875 2055.953125 2053.921875 2070.234375 2087.640625 2085.75 2099.109375 2107.96875 2103.453125 2093.609375 2086.140625 2100.078125 2109.546875 2118.25 2114.5625 2092.375 2071.09375 2052.734375 2025.015625 2034.390625 2042.125 2079.90625 2098.796875 2060.984375 2011.953125 2027.703125 1932.125 1856.953125 1791.453125
1486.09375 1583.640625 1601.625 1723.359375 1846.546875 1937.53125 1991.734375 2010.671875 1952.296875 1833.796875 1794.53125 1770.453125 1774.578125 1781.171875 1854.546875 2049 2305.71875 2297.765625 2242.40625 2218.921875 2254.609375 2249 2229.171875 2218.546875 2152.03125 2118.75 2092.765625 2087.421875 2110.75 2098.625 2097.21875 2099.25 2114.4375 2108.140625 2121.203125 2129.015625 2134.265625 2141.015625 2138.78125 2137.109375 2146 2153.859375 2154.21875 2113.875 2131.015625 2120.046875 2093.46875 2111.578125 2154.859375 2142.796875 2094.28125 2091.75 2096.0625 2083.921875 2041.765625 1882.71875 1820.265625
1478.359375 1557.5 1617.453125 1755.5 1874.03125 1965.5 2026.921875 2067.296875 2071.1875 1992.734375 1896.234375 1825.59375 1800.28125 1795.203125 1790.890625 1846.921875 1972.53125 2123.703125 2176.921875 2211.1875 2226.375 2226.25 2212.875 2205.875 2186 2122.96875 2095.03125 2101.859375 2110.109375 2103.078125 2115.953125 2113.953125 2099.0625 2102.171875 2115.6875 2140.46875 2142.53125 2181.875 2188.109375 2185.984375 2188.71875 2195.109375 2195.640625 2174.96875 2202.59375 2176.4375 2165.765625 2180.953125 2167.828125 2148.65625 2099.875 2069.8125 2019.46875 1953.21875 2008.921875 2041.90625 1914.515625
1548.5 1659.6875 1751.609375 1817.84375 1877.390625 1935.65625 1959.53125 2006.984375 2070.90625 2038.8125 2008.296875 1950.859375 1898.4375 1857.09375 1876.6875 1939.65625 2010.375 2086.625 2133.046875 2176.453125 2212.796875 2195.359375 2188.53125 2197.28125 2192.3125 2179.3125 2134.9375 2095.125 2070.96875 2094.84375 2111.390625 2101 2109.1875 2116.875 2132.546875 2159.8125 2191.75 2168.078125 2147.390625 2150.09375 2163.421875 2178.1875 2191.390625 2205.4375 2166.484375 2130.1875 2115.625 2093.078125 2084.703125 2069.375 2050.5 2004.28125 1963.265625 1917.703125 1929.8125 1918.015625 2055.40625
1625.609375 1724.03125 1846.765625 1926.671875 1992.53125 2027.359375 2074.40625 2111.21875 2152.875 2158.09375 2097 2018.671875 1937.609375 1921.703125 1905.484375 1898.5 1925.28125 1903.109375 2014.03125 2119.9375 2150.671875 2186 2199.65625 2189.15625 2181.109375 2181.53125 2131.046875 2054.90625 2059.75 2096.0625 2131.71875 2139.84375 2153.46875 2156.890625 2165.21875 2181.65625 2182.65625 2152.421875 2123.1875 2104.265625 2103.46875 2112.609375 2105.125 2127.734375 2114.703125 2095.546875 2078.203125 2047.890625 2026.9375 2009.421875 1974.078125 1942.25 1895.40625 1874.609375 1904.65625 1970.453125 2035.5625
1610.390625 1734.203125 1919.78125 2004.84375 2039.609375 2072.15625 2079.515625 2110.390625 2160.078125 2184.78125 2174.265625 2149.46875 2109.90625 2085.546875 2060.625 2048.0625 2029.65625 1990.703125 1911.140625 1905.125 1919.3125 2022.625 2142.796875 2179.9375 2186.5625 2193.8125 2129.578125 2052.015625 2059.75 2101.859375 2146.34375 2179.671875 2217.40625 2214.0625 2205.859375 2203.90625 2172.09375 2136.3125 2124.203125 2093.296875 2064.359375 2058.671875 2046.875 2041.203125 2032.75 2009.546875 1995.265625 1983.9375 1957.671875 1943.171875 1901.53125 1860.265625 1803.46875 1832.8125 1913.546875 2004.796875 2081.796875
1614.296875 1708.046875 1837.109375 1951 1992.78125 2034.015625 2067.96875 2079.640625 2112.109375 2153.703125 2146.1875 2150.578125 2174.890625 2159.171875 2149.734375 2155.921875 2112.140625 2038.6875 2027.953125 2034.546875 2079.90625 2139.28125 2144.1875 2179.578125 2202.375 2216.09375 2205.734375 2156.703125 2146.015625 2146.515625 2177.546875 2195.703125 2222.84375 2216.28125 2204.984375 2181.578125 2155.359375 2144.0625 2132.109375 2118.203125 2104.859375 2086.890625 2057.5625 2029.796875 1991.234375 1985.203125 1945.203125 1919.265625 1884.453125 1843.140625 1833.953125 1771.859375 1706.234375 1781.859375 1868.328125 1936.234375 1988.875
1626.5 1694.046875 1733.421875 1745.5 1778.09375 1836.015625 1863.28125 1909.140625 1979.765625 2011.5 2032.109375 2115.96875 2167.8125 2188.1875 2185.96875 2175.734375 2152.09375 2108.875 2080.375 2092.28125 2116.75 2140.78125 2166.125 2161.953125 2155.796875 2189.703125 2225.546875 2214.5625 2224.203125 2205.6875 2197.65625 2187.828125 2189.953125 2182.703125 2173.546875 2161.296875 2152.4375 2145.734375 2134.453125 2130.078125 2135.25 2118.4375 2094.46875 2062.984375 2021.96875 1948.6875 1907.1875 1846.515625 1738.328125 1678.390625 1722.609375 1642.109375 1661.984375 1713.359375 1801.75 1875.0625 1899
1616.1875 1608.28125 1628.890625 1653.796875 1708.28125 1775.1875 1816.65625 1897.6875 1930.109375 1919.171875 1937.53125 2008.984375 2087.25 2139.078125 2157.84375 2157.703125 2151.359375 2137.421875 2125.296875 2098.84375 2105.28125 2131.875 2148.90625 2167.921875 2168.546875 2160.515625 2172.46875 2188.828125 2241.5 2250.453125 2223.203125 2187.328125 2172.328125 2170.640625 2167.953125 2165.3125 2160.796875 2159.890625 2156.296875 2163.71875 2168.765625 2153.375 2078.1875 2013.28125 1929.109375 1857.15625 1805.59375 1753.34375 1672.6875 1645.171875 1602.078125 1581.640625 1585.5 1664.703125 1705.40625 1779.296875 1812.15625
1590.078125 1583.75 1564.359375 1611.0625 1676 1744.609375 1798.875 1847.84375 1816.203125 1848.484375 1873.265625 1912.453125 1960.921875 1998.234375 2032.390625 2061.15625 2083.84375 2089.09375 2090 2082.46875 2094.546875 2098.265625 2105.296875 2152.171875 2181.578125 2183.203125 2187.875 2182.21875 2176.296875 2195.484375 2217.5 2204.203125 2177.859375 2175 2169.6875 2174.328125 2180.0625 2169.65625 2166.71875 2188.265625 2220.1875 2188.40625 2084.984375 1958.953125 1840.078125 1775.625 1682.28125 1617.25 1564.734375 1551.625 1558.328125 1548.3125 1513.4375 1524.71875 1601.140625 1630.1875 1680.203125
1626.140625 1567.84375 1414.234375 1521.671875 1647.953125 1725.546875 1771.890625 1755.984375 1729.640625 1761.96875 1788.359375 1808.421875 1825.515625 1868.1875 1931.671875 2013.453125 2044.859375 2082.921875 2126.265625 2148.8125 2146.21875 2123.90625 2128.640625 2157.375 2178.09375 2180.09375 2178.4375 2174.296875 2171.515625 2179.9375 2176.546875 2199.375 2187.5625 2181.515625 2171.015625 2162.703125 2148.03125 2113.640625 2117.21875 2192.734375 2218.59375 2175.625 2062.171875 1904.0625 1777.875 1665.796875 1530.3125 1530.640625 1574.6875 1651.5 1650.609375 1765.75 1738.140625 1675.25 1802.96875 1873.296875 1901.203125
1682.953125 1645.3125 1476.40625 1516.78125 1643.59375 1682 1663.640625 1623.859375 1645.90625 1720.078125 1778.953125 1799.484375 1837.328125 1904.671875 1960.984375 2013.625 2085.375 2142.71875 2178.140625 2188.40625 2173.765625 2170.984375 2167.703125 2168.328125 2164.296875 2167.078125 2162.140625 2166.046875 2177.28125 2178.28125 2182.984375 2158.984375 2132.21875 2147.09375 2160.828125 2171.984375 2146.1875 2123.015625 2144.578125 2194.59375 2192.75 2119.25 1874.546875 1777.21875 1693.65625 1612.875 1507.1875 1583.546875 1628.203125 1725.484375 1766.78125 1820.046875 1846.78125 1851.109375 1915.71875 1910.390625 1836.71875
1758.765625 1727.5625 1680.015625 1660.09375 1698.640625 1700.625 1716.0625 1778.34375 1784.015625 1800.34375 1794.125 1823.140625 1875.359375 1931.65625 1999.5 2077.125 2135.25 2183.75 2199.453125 2207.28125 2202.46875 2211.796875 2220.046875 2223.0625 2225.203125 2221.5 2216.5625 2195.625 2187.8125 2178.078125 2167.421875 2141.015625 2116.390625 2078.328125 2036.484375 2031.984375 2064.328125 2105.765625 2150.8125 2165.875 2121.921875 1960.609375 1774.0625 1624.375 1618.171875 1508.78125 1531.046875 1615.40625 1694.328125 1716.078125 1806.484375 1862.046875 1886.625 1900.34375 1847.375 1742.953125 1720.109375
1854.6875 1812.96875 1797.21875 1782.71875 1775.09375 1795.609375 1845.84375 1883.09375 1895.296875 1870.515625 1868.140625 1911.265625 1966.4375 2010.21875 2060.609375 2117.546875 2169.0625 2204.65625 2208.578125 2215.578125 2219.34375 2209.96875 2202.625 2178.421875 2157.8125 2161.71875 2181.734375 2176.75 2167.9375 2159.015625 2139.296875 2109.015625 2078.8125 2055.921875 2030.859375 1987.328125 1971.75 1976.125 2060.046875 2066.03125 1952.796875 1861.390625 1750.953125 1644.515625 1578.125 1518.171875 1558.25 1589.375 1637.8125 1817.265625 1832.765625 1843.265625 1814.578125 1802.359375 1792.84375 1765.546875 1764.71875
1844.5625 1854.4375 1863.1875 1848.234375 1848.578125 1854.875 1883.609375 1924.265625 1959.328125 1920 1950.84375 1973.59375 2065.90625 2160.4375 2190.9375 2226.1875 2216.34375 2206.609375 2198.953125 2198.296875 2192.1875 2177.984375 2172.328125 2171.796875 2165.265625 2164.84375 2173.484375 2164.90625 2153.21875 2139.796875 2116.953125 2093.671875 2064.1875 2041.5625 2018.265625 2002.3125 2004.015625 2006.265625 2008.65625 1901.5 1787.140625 1714.359375 1625.046875 1517.328125 1444.6875 1515.640625 1576.40625 1687.03125 1773.734375 1810.03125 1782.515625 1808.328125 1784.46875 1768.546875 1776.140625 1787.84375 1722.546875
