Cases/SDM_Urocitellus_beldingi/westernUsClimate_modern/BIO19.asc
NCOLS 316 
NROWS 299 
XLLCORNER -124.820833001 
YLLCORNER 29.1625003333339 
CELLSIZE 0.0666666666645545 
NODATA_value -3.4e+38 
[rows 150 to 174 of 299, columns 168 to 223 of 316]
7837.5 5562.09375 3224.625 4309.890625 4704.265625 3549.9375 3195.4375 3526.4375 3927.78125 4181.125 5952.015625 6306.28125 5258.078125 5070.015625 4858.15625 5143.609375 6247.65625 6243.5625 7737.90625 9347.0625 9613.015625 11612.921875 16080.5625 7962.53125 11040.796875 6948.78125 5443.765625 6369.65625 8742.0625 15816 21822.453125 25717.890625 22187.8125 16713 17731.0625 12536.09375 6029.125 4280.59375 4186.453125 4212.109375 4065.859375 4494.6875 5287.390625 4913.6875 4722.296875 5247.03125 6076.734375 4783.5625 4181.671875 3891.03125 4363.859375 3858.671875 3582.578125 4626.09375 5711.96875 6726.296875
8991.90625 12226.484375 4518.515625 3398.875 3632.6875 3115.109375 2994.265625 3680.3125 3860.15625 5889.859375 8045.265625 5843.140625 5253.171875 5571.265625 5661.6875 6004.984375 6513.59375 7092.859375 9227.1875 10128.234375 10099.84375 15379.34375 17782.046875 9151.609375 7682.484375 6011.59375 5309.15625 7655.8125 11701.1875 17155.546875 21296.984375 23440.078125 22382.984375 13773.40625 11447.9375 7394.984375 5417.546875 4467.46875 4454.03125 4319.8125 4602.8125 5143.203125 5467.625 5226.640625 4814.203125 4708.96875 4637.984375 4442.546875 4019.765625 3676.65625 3448.09375 3354.359375 3440.8125 3819.765625 4645.234375 5380.125
4579.859375 8544.3125 4837.421875 3676.359375 3708.703125 3057.671875 2927.21875 3531.125 4324.578125 7858.953125 8274.828125 6022.59375 5557.515625 6326.703125 6616.171875 7004 7299.4375 7582.4375 9617.28125 10981.1875 13262.21875 17751.0625 17448.859375 13022.75 6871.609375 5036.953125 6094.1875 8254.890625 9025.3125 14109.953125 15555.109375 13398.234375 10944.03125 8233.171875 6725.453125 5085.8125 4334.734375 4593.484375 4329.59375 4680.25 5340.8125 5629.703125 6055.453125 5418.28125 5169.875 5779.6875 5543.984375 4572.171875 3724.09375 3691.703125 3481.3125 3412.21875 3607.265625 3759.0625 4102.359375 4527.234375
4059.578125 4599.984375 4011.140625 3518.171875 4120.265625 3071.375 2939.875 3445.671875 5725.734375 8681.484375 8039.03125 6119.546875 5261.21875 6159.0625 6910.734375 7916.1875 8309.671875 9016.1875 10266.21875 15781.53125 22578.1875 17568.5 13420.28125 9331.265625 5055.421875 5549.21875 6848.90625 10165.5625 10835.890625 13969.03125 11542.734375 10018.59375 9058.15625 6607.84375 4422.203125 4147.21875 4408.703125 4270.734375 4408.421875 5011.015625 6316.9375 6851.0625 6907.75 5903.453125 5663.03125 6014.71875 6062.578125 4343.84375 3608.46875 3666.6875 3643.71875 3562.71875 3599.828125 3865.46875 4153.53125 4350.5
4560.84375 3781.515625 3452.84375 3435.765625 3582.53125 2971.953125 2879.953125 3485.109375 5894.875 6815.78125 5290 5087.109375 5556.546875 6139.5625 7154.78125 8391.15625 9531.84375 10075.296875 11315.625 16683.609375 17971.03125 12105.15625 7509.265625 4655.09375 4583.5625 6696.796875 8932.796875 13231.265625 16398.921875 19888.390625 13786.828125 8659.21875 7346.96875 5596.09375 4501.5625 4204.140625 4004.890625 3927.03125 4425.578125 5592.4375 6449.171875 6447.328125 5778.46875 5232.9375 4962.484375 5133.96875 4978.390625 3894.125 3497.78125 3554.984375 3904.046875 3589.53125 3354.609375 3613.140625 4176.015625 4277.53125
4686.328125 3685.90625 3361.84375 3164.03125 3090.4375 2869.40625 2861.265625 3834.828125 5187.71875 4635.75 4729.640625 6179.546875 6654.234375 7802.8125 8199.0625 8830.8125 10881.046875 12950.046875 12948.421875 12663.515625 10988.09375 7382.859375 4925.875 4201.796875 5067.3125 8658.40625 9741.8125 14715.359375 22196.078125 24205.4375 17910.90625 12177 8447.265625 6161.140625 4721.359375 4006.34375 3743.8125 3766.484375 4240.75 5036.234375 4825.265625 4959.96875 4924.9375 4693.03125 4722.171875 4451.5625 4173.03125 3832.765625 3739.40625 3618.8125 3660.09375 3770.75 3441.25 3770.328125 4238.0625 4466.625
5450.171875 4299.84375 3322.359375 2833.421875 2821.453125 3453.078125 4001.96875 4676.1875 4689.65625 4492.078125 4813.28125 5743.8125 7091.125 8034.609375 8293.21875 8551.640625 10083.515625 11687.140625 12349.28125 12766.171875 8200.046875 5071.59375 4690.46875 7679.765625 18509.390625 15286.78125 8416.171875 15579.8125 24185.828125 18230.25 14820.859375 15954.03125 9842.9375 6182.046875 4348.59375 3893.40625 3710.171875 3832.125 3915.140625 3881.3125 4446.90625 4637.609375 4807.859375 4780.34375 4167.109375 3764.453125 3854.96875 3965.53125 4092.171875 4110.09375 4209.609375 4080.34375 4027.984375 3980.828125 4266.671875 4322.828125
5960.1875 6462.015625 3720.609375 2668.84375 3140.90625 5683.875 5136.34375 4859.765625 4470.328125 4674.015625 5051.84375 7025.953125 7668.421875 7701.828125 8291.546875 8532.546875 9854.484375 8689.328125 8442.34375 7723.640625 5346.03125 4503.390625 5146.71875 13420.421875 22777.71875 16498.59375 6788.84375 17077.859375 23949.703125 14915.46875 12677.421875 13595.828125 8979.46875 5022.578125 3866.734375 3756.0625 3707.015625 3886.640625 4051.34375 3698.828125 4071.796875 4335.390625 4242.203125 4028.703125 3972.4375 3916.953125 4167.375 4131.0625 4228.8125 4291.34375 4259.828125 4104.09375 4296.3125 3987.515625 3889 3918.875
5128.421875 6000.640625 3265.953125 2580.046875 4741.265625 7835.75 5681.34375 5725.03125 4199.703125 4888.046875 5699.03125 7853.546875 9185.875 8019.15625 8373.359375 9167.8125 17986.609375 12479.421875 11880.578125 12145.609375 6102.140625 4735.25 12446.59375 20928.484375 17366.015625 9235.5 5416.171875 17212.859375 18931.125 14361.1875 8398.703125 10053.515625 10388.296875 5077.921875 3664.734375 3568.03125 3703.578125 3747.703125 3856.671875 3584.484375 3373.296875 3457.875 3644.890625 3821.15625 3778.84375 4334 5145.921875 4934.953125 4205.578125 4263.171875 4011.21875 3777.140625 4267.390625 4057.21875 3677.75 3808.34375
6355.734375 5972.921875 3058.328125 2822.15625 4454.3125 6384.703125 5619.578125 5316.34375 4813.140625 5306.8125 6403.75 8493.921875 11580.28125 9633.6875 9038.625 10349.953125 18998.796875 20326.875 26528.765625 14879.75 4994.671875 4314.421875 13835.796875 18749.25 13618.578125 5262.5 6762.671875 11628.796875 10589.21875 6878.34375 4480.734375 10574.78125 13621.546875 5986.234375 3463.75 3343.328125 3470.015625 3692.765625 3490.453125 3102.59375 3372.109375 3157.28125 3149.265625 3234.796875 3497.203125 3953.296875 4735.328125 5156.1875 5091.09375 4538.5 3976.21875 3826.625 4459.375 4036.28125 3897.46875 3729.890625
9053.375 5852.34375 3835.3125 3538.015625 4527.21875 5625.421875 5813.640625 5984.875 5178.828125 5590.390625 6786.96875 9384.375 10533.25 7555.59375 7121.859375 9166.359375 15593.125 23854.53125 30311.703125 19816.578125 5332.109375 3862.53125 6605.46875 16615.5625 11396.828125 4306.359375 10452.09375 8445.109375 5808.234375 3134.34375 3060.921875 9951.53125 11946.6875 6710.15625 4011.8125 3217.765625 3244.796875 3533.84375 3546.796875 3590.03125 3514.953125 3253.359375 2999.796875 2860.203125 3010.640625 3445.46875 4101.375 4600.046875 5033.359375 5067.03125 3820.28125 4349.0625 4604.453125 3854.390625 3754.640625 3747
10271.4375 6712.046875 5464.0625 4967.234375 5435.171875 5994.734375 5990.640625 5387.375 5365.515625 5727.65625 8370.265625 10416.171875 7849.984375 6600.09375 6630.453125 8058.9375 14405.71875 22776.078125 26920.609375 21670.34375 6492.34375 4021.078125 4843.515625 13081.78125 4968.34375 7184.8125 15870.359375 10172.671875 6745.921875 4251.609375 3044.96875 4394.34375 6025.953125 4958.890625 4187.984375 3533.078125 3114.359375 3467.09375 3727.25 3724.5 3337.046875 3195.796875 3086.640625 3005.53125 2986.21875 3155.84375 3619.578125 4447.4375 5144.125 5363.109375 4274.59375 4564.28125 4532.859375 4251.25 3779.46875 3703.609375
11345.5625 9636.828125 9285.515625 6668.84375 5497.78125 5304.578125 4774.640625 4946.15625 5611.46875 5875.625 7469.1875 8364.84375 6722.46875 6535.28125 6577.53125 8106.296875 12409.9375 19842.953125 24825.6875 14957.4375 5053.671875 4217.03125 7205.4375 10631.78125 3176.875 8426.53125 16012.921875 11952.4375 8733.015625 6080.5 5240.375 7180.734375 5622.15625 3875.484375 4188.25 3357.359375 3219.75 3528.125 3726.359375 3759.859375 3414.390625 3377 3333.78125 3261.125 3205.46875 3464.171875 3848.71875 4787.75 5254.34375 5575.15625 5145.484375 4808.875 4762.796875 4572.703125 4069.578125 3646.625
11793.140625 10744.046875 9232.5 8250.28125 4901.390625 4678.78125 5338.1875 5979.65625 5952.21875 6164.875 6822.109375 7365.296875 7201.546875 7051.140625 7378.703125 8819.1875 11976.578125 21384.578125 20425.9375 7362.875 4043.328125 4014.34375 3780.375 4034.78125 2698.6875 8686.0625 14656.8125 12376.78125 12065.125 10711.921875 10487.28125 13191.1875 11331.15625 8193.546875 5751.421875 4357.09375 4000.8125 3940.25 3857.125 4003.921875 3770.40625 4160.21875 4327.734375 3688.9375 3268.875 3338 4111.4375 5082.40625 5297.078125 5471.046875 5193.96875 4919.59375 4861.59375 4527.6875 4246.921875 3872.46875
10837.421875 10199.40625 7751.1875 6514.359375 4731.203125 5821.484375 6714.09375 7054.46875 7274.328125 7497.328125 7973.59375 8992 10065.5 8845.8125 8002.53125 8623.25 10980.671875 14403.1875 9318.4375 5542.90625 4477.0625 7670.359375 11836.671875 4464.453125 2894.015625 6536.03125 13516.0625 14675.6875 15433 16118.015625 15257.03125 17138 15632.5 13234.078125 7421.734375 4546.640625 5011.34375 4630.828125 3848.921875 4192.984375 4444.421875 11210.171875 14918.609375 5458.765625 3714.3125 3635.46875 3863.453125 5119.328125 5217.234375 5449.53125 5614.109375 5422.0625 5009.390625 4455.3125 4075.8125 3846.78125
8323.921875 8754.984375 6601.09375 4987.28125 4971.125 6023.515625 7179.109375 7454.71875 8110.78125 8187.21875 8189.875 9212.96875 9236.75 7524.640625 7812.015625 9810.8125 11868.015625 9770.03125 7461.25 7250.921875 9266.84375 17309.71875 14581.734375 6917.546875 3700.53125 6875.796875 14185.734375 17052.265625 18689.328125 19697.03125 20046 19814.453125 18201.28125 16179.765625 10231.3125 5436.859375 5133.390625 5009.1875 4446.203125 4734.640625 4902.8125 12652.015625 18894.359375 6727.703125 4099.90625 4169.46875 3921.765625 5141.765625 5179.015625 5394.140625 5696.4375 6087.65625 4923.234375 4254.265625 4575.390625 4590.1875
6189.640625 5786.96875 4952.109375 4817.875 5024.59375 5898.421875 6586.59375 7230.375 7581.296875 7456.09375 7746.578125 8151.390625 7187.421875 7196 9240.640625 11202.328125 9026.5 7736.0625 6205.15625 7985.09375 16836.40625 20289.96875 14865.796875 9017.859375 5291.125 10091.3125 17379.09375 17797.8125 19312 16306.40625 16752.34375 15395.1875 11003.328125 12245.8125 9354.40625 6415.234375 5420.734375 5305.34375 4785.203125 5149.75 5357.984375 6447.0625 14556.703125 5635.8125 4582.75 4543.5625 4540.328125 5207.765625 5325.625 6040.5 5969.671875 5411.390625 4811.171875 4904.71875 5719.015625 5852.34375
5601.296875 5418.921875 5113.046875 5123.734375 5315.171875 6328.8125 6724.3125 6998.9375 7005.15625 7107.21875 7405.203125 7174.078125 7045.703125 8109.234375 10971.140625 11891.375 9582.125 5278.0625 5277.140625 8045.484375 14051 17610.53125 13777.296875 8008.046875 5529.375 13702.234375 19291.40625 17396.859375 17189.015625 10848.265625 9195.515625 7988.09375 7197.484375 6534.296875 6367.234375 5878.609375 5381.515625 5727.890625 4913.890625 4850.65625 5054.03125 5458.828125 12232.75 7861.140625 7676.28125 5012.859375 4657.921875 4892.203125 5113.03125 5939.578125 5287.703125 4844.515625 5587.59375 6211.3125 6102.90625 6358.671875
6063.578125 5803.25 5729.53125 5756 6050.8125 6642.765625 7047.765625 6919.84375 6875.1875 7387.203125 7213.703125 7155.328125 7891.75 11943.390625 14547.28125 15441.578125 8332 4649.609375 4863.8125 7788.640625 14614.328125 14351.890625 11621.390625 7044.046875 6098.53125 13325.421875 18974.75 12064.234375 9279.21875 7331.78125 7126.234375 6297.4375 6115.015625 5925.390625 5736.875 5654.625 5274.765625 5677.546875 4921.234375 4367.421875 4431.609375 4440.96875 4835.734375 7935.9375 8330.953125 5073.234375 4624.9375 4526.3125 4203.703125 4853.8125 4875.515625 5109.234375 5579.96875 6363.96875 7066.734375 7933.109375
6066.65625 6161.125 6930.625 7256.078125 6900.15625 7050.65625 7287.75 7078.859375 6989.515625 7400.15625 8099.546875 9700.6875 11155.34375 20709.46875 19845.078125 15939.546875 10146.421875 6417.65625 5549.859375 8994.15625 12264.359375 11716 9313.390625 7662.015625 8567.640625 15392.203125 14328.515625 8859.125 6917.859375 6238.53125 6289.234375 5964.25 5536.65625 5275.90625 5129.71875 5423.296875 5217.203125 5303.765625 5246.53125 4304.578125 4215.65625 4203.640625 4386.40625 4629.359375 5013.546875 5973 5056.15625 4510.703125 4342.578125 4650.109375 4986 5373.890625 5946.140625 6685.640625 7341.546875 9061.3125
6347.984375 7390.984375 10208.4375 8581.203125 8129.421875 7708.96875 7249.84375 7190.71875 7265.078125 11170.625 16604.046875 20758.25 22601.15625 19809.765625 16325.765625 15475.375 14052.484375 10039.703125 6849.9375 10381.546875 10932.828125 9088.296875 8448.546875 9007.265625 9914.828125 14322.640625 14639.578125 8472.59375 7128.890625 6760.359375 5801.609375 5556.96875 5473.84375 5126.09375 4618.546875 4619.75 5154.484375 5129.703125 4867.671875 4616.078125 4240.296875 4404.671875 4426.296875 4509.625 5099.265625 5396.859375 4626.9375 4380.171875 4589.09375 5228.984375 5173.375 5208.9375 5934.140625 6975.90625 8713.765625 9144.9375
8094.84375 9075.53125 10035.296875 10885.1875 9908.578125 8453.703125 7264.078125 6901.671875 8130.734375 10887.5625 18516.109375 24052.859375 24345.546875 18433.109375 15696.125 15695.53125 13223.328125 8601.75 7886.171875 12629.4375 11072.328125 9701.234375 8374.609375 7512.015625 7353.125 8757.375 8938.96875 9437.21875 8128.421875 6956.703125 6389.328125 5353.75 4977.5 4806.203125 4396.171875 4281.578125 4602.390625 4915.15625 4556.796875 4930.921875 4578.890625 4347.515625 4328.40625 4156.015625 4269.6875 4554.9375 4433.859375 4547.5625 4623.78125 4954.515625 5503.90625 5361.046875 5513.09375 6480.25 7883.703125 10557.421875
11315.84375 11045.296875 11355.09375 13063 13143.390625 11016.359375 7789.8125 8421.484375 18034.34375 21005.390625 20293.609375 23454.34375 23433.03125 19258.03125 16701.5625 16031.71875 13202.890625 9600.90625 13425.4375 16950.3125 13717.703125 10393.171875 7870.5 6836.8125 6647.359375 7345.25 7939.046875 9901.125 8899.21875 7641.328125 7414.8125 6885.25 5424.8125 5056.046875 4625.875 4834.828125 4613.75 4787.234375 4568.015625 4959.015625 4987.46875 4022.390625 3747.453125 3776.46875 3885.796875 4113.859375 4607.34375 5151.515625 5347.265625 5038.609375 5400.625 5785.546875 5662.65625 6125.109375 6408.203125 6707.453125
12262.515625 13039.765625 14213.984375 14746.453125 15389.390625 13698.5625 8895.21875 17249.375 27523.359375 22909.265625 20237.375 21479.078125 23479.78125 19993.671875 17534.265625 16090.4375 14702.15625 14467.546875 17924.03125 18623.53125 15196.15625 8194.6875 6798.234375 6729.859375 7052.65625 7339.609375 7790.25 7834.4375 8480.515625 7743.25 7144.796875 6716.015625 6315.734375 5983.84375 5021.171875 4623.65625 4479.546875 4441.28125 4431.078125 4691.578125 4956.140625 4291.5625 3686.625 3662.390625 3611.796875 4192.921875 4738.109375 5374.1875 5479.921875 5328.125 5052.078125 4890.140625 5567.9375 5886.828125 5853.65625 5589.140625
13818.421875 14271.71875 15396.78125 17748.875 16200.3125 12558.4375 10583.078125 12442.6875 20886.109375 18959.59375 14960.421875 17501.5 15255.5 17968.96875 16800.203125 15284.984375 15046.828125 16008.921875 19117.71875 18717.21875 15665.421875 8906.0625 6976.453125 7032.75 7143.078125 7240.296875 7210.890625 6970.71875 7547.734375 7613.1875 7553.609375 7308.1875 7108.359375 7480.25 7101.4375 5173.046875 4631 4492.5625 4266.0625 4366.6875 4671.984375 4813.5625 4031.828125 3606.40625 3691.15625 4110.109375 4535.5625 5258.953125 5752.6875 5718.703125 5690.8125 4445.1875 4689.640625 5133.953125 5500.078125 5714.28125
