Cases/SDM_Urocitellus_beldingi/westernUsClimate_modern/BIO14.asc
NCOLS 316 
NROWS 299 
XLLCORNER -124.820833001 
YLLCORNER 29.1625003333339 
CELLSIZE 0.0666666666645545 
NODATA_value -3.4e+38 
[rows 189 to 209 of 299, columns 230 to 275 of 316]
551.910936355591 612.799220085144 625.328616142273 735.340238571167 1226.47969722748 1517.24736976624 1299.6053686142 1333.80576515198 843.982710838318 613.31679725647 532.747067451477 453.922358989716 445.349901676178 516.255564212799 558.9638671875 626.275295257568 729.195406913757 863.137593269348 947.268463134766 916.180762290955 960.323341369629 991.431247711182 1062.81933116913 1166.37871551514 1208.67851448059 1128.17958259583 1099.32382774353 1227.13232040405 1222.06679153442 1256.25225067139 1341.20712280273 1397.7456111908 1505.96201896667 1681.92460632324 1827.552734375 1954.74092292786 2011.33672523499 2117.08857345581 2253.52626419067 2235.37959289551 2478.38046455383 2263.97831344604 2069.27774620056 1717.07656478882 1691.507604599 2050.37314605713
609.779195785522 633.368847846985 674.091404914856 700.270315170288 1000.89140415192 1621.18876457214 1425.70674133301 1058.31826019287 785.987401008606 642.406641960144 530.722267627716 454.288769245148 460.475877285004 505.661134243011 588.510254859924 650.493848800659 767.798922538757 844.458784103394 950.321192741394 1036.44463157654 1054.38223361969 1091.15585899353 1154.26366996765 1220.99403953552 1257.11250495911 1233.43935966492 1192.83320045471 1275.60948371887 1213.52216720581 1314.40634155273 1313.15010261536 1454.27080726624 1684.74366378784 1850.74061584473 1915.98319625854 1977.3828125 1981.5070438385 2064.57929801941 2106.28817749023 2046.08613967896 2184.49952888489 2308.72598648071 2496.90839958191 2292.05605888367 1851.01962661743 1952.92274856567
640.083106040955 699.748240470886 712.96445274353 764.357423782349 951.791896820068 1337.67851638794 1639.60137367249 1537.15351676941 988.991991043091 688.516409873962 538.519238471985 473.806443214417 479.746875286102 514.745797157288 573.744238853455 710.863867759705 839.843266487122 883.172949790955 933.496094703674 999.744534492493 1052.30088615417 1110.78134155273 1201.03993988037 1253.83340072632 1240.00556373596 1247.83720779419 1273.50409889221 1383.87821769714 1257.22618484497 1268.9975528717 1283.34999465942 1423.66484260559 1564.14130592346 1683.06415748596 1828.57196998596 1904.33799743652 1975.08544921875 2071.62898635864 2054.89882278442 1977.27293968201 2265.91005134583 2810.14454078674 1754.25996589661 1817.28467178345 1320.50967216492 1429.68329811096
708.639741897583 714.231638908386 749.626954078674 794.12392616272 819.537402153015 956.857127189636 1225.68974685669 1594.57343864441 1266.68954563141 738.520705223083 562.759275436401 484.540916919708 480.411424636841 497.004002571106 696.020503997803 780.791892051697 854.104102134705 894.060547828674 971.89511013031 982.603025436401 1028.91561985016 1061.48691940308 1147.18496513367 1226.24345397949 1270.9848613739 1285.5761756897 1302.66191864014 1325.99551010132 1266.70068359375 1239.4033164978 1283.53027534485 1364.11289405823 1571.13466262817 1823.26298522949 1955.58408927917 1974.76211166382 2030.50928497314 2103.98241996765 2065.24793815613 2074.79658889771 2525.1047744751 3358.00155258179 2898.82929229736 1539.37412452698 845.563768386841 760.553809165955
708.627640724182 720.727927207947 775.882225990295 791.107711791992 839.405563354492 806.619338989258 1063.05605220795 1435.87079811096 1570.8168888092 932.764841079712 690.474024772644 566.520993709564 525.649316310883 586.786136627197 762.756637573242 835.820413589478 891.318455696106 957.424220085144 985.729397773743 1032.57118415833 1053.61581707001 1061.73740386963 1098.76532554626 1180.80352210999 1203.26181983948 1258.20887756348 1327.20380210876 1338.62754058838 1286.30156517029 1283.61464309692 1318.59813690186 1390.39716720581 1577.77069473267 1809.20467567444 1983.63242912292 2030.44756126404 2085.83222579956 2092.33974075317 2236.00830078125 2511.65507507324 2873.23378372192 2712.71963691711 2130.25976371765 1244.56875991821 1230.99716949463 1058.95693683624
658.935935020447 719.387207984924 727.466115951538 757.837692260742 788.222459793091 797.810249328613 908.380075454712 1133.74677944183 1625.82402229309 1322.69092273712 903.585548400879 702.301661491394 591.586136817932 606.973630905151 800.376168251038 891.392194747925 942.553611755371 963.763278007507 985.242970466614 1019.97333431244 1054.29462242126 1069.90146636963 1076.146484375 1087.00858879089 1138.74824523926 1200.26885032654 1271.07529258728 1348.03241539001 1356.80000305176 1413.50117301941 1504.42694854736 1553.94658660889 1583.34072494507 1747.2856426239 1861.55702781677 1989.23055839539 2075.57059860229 2043.86660575867 2413.62092208862 3232.85781860352 3492.52626800537 2896.13105773926 2463.82489204407 2608.7003993988 2702.35077095032 2280.26991081238
681.922657012939 719.317869186401 713.038279533386 770.692770004272 781.96298789978 758.022167205811 806.449515342712 900.366409301758 1323.25917720795 1336.3959980011 1011.82666110992 763.78554725647 629.433888435364 602.909182548523 736.364650726318 861.170991897583 898.775879859924 901.11806678772 906.065527915955 936.103610992432 1035.79912281036 1069.0654296875 1088.67128181458 1094.13418579102 1099.02392578125 1181.16611671448 1264.62022018433 1325.30771636963 1357.43945121765 1373.34814834595 1509.99833869934 1683.0336933136 1670.5444355011 1838.61445999146 1919.95957756042 1980.87030792236 2024.94775390625 1986.71942901611 2329.93135452271 3128.70919418335 3185.79727935791 3045.87041091919 3178.79092788696 3385.82099151611 3595.49335098267 3616.15850448608
667.646874427795 713.029587745667 758.079782485962 781.716505050659 808.913283348083 727.701462745667 746.802736282349 870.732319831848 1048.72294807434 1212.03896903992 1109.5479593277 853.395210266113 713.783008575439 657.812013626099 771.568459510803 924.302738189697 905.184277534485 890.650196075439 855.811521530151 867.858304023743 961.094042778015 1080.88642692566 1115.46367073059 1095.27968788147 1156.21445274353 1197.79941368103 1247.57353591919 1251.7348613739 1256.76006126404 1227.75995826721 1264.67831993103 1388.83769989014 1501.46983337402 1636.5317401886 1639.18779563904 1667.53632164001 1737.83290863037 1783.19677352905 2125.51708602905 2790.59559249878 2943.50458908081 2939.24844741821 2941.0742149353 3017.55274200439 3195.65428161621 3738.95701980591
647.773728370667 708.877828598022 759.438477516174 855.085545539856 780.746972084045 724.832521438599 778.868358612061 895.627241134644 944.612992286682 1091.94140720367 1179.33310508728 927.95156288147 776.936912536621 688.053612709045 880.839062690735 948.837501525879 958.47548866272 909.73388671875 820.278128623962 820.114847183228 908.777146339417 1076.78906345367 1173.72118186951 1164.97969055176 1166.54717063904 1265.18974685669 1317.38290596008 1295.83193588257 1189.63213539124 1094.75946998596 1102.26992034912 1234.70038986206 1340.83515930176 1391.92685699463 1442.08203315735 1547.13281822205 1658.18339920044 1553.68389129639 1980.50331306458 2891.40156173706 2888.85018920898 2822.12274932861 2890.74297332764 2973.87284851074 3128.59687423706 3546.07371902466
688.336915016174 716.532909393311 819.420116424561 886.820797920227 785.531736373901 773.05087852478 766.759473800659 884.160937309265 998.054589271545 927.721875190735 889.599804878235 823.668848991394 776.102834701538 861.488373756409 989.248733520508 1020.6889705658 1059.85966682434 1069.66923999786 973.380372047424 984.430759429932 1042.19638156891 1109.77402496338 1186.71699523926 1239.93008041382 1230.67383384705 1249.00420188904 1284.04121398926 1446.3735370636 1443.85752677917 1314.41474914551 1242.17783737183 1193.7563495636 1208.87431144714 1166.63906669617 1221.11972999573 1415.7094745636 1629.18212509155 1617.23036766052 2070.72784233093 2948.14443588257 2858.65468978882 2863.62665939331 2857.3147315979 3019.85224914551 3355.41738510132 3538.68104553223
705.012795448303 712.92666053772 770.846092224121 841.175096511841 776.446094512939 690.191505432129 666.537205696106 828.629492759705 932.75341796875 891.784079551697 851.431442260742 814.497756004333 804.9091796875 890.387113571167 945.70468711853 1035.14218616486 1122.02490234375 1187.13721084595 1179.28672218323 1202.26435470581 1198.27226638794 1153.52948760986 1161.52012062073 1228.50312805176 1286.05380630493 1344.83828163147 1351.51571083069 1311.68574714661 1289.65224266052 1319.20488739014 1362.0307598114 1333.55868339539 1246.86386108398 1066.52490234375 1059.98945045471 1157.78671646118 1398.87481307983 1362.75156021118 1930.21748924255 3020.05188751221 2780.83612442017 2776.21719551086 2794.87343597412 3063.40692901611 3497.87977981567 3159.87188339233
700.886134147644 709.797659873962 772.70888710022 832.156929969788 834.558301925659 706.443945884705 659.548629760742 786.302735328674 893.35654258728 879.623435020447 824.693554878235 820.519530296326 844.324311256409 974.230662345886 1051.58290195465 1157.72314834595 1256.08477401733 1285.71641159058 1284.35488510132 1285.48661804199 1291.55790519714 1261.10194969177 1253.62978744507 1291.71728515625 1347.70185089111 1399.39003753662 1347.2338924408 1248.21806526184 1164.88399124146 1153.8090877533 1164.85976219177 1129.72968482971 1103.82626914978 1028.13984203339 1031.71269035339 1103.96670532227 1220.1650428772 1163.81562042236 1464.66416358948 2858.18759346008 2227.95566368103 1762.00254249573 2399.7387676239 3029.35779571533 2995.16944122314 2353.06084251404
695.935153961182 731.512893676758 813.782029151917 948.409766197205 964.001950263977 907.111136436462 857.061227798462 857.088669776917 896.346095085144 902.870510101318 836.141994476318 847.696581840515 1063.70058631897 1138.86953353882 1180.079870224 1237.77509307861 1316.83681869507 1354.70713233948 1495.20878410339 1480.67723846436 1394.14052581787 1354.28652381897 1345.86534118652 1383.11484336853 1409.23331451416 1396.96640586853 1315.25702667236 1237.5991230011 1165.99882316589 1146.21435451508 1083.98759078979 1051.70156669617 1029.42743682861 980.499516487122 1018.46747589111 1092.17186832428 1171.34862709045 1114.40302944183 1177.50957679749 2157.12364196777 1682.16015434265 1199.70185661316 1733.27392196655 2357.22451591492 2254.42089271545 1829.94599151611
653.676856040955 732.289546966553 848.052248001099 1002.96572208405 1004.93232536316 960.336912155151 905.145112991333 900.009373664856 910.300388336182 897.637699127197 860.81005859375 989.981834411621 1084.8032169342 1082.34072971344 1140.14696884155 1180.29394721985 1191.32547950745 1269.50527000427 1440.85028457642 1681.57441329956 1604.55693244934 1565.45116615295 1476.52225875854 1416.25136756897 1403.50888061523 1351.51894187927 1271.98359680176 1206.48731040955 1112.04775619507 1004.53495597839 997.510551452637 1130.66504192352 1042.38300800323 1016.38613510132 867.801950454712 944.934959411621 1056.11826133728 1074.13554859161 1090.19072437286 1317.22080230713 1276.47733688354 1157.61641311646 1645.87001037598 1882.42509841919 1784.54306602478 1444.03330230713
604.968849182129 706.306053161621 853.948048591614 901.146777153015 930.397950172424 909.630373001099 892.276173591614 904.116991043091 902.401659965515 941.249900817871 1012.58271408081 1035.592669487 1050.18037033081 1094.23125076294 1149.69073486328 1172.67744064331 1222.66249465942 1352.64627838135 1433.49901390076 1603.93642997742 1445.6035118103 1441.27754211426 1521.67803001404 1610.14638900757 1413.94413948059 1379.13290596008 1291.08281612396 1076.48945617676 916.499216079712 905.907814025879 931.26006603241 1286.35225391388 1259.15624427795 1138.58515357971 932.081936836243 886.647653579712 1078.01279067993 1050.98193645477 1044.82138347626 1094.29589557648 1154.89033508301 1230.80303001404 1339.17060852051 1637.14413642883 1566.84951019287 1208.3759765625
591.459180831909 630.241209030151 738.778614044189 879.113086700439 866.353707313538 854.817672729492 893.183300018311 886.41074180603 938.693552017212 1020.02763557434 1047.28221893311 1076.15937423706 1168.78359794617 1190.98779296875 1214.13349151611 1190.63623428345 1225.74356651306 1324.69541358948 1614.05127906799 1693.57011604309 1393.79999542236 1257.84413909912 1310.42109489441 1487.14668083191 1284.55693340302 1196.50585842133 1025.91767883301 820.483987808228 810.185054779053 914.215626716614 1235.10967159271 1418.11630439758 1260.97471046448 1122.61953163147 941.475292205811 916.226469993591 1037.42714595795 1005.42959499359 1060.92197322845 1146.92763900757 1237.34082221985 1227.68477058411 1174.99296760559 1490.42372512817 1421.9262676239 1177.12197113037
601.146780967712 617.866698265076 696.76796913147 813.377638816833 821.836233139038 899.458494186401 844.042086601257 881.646200180054 994.844434738159 1082.28622913361 1101.24228668213 1112.34130859375 1242.71953773499 1505.4614276886 1519.62089729309 1419.33378791809 1369.89267349243 1331.39345169067 1355.60439872742 1395.82617378235 1240.6113319397 1168.83808517456 1196.39765357971 1260.38261413574 1069.13213443756 851.692387580872 809.471877098083 767.554000854492 990.677248001099 1792.76552581787 1866.60624885559 1611.53623390198 1151.24004268646 968.724022865295 911.691209793091 908.175391197205 968.095115661621 997.262696266174 1044.24188518524 1267.95750999451 1288.29414558411 1275.76875305176 1259.6186542511 1203.96787261963 1217.79228019714 1141.02519416809
597.874316215515 649.383099555969 738.498536109924 751.169139862061 709.857221603394 773.792865753174 797.370997428894 965.753708839417 1009.09423923492 1082.35957336426 1116.25821113586 1131.32852554321 1220.36787414551 1349.58270645142 1484.05274009705 1594.03436851501 1506.7944355011 1283.86133766174 1295.08193397522 1481.47353363037 1354.5668888092 1140.55087661743 1002.06015110016 1095.29873466492 985.755173683167 887.925191879272 853.537496566772 1050.83798408508 1759.50663566589 2057.65136146545 2213.72179222107 1770.67119026184 1062.69794845581 822.46640586853 913.25673866272 902.96542930603 947.022171974182 1006.78212928772 1036.70849323273 1244.66474914551 1296.41748428345 1316.54366111755 1325.43202590942 1279.28388786316 1315.70351409912 1336.07538604736
603.784665107727 672.25625038147 694.399507522583 674.50253868103 691.341602325439 733.634767532349 840.045700073242 999.779297828674 1015.89863300323 1082.44335746765 1135.11620903015 1151.14482498169 1202.3373966217 1231.82646751404 1380.2592754364 1519.26845932007 1544.71728897095 1204.48867225647 1179.85243415833 1460.05468177795 1654.52509498596 1277.45107269287 938.610161781311 982.560446739197 884.504201889038 982.713182449341 1470.06337356567 1996.34442329407 2449.72149658203 2345.95400238037 2217.79366111755 1614.73115348816 990.258010864258 880.710158348083 916.149904251099 917.839942932129 999.682615280151 1056.7562494278 1119.86991691589 1276.17880439758 1298.88719940186 1266.22128677368 1215.58465957642 1192.22391891479 1477.86582374573 2074.28788375854
590.557425498962 651.165429115295 655.862696647644 654.222850799561 663.38876914978 763.306639671326 877.65957069397 1010.65956783295 1125.89589500427 1108.46396064758 1167.39521217346 1166.50156402588 1264.38583564758 1428.38114738464 1480.18623733521 1468.97050857544 1530.30947113037 1361.78652000427 1285.16474342346 1423.54433441162 1762.77743911743 1563.40508270264 1192.60966014862 1055.08223152161 812.815528869629 920.733784675598 1356.16142082214 1952.64052009583 2351.13486480713 2067.71505355835 1774.46455383301 1047.97382831573 931.374218940735 940.362106323242 976.389161109924 1008.79189682007 1005.11484527588 1072.57871818542 1169.97088623047 1268.41513252258 1254.37050819397 1111.70927429199 1120.93465614319 1189.20411109924 1652.87295341492 2257.21710205078
559.149025917053 628.798147201538 658.799607276917 690.883690834045 725.841216087341 774.433497428894 913.587893486023 1016.71542358398 1050.85136604309 1090.47460746765 1072.0770483017 1105.91376686096 1229.19883537292 1404.4191493988 1558.08095550537 1615.04823493958 1552.04579925537 1547.80038833618 1727.78203964233 1823.47792625427 1690.06719207764 1646.62578201294 1464.09980201721 1183.19189548492 915.702438354492 904.043646812439 1291.11610794067 1198.55185317993 1344.62344169617 1126.27372932434 1144.92373275757 1062.55185508728 1021.18251895905 1031.12430953979 1031.7675743103 1021.55400085449 1031.61445045471 1115.20546913147 1167.04022789001 1211.16182136536 1201.26445198059 1031.87402915955 1063.19209480286 1081.63768959045 1508.08935928345 2530.32615470886
