Cases/SDM_Urocitellus_beldingi/westernUsClimate_modern/BIO18.asc
NCOLS 316 
NROWS 299 
XLLCORNER -124.820833001 
YLLCORNER 29.1625003333339 
CELLSIZE 0.0666666666645545 
NODATA_value -3.4e+38 
[rows 100 to 124 of 299, columns 228 to 284 of 316]
6888.828125 6867.296875 7008.296875 7181.75 7466.96875 7089.578125 7144.1875 7250.6875 7378.609375 7334.453125 7290.125 7127.015625 7190.59375 7294.859375 7356.78125 7375.25 7295.390625 7143.53125 7176.25 6895.5625 6807.671875 6974.75 6984.953125 7025.015625 7627.109375 7872.234375 6854.15625 7764.546875 7777.609375 7551.828125 7005.359375 6543.4375 6136.328125 6048.46875 6392.75 6774.453125 6748.828125 6901.390625 6795.75 6613.609375 6289.78125 6840.1875 7787.125 8431.984375 9067.765625 9476.609375 9594.78125 9016.984375 8888.109375 9591.015625 9745.109375 9709.875 9613.859375 9723.453125 10154.53125 10710.5625 11445.765625
6350.796875 6441.71875 6552.65625 6652.3125 6732.484375 6745.703125 6798.359375 6832.265625 6968.1875 7090.59375 7426.703125 7392.578125 7452.171875 7406.515625 7441.421875 7351.546875 6852.71875 6706.828125 6640.5 6628.140625 6866.515625 7026.4375 7006.515625 7000 7233.625 7322.40625 7134.359375 8031.53125 8983.953125 8989.828125 8584.859375 7219.453125 6469.53125 7464.71875 7757.640625 7811.65625 7614.0625 7170.515625 6627.03125 6513.9375 6497.84375 8843.046875 8903.53125 8567.984375 8981.84375 9167.828125 9603.890625 9624.21875 9530.078125 9509.921875 9546.984375 9508.234375 9497.078125 9735.34375 9965.984375 10237.09375 10461.890625
6074.640625 6077.9375 6264.3125 6293.359375 6433.3125 6528.09375 6603.890625 6622.625 6616.453125 6864.875 7324.796875 7553.0625 7439.90625 7359.28125 7203.28125 7024.984375 6323.28125 6210.015625 6208.515625 6255.078125 6569.109375 6810.203125 6888.03125 6856.265625 7018.5625 7335.03125 7432.796875 7505.71875 7789.578125 8773.515625 7932.375 7276.828125 6875.515625 8191.53125 9585.21875 10645.46875 10222.546875 7713.8125 7057.234375 6715.421875 6189.875 6570.578125 7190.109375 8146.3125 9162.765625 9815.0625 9375.390625 9422.1875 9470.5625 9395.015625 9404.234375 9398.625 9375.921875 9503.28125 9680 9791.015625 10029.015625
6087.421875 6078.296875 6104.265625 6123.4375 6282.859375 6369.09375 6453.90625 6603.78125 6830.953125 7093.765625 7219.859375 7307.859375 6912.265625 6687.03125 6560.40625 6341.1875 5907.625 5901.15625 6094.171875 6183.09375 6254.890625 6365.375 6466.015625 6599.84375 6868.9375 7200.078125 7408.625 7445.53125 7664.828125 7892.25 7312.765625 6957.453125 6848.625 7158.4375 7672.421875 8023.421875 8173.046875 7989.109375 9286.265625 9207.75 7580.859375 6941.875 7829.921875 9358.859375 10366.34375 11551.296875 10067.734375 9333.765625 9438.40625 9230.453125 9189.75 9098.828125 9146.609375 9186.609375 9388.15625 9502.96875 9611.109375
6157.90625 6053.984375 6019.046875 6061.484375 6224.5625 6350.375 6582.5625 6796.671875 7000.578125 6828.9375 6957.953125 7199.015625 6764.46875 6445.21875 6360.6875 6145.921875 5876.078125 5919.140625 6055.84375 6001.9375 6052.1875 6072.265625 5968.34375 6074.515625 6430.609375 6617.21875 6752.359375 6952.21875 7158.953125 7262 7398.921875 7004.265625 6642.203125 6762.828125 7125.484375 7373.328125 7695.375 8324 8889.421875 8632.171875 8027.8125 7621.4375 8478.6875 9082.359375 10468.6875 10518 10588.734375 9566.03125 9516.125 9516.140625 9403.078125 9038.265625 8878.84375 8924.875 9153.421875 9494.125 9750.03125
6000.15625 5968.84375 5982.6875 6019.125 6279.46875 6411.234375 6850.71875 6988.40625 7111.71875 7062.71875 7001.1875 7017.703125 6736.265625 6325.3125 6178.203125 6021.875 5662.421875 5581.234375 5565.765625 5563.546875 5693.171875 5733.03125 5873.375 5908.28125 5905.359375 5938.84375 6081.296875 6220 6359.46875 6736.140625 7047.75 6984.5625 6656.921875 6679.109375 6765.71875 6992.984375 7314.265625 7740.421875 7694.671875 7599.203125 7383.015625 7089.234375 7259.40625 7601.59375 8312.5625 8193.09375 8271.984375 8475.53125 8585.09375 9037.859375 9221.296875 8803.71875 8573.375 8711.84375 9006.4375 9314.84375 9763.609375
5847.828125 5878.203125 6007.34375 6097.59375 6368.21875 6371.484375 6341.578125 6577.90625 7416.984375 8019.828125 7046.109375 6674.109375 6342.71875 5852.0625 5597.0625 5341.78125 5286.296875 5317.96875 5450.515625 5616.203125 5737 5791.3125 5855.828125 5850.1875 5835.921875 5837.015625 5921.34375 6039.625 6134.375 6338.0625 6547.375 6643.453125 6625.71875 6778.046875 6904.359375 6918.0625 7064.59375 7701.890625 7458.078125 7390.59375 7395.6875 7223.28125 7285.40625 7437.9375 7480.0625 7576.5625 8039.625 8110.078125 8149.71875 8153.546875 8230.40625 8412.125 8309.5 8514.796875 8895.90625 9289.859375 9869.15625
5793.71875 5891.984375 6003.265625 6225.421875 6788.984375 6536.234375 5971.1875 6376.328125 6862.015625 6758.734375 6138.9375 5908.046875 5674.40625 5466.21875 5060.328125 4933.921875 5079.703125 5302.828125 5455.03125 5610.21875 5730.375 5815.765625 5890.671875 5934.40625 5986.78125 6069.15625 6057.84375 6129.703125 6174.171875 6256.75 6322.140625 6480.25 6790.078125 6970.203125 7201.640625 6960.765625 6933.8125 7554.09375 7497.265625 7596.6875 7550.109375 7568.171875 7591.1875 7626.625 7617.15625 7860.375 8000.984375 8052.171875 8059.875 7896.5 7785.546875 7883.921875 7927.546875 8192.9375 8818.765625 9287.9375 9735.34375
5884.203125 5944.71875 5974.171875 6105.03125 6545.4375 6105.53125 5719.640625 6266.125 6649.0625 6513.75 5976.25 5682.234375 5601.03125 5452.140625 5104.5 4891.65625 5018.359375 5303.140625 5471.421875 5582.03125 5750.578125 5899.0625 6077.0625 6149.109375 6132.09375 6119.640625 6140.546875 6210.90625 6239.34375 6277.25 6349.53125 6470.71875 6708.984375 6941.484375 7196.15625 6886.6875 6816.53125 7285.78125 7745.546875 7825.109375 7670.828125 7593.515625 7731.8125 7599.96875 7566.1875 7652.890625 7769.953125 7975.046875 7947.203125 7924.765625 7828.96875 7846.078125 8021.96875 8422.71875 8926.765625 9172.671875 9697.703125
5957.625 5936.28125 5937.8125 6024.15625 6282.78125 5827.9375 5818.21875 5946.96875 6323.421875 6563.15625 6206.921875 5659.875 5482.5 5588.78125 5569.1875 5284.203125 4878.171875 5088.703125 5345.109375 5524 5698.90625 5874.1875 6038.78125 6156.765625 6216.375 6240.265625 6279.765625 6446.40625 6399.609375 6416.359375 6379.28125 6424.109375 6577.734375 6887.828125 7027.15625 6783.03125 6618.84375 7429.953125 7890.5625 7849.265625 7715.296875 7621.484375 7729.78125 7685.78125 7546.625 7577.0625 7690.390625 7773.703125 7819.078125 7920.90625 7996.515625 8137.25 8293.546875 8556.84375 9028.859375 9591.15625 9925.578125
5753.609375 5880.21875 6166.234375 6572.0625 6454.234375 5749.015625 5900.765625 5661.59375 5658.734375 5898.953125 5794.34375 5627.640625 5088.71875 4980.859375 5059.203125 4964.171875 4666.203125 4809.546875 5117.40625 5431.90625 5643.578125 5835.34375 6028.359375 6154.0625 6220.6875 6219.3125 6389.21875 6534.03125 6358.546875 6380.28125 6490.96875 6466.078125 6798.59375 7236.609375 7236.921875 7201.828125 7127.296875 7414.78125 7687.578125 7637.015625 7494.46875 7462.34375 7495.5625 7448.34375 7715.953125 7953.9375 7760 7502.203125 7474.015625 7686.203125 8066.1875 8429.78125 8577.1875 8715.21875 9035.75 9860.6875 10335.5
5460.28125 5769.53125 6337.296875 7113.875 7084.515625 5920.265625 5852.296875 5474.390625 5324.640625 5357.921875 5386.21875 5442.328125 5088.234375 4732.46875 4664.671875 4697.65625 4511.4375 4509.5625 4794.671875 5146.421875 5548.890625 5917.0625 6080.234375 6185.890625 6182.125 6170.203125 6299.203125 6543.0625 6508.921875 6600.671875 6615.9375 7101.890625 7577.34375 7935.21875 7991.515625 7775.5625 7755.3125 7624.96875 7495.46875 7383.828125 7222.390625 7330.859375 7428.203125 7363.5 8070.21875 9481.328125 10162.234375 7785.9375 7763.984375 8118.78125 8516.5 8860.203125 8675.375 8733.25 9012.9375 9687.65625 10268.09375
5327.75 5429.453125 5989.765625 7236.84375 7219.8125 6003.390625 5998.3125 5374.015625 5249.75 5307.8125 5431.6875 5501.9375 5340.328125 4840.0625 4625.921875 4513.71875 4275.125 4374.0625 4628.859375 5118.703125 5539.078125 5815.171875 6144.515625 6206.078125 6198.328125 6151.40625 6242.671875 6582.828125 6781.9375 6997.28125 7215.125 7653.515625 8574.015625 8417.265625 7761.078125 7428.53125 7301.96875 7411.40625 7303.09375 7131.296875 7132.15625 7227.703125 7377.34375 7456.171875 8091.234375 9607.453125 9793.953125 8629.328125 8878.328125 9557.65625 10260.9375 9661.109375 9123.34375 8943.03125 9189.0625 9598.1875 10180.796875
5465.890625 5368.734375 5391.765625 5693.890625 5629.40625 5909.578125 6086.1875 5626.796875 5424.640625 5435.140625 5765.546875 5546.578125 5465.21875 5044.640625 4696.78125 4501.03125 4431.078125 4579.15625 4935.171875 5354.234375 5536.453125 5740.484375 5941.640625 6183.953125 6141.515625 6121 6252.8125 6470.734375 6762.8125 7215.4375 7531.078125 8038.3125 8452.53125 9306.875 8905.203125 7621.1875 7315.21875 7159.859375 7274.40625 7311.5625 7037.9375 7078.34375 7200.03125 7390.4375 8432.625 10598.171875 9225.234375 9800.625 10536.984375 11671.34375 12079.375 11567.265625 10263.0625 9659.53125 9498.125 9748.515625 10141.4375
5471.875 5995.703125 5654.3125 5363.34375 6054.78125 6035.1875 6539.3125 6786.765625 6179.96875 5580.3125 5685.234375 5550.296875 5436.953125 5391.875 5197.140625 4954.109375 4857.390625 4778.703125 5014.703125 5251.015625 5552.09375 5809.921875 5811.796875 5979.5 5977.6875 5979.515625 6197.515625 6466.453125 6697.03125 7276.140625 7512.03125 8070.3125 8148.9375 9075.203125 9358.890625 8293.171875 7911.171875 8095.390625 8276.28125 7843.015625 7211.96875 7108.265625 7024.359375 7431.65625 8551.21875 10426.109375 12112.21875 11731.09375 12386.390625 13354.1875 13704.640625 12794 11445.203125 10253.921875 9841.140625 9964.90625 10035.921875
5434.71875 5827.796875 5489.875 5954.53125 6259.96875 6207.96875 6994.171875 7429.3125 6659.796875 6098.15625 5848.53125 5954.125 5821.9375 5589.1875 5869.3125 5619.046875 5328.421875 5125.015625 5110.984375 5622.953125 6062.296875 5982.515625 5824.71875 5913.09375 5947.953125 5897.109375 6096.1875 6477.984375 6859.578125 6901.15625 7368.875 8106.953125 8409.5625 8855.140625 8950.8125 8921.5625 8862.828125 8517.046875 8014.65625 7595.921875 7337 6991.109375 6942.625 7283.3125 8459.65625 9303.34375 11003.75 12905.34375 14228.828125 14897.671875 14432.4375 13033.53125 11734.875 10182.46875 9837.34375 10010.8125 10126.96875
5224.28125 5362.53125 5758.265625 6859.671875 6981.140625 6951.15625 7228.015625 7296.3125 6528.53125 6243.75 6177 6203.046875 6250.875 6527.328125 6810.046875 6130.109375 5770.640625 5484.03125 5447.875 5950.5625 5879.53125 5528.734375 5689.609375 5985.03125 6375.921875 6278.15625 6289.453125 6520.078125 6745.1875 6804.375 7335.078125 7952.453125 8300.203125 8403.234375 8669.84375 8823.390625 9178.140625 9275.890625 9369.609375 8670.640625 7529.59375 7012.65625 6723.453125 7017.546875 8418.25 9406.3125 10790.296875 12338.453125 14440.046875 15006.0625 13427.875 12004.65625 11026.046875 10201.28125 9951.640625 10166.375 10221.40625
5778.515625 5725.6875 6592.03125 7527.625 7560.21875 7211.109375 7942.125 7898.4375 7029.96875 6862.046875 6916.140625 6536.734375 6616.328125 6911.703125 6801.109375 6529.390625 6051.375 5859.9375 5879.390625 5994.609375 5851.15625 5756.84375 5868.53125 6211 6767.21875 7006.75 6917.796875 6751.3125 6850.125 6858.359375 7166.796875 7857.109375 8269.625 8171.921875 8384.171875 8736.984375 9684.921875 10428.234375 11393.96875 10492.5 8964.765625 7766.765625 7022.71875 7265.1875 8033.546875 8893 10263.5625 11501.015625 12917.125 13750.078125 12762.703125 11674.125 10326.203125 10562.21875 10251.03125 10201.53125 10247.453125
6191.203125 6013.171875 7409.21875 8218.78125 8995.328125 8504.375 8499.546875 8992.5 8198.390625 7747.296875 7526 7099 7276.71875 7460.546875 6868.890625 6943.140625 6550.3125 6278 6305.046875 6373.765625 6174.234375 6064.8125 6195.734375 6289.6875 6692.65625 7118.03125 7493.40625 7251.84375 6964.25 7057.78125 7302.625 7759 8503.53125 8443.03125 9250.90625 9337.171875 10235.78125 11884.28125 13272.234375 12475.71875 10894.828125 9289.625 8262.390625 8459.21875 8579.578125 9333.234375 9383.25 10272.34375 11950 13042.90625 12126.34375 11506.765625 10716.890625 10941.625 10685.9375 10237.171875 10248.828125
6702.96875 6646.3125 7874.71875 8850.125 10535.296875 10995.53125 9171.25 8906.5 8738.671875 8415.015625 8348.6875 8162.140625 8319.3125 7732.34375 7223.3125 7394.796875 7336.25 6610.109375 6505.484375 6448.171875 6362.421875 6392.640625 6456.671875 6619.59375 6659.75 6779.84375 6956.671875 7069.09375 7010.765625 7022.859375 7174.875 7606.609375 8114.09375 7814.40625 8236.734375 9431.3125 10237.984375 11000.640625 12126.4375 13338.703125 12278.140625 10738.6875 10068.296875 11253.703125 10421.546875 10073.640625 9606.234375 9720.859375 10730.96875 11855.53125 11327.34375 11090.265625 11068.640625 10793.1875 10711.453125 10481.53125 10389.0625
7200.46875 7221.421875 8223.34375 8687.5625 10489.875 9808.875 8054.765625 8145.140625 9129.828125 10975.328125 9483.46875 8864.734375 8051.65625 7571.46875 7382.90625 7479.171875 7460.328125 6924.046875 6768.453125 6840.46875 6673.703125 6664.78125 6662.828125 6689.359375 6673.921875 6611.890625 6737.9375 6807.234375 6844.6875 6804.265625 6858.671875 6922.9375 7166.328125 7254.234375 7611.203125 8175.65625 8485.8125 9732.609375 10876.28125 12476.28125 12626.59375 11988.265625 11818.640625 13216.40625 13299.890625 11933.671875 10349.96875 9675.4375 10268.578125 10756.3125 10994.546875 11228.921875 11171.6875 11077.578125 11202.359375 10972.375 10889.296875
7167.515625 7495.375 8017.46875 8517.765625 9944.953125 8529.109375 8128.359375 10217.96875 10915.40625 11564.234375 10084.609375 9069.203125 7859.765625 7442.296875 7212.296875 7118.796875 7071.5 6906.703125 7053.46875 6688.359375 6527.375 6429.734375 6413.234375 6336.453125 6426.109375 6655.234375 6815.609375 6755.65625 6688.765625 6600.953125 6638.6875 6648.3125 6949.09375 7145.640625 7342.703125 7401.109375 7547.53125 8030.078125 8793.8125 10667.75 12075.921875 11955.453125 11830.8125 13983.609375 14049.859375 12386.84375 12115.84375 11404.609375 9765.28125 10324.390625 11100.921875 11302.015625 11351.828125 11286.125 11337.5625 11643.484375 11796.15625
8278.40625 8464.65625 8242.109375 8523.5625 8969.140625 8056.734375 7135.703125 7728.875 9919.359375 10503.875 10263.296875 9837.046875 7722.125 7135.109375 6863.28125 6914.53125 6848.34375 6968.765625 7130.046875 6847.609375 6728.09375 6474.578125 6380.625 6357.265625 6934.5625 6984 7185.1875 7224.3125 7126.125 6762.890625 6643.078125 7393.578125 8837.921875 7942.21875 8517.53125 9223.703125 9238.59375 9598.140625 10393.125 10062.875 11099.0625 12622.75 13668.96875 15148.9375 15079 13339.5625 12477.640625 12983.515625 11027.75 9586.09375 10751.609375 12087.421875 12126.609375 11768.46875 11510.34375 11909.6875 12967.125
10076.828125 10659.109375 9990.5625 10473.5625 10542.796875 10006.15625 7320.921875 5089.515625 5111.859375 5840.15625 7113.953125 9291.0625 9377.625 7039.21875 6607.3125 6896.203125 7211.109375 7507.859375 7066.84375 7240.5625 7468.734375 6673.6875 6395.390625 6881.953125 7583.375 7367.421875 7604.796875 7753.890625 7513.609375 7003.328125 6922.859375 7643.546875 9250.3125 10126.71875 9542.1875 10656.90625 10947.78125 10711.390625 11975.109375 11389.328125 11892.921875 12941.265625 13441.84375 14451.765625 15731.421875 13228.109375 11381 11415.0625 9816.34375 8336.8125 9271.984375 11368.6875 13604.390625 12962.28125 12028.515625 11752.078125 13306.84375
14014.40625 13338.75 11870 11873.875 11383.640625 11529.65625 11546.203125 9907.921875 8802.078125 5861.03125 5088.09375 6020.171875 6906.828125 6505.34375 6608.484375 7070.484375 7090.734375 7098.625 6855.328125 6955.53125 7241.828125 6649.0625 6695.640625 7692.46875 8270.984375 8324.96875 8454.859375 8720.046875 8260.328125 7785.515625 7550.109375 8122.96875 10575.84375 12690.03125 11901.34375 11639.234375 11507.109375 11386.078125 12095.65625 10926.78125 10984.03125 11783.78125 11708.140625 13013.5 14779.53125 12853.78125 11303.734375 9920.859375 9146.234375 8465.265625 8749.96875 9076.078125 10687.484375 13064.5625 13232 12438.265625 13276.5
