Cases/SDM_Urocitellus_beldingi/westernUsClimate_modern/BIO14.asc
NCOLS 316 
NROWS 299 
XLLCORNER -124.820833001 
YLLCORNER 29.1625003333339 
CELLSIZE 0.0666666666645545 
NODATA_value -3.4e+38 
[rows 252 to 272 of 299, columns 230 to 275 of 316]
728.826756477356 733.151169776917 672.780371665955 498.716599941254 458.198731899261 490.034765720367 491.059570789337 438.462791919708 454.249219417572 550.519142150879 679.524606704712 757.290919303894 789.994432449341 793.47412109375 792.085935592651 711.119141578674 651.32724571228 582.994434356689 572.699316978455 565.405077934265 535.840137481689 535.257514953613 566.092771530151 629.70546913147 645.749123573303 708.537402153015 625.852342605591 583.754789352417 610.730173110962 595.7255859375 561.729879379272 520.035155296326 562.520217895508 578.536228179932 579.616111755371 625.701370239258 678.439358711243 642.21347618103 605.714356422424 539.399123191833 492.902637004852 497.895801544189 554.728912353516 864.997562408447 1164.10254383087 662.993747711182
828.689645767212 750.085842132568 719.991406440735 587.437400817871 517.036911964417 490.710545063019 476.480860233307 442.090039253235 437.814842224121 544.688869476318 607.865526199341 674.700001716614 699.071189880371 697.612797737122 711.387991905212 647.317283630371 625.445411682129 571.220407485962 567.345112800598 531.836233139038 520.795216560364 524.12802696228 574.876465797424 626.780470848083 637.770604133606 641.277440071106 621.835941314697 609.403513908386 600.852834701538 573.52236366272 569.962794303894 572.322651863098 576.267670631409 575.344921112061 570.797461509705 602.70351600647 668.137307167053 648.035549163818 602.901950836182 581.575289726257 534.81992149353 488.777052879333 487.862795352936 566.96914100647 701.144142150879 570.317770004272
883.016990661621 897.20644569397 874.044142723083 705.580665588379 554.936718940735 507.170607566833 497.408983707428 504.005371570587 482.966697692871 538.244728088379 563.245409965515 653.304298400879 634.392775535583 648.737208366394 641.981642723083 622.259958267212 581.929493904114 548.920112609863 535.804689407349 540.976856231689 537.09462928772 551.046580314636 592.419725418091 601.006052970886 626.811619758606 622.345995903015 615.173633575439 669.232909202576 644.643948554993 560.050585746765 565.427245140076 564.172367095947 571.655367851257 576.683888435364 571.855567932129 623.750296592712 658.481643676758 624.831255912781 627.585450172424 628.735154151917 580.859568595886 500.720704555511 438.777538776398 458.00644493103 508.785643577576 490.112305164337
778.394434928894 935.305665969849 1022.92021751404 881.820125579834 668.18701171875 588.074024200439 527.76299238205 495.010059356689 491.931838989258 536.733787536621 539.893652915955 573.600879669189 609.33779335022 605.359862327576 620.725583076477 595.754981994629 545.963574409485 531.679004669189 554.849808692932 567.85458946228 559.291993141174 561.992088317871 597.303420066833 596.766798973083 602.20361328125 607.606152534485 601.348340034485 673.571193695068 676.977931022644 567.633008003235 562.101859092712 568.944532394409 566.176170349121 573.448441505432 601.55605506897 589.731055259705 631.321583747864 613.495210647583 623.809964179993 622.573148727417 558.243456840515 482.517575740814 386.290525913239 365.737596511841 434.268259048462 460.359377384186
830.042084693909 892.392379760742 1028.82773685455 1011.67998409271 783.019827842712 613.081544876099 552.831251621246 479.69375038147 487.311912536621 545.933201789856 546.069239616394 547.815626144409 558.740911483765 578.031538963318 607.171481132507 592.868068695068 532.849513053894 533.518358230591 555.689063072205 608.393164634705 552.734665870667 554.582324028015 570.622657775879 597.287986755371 590.675684928894 588.835641860962 578.5654296875 573.984570503235 591.270413398743 632.643162727356 648.985935211182 599.630951881409 569.167581558228 582.01083946228 709.196094512939 616.325585365295 559.546679496765 558.281836509705 560.994337081909 550.221190452576 514.280468940735 435.836132526398 343.66259765625 312.612498760223 437.170606613159 511.168554782867
853.728998184204 969.647456169128 1102.05937385559 1402.58340454102 1089.57148170471 691.858202934265 547.007812976837 460.80996131897 533.488962650299 549.30078125 552.334667205811 561.691604614258 548.761522293091 546.146389007568 581.40048789978 603.172462463379 536.267381668091 536.737892150879 537.441501617432 554.594043731689 558.242968559265 554.698830604553 538.764652252197 549.233983516693 581.10732460022 571.166700363159 573.609281539917 571.297850608826 571.776173591614 582.439258575439 640.627345085144 652.057423591614 574.613867759705 604.087012290955 692.63046836853 618.785739898682 566.425100326538 554.532711029053 550.224219322205 547.542283058167 471.224606990814 428.697558879852 370.145215034485 345.621483802795 509.085937976837 617.939448356628
843.962887763977 955.066411972046 1215.30791282654 1748.03399467468 1464.37372970581 927.511815071106 560.925003051758 644.231544971466 854.760348320007 657.117774009705 570.847655296326 657.574802398682 573.035645484924 549.621285438538 576.250292778015 629.771580696106 539.318555831909 535.155957221985 539.871677398682 539.982424736023 532.584181785583 534.753419876099 528.654396057129 505.690428256989 562.694727420807 558.534374237061 576.049120903015 566.814352035522 563.382714271545 571.45517539978 605.600290298462 659.71621131897 622.532615661621 575.542285919189 605.508103370667 563.473437309265 564.498826980591 555.292188644409 549.347754478455 535.59023475647 462.795804023743 468.249511241913 428.749119758606 418.408299922943 553.580956935883 585.785544872284
855.712891578674 1011.34893035889 1119.8250951767 1290.95723628998 1156.58994102478 767.104978561401 549.590330123901 848.451552391052 950.645018577576 761.42392539978 680.61874961853 774.991605758667 611.451272010803 554.506541252136 550.237111091614 597.986619949341 535.661914825439 534.720211982727 538.352344512939 537.517481803894 529.942776679993 526.390329360962 517.425294399261 508.12998008728 566.481934547424 568.546781539917 573.105370521545 571.975975036621 565.203514099121 571.806548118591 599.947073936462 657.991402626038 602.864061355591 559.522461891174 555.674611091614 557.903906822205 548.36572265625 547.052635192871 547.415330886841 553.637305259705 489.063381671906 467.107420444489 468.376464366913 482.916209697723 528.856935024261 545.061718463898
836.472657203674 941.533206939697 880.583003997803 656.865721702576 569.984962940216 578.324512004852 693.783201217651 997.823437690735 1087.39590167999 919.185836791992 907.597749710083 950.945705413818 760.952445030212 519.319139003754 521.299705028534 529.014550685883 529.390037536621 532.316405296326 534.138572692871 534.058889389038 530.82708546472 539.961386544364 542.153683253697 541.290848868234 567.014622279576 578.680913652693 577.958594185965 579.986493791853 573.879914419992 571.432143075126 613.925445556641 637.849217006138 555.058033534459 553.166406903948 556.755578177316 557.409261431013 554.061387198312 545.200224740165 550.566074916295 558.484377179827 556.95435333252 533.086493900844 530.730136326381 558.111292788857 563.445798873901 555.017773628235
821.855665206909 895.919331550598 656.537987709045 499.354398727417 512.966798782349 711.012401580811 847.735549926758 1030.3160238266 1048.83388233185 1043.25264167786 1053.1509809494 1138.42881202698 826.142677307129 518.904885292053 475.924217224121 514.09560585022 679.456348419189 531.497755050659 525.985744953156 526.15908241272 527.398676091974 -3.4e+38 -3.4e+38 -3.4e+38 -3.4e+38 -3.4e+38 -3.4e+38 -3.4e+38 -3.4e+38 -3.4e+38 -3.4e+38 -3.4e+38 -3.4e+38 -3.4e+38 -3.4e+38 -3.4e+38 -3.4e+38 -3.4e+38 -3.4e+38 -3.4e+38 -3.4e+38 -3.4e+38 -3.4e+38 -3.4e+38 592.269790649414 580.568368622751
779.28662109375 808.455466270447 576.440920352936 592.169626712799 639.020309448242 825.025003433228 899.778614044189 1005.06924343109 1055.52137947083 1123.34209251404 1333.11786270142 1123.37137985229 757.402150630951 478.364943981171 417.27353477478 426.735741615295 546.819140911102 498.446581363678 513.184077739716 524.85312461853 524.756443023682 -3.4e+38 -3.4e+38 -3.4e+38 -3.4e+38 -3.4e+38 -3.4e+38 -3.4e+38 -3.4e+38 -3.4e+38 -3.4e+38 -3.4e+38 -3.4e+38 -3.4e+38 -3.4e+38 -3.4e+38 -3.4e+38 -3.4e+38 -3.4e+38 -3.4e+38 -3.4e+38 -3.4e+38 -3.4e+38 -3.4e+38 -3.4e+38 -3.4e+38
738.772067070007 742.206348419189 645.978416442871 645.910351753235 677.111718177795 817.916507720947 924.362209320068 946.576372146606 1055.91093158722 1272.89501571655 1464.96396255493 1219.09296703339 736.712207794189 398.456738471985 357.257031917572 362.208592891693 394.601465702057 427.055076122284 457.541604042053 519.326073169708 519.688671112061 -3.4e+38 -3.4e+38 -3.4e+38 -3.4e+38 -3.4e+38 -3.4e+38 -3.4e+38 -3.4e+38 -3.4e+38 -3.4e+38 -3.4e+38 -3.4e+38 -3.4e+38 -3.4e+38 -3.4e+38 -3.4e+38 -3.4e+38 -3.4e+38 -3.4e+38 -3.4e+38 -3.4e+38 -3.4e+38 -3.4e+38 -3.4e+38 -3.4e+38
730.551655769348 694.980954170227 627.401660919189 618.61611366272 619.853223800659 705.580767631531 733.82481098175 737.019242286682 898.139843940735 1138.24971199036 1180.4482460022 942.790333747864 565.837600231171 312.28623008728 293.572460174561 309.675975322723 350.195410728455 374.896288871765 418.941016674042 508.368849277496 519.793748855591 -3.4e+38 -3.4e+38 -3.4e+38 -3.4e+38 -3.4e+38 -3.4e+38 -3.4e+38 -3.4e+38 -3.4e+38 -3.4e+38 -3.4e+38 -3.4e+38 -3.4e+38 -3.4e+38 -3.4e+38 -3.4e+38 -3.4e+38 -3.4e+38 -3.4e+38 -3.4e+38 -3.4e+38 -3.4e+38 -3.4e+38 -3.4e+38 -3.4e+38
767.504395484924 699.201950073242 623.329396247864 572.412596702576 567.597755432129 636.82382774353 669.31699180603 629.386329650879 794.380859375 1009.19785022736 1000.60586166382 724.497650623322 403.981932163239 254.807714939117 225.249803304672 238.584472179413 287.543455600739 338.026563167572 373.090134620667 486.604684829712 503.078570774623 -3.4e+38 -3.4e+38 -3.4e+38 -3.4e+38 -3.4e+38 -3.4e+38 -3.4e+38 -3.4e+38 -3.4e+38 -3.4e+38 -3.4e+38 -3.4e+38 -3.4e+38 -3.4e+38 -3.4e+38 -3.4e+38 -3.4e+38 -3.4e+38 -3.4e+38 -3.4e+38 -3.4e+38 -3.4e+38 -3.4e+38 -3.4e+38 -3.4e+38
778.094140052795 708.204298019409 634.611916542053 581.160839080811 568.152245521545 621.835646629333 711.233199119568 721.73916053772 787.024214744568 871.55214881897 893.446782112122 583.805468082428 297.870898246765 226.244140625 201.79697227478 219.672557830811 275.847849845886 323.224802970886 338.229492664337 413.29231707255 494.845845540365 -3.4e+38 -3.4e+38 -3.4e+38 -3.4e+38 -3.4e+38 -3.4e+38 -3.4e+38 -3.4e+38 -3.4e+38 -3.4e+38 -3.4e+38 -3.4e+38 -3.4e+38 -3.4e+38 -3.4e+38 -3.4e+38 -3.4e+38 -3.4e+38 -3.4e+38 -3.4e+38 -3.4e+38 -3.4e+38 -3.4e+38 -3.4e+38 -3.4e+38
763.574226379395 718.40234375 645.953903198242 592.051567077637 572.635154724121 630.610168457031 731.259384155273 749.532821655273 805.271087646484 846.146873474121 1032.33435058594 691.00390625 308.452339172363 217.277341842651 208.68203163147 224.013278961182 275.876560211182 325.377346038818 381.07768031529 -3.4e+38 -3.4e+38 -3.4e+38 -3.4e+38 -3.4e+38 -3.4e+38 -3.4e+38 -3.4e+38 -3.4e+38 -3.4e+38 -3.4e+38 -3.4e+38 -3.4e+38 -3.4e+38 -3.4e+38 -3.4e+38 -3.4e+38 -3.4e+38 -3.4e+38 -3.4e+38 -3.4e+38 -3.4e+38 -3.4e+38 -3.4e+38 -3.4e+38 -3.4e+38 -3.4e+38
-3.4e+38 -3.4e+38 -3.4e+38 -3.4e+38 -3.4e+38 -3.4e+38 -3.4e+38 -3.4e+38 -3.4e+38 -3.4e+38 -3.4e+38 -3.4e+38 -3.4e+38 -3.4e+38 -3.4e+38 -3.4e+38 -3.4e+38 -3.4e+38 -3.4e+38 -3.4e+38 -3.4e+38 -3.4e+38 -3.4e+38 -3.4e+38 -3.4e+38 -3.4e+38 -3.4e+38 -3.4e+38 -3.4e+38 -3.4e+38 -3.4e+38 -3.4e+38 -3.4e+38 -3.4e+38 -3.4e+38 -3.4e+38 -3.4e+38 -3.4e+38 -3.4e+38 -3.4e+38 -3.4e+38 -3.4e+38 -3.4e+38 -3.4e+38 -3.4e+38 -3.4e+38
-3.4e+38 -3.4e+38 -3.4e+38 -3.4e+38 -3.4e+38 -3.4e+38 -3.4e+38 -3.4e+38 -3.4e+38 -3.4e+38 -3.4e+38 -3.4e+38 -3.4e+38 -3.4e+38 -3.4e+38 -3.4e+38 -3.4e+38 -3.4e+38 -3.4e+38 -3.4e+38 -3.4e+38 -3.4e+38 -3.4e+38 -3.4e+38 -3.4e+38 -3.4e+38 -3.4e+38 -3.4e+38 -3.4e+38 -3.4e+38 -3.4e+38 -3.4e+38 -3.4e+38 -3.4e+38 -3.4e+38 -3.4e+38 -3.4e+38 -3.4e+38 -3.4e+38 -3.4e+38 -3.4e+38 -3.4e+38 -3.4e+38 -3.4e+38 -3.4e+38 -3.4e+38
-3.4e+38 -3.4e+38 -3.4e+38 -3.4e+38 -3.4e+38 -3.4e+38 -3.4e+38 -3.4e+38 -3.4e+38 -3.4e+38 -3.4e+38 -3.4e+38 -3.4e+38 -3.4e+38 -3.4e+38 -3.4e+38 -3.4e+38 -3.4e+38 -3.4e+38 -3.4e+38 -3.4e+38 -3.4e+38 -3.4e+38 -3.4e+38 -3.4e+38 -3.4e+38 -3.4e+38 -3.4e+38 -3.4e+38 -3.4e+38 -3.4e+38 -3.4e+38 -3.4e+38 -3.4e+38 -3.4e+38 -3.4e+38 -3.4e+38 -3.4e+38 -3.4e+38 -3.4e+38 -3.4e+38 -3.4e+38 -3.4e+38 -3.4e+38 -3.4e+38 -3.4e+38
-3.4e+38 -3.4e+38 -3.4e+38 -3.4e+38 -3.4e+38 -3.4e+38 -3.4e+38 -3.4e+38 -3.4e+38 -3.4e+38 -3.4e+38 -3.4e+38 -3.4e+38 -3.4e+38 -3.4e+38 -3.4e+38 -3.4e+38 -3.4e+38 -3.4e+38 -3.4e+38 -3.4e+38 -3.4e+38 -3.4e+38 -3.4e+38 -3.4e+38 -3.4e+38 -3.4e+38 -3.4e+38 -3.4e+38 -3.4e+38 -3.4e+38 -3.4e+38 -3.4e+38 -3.4e+38 -3.4e+38 -3.4e+38 -3.4e+38 -3.4e+38 -3.4e+38 -3.4e+38 -3.4e+38 -3.4e+38 -3.4e+38 -3.4e+38 -3.4e+38 -3.4e+38
-3.4e+38 -3.4e+38 -3.4e+38 -3.4e+38 -3.4e+38 -3.4e+38 -3.4e+38 -3.4e+38 -3.4e+38 -3.4e+38 -3.4e+38 -3.4e+38 -3.4e+38 -3.4e+38 -3.4e+38 -3.4e+38 -3.4e+38 -3.4e+38 -3.4e+38 -3.4e+38 -3.4e+38 -3.4e+38 -3.4e+38 -3.4e+38 -3.4e+38 -3.4e+38 -3.4e+38 -3.4e+38 -3.4e+38 -3.4e+38 -3.4e+38 -3.4e+38 -3.4e+38 -3.4e+38 -3.4e+38 -3.4e+38 -3.4e+38 -3.4e+38 -3.4e+38 -3.4e+38 -3.4e+38 -3.4e+38 -3.4e+38 -3.4e+38 -3.4e+38 -3.4e+38
