Cases/SDM_Urocitellus_beldingi/westernUsClimate_modern/BIO18.asc
NCOLS 316 
NROWS 299 
XLLCORNER -124.820833001 
YLLCORNER 29.1625003333339 
CELLSIZE 0.0666666666645545 
NODATA_value -3.4e+38 
[rows 25 to 49 of 299, columns 114 to 170 of 316]
7786.921875 8136.453125 8212.828125 8645.03125 9365.5625 9195.5625 8827.265625 10526.015625 11839.984375 13770.0625 15606.359375 17063.46875 17977.09375 16678.609375 17615.109375 20847.078125 19571.328125 22454.890625 22184.09375 17582.140625 16899.84375 16048.8125 16756.953125 18031.828125 16558.265625 15020.9375 12891.015625 11811 13740.59375 14083.78125 15144.546875 14945.15625 14093.984375 14217.0625 13608.546875 14297.140625 12357.53125 14340.1875 12135.109375 10186.1875 11641.453125 12934.96875 11669.953125 9857.015625 10076.515625 11266.65625 11655.125 12054.71875 15762.9375 20689.265625 19132.84375 15436.3125 12816.328125 12511.3125 13676.265625 17846.9375 17683.015625
7730.015625 8573.578125 8782.515625 8955.75 9736.0625 9731.171875 10301.265625 10575.84375 10941.21875 10963.75 11260.8125 11905.046875 12646.515625 12057.109375 12936.875 15887.015625 14119.296875 17848.390625 20919.15625 17515.21875 20747.796875 17796.75 16616.125 16655.015625 17211.578125 18555.46875 15677.53125 15453.203125 14738.71875 13263.5625 13256.875 12071.078125 10681.46875 12132.65625 11977.015625 13410.1875 11770.546875 13452.59375 12014.9375 12460.359375 11158.734375 10984.3125 10739.34375 10341.875 11293.53125 12515.390625 12132.453125 12411.640625 14698.75 21651.65625 20262.15625 16573.3125 15880.234375 15066.703125 13229.921875 16080.828125 17407.46875
7600.484375 8445.953125 8620.5 8371.1875 9113.34375 10915.75 11435.109375 11867.125 13341.859375 12138.203125 11918.15625 12159.453125 12632.546875 12325.84375 11871.171875 11896.640625 12016.328125 12347.734375 13364.6875 14230.734375 15440.125 15399.765625 16310.0625 15778.59375 14832.546875 16950.875 17107.90625 16912.75 16069.953125 14882.921875 13652.640625 13017.46875 10936.71875 11846.265625 12714.875 14649.671875 16483.09375 15678.515625 14608.59375 15482.46875 15048.265625 13593.1875 12610.46875 12374.65625 11715.59375 12109.109375 13178.75 13499.71875 13681.765625 15989.796875 18650.015625 17430.71875 18123.265625 15968.8125 12672.109375 13674.9375 14341.484375
7503.109375 7832.8125 8034.5 8405.203125 8797.984375 11236.3125 12835.640625 12282.796875 11475.546875 11458.203125 11763.765625 11999.15625 13261.921875 14447.546875 13761.484375 13780.703125 14197.078125 13980.5625 14357.3125 14242.234375 14042.15625 14686.703125 14216.328125 15103.984375 14754.421875 14419.96875 15425.546875 15795.875 16496.203125 16814.875 17653.671875 17276.46875 15132.90625 12536.28125 11048.40625 12223.765625 15892.921875 17081.796875 15274.4375 12934.5 13838.03125 14663.0625 15223.515625 14412.609375 11902.203125 11609.84375 12127.890625 13098.75 13620.140625 13574.40625 15075.515625 15081.390625 16233.15625 14508.546875 12595.75 11816.4375 12136.03125
7610.140625 7907.171875 8722.21875 10198.734375 9233.5 9172.90625 11704.375 13354.203125 12005.984375 12301.8125 13058.265625 11773.609375 11938.953125 13892.296875 14920.703125 14110.734375 13752.609375 14616.5625 15670.921875 15232.359375 14723.9375 14832.921875 14918.203125 15452.84375 15080.734375 15803.765625 16332.34375 15099.6875 16443.875 16876.890625 18290.265625 19409.375 18003.53125 16242.5625 14989.828125 12368.75 11210.28125 13107.875 17053.9375 15254.59375 11954.3125 11904.421875 13946.046875 15106.5625 14177.40625 14103.234375 13513.046875 11598.53125 13519.71875 18088.5 17937.515625 16298.359375 16118.40625 14661.984375 12320.203125 11730.5625 12014.9375
7798.078125 8046.859375 8665.203125 10876.5 11345.921875 10827.59375 11671.15625 13471.671875 12509.390625 14174.1875 14519.640625 13469.0625 11985.3125 12252.4375 13414.171875 13503.296875 14830.21875 15454.90625 16145.140625 16985.53125 16065.671875 16209.171875 14601.578125 15556.171875 15806.640625 16814.421875 17814.328125 16150.078125 16222.4375 16723.921875 17210.03125 19747.46875 20389.015625 19662.046875 16816.25 16747.21875 10913.09375 11836.78125 13297.046875 14997.78125 13580.015625 12034.59375 10742.578125 11034.765625 12469.140625 13840.1875 14440.96875 13307.34375 17892.546875 18657.09375 17765.140625 16630.671875 16112.375 15381.859375 14988.875 13604.296875 12350.21875
7708.21875 8159.40625 8708.171875 9719.140625 9665.453125 10687.21875 12582.515625 10097.609375 9408.28125 11988.015625 12973.453125 13524.140625 12617.953125 12523.40625 12606.671875 13084.015625 14198.6875 14848.453125 14732.78125 13842.734375 19128.015625 18440.484375 14043.640625 14144.34375 15640.765625 18024.71875 20474.984375 17847.953125 16518.34375 17474.890625 18451.203125 18167.1875 20048.765625 19893.796875 23031.65625 19290.3125 13602.296875 11270.734375 11576.703125 11931.078125 12292.09375 11906.5625 11599.03125 11637.15625 10134.296875 10484.703125 11829.984375 13235.125 15127.96875 17343.984375 15786.65625 16027.109375 13217.71875 12868.09375 12775.265625 12937.34375 12174.796875
7887.484375 8119.515625 8523 8970.5 9271.15625 9473.359375 9949.75 9358.375 9694.828125 12367.640625 12390.375 11550.8125 11565.125 12057 13028.296875 13670.203125 13650.390625 12873.265625 12473.5625 12173.109375 12257.171875 13868.734375 14320.984375 16358.59375 17441.078125 18583.65625 15356.90625 15815.9375 15987.921875 18540.765625 17374.21875 16298.015625 18048.046875 19446.28125 21200.125 18073.703125 13796.390625 12092.734375 13440.28125 15754.46875 13839.8125 12734.921875 15354.640625 14136.3125 11952.8125 10001.59375 10024.640625 10921.046875 12104.390625 13384.015625 15334.9375 15257.71875 11409.046875 10515.34375 11320.234375 11506.5 11479.8125
8035.921875 8165.125 8797.453125 9437.375 9172.9375 9252.4375 9463.0625 9587.0625 10312.65625 11097.21875 11120.984375 11095.421875 11526.828125 12180.734375 12904.125 13112.3125 13764.84375 13101.40625 12131.421875 10504.578125 11766.5625 12981.1875 12863.640625 13509.203125 14280.671875 16669.375 14475.578125 14520.765625 15448.953125 16936.234375 16036.34375 15273.59375 15950.71875 17942.03125 21568.390625 19348.34375 17439.71875 13560.0625 13077.265625 15051.8125 14877.453125 12504.078125 15324.6875 15247.65625 15440.4375 12707.59375 10151.890625 10119.859375 11183.75 12194.171875 11951.09375 13565.65625 13276.578125 11122.109375 9940.34375 10723.796875 12032.234375
7300.5 7856.109375 8571.53125 9274.46875 8968.5625 8345.21875 8514.703125 8567.84375 9312.796875 10014.125 10437.8125 10817.4375 11866.5625 12332.5 12172.171875 11932.359375 12527.5 12679.484375 11150.015625 11664.625 13297.171875 14595.828125 14499.921875 14021.609375 15011.28125 14683.171875 14032.515625 15021.015625 16350.234375 16119.3125 15924.15625 15265.828125 15402.90625 16721.15625 19686.265625 21889.046875 21177.9375 16810.296875 13454.265625 12710.515625 12851.546875 12539.984375 12580.9375 13683.453125 15071.90625 15382.796875 11306.4375 10598.53125 12791.40625 13983.203125 14473.640625 11622.265625 11649.921875 13053.765625 12748 12709.65625 13690.921875
7357.3125 7887.9375 8915.765625 9677.5625 9496.921875 8570.59375 8191.6875 8353.609375 9200.65625 9897.53125 10012.09375 11151.84375 12242.96875 11434.828125 11187.609375 11057.65625 12262.265625 12088.796875 11554.6875 12971.90625 13735.5625 14300.734375 14270.828125 14498.5 14402.296875 14676.171875 15980.9375 16391.921875 15208.375 15203.890625 16152.75 15535.515625 14917.84375 15344.21875 15753.03125 16122.296875 23084.203125 22499.5625 19938.25 13933.78125 12603.859375 13626.65625 14009.8125 12933.453125 13725.265625 14115.8125 11404.21875 9861.421875 12873.359375 13709.078125 14888.09375 13134.25 11862.171875 11571.15625 11546.640625 12282.71875 13612.625
7795.953125 8252.859375 9298.578125 10357.25 9186.5 8774.0625 8663.25 8795.078125 8957.375 9401.078125 9779.203125 11024.28125 11833.09375 11454.53125 10686.90625 11046.515625 12001.671875 12044.25 11416.390625 13176.484375 13202.578125 13824.640625 14446.671875 14965.0625 15428.4375 15215.46875 15675.828125 14947.8125 15348.234375 16536.21875 16706.90625 16223.8125 15473.859375 16114.078125 18362.203125 24045.578125 27174.984375 20587.359375 17063.21875 14657.703125 14055.296875 14900.5625 15766.3125 16314.890625 18891.859375 18729.859375 12523.1875 8839.5625 11047.203125 12934.296875 14663.34375 14889.078125 13967.75 12384.6875 13932.28125 13874.34375 12953.09375
7639.359375 8315.171875 9027.171875 8994.28125 8720.75 8966.640625 8799.609375 8426.03125 8863.5625 9650.28125 10184.734375 10993.78125 11838.875 10742.234375 10081.125 11213.8125 11729.28125 12262.921875 13256.984375 13740.59375 13887.8125 14039.109375 14783.421875 14753.640625 15091.59375 15009.109375 14649.84375 15827.125 18994.25 19214.078125 18689.921875 17450.96875 17808.640625 19126.515625 19850.453125 20429.78125 21110.53125 17900.953125 15041.703125 14182.4375 14611.421875 15387.03125 16204.265625 17940.21875 19883.484375 16363.078125 9776.984375 8510.28125 9882.53125 11419.265625 14538.640625 15861.375 14700.625 12676.53125 15417.78125 16658.828125 14107.625
6687.609375 7841.390625 8642.015625 8931.21875 9136.125 9104.0625 8597.4375 7994.203125 8592.078125 9025.0625 9542.953125 10445.140625 10754 10127.265625 10574.890625 11593.34375 12687.84375 13415.359375 13436.15625 13983.734375 14533.921875 14883.578125 15436.84375 15629.234375 16197 15825.4375 14951.453125 15291.296875 17000.234375 18513.921875 19343.484375 18581.15625 19656.65625 19276.34375 16639.703125 15340.625 15240.203125 15377.265625 15167.5 15849.03125 15649.78125 16265.6875 17771.640625 18833.921875 18677.75 13996.6875 8649.234375 8795.15625 10078.765625 12045.171875 14506.46875 14014.296875 14507.46875 15852.15625 16473.34375 15960.46875 15449.9375
6246.203125 7402.40625 8138.34375 7498.65625 7507.75 7578.625 7239.96875 8129.03125 8728.4375 9918.6875 10075.03125 9862.75 10058.671875 10687.484375 10030.65625 10391.34375 11952.921875 12999.140625 13601.125 14225.53125 14691.015625 14940.15625 15456.3125 16524.78125 17218.234375 17694.171875 17814.9375 16742.34375 17334.84375 18394.984375 19126.75 16915.171875 15147.96875 14583.28125 15986.53125 15939.390625 17833.515625 17467.46875 16767.109375 16139.5 15955.359375 17554.109375 18544.4375 18546.6875 15873.78125 11323.546875 8499.1875 9187.375 10678.515625 12582.65625 15159.203125 13850.046875 15936.75 17374.703125 16191.421875 14129.34375 14412.453125
6233.515625 5865 5659.015625 6183.578125 6912.828125 7711.6875 7372.765625 8701.71875 9627.984375 10406.640625 10702.8125 10692.984375 10329.171875 10506.25 10622.4375 10170.234375 12289.125 12879.40625 13526.265625 13939.328125 14344.28125 14525.0625 14760.5 15409.65625 16909.828125 17541.375 17382.4375 17406.796875 18537.640625 16196.03125 16238.671875 19259.96875 21148.109375 20436.984375 21856.96875 18915.25 18957.859375 18981.609375 17285.9375 16466.859375 16276.1875 17134.78125 18665.5625 17300 13368.59375 9413.328125 8478.8125 9271.890625 11957.046875 13559.671875 15614.40625 16248.90625 13892.203125 13710.765625 14355.421875 13186.28125 13717.3125
6710.421875 6077.875 5791.328125 6815.734375 7967.890625 8506.984375 9196.375 9407.984375 10418.9375 10682.703125 10623.125 10529.453125 10382.578125 10554.65625 10574.5 10304.046875 11541.46875 12845.609375 13330.765625 13628.5625 14090.640625 14302.6875 14525.625 15339.875 16559.578125 16543.78125 16200.953125 14927.28125 14796.265625 17152.546875 21516.203125 24329.765625 24168 24656.09375 21119.4375 19963.890625 18959.453125 17817.9375 17220.703125 16898.59375 17253.078125 18373.734375 18913.96875 17833.078125 14026.125 9552.421875 8508.953125 9663.84375 12198.8125 14987.078125 16173.046875 16258.46875 15535.3125 13393.609375 13011.84375 12683.515625 13385.703125
7618.03125 7353.21875 7540.265625 7221.515625 8575.96875 9347.890625 10484.859375 10378.5 11422.328125 11230.046875 10623.34375 10538.84375 10669.75 10562.96875 10418.265625 10492.90625 10831.453125 11689.515625 12560.578125 13352.03125 13674.25 14182.59375 14734.421875 15847.546875 16507.71875 15267.234375 15978.125 14732.671875 18488.796875 21389.515625 23281.578125 23245.34375 21193.671875 20189 18213.703125 18992.796875 18353.109375 16592.328125 16574.84375 16972.59375 17269.046875 19409.28125 19042.125 18434.6875 14672.140625 9660.875 9086.859375 10243 12082.703125 13807.40625 15321.875 16300.015625 15894.78125 14452.65625 13467.078125 13035.65625 13827.171875
9177.421875 9050.578125 8622.5 8039.3125 8567.953125 10210.140625 10270.015625 10467.796875 11698.828125 11856.90625 11138.0625 10968.5 11020.046875 10861.140625 10616.609375 10697.25 11465.6875 11417.828125 11884.421875 12840.25 13193.140625 14690.28125 14729.65625 14931.28125 14199.765625 14888.46875 16501.453125 17284.328125 21348.953125 22563.5 23641.109375 21473.828125 20759.578125 17366.203125 15624.703125 15484.921875 16691.609375 17024.203125 17792.234375 18544.125 18742.328125 20934.25 18965.703125 17969.8125 15130.640625 9933.15625 9943.90625 11160.78125 12052.109375 12632.453125 13515.71875 15292.578125 14793.984375 16001.21875 13819.859375 13159.984375 13470.875
9621.984375 9723.46875 9187.84375 8340.4375 8614.6875 10122.671875 10479.828125 10428.59375 11650.4375 11926.109375 12053.59375 12266.421875 12199.140625 11731.0625 11421.546875 11400.125 12000.640625 12039.375 11754 11956.484375 12161.671875 12556.953125 13846.046875 14874.765625 14136.28125 16565.671875 18360.9375 19343.390625 18099.609375 19954.921875 21553.640625 16929.640625 15366.390625 15437.171875 15712.484375 17416.453125 17758.8125 17602.46875 17312.078125 16682.25 19377.234375 19258.359375 17383.640625 16769.53125 14130.15625 10253.71875 11346.90625 12109.359375 12578.6875 13327.3125 13150.765625 14836.0625 15264.828125 14331.453125 13772.125 13648.390625 13782.234375
8585.609375 8837.703125 8542.34375 7762.0625 9089.921875 9977.96875 10727.125 10556.703125 10828.859375 11605.171875 12870.09375 13426.453125 12545.34375 12090.921875 11976.9375 12121.5 12189.25 12148.421875 11459.234375 11853.46875 12401.734375 14053.265625 17537.25 19596.578125 17608.640625 15375.96875 16517.703125 15093.265625 13683.234375 15775.265625 15068.15625 17309.9375 17990.578125 19432.03125 18162.734375 15492.21875 16057.875 17266.421875 16780.421875 16996.375 18809.515625 20383.375 17308.734375 15743.046875 12482.34375 10719.984375 12289.109375 13592.0625 13587.78125 13992.59375 14635.78125 16148.421875 15369.53125 15763.859375 14710.859375 14331.453125 17548.90625
8597.453125 9259.859375 8896.765625 9407.734375 8961.84375 10213.90625 10545.125 10058.34375 10101.40625 11049.328125 11931.9375 12062.703125 12265 12069.140625 12192.484375 12681.5625 12897.203125 12620.234375 11969.03125 12753.265625 16603.5 18344 19757.625 20102.140625 19956.6875 19285.265625 21476.671875 20875.1875 17692.421875 17982.421875 20864.09375 23525.40625 23004.15625 22794.875 19876.265625 13610.78125 15601.5 17096.671875 17054.46875 17749.703125 18095.953125 18292.921875 18002.015625 15952.984375 14241.4375 11124.609375 11353.671875 12659.71875 13319.15625 13868.03125 14407.5625 14482.203125 14268.609375 17053.765625 17414.5625 18882.703125 25381.078125
9372.234375 9650.4375 9734.734375 9535 9610.515625 9613.515625 9883.75 10388.234375 10976.609375 12153.984375 11597.203125 11200.96875 11210.453125 11767.640625 12525.5 13445.484375 14109.515625 13486 13380.5625 15086.953125 19143.5625 23690.234375 23186.640625 18359.734375 20081.328125 20889.6875 19283.671875 21435.90625 20323.375 15282.65625 19441.953125 23230.921875 24878.5625 23206.421875 19896.5625 13300.625 15169.3125 16197.875 16545.03125 16307.03125 16065.828125 17233.109375 18278.9375 16526 15471.4375 13102.609375 11407.453125 13706.78125 13190.453125 13160.953125 13576.921875 12233.984375 12042.40625 14081.546875 19020.90625 24566.65625 26118.9375
9453.90625 9532.046875 9480.03125 9591.578125 9759.0625 9544.875 9832.4375 10308.90625 9927.984375 10110.625 11188.859375 10237.640625 10715.453125 10955.328125 14613.40625 19920.296875 24600.8125 19003.75 16277.234375 15572.375 16221.984375 17647.984375 19376.15625 16852.515625 17312.078125 18149.03125 16080.828125 18777.15625 20852.4375 17627.734375 17947.46875 19843.75 22834.5 20624.609375 17344.609375 17604.546875 15803.546875 14780.578125 15308.140625 14996.546875 14806.4375 15817.65625 16138.90625 15393.296875 14249.5625 14718.8125 15906.671875 14348.578125 13573.453125 12983.5 13956.125 13238.40625 15233 16170.421875 22342.46875 22667.015625 17227.59375
9652.65625 10233 9841.203125 9286.53125 9740 9805.859375 9868.671875 9867.359375 10216.015625 10361.0625 10467.75 9789.875 10206.328125 11118.796875 12067.34375 16113.8125 21719.40625 22499.65625 17840.96875 15295.484375 14912.328125 14926.390625 16401.609375 16241.046875 17170.75 16849.78125 16506.125 16882.15625 18873.34375 20156.4375 20397.96875 20642.6875 20769.9375 19545.109375 19801.21875 20291.765625 16229.359375 14358.4375 13894.796875 14063.90625 14337.484375 14130.171875 13040.921875 12571.5625 13101.3125 15501.78125 14998.765625 14425.84375 13716.9375 13314.9375 14152.59375 15498.625 16529.15625 15450.953125 14712.640625 12775.578125 11268.296875
