Cases/SDM_Urocitellus_beldingi/westernUsClimate_modern/BIO15.asc
NCOLS 316 
NROWS 299 
XLLCORNER -124.820833001 
YLLCORNER 29.1625003333339 
CELLSIZE 0.0666666666645545 
NODATA_value -3.4e+38 
[rows 28 to 55 of 299, columns 0 to 62 of 316]
-3.4e+38 -3.4e+38 -3.4e+38 -3.4e+38 -3.4e+38 -3.4e+38 -3.4e+38 57 57.9818181818182 58.515625 58.8125 58.890625 58.734375 59.296875 60.140625 60.0625 60.6875 61.109375 61.9375 62.015625 62.515625 62.953125 63.71875 65.25 66.109375 67.171875 67.421875 65.890625 63.984375 63.046875 62.421875 61.828125 60.765625 59 57.03125 56.109375 55.234375 54.546875 55.171875 50.375 47.390625 44.53125 42 39.828125 44.078125 48.625 53.703125 61.125 63.75 62.328125 62.421875 62.59375 62.125 62.9375 70.078125 72.765625 72.765625 72.671875 72.625 71.8125 67.390625 65.484375 71.109375
-3.4e+38 -3.4e+38 -3.4e+38 -3.4e+38 -3.4e+38 -3.4e+38 -3.4e+38 -3.4e+38 58.4242424242424 58.53125 59.265625 59.6875 59.703125 59.875 60.21875 60.484375 60.984375 61.203125 62 62.296875 62.984375 63 63.1875 64.296875 65.65625 67.015625 66.234375 64.65625 62.9375 62.953125 62.375 61.15625 58.6875 56.8125 56.53125 55.953125 54.328125 51.8125 52.1875 49.484375 45.703125 42.3125 40.5 40.140625 42.234375 47.515625 56.59375 56.84375 60.875 62.671875 61.71875 62.671875 62.6875 63.453125 66.234375 66.40625 69.421875 71.296875 71.15625 70.25 64.765625 60.125 56.234375
-3.4e+38 -3.4e+38 -3.4e+38 -3.4e+38 -3.4e+38 -3.4e+38 -3.4e+38 -3.4e+38 59 59.515625 59.984375 60 60 60.484375 61.046875 61.03125 61.078125 61.125 61.5625 61.921875 62.15625 62.4375 62.65625 63.109375 65.21875 66.515625 65.421875 63.4375 62.53125 62.828125 63.03125 60.953125 57.515625 56.109375 56 55.78125 54.15625 51.28125 49.46875 50.15625 46.28125 46.171875 44.234375 40.09375 40.765625 49.421875 58.625 60.9375 61.9375 60.375 59.59375 60.0625 65.546875 70.375 69.578125 67.125 65.84375 69.546875 71.234375 68.96875 64.640625 59.71875 53.640625
-3.4e+38 -3.4e+38 -3.4e+38 -3.4e+38 -3.4e+38 -3.4e+38 -3.4e+38 -3.4e+38 59.5333333333333 59.640625 59.84375 59.96875 59.84375 59.921875 61.625 61.546875 60.71875 59.828125 60.078125 60.609375 61.84375 62.125 62.03125 62.96875 66.1875 68.53125 65.53125 63.90625 63.5 63.125 62.71875 60.65625 58.296875 57.25 56.375 55.375 53.203125 50.390625 48.84375 48.25 47.921875 46.96875 44.03125 40.65625 41.109375 45.21875 53.5 61.484375 62.75 63.34375 58.03125 61.546875 67.515625 69.921875 71.109375 71.78125 69.390625 69.5 72.109375 72.03125 63.90625 58.828125 54.28125
-3.4e+38 -3.4e+38 -3.4e+38 -3.4e+38 -3.4e+38 -3.4e+38 -3.4e+38 -3.4e+38 59 59 59.109375 59.65625 60 60.453125 61.28125 61.65625 60.453125 59.90625 60.4375 61.6875 61.5 61.71875 62.03125 62.203125 63.484375 66.265625 64.671875 63.53125 63.25 62.953125 61.921875 60.59375 58.609375 57.234375 55.5 53.8125 51.46875 48.84375 46.734375 49 47.578125 48.546875 43.515625 40.953125 44.515625 47.390625 57.296875 62.671875 65.640625 67.015625 66.953125 68.265625 69.140625 70.59375 71.375 70.984375 71.3125 70.125 70.890625 69.34375 64.34375 59.859375 56.859375
-3.4e+38 -3.4e+38 -3.4e+38 -3.4e+38 -3.4e+38 -3.4e+38 -3.4e+38 -3.4e+38 -3.4e+38 59 59 59.03125 59.625 60.390625 61.03125 61.265625 60.90625 60.875 61.25 61.34375 61.328125 61.296875 61.90625 62.453125 62.734375 62.984375 62.796875 61.90625 61.484375 60.828125 59.71875 59.765625 58.875 56.34375 53.78125 49.640625 46.640625 45.578125 48.40625 50.84375 47.09375 45.015625 47.921875 46 52.953125 62.53125 63 65.109375 67.34375 68.03125 68.015625 67.625 71.046875 69.3125 70.28125 71.984375 70.375 69.328125 69.9375 69.125 61.671875 59.046875 60.859375
-3.4e+38 -3.4e+38 -3.4e+38 -3.4e+38 -3.4e+38 -3.4e+38 -3.4e+38 -3.4e+38 -3.4e+38 59 58.828125 58.75 59.40625 60.171875 60.765625 61.140625 61.28125 61.84375 61.875 62 61.859375 61.484375 62.03125 62.359375 62.5625 62.0625 61.4375 60.421875 59.46875 59.234375 57.78125 55.984375 53.15625 54.546875 50.34375 49.078125 50 51.796875 53.3125 55.765625 53.0625 47.65625 47.65625 55.25 59.984375 62.34375 63.171875 63.578125 66.921875 67.390625 67.71875 68.921875 68.46875 67.828125 71.5625 72.28125 71.140625 69.296875 68.515625 68.03125 69.046875 64.21875 55.78125
-3.4e+38 -3.4e+38 -3.4e+38 -3.4e+38 -3.4e+38 -3.4e+38 -3.4e+38 -3.4e+38 -3.4e+38 59 58.9811320754717 58.78125 59.671875 59.96875 60.34375 61.34375 61.578125 61.703125 61.6875 62 62 61.359375 61.671875 62.78125 62.8125 62.03125 60.625 59.5625 58.6875 57.9375 56.328125 52.71875 47.265625 49.21875 49.671875 51.359375 52.0625 55.703125 59.28125 62.359375 59.828125 54.1875 53.21875 54.765625 56.671875 58.203125 60.578125 63.984375 67.40625 67.859375 67.875 69.1875 66.828125 68.421875 69.890625 71.59375 72.25 70.984375 68.84375 66.46875 63.546875 61.359375 57.21875
-3.4e+38 -3.4e+38 -3.4e+38 -3.4e+38 -3.4e+38 -3.4e+38 -3.4e+38 -3.4e+38 -3.4e+38 -3.4e+38 59 59.6779661016949 59.953125 60.046875 60.9375 61.40625 61.46875 61.015625 61.578125 61.875 61.9375 61.71875 61.78125 63.1875 63.0625 61.84375 59.6875 58.5 58.09375 56.734375 55.0625 51.546875 47.09375 47.59375 49.40625 53.796875 59.328125 61.796875 60.234375 62.15625 58.75 52.984375 53.25 56.75 56.890625 57.5625 59.828125 64.4375 66.421875 67.03125 67.078125 67.078125 68.125 69.171875 71.671875 72.90625 70.96875 70.109375 69.34375 68.34375 65.15625 60.421875 55.90625
-3.4e+38 -3.4e+38 -3.4e+38 -3.4e+38 -3.4e+38 -3.4e+38 -3.4e+38 -3.4e+38 -3.4e+38 -3.4e+38 59.9523809523809 59.84375 59.8125 59.8125 61.625 62.84375 62.671875 61.3125 61.8125 62.796875 62.328125 61.53125 62.375 63.15625 62.96875 61.796875 60.234375 58.75 57.90625 56.484375 54.796875 52.453125 50.953125 51.53125 52.640625 56.203125 61.203125 65.125 61.296875 61.953125 59.796875 58.171875 57.703125 57.03125 57.0625 59.328125 63.28125 65.734375 66.78125 65.609375 67.09375 66.796875 68.375 70.484375 71.578125 71.546875 71.09375 70.6875 69.828125 69.140625 65.53125 60.21875 56.53125
-3.4e+38 -3.4e+38 -3.4e+38 -3.4e+38 -3.4e+38 -3.4e+38 -3.4e+38 -3.4e+38 -3.4e+38 -3.4e+38 59.75 59.8125 59.765625 59.890625 60.078125 60.875 61.6875 63.4375 62.609375 62.1875 62.640625 62.328125 61.109375 60.5625 61.078125 60.921875 59.890625 57.671875 55.578125 54.609375 53.71875 53.125 52.734375 51.375 51.265625 51.5 54.734375 58.578125 59.890625 59.578125 59.921875 58.34375 57.59375 58.203125 58.84375 61.578125 64.375 65.9375 66.109375 63.5 66.359375 65.796875 68.765625 70.984375 70.78125 71.015625 71.046875 70.90625 70.484375 68.609375 65.5 60.25 53.90625
-3.4e+38 -3.4e+38 -3.4e+38 -3.4e+38 -3.4e+38 -3.4e+38 -3.4e+38 -3.4e+38 -3.4e+38 -3.4e+38 59.275 59.046875 59.015625 59.046875 59.078125 60.25 61.5 62.5625 62.78125 60.6875 61.28125 60.828125 59.578125 58.359375 58.296875 59.21875 59.03125 56.953125 54.484375 53.9375 53.859375 54.015625 51.90625 50.015625 50.078125 51.140625 53.921875 59.59375 57.34375 57.21875 60.34375 60.0625 60.296875 59.78125 62.375 64.359375 65.03125 63.734375 64.625 64.9375 65.703125 66.546875 69.109375 71.65625 72.265625 73.015625 72.796875 71.90625 71.09375 67.75 64.171875 59.953125 59.25
-3.4e+38 -3.4e+38 -3.4e+38 -3.4e+38 -3.4e+38 -3.4e+38 -3.4e+38 -3.4e+38 -3.4e+38 -3.4e+38 59.1 58.453125 58.71875 58.671875 60.234375 62.359375 63.484375 62.34375 61.75 62.140625 60.375 60.8125 61.046875 60.96875 58.640625 58.890625 58.90625 57.625 55.515625 53.34375 53.3125 53.078125 51.296875 49.125 49.09375 50.671875 54.65625 59.59375 61.875 62.296875 64.828125 64.59375 63.71875 64.765625 64.53125 64.78125 64.890625 64.671875 64.484375 64.390625 65.484375 66.953125 70.71875 73.421875 73.6875 74.296875 73.96875 73.484375 71.03125 67.734375 67 68.890625 65.75
-3.4e+38 -3.4e+38 -3.4e+38 -3.4e+38 -3.4e+38 -3.4e+38 -3.4e+38 -3.4e+38 -3.4e+38 -3.4e+38 60.4897959183673 59.828125 59.484375 59.171875 60.828125 63.53125 63.34375 62.515625 61.796875 61.296875 60.9375 60.8125 62.109375 63 61.9375 58.5625 58.046875 58.078125 56.546875 53.234375 52.78125 52.3125 50.796875 47.390625 48.984375 51.796875 58.21875 59.9375 60.703125 61.40625 63.34375 65.09375 65.8125 65.78125 65.78125 65 64.328125 63.984375 64.015625 64.0625 67.21875 69.375 72.671875 74.203125 73.875 74.3125 74.53125 74.765625 73.71875 70.578125 70.875 69.9375 66.875
-3.4e+38 -3.4e+38 -3.4e+38 -3.4e+38 -3.4e+38 -3.4e+38 -3.4e+38 -3.4e+38 -3.4e+38 -3.4e+38 60.9318181818182 60.828125 60.421875 60.390625 61.171875 61.875 61.703125 61.78125 61.671875 61.28125 61 60.46875 59.859375 61.265625 61.765625 61.6875 59.1875 58.984375 56.09375 53.5 53.0625 52.125 51.140625 52.34375 54.421875 56.765625 59.390625 59.53125 59.828125 59.40625 59.5625 61.84375 65.640625 66.3125 66.90625 65.890625 64.890625 63.546875 63.546875 64.75 69.390625 74.96875 75.96875 76.5 73.75 74.1875 75.34375 76.15625 75.484375 74.875 74.421875 74.53125 73.453125
-3.4e+38 -3.4e+38 -3.4e+38 -3.4e+38 -3.4e+38 -3.4e+38 -3.4e+38 -3.4e+38 -3.4e+38 -3.4e+38 60.3333333333333 60.7142857142857 61 61.09375 61.140625 61.515625 61.25 61 60.921875 61.15625 62 61.59375 61.203125 61.859375 62.03125 62.1875 61.359375 58.15625 54.9375 55.875 56.3125 54.25 54.25 55.25 59.625 58.484375 59.875 60.4375 59.125 64.546875 63.78125 63.9375 66.96875 67.625 66.921875 65.859375 65.453125 64.28125 64.609375 65.40625 68.96875 79.28125 78.921875 77.421875 75.9375 75.5625 77.21875 77.46875 75.734375 75.625 75.921875 76.453125 74.21875
-3.4e+38 -3.4e+38 -3.4e+38 -3.4e+38 -3.4e+38 -3.4e+38 -3.4e+38 -3.4e+38 -3.4e+38 -3.4e+38 -3.4e+38 61 60.948275862069 61.015625 61.265625 61.703125 60.59375 61.796875 64.4375 63.171875 65.203125 65.3125 65.234375 65.5 65.3125 65.3125 63.71875 57.65625 54.3125 55.6875 55.28125 55.203125 55.875 56.859375 60.359375 62.40625 64.3125 63.640625 63.171875 65.3125 66.296875 65.4375 66.03125 66.90625 65.453125 63.6875 63.765625 64.203125 68.21875 73.84375 73.609375 73.828125 75.515625 77.875 78.6875 78.46875 78.046875 78.03125 77.3125 76.078125 77.328125 77.65625 76.890625
-3.4e+38 -3.4e+38 -3.4e+38 -3.4e+38 -3.4e+38 -3.4e+38 -3.4e+38 -3.4e+38 -3.4e+38 -3.4e+38 -3.4e+38 -3.4e+38 60.1458333333333 60.109375 59.921875 60.5 60.71875 61.640625 65.9375 66.09375 66.6875 68.3125 67.5 67.265625 66.515625 65.921875 65.609375 63.734375 58.703125 54.953125 55.5 55.4375 56.359375 57.65625 59.953125 64.28125 66.515625 66.78125 65.5625 63.65625 63.96875 63.984375 65.25 66.796875 64.8125 64.296875 64.8125 69.0625 72.96875 75.5 72.875 74.5625 77.953125 80 80.53125 79.234375 78.640625 78.0625 77.90625 76.5625 78.40625 80.296875 79.046875
-3.4e+38 -3.4e+38 -3.4e+38 -3.4e+38 -3.4e+38 -3.4e+38 -3.4e+38 -3.4e+38 -3.4e+38 -3.4e+38 -3.4e+38 60 59.3275862068966 58.828125 58.109375 58.125 60.09375 61.625 66.5 66.953125 67.59375 67.3125 67.21875 67.046875 67.453125 67.15625 64.75 62.359375 59.140625 56.6875 56.59375 58.640625 60.046875 62.234375 59.75 63.015625 63.203125 62.875 64.3125 63.203125 65.125 65.515625 66.5625 65.984375 65.46875 65.234375 66.828125 72.03125 75.265625 75.4375 75.140625 76.578125 80.671875 80.4375 79.4375 77.75 78.34375 78.4375 78.015625 77.5625 78.40625 78.84375 79.078125
-3.4e+38 -3.4e+38 -3.4e+38 -3.4e+38 -3.4e+38 -3.4e+38 -3.4e+38 -3.4e+38 -3.4e+38 -3.4e+38 -3.4e+38 60.3333333333333 59.59375 58.703125 59 60.625 61.890625 65.140625 68.421875 66.96875 67.625 68.546875 68.671875 66.9375 65.90625 67.25 66.234375 63.328125 60.09375 58.265625 56.640625 57.359375 57.65625 58.046875 58.4375 60.09375 61.375 64.203125 64.65625 63.9375 67.8125 68.140625 69.5625 70.1875 68.015625 65.578125 69.21875 72.78125 75.0625 75.34375 76.640625 77.609375 78.515625 78.3125 78.390625 75.84375 74.84375 74.53125 74.609375 77.125 78.296875 76.9375 77.25
-3.4e+38 -3.4e+38 -3.4e+38 -3.4e+38 -3.4e+38 -3.4e+38 -3.4e+38 -3.4e+38 -3.4e+38 -3.4e+38 -3.4e+38 60.375 60.734375 61.671875 63.390625 64.78125 66.609375 68.90625 67.328125 69.03125 70.703125 72.203125 71.484375 67.6875 65.71875 67.3125 66.984375 64.671875 60.390625 58.21875 57.28125 57.828125 57.484375 57.046875 57 57.90625 60.359375 64.71875 65.8125 65.0625 66.359375 68.796875 72.109375 71.578125 73.8125 71.796875 70.046875 73.15625 74.84375 76.53125 77.421875 77.65625 77.46875 77.28125 76.234375 73.65625 70.359375 70.125 70.109375 70.234375 70.765625 72.40625 73.796875
-3.4e+38 -3.4e+38 -3.4e+38 -3.4e+38 -3.4e+38 -3.4e+38 -3.4e+38 -3.4e+38 -3.4e+38 -3.4e+38 -3.4e+38 60.0434782608696 61.328125 68.46875 66.640625 66.40625 68.078125 69.15625 69.34375 70.578125 71.640625 73.671875 73.46875 71.84375 70.328125 72.375 69.5625 65.890625 61.78125 61.359375 59.375 57.90625 57 56.046875 55.109375 55.6875 57.78125 59.078125 64.109375 66.71875 66.734375 65.953125 70.09375 70.53125 70.65625 71.90625 70.734375 73.03125 74.90625 76.5625 76.8125 77.34375 76.84375 75.25 70.6875 71.765625 70.671875 70.046875 69.28125 68.609375 67.984375 69.84375 71.203125
-3.4e+38 -3.4e+38 -3.4e+38 -3.4e+38 -3.4e+38 -3.4e+38 -3.4e+38 -3.4e+38 -3.4e+38 -3.4e+38 -3.4e+38 61 61.2903225806452 63.265625 63.234375 67.546875 68.78125 70.65625 70.296875 69.53125 70.53125 73.046875 74.375 74.046875 73.109375 73.90625 71.296875 67.421875 63.234375 60.21875 58.984375 58.296875 57.640625 56.625 55.71875 55.59375 57.671875 59.25 63.640625 64.828125 62.9375 62.6875 65.046875 68.03125 67.5 67.8125 69.609375 72.53125 75.40625 76.859375 76.625 76.71875 74.109375 72.046875 71.484375 72.9375 71.265625 69.921875 69.78125 69.109375 69.625 71.28125 70.875
-3.4e+38 -3.4e+38 -3.4e+38 -3.4e+38 -3.4e+38 -3.4e+38 -3.4e+38 -3.4e+38 -3.4e+38 -3.4e+38 -3.4e+38 -3.4e+38 61 63.515625 65.15625 67.421875 69.375 69.765625 69.859375 69.625 69.78125 72.09375 73.6875 73.25 71.53125 69.640625 68.59375 67.9375 66.9375 60.5625 58.890625 58.46875 57.84375 57.171875 56.8125 56.265625 56.65625 56.296875 55.71875 55.875 58.4375 58.15625 60.796875 64.796875 64.015625 65.78125 70.390625 73.65625 75.84375 77.03125 75.84375 74.90625 73.359375 72.765625 73.796875 72.296875 71.890625 71.71875 71.46875 70.296875 67.203125 63.03125 59.90625
-3.4e+38 -3.4e+38 -3.4e+38 -3.4e+38 -3.4e+38 -3.4e+38 -3.4e+38 -3.4e+38 -3.4e+38 -3.4e+38 -3.4e+38 60 60.3174603174603 64.859375 65.359375 66.859375 67.59375 69.046875 68.28125 67.5625 68.15625 69.765625 72.171875 71.859375 70.03125 69.15625 68.265625 66.125 64.9375 63.78125 61.453125 59.046875 58.953125 57.6875 56.71875 55.75 55.1875 55.078125 55.21875 55.28125 55.625 60.171875 62.84375 61.65625 59.859375 64.40625 73.234375 75.640625 75.796875 75.859375 73.859375 70.734375 69.5 71.5 75.671875 73.8125 74.03125 73.78125 68.40625 62.515625 58.671875 57.5 56.59375
-3.4e+38 -3.4e+38 -3.4e+38 -3.4e+38 -3.4e+38 -3.4e+38 -3.4e+38 -3.4e+38 -3.4e+38 -3.4e+38 -3.4e+38 60 60.03125 60.6875 63.984375 65.5625 66.53125 67.90625 68.125 66.578125 68.0625 70.609375 72 72 71.859375 70.5625 68.90625 66.28125 64.96875 62.921875 62.203125 60.84375 61.078125 58.828125 56.75 54.875 53.921875 54.640625 54.8125 53.375 56.734375 60.5625 61.265625 61.09375 61.078125 64.140625 71.109375 74.375 75.953125 75.90625 72.21875 67.921875 70.046875 71.515625 70.296875 68.9375 68.734375 66.875 62.6875 56.921875 53.5 53.015625 52.59375
-3.4e+38 -3.4e+38 -3.4e+38 -3.4e+38 -3.4e+38 -3.4e+38 -3.4e+38 -3.4e+38 -3.4e+38 -3.4e+38 -3.4e+38 60 60.71875 63.453125 60.375 62.03125 65.15625 66.78125 68.3125 69.421875 69.21875 70.96875 72.5625 71.78125 71.5625 70.5625 68.96875 66.40625 64.578125 63.0625 61.828125 60.921875 60.296875 59.3125 57.421875 55.734375 55.1875 54.234375 54.046875 51.109375 51.859375 55.078125 58 59.484375 60.3125 61.59375 65.984375 70.25 73.953125 74.265625 72.234375 69.3125 63.796875 62.890625 60.0625 58.25 59.4375 60.953125 57.984375 55.53125 50.625 49.4375 50.34375
-3.4e+38 -3.4e+38 -3.4e+38 -3.4e+38 -3.4e+38 -3.4e+38 -3.4e+38 -3.4e+38 -3.4e+38 -3.4e+38 -3.4e+38 60 60.125 61.96875 61.578125 62.234375 66.734375 67.34375 68.046875 70.21875 71.828125 73.96875 73.46875 71.140625 70.796875 69.046875 68 66.578125 64.34375 62.796875 61.578125 61.09375 60.390625 60.03125 58.546875 56.6875 55.296875 53.75 52.984375 51.8125 51.296875 53.203125 56.359375 58.59375 58.9375 60.25 61.03125 64.9375 67.96875 65.71875 68.328125 66.203125 62.453125 62.03125 60.171875 60.234375 58.0625 55.921875 55.703125 57.046875 48.578125 48.75 49.296875
