Cases/SDM_Urocitellus_beldingi/westernUsClimate_modern/BIO17.asc
NCOLS 316 
NROWS 299 
XLLCORNER -124.820833001 
YLLCORNER 29.1625003333339 
CELLSIZE 0.0666666666645545 
NODATA_value -3.4e+38 
[rows 21 to 41 of 299, columns 92 to 137 of 316]
4229.82977294922 4297.31340789795 4308.3773727417 4325.84218597412 4346.58837127686 4300.48290252686 4302.49806213379 4320.45470428467 4358.47169494629 4439.34022521973 4609.42823791504 4844.2183380127 5114.55406188965 5163.55828857422 5087.90008544922 4882.31885528564 4957.25889587402 5030.94396209717 5203.12551879883 5308.82743835449 5397.47206878662 5410.87730407715 5738.51044464111 6087.94053649902 7173.76050567627 10032.9221420288 9282.53907775879 8590.44869232178 8006.07872772217 8883.76952362061 10215.7011413574 11212.229019165 14761.873046875 16503.2617492676 13336.2422027588 14419.0598907471 14041.7657928467 13544.8180847168 13496.8161621094 12363.679473877 11634.1995849609 11407.2763519287 12548.7015228271 13555.8695068359 14866.8926696777 14269.0400695801
3826.35788726807 3953.85059356689 4123.58308029175 4202.96168518066 4245.8786315918 4333.24275970459 4322.78484344482 4276.99607849121 4302.21652984619 4377.10433959961 4616.99178314209 4945.7960357666 5142.94580078125 5113.8772277832 5156.57901000977 5102.90362548828 5018.77784729004 4978.27351379395 5112.82666778564 5385.64641571045 5876.25993347168 6120.65481567383 6825.26895141602 7781.57579040527 10757.0411605835 12611.5357055664 9265.59763336182 8943.87017822266 8506.58639526367 10664.6474914551 12177.3819274902 13033.6436920166 12252.1663970947 11020.4104995728 11251.2244720459 12284.1826782227 10170.8814544678 12445.1213989258 14195.4007568359 13317.2102661133 12425.1976776123 11190.7893218994 12892.685333252 13005.2602386475 14252.8081207275 15614.6012878418
3582.06435012817 3696.89563751221 3824.87971878052 4026.5378112793 4174.17197418213 4286.36853027344 4313.57010650635 4369.32675933838 4292.32234191895 4352.10711669922 4652.3943939209 4970.48651885986 5081.36016082764 5117.17155456543 5153.81428527832 5138.86121368408 5181.85591888428 5122.94847869873 5201.00048065186 5303.96871185303 5636.19255065918 6308.15312194824 7268.62987518311 7984.11640930176 7984.07704925537 9423.35861206055 8305.08638000488 7700.94356536865 8977.43896484375 10677.2898101807 12460.7651367188 9871.10960388184 9124.2006149292 9135.81233978271 9648.7575378418 10346.9091339111 10120.426574707 11620.5121917725 12241.9791107178 11089.0357055664 11521.8777313232 12324.8400115967 13672.8615112305 14532.9803924561 15001.3959503174 13587.115737915
3355.5781288147 3467.14638137817 3665.6838684082 3829.75672912598 3932.59591674805 3996.56415939331 3999.38377761841 4062.69735336304 4079.63796615601 4167.81384277344 4462.65867996216 4645.94918060303 4783.09508514404 4897.01289367676 4940.73106384277 5033.22473144531 4988.63749694824 5042.42884063721 5199.31122589111 5526.79247283936 5763.30477905273 6042.91309356689 6278.939453125 6571.25312042236 6856.67421722412 7189.10750579834 7288.66148376465 6836.63884735107 7437.29010009766 9277.28538513184 8946.76782989502 8772.36122131348 11913.4147796631 13078.0707092285 14277.029296875 14267.4518127441 12016.0912475586 13858.0992889404 17361.7122497559 15704.7779083252 15626.3435516357 12458.7849273682 12820.7633056641 13286.1999816895 13159.4469299316 14931.3918151855
3180.63398361206 3300.45682144165 3401.96467590332 3554.19416046143 3621.68085479736 3587.22187805176 3526.15166091919 3676.50186920166 3882.53535842896 4119.11348342896 4299.24909973145 4429.17871856689 4516.12951660156 4664.79530334473 4957.5797958374 5021.18810272217 5038.66229248047 5143.51885223389 5412.10694122314 5701.45162200928 5791.8356552124 5866.69338989258 6382.64218902588 6735.86582183838 6809.09825897217 7214.82381439209 7910.44362640381 7752.25202178955 7348.76972961426 8698.1725769043 10031.8306732178 11715.1978759766 13535.8347320557 15328.8946990967 16855.2298736572 14923.6250457764 15385.3836975098 18085.4792022705 17236.0941925049 19992.7752838135 19599.5114440918 15275.6905670166 14467.714263916 13877.817199707 14190.0944671631 15231.2677154541
3043.04179000854 3074.68535232544 3222.94647979736 3384.11745071411 3459.41885757446 3547.95450592041 3638.0436706543 3789.86776733398 4040.19062042236 4312.10009002686 4294.27332305908 4292.28243255615 4357.0891418457 4616.90918731689 4853.4740447998 5001.01103210449 5085.26247406006 5242.05795288086 5477.06865692139 5530.51023864746 5594.97943115234 5914.69482421875 6279.64414978027 7001.66516113281 7323.79482269287 7529.70336151123 8262.5306930542 8225.86846160889 8700.27956390381 8908.32876586914 9183.12979125977 9256.21813964844 9602.92247009277 10276.4705047607 10928.1317749023 10337.4830780029 11191.2178192139 13805.3874359131 12387.0586547852 15616.2487640381 18208.0865783691 15197.772567749 18071.0389556885 15336.4834594727 14307.4552307129 14178.4095153809
3040.72773361206 3138.92644882202 3237.13515090942 3361.72401428223 3400.85820388794 3460.81698608398 3607.25087356567 3773.44113540649 4039.87511062622 4151.76465988159 4218.49851608276 4251.35536956787 4403.47930908203 4709.9225769043 4911.65996551514 4940.9186706543 5018.50751495361 5229.02335357666 5287.64712524414 5260.78672027588 5470.49587249756 5808.82527923584 6173.96582794189 6819.74937438965 7018.06318664551 6952.88191223145 7673.89277648926 9237.34259033203 9722.25244140625 10125.7183227539 11565.4944152832 10337.4973907471 10281.8689727783 10569.5752563477 11069.2987518311 10748.0847167969 10304.061630249 10395.5856018066 10582.4751586914 11018.2233428955 11964.995880127 12659.1356048584 13444.0661315918 13331.4529418945 13935.4749145508 13246.1472930908
3017.28349304199 3153.68202590942 3209.73418807983 3337.54314804077 3386.48787689209 3403.78282928467 3505.97753143311 3675.80137634277 3827.92245483398 4006.33366775513 4077.76120376587 4354.56748199463 4616.0675201416 4763.25807952881 4785.51501464844 4806.48398590088 5148.25872039795 5148.61083221436 5246.78147888184 5382.26943969727 5573.03447723389 5852.21757507324 6107.20859527588 6366.2965927124 6531.74214172363 6984.93497467041 7450.16902923584 9482.71817016602 10902.8632202148 10459.024597168 9748.51867675781 9758.86508178711 10077.0226287842 10443.0855102539 11632.2620391846 12749.9261932373 12098.5033721924 12251.6467285156 12748.7832183838 12501.5272216797 12989.0935516357 12497.8192596436 12294.1103973389 12613.706451416 12183.338973999 13086.6150360107
3034.41786956787 3092.30390548706 3182.79219818115 3311.25537490845 3336.27617645264 3340.54570388794 3381.25995635986 3484.25958251953 3634.14082717896 3854.94804382324 4012.21503067017 4312.79289245605 4463.50702667236 4431.14912414551 4410.88280487061 4776.6057434082 5232.78799438477 5389.48300170898 5415.43410491943 5633.84708404541 5986.66436767578 6065.19121551514 6188.91913604736 6455.23416900635 7216.00884246826 8555.08645629883 7621.02307891846 7651.14099121094 9977.02726745605 11316.2793273926 10216.6883850098 10495.9929504395 11196.5190582275 10292.11668396 10576.270904541 12295.8262329102 13157.6429901123 12460.5905456543 12195.059677124 13129.6012115479 14617.8869781494 13484.6584625244 12943.8900146484 12762.6880187988 12801.2783508301 13114.479095459
3004.39070129395 3028.07363128662 3089.23682022095 3226.21045303345 3312.86612701416 3317.05878448486 3303.6575050354 3458.83450317383 3576.89405441284 3788.40116119385 3871.18622589111 4075.51720428467 4299.03787231445 4327.55194854736 4571.34707641602 4926.8258895874 5149.89114379883 5391.65782165527 5570.55918884277 5756.91216278076 6076.95166015625 6295.59206390381 6387.54685211182 6643.22290802002 7238.51011657715 9231.90864562988 9643.17405700684 9192.4275894165 9934.05669403076 11437.7432403564 10652.7931671143 12166.1602020264 12494.8240203857 11732.1079406738 10716.4918060303 11014.5359802246 12015.6159057617 12012.2219085693 13213.8001098633 14005.7571868896 14758.572052002 15055.7236633301 14066.9266662598 14086.115020752 12516.8623046875 13137.9139404297
2947.95372772217 2947.82452774048 2961.29453277588 3052.18078994751 3165.74366378784 3204.91025161743 3248.96190643311 3416.45760345459 3564.29288101196 3779.09989547729 3821.24979782104 3964.62775421143 4252.4348449707 4268.12715148926 4465.49538421631 4667.64560699463 4869.57559204102 5130.11220550537 5443.28291320801 5630.89120483398 5918.70169830322 6049.32597351074 6352.41404724121 6799.19284820557 7334.54199981689 8307.62924194336 8305.27704620361 9217.01261901855 10866.9528656006 8675.45974731445 8121.50595855713 10322.9955215454 11182.861831665 11787.1731567383 11139.1676635742 11159.4174499512 11319.7184753418 11638.9271087646 12692.4003448486 13317.4266204834 12932.5497131348 12179.0026855469 16484.6567230225 15902.9210357666 12225.3848266602 12230.2061309814
2932.08702468872 3010.14043807983 3029.51836013794 3081.94561004639 3144.92295837402 3231.28690338135 3254.01379394531 3434.28273010254 3717.60214614868 3817.65723800659 3895.46326828003 3760.05479049683 3892.41277694702 4107.87998962402 4369.32528686523 4530.3071975708 4741.30380249023 4935.24349975586 5057.32304382324 5169.24533843994 5486.45410919189 5844.28185272217 6541.39745330811 6785.58937835693 7178.74677276611 7655.57685089111 7986.75927734375 8177.04923248291 8573.89122009277 8026.90683746338 8352.3514175415 10613.218170166 10755.9317474365 10136.6385498047 10177.8871307373 10602.2859954834 11445.8050231934 12054.4520874023 12066.5386352539 11305.5520324707 10884.3392028809 10660.5333251953 10756.0679168701 11938.3484649658 12367.0954589844 14032.7122039795
2887.47334289551 2970.47109985352 3009.94004821777 3111.25242233276 3259.87675857544 3327.02657318115 3371.27228164673 3421.28211975098 3592.05018615723 3651.59882736206 3546.13347625732 3577.46073913574 3676.29364776611 3899.60137557983 4108.00829315186 4333.02236557007 4688.35880279541 4982.20877838135 5174.59286499023 5177.93614196777 5389.51640319824 5796.18933868408 6725.19072723389 6863.86252593994 7439.49348449707 8067.68112182617 7806.52323913574 7871.2922744751 8068.36637115479 8183.63098144531 8855.23751068115 9556.91200256348 9664.38539123535 9714.21934509277 10156.5401153564 10715.5391845703 11335.260848999 11433.1106719971 12033.5547180176 11508.6730651855 10517.3690338135 8913.10918426514 9745.5128326416 10783.6237792969 10866.0829772949 11702.8458709717
2873.72050857544 2926.98171234131 2976.18593597412 3108.28165817261 3168.3769569397 3249.0288848877 3283.65176010132 3379.94426345825 3272.1259727478 3425.55574417114 3453.44608306885 3570.51141357422 3639.17713165283 3849.94219970703 4198.05415725708 4477.07616424561 4751.99432373047 4931.18991088867 5151.98303222656 5387.06286621094 5746.73954772949 5952.80762481689 6097.71385192871 6644.6544418335 7224.39807128906 7846.7049407959 7641.41505432129 7390.01474761963 7120.56996154785 7194.35614776611 7903.48934173584 8642.21760559082 9073.61831665039 9429.24833679199 10381.7623291016 10788.5868682861 10560.7085266113 10274.4476165771 10842.2462615967 10941.5661773682 9560.06432342529 9642.61016845703 10981.8677062988 12256.1736297607 12257.0147247314 11903.8498687744
3032.94488525391 3049.98467254639 3026.63835144043 3067.69891738892 3049.2832069397 3134.03474807739 3088.70095825195 3129.92364883423 3347.57002258301 3617.5708770752 3674.25712585449 3773.98779678345 3718.87228393555 3906.86483383179 3776.51318359375 4027.2428817749 4503.69658660889 4798.09533691406 4789.02229309082 5502.91493225098 5885.64824676514 6139.53128814697 6237.27559661865 6727.25384521484 7552.33125305176 8179.01016235352 8003.71949768066 7159.68940734863 6793.30430603027 6957.53018951416 7801.06561279297 8524.78034210205 8638.11640930176 9722.84455871582 10705.2711639404 9978.59568786621 9584.53205871582 9369.37948608398 10604.2966308594 10236.4713745117 9359.95628356934 10609.4037017822 11257.5430603027 11931.8110961914 11898.1105651855 12167.7185974121
2919.53252029419 2971.86259460449 2928.32335281372 2981.86104202271 3061.15497589111 3066.4914894104 3079.82510757446 3122.77724075317 3526.69882202148 3428.5305557251 3412.69806289673 3678.0104637146 3657.7744140625 3503.34237670898 3957.78983306885 4435.59580230713 4520.41756439209 4624.71028900146 4710.0378036499 5119.7678604126 6022.80057525635 6342.80576324463 6618.91101074219 7012.22107696533 7906.75526428223 8819.17372894287 7749.83242797852 7360.55348205566 7269.18447875977 7397.9807510376 7561.52926635742 8000.11476135254 8401.89161682129 9669.87391662598 10399.4455718994 10036.4220275879 9144.42276763916 9416.61019897461 10181.7629089355 9857.18621826172 9305.37532043457 10695.7131652832 10586.1619720459 11370.527923584 12078.84324646 12641.2044372559
2879.84335708618 2927.80271911621 2925.05107116699 2968.2092666626 2998.5781288147 3002.6706237793 3024.85087203979 2954.11964035034 3126.90450286865 3009.55173110962 3250.01394271851 3289.44921112061 3274.06270217896 3534.130859375 4063.33076095581 4494.00420379639 4632.69529724121 4981.33048248291 5675.65869140625 5271.50987243652 4988.74714660645 6060.78961181641 6742.94798278809 7045.09072113037 7688.94023132324 7646.97245025635 7407.81667327881 7615.6609954834 7439.26229858398 7040.74892425537 7407.44240570068 8303.21794891357 8847.57171630859 9626.38035583496 10355.6076507568 9213.21709442139 8543.23065185547 9484.47450256348 9920.80015563965 10190.9270935059 10946.2892303467 11302.1711578369 11423.3343048096 11538.7288513184 12503.612487793 12473.1893463135
2945.04332733154 2870.80673980713 2967.5426902771 3227.90421676636 3334.93925476074 3230.99597549438 3191.24980163574 3067.23984146118 2985.22032546997 3417.07012939453 3858.09070968628 3969.12889099121 4235.8623085022 4351.61786651611 4544.25207138062 4699.22114562988 4891.75466918945 5176.21808624268 5650.95010375977 5995.35456848145 6211.4143447876 5027.32626342773 6539.56712341309 7150.32071685791 7349.9956817627 7611.07131958008 7781.56970977783 7787.27993774414 7278.0895690918 6600.20406341553 7175.86247253418 7618.17273712158 8167.99278259277 9047.93890380859 9136.63363647461 8609.80902862549 8831.47498321533 9723.35636901855 10715.3712921143 11260.929473877 11222.3932189941 11618.637878418 12047.4096984863 12428.715713501 13072.9159851074 13236.3375244141
2959.70840454102 2941.29257583618 3137.40832138062 3383.27626800537 3533.74853515625 3646.25918579102 3583.22481918335 4043.57431030273 3772.29356002808 3892.80526351929 4090.85654830933 4222.99473571777 4685.23448181152 4865.3724899292 4975.40505981445 5352.19031524658 5776.54088592529 6076.8982925415 6219.80544281006 6238.22452545166 5869.24716949463 5371.98769378662 5158.95420837402 6407.09794616699 6855.91352081299 6268.40661621094 6231.31101989746 6241.0923614502 5923.56513214111 6754.59697723389 7295.40675354004 8529.82769012451 8558.37823486328 8289.88640594482 8394.95341491699 8787.04961395264 8065.41767883301 8586.67594909668 9894.42042541504 10769.0749053955 11241.3685150146 11796.5771179199 12192.2573699951 12434.3339233398 12989.4217224121 13995.1245117188
2990.38398742676 3157.8251991272 3283.8137588501 3446.80988693237 3926.45038604736 4213.85606002808 4575.87763977051 4924.43506622314 5027.0387802124 4991.19706726074 5066.5622177124 5207.04387664795 5852.16728973389 6195.0982208252 5811.63000488281 6168.96103668213 7236.62535858154 7635.43593597412 7086.06769561768 6192.35940551758 5583.05986022949 5161.40472412109 5046.12063598633 4597.94626617432 4477.77489471436 5103.01141357422 5675.33966827393 6294.2886505127 6011.45508575439 7212.63845825195 8132.34880828857 8698.24194335938 8809.12666320801 8786.09875488281 8502.19074249268 8552.80555725098 8592.76190185547 8440.02342987061 10171.7371063232 10627.8858795166 11114.20703125 11491.948425293 11897.6004333496 12059.1981811523 12315.780960083 12950.395980835
3267.02237319946 3418.79513168335 3449.35790634155 3625.86720657349 4117.79091262817 4467.11386108398 4570.63269805908 4832.80235290527 4933.08187866211 5156.60236358643 5092.85006713867 5616.97284698486 6566.36318206787 7142.63860321045 7607.32788848877 6937.42233276367 8104.24226379395 8555.98205566406 8302.77265167236 7711.07078552246 6818.92225646973 6301.25764465332 5532.82166290283 4729.72061157227 4673.3811416626 5590.70216369629 6552.82206726074 7008.01216125488 7688.97903442383 7877.24179840088 8626.66411590576 8824.14790344238 8847.86982727051 8785.24530029297 8577.17010498047 8641.98310852051 8640.42805480957 8471.25433349609 9530.13868713379 10443.0586547852 10786.2173461914 11029.0542755127 11559.5761260986 11819.1968688965 12032.2303619385 12799.3041687012
