Cases/SDM_Urocitellus_beldingi/westernUsClimate_modern/BIO15.asc
NCOLS 316 
NROWS 299 
XLLCORNER -124.820833001 
YLLCORNER 29.1625003333339 
CELLSIZE 0.0666666666645545 
NODATA_value -3.4e+38 
[rows 56 to 83 of 299, columns 189 to 251 of 316]
39.875 50.140625 49.484375 48.140625 36.8125 38.640625 49.375 53.328125 51.6875 41 25.8125 23.5 29.140625 27.578125 24.734375 28.9375 28.25 28.625 25.6875 28.203125 36.234375 47.828125 48.375 33.25 31.21875 23.703125 21.515625 24.75 23.515625 21.921875 23.75 24.125 27.921875 30.46875 35.40625 29.625 30.6875 33.484375 39.96875 43.8125 45.703125 47.09375 48.8125 50.4375 51.046875 53.171875 53.875 54.65625 53.4375 50.703125 52.1875 55.21875 55.3125 50.390625 49.78125 46.15625 44.140625 44.625 47.90625 49.46875 46.265625 43.484375 42.515625
35.921875 49.21875 46 37.6875 30.984375 30.015625 49.34375 52.40625 50.453125 25.21875 19.109375 19.46875 20.9375 27.5625 30.71875 25.0625 27.109375 24.21875 22.96875 27.25 44.75 42.25 25.75 21.71875 21.796875 21.796875 20.359375 23.90625 25.3125 21.375 25.671875 27.21875 25.03125 25.90625 26.390625 22.71875 29.3125 32.25 35.984375 40.265625 42.8125 44.859375 44.78125 44.359375 44.640625 45.1875 48.96875 52.625 53.8125 50.984375 52.703125 56.046875 52.71875 47.21875 42.8125 40.671875 39.84375 40.125 44.5625 46.625 45.796875 42.0625 41.4375
48.28125 51.265625 33.40625 22.9375 24.125 23.890625 41.640625 51.5 50.625 34.09375 19.0625 19.234375 18.96875 18.3125 26.890625 22.8125 22.9375 23.015625 25.0625 38.4375 32.796875 23.796875 20.40625 21.171875 19.84375 20.875 24.03125 23.453125 25.421875 25.59375 26.125 27.609375 25.25 19.140625 30.15625 25.078125 25.328125 31.734375 34.90625 32.875 35.3125 38.78125 40.9375 39.984375 41.125 42.640625 47.125 48.9375 53.125 51.9375 52.921875 56.203125 56.28125 46.828125 40.546875 40.328125 40.71875 38.375 42.203125 47.296875 48.546875 47.109375 45.015625
55.09375 57.453125 42.375 23.140625 21.875 25.796875 27.765625 45.140625 48.265625 35.953125 18.65625 18.65625 19.234375 19.171875 20.390625 20.6875 20.953125 21.546875 24.671875 23.265625 32.875 36.5625 23.453125 23.203125 23.546875 22.6875 21.984375 21.1875 24.671875 24.6875 23.59375 20 20.734375 20.421875 32.96875 34.375 28.421875 25.6875 25.484375 22.546875 33.40625 34.640625 37.375 39.40625 39.78125 42.609375 45.34375 52.328125 57.96875 55.703125 55.0625 55.890625 56.75 53.75 43.28125 45.625 49.984375 50.546875 45.59375 49.171875 51.203125 50.984375 50.8125
48.5625 55.5625 53.96875 36.03125 25.78125 20.8125 25.765625 31.984375 42.1875 27.625 22.5625 24.359375 19.75 21.578125 19.4375 19.703125 18.859375 22.375 23.40625 22.140625 23.609375 36.71875 32.265625 29.4375 28.125 25.140625 24.046875 22.203125 20.59375 19.9375 19.703125 18.890625 19.015625 24.203125 27.5625 25.40625 30.140625 35.171875 30.03125 25 31.65625 35.5 38.125 38.109375 39 42.890625 48.953125 59.15625 62.453125 58.6875 57.046875 55.875 56.453125 55.765625 55.3125 56.625 60.671875 61.6875 62.15625 53.328125 50.390625 49.421875 46.609375
36.46875 38.40625 26.109375 29.21875 22.609375 20.515625 20.84375 23.28125 33.09375 19.890625 24.734375 29.125 26 24.921875 21.703125 23.03125 22.578125 23.1875 24.75 24.109375 23.90625 24.03125 33.8125 32.046875 30.15625 30.734375 29.109375 21.59375 19.78125 20.921875 21.375 16.96875 17.140625 18.03125 22.578125 19.375 17.328125 22.4375 26.984375 32.125 29.59375 31.890625 35.609375 38.6875 41.84375 49.25 55.84375 61.8125 60.0625 56.546875 56.046875 56.359375 60.046875 58.109375 55.859375 61.109375 63.3125 61.421875 59.59375 54.96875 49.96875 48.375 47.203125
24.546875 24.328125 22.90625 25.65625 20.109375 21.921875 20.6875 18.9375 21 19.25 23.671875 26.78125 24.578125 25.84375 27.09375 27.59375 26.984375 27.203125 29.96875 29.953125 23 18.3125 20.703125 23.5 21.265625 19.046875 21.25 26.21875 29.765625 27.734375 19.96875 19.0625 17.21875 18.078125 24.3125 23.515625 17.15625 16.734375 19.046875 26.453125 28.859375 25.390625 34.1875 39.5 46.171875 52.765625 60.578125 58.71875 57.921875 54.65625 54.234375 60.703125 65.734375 63.75 62.953125 64.546875 61.078125 58.171875 58.03125 54.796875 51.453125 48.359375 47.203125
23.921875 25.796875 24.0625 23.390625 20.703125 22.296875 19.4375 18.15625 18.5 18.609375 23.9375 24.703125 22.546875 22.75 25.75 26.171875 26.890625 27.15625 31.015625 34.609375 32.546875 20.671875 19.40625 20.140625 24.921875 26.6875 18.625 16.9375 16.21875 22.84375 25.84375 20 17.671875 19.015625 23.84375 21.328125 19.703125 15.03125 15.375 16.4375 18.625 26.1875 34.25 41.1875 47.1875 50.53125 55.859375 57.421875 58.953125 54.921875 56.6875 65.0625 67.15625 67.890625 68.265625 66.40625 57.703125 56.1875 55.609375 54.140625 52.140625 50.21875 47.25
23.734375 23.828125 24.390625 22.828125 20.765625 20.921875 20.078125 17.734375 17.96875 19.203125 20.421875 20.8125 26.765625 23.59375 21.8125 23.1875 21.59375 24.15625 28.9375 32.921875 35.140625 28.78125 26.09375 25.078125 30.21875 32.3125 31.984375 21.453125 19.4375 21.8125 20.84375 19.28125 16.953125 19.84375 22.171875 20.984375 17.09375 15.390625 17.046875 17.875 16.9375 30.046875 40.390625 41.75 47.609375 51.53125 54.546875 56.40625 58.78125 58.171875 62.609375 67.171875 67.640625 67.28125 66.375 62.328125 58 58.3125 57.265625 55.84375 52.578125 50.703125 49.453125
22.5625 22.78125 22.109375 21.484375 20.71875 20.265625 20.234375 19.5 18.953125 18.96875 20.140625 25.734375 29.921875 26.265625 22.375 21.328125 21.296875 23.0625 24.140625 29.390625 32.140625 30.8125 29.140625 27.5625 26.15625 26.59375 25.671875 23.4375 22.734375 20.703125 22.484375 17.75 17.015625 21.734375 23.390625 26.78125 24.609375 26.578125 17.8125 17.765625 20.28125 25.75 32.34375 42.46875 48.96875 49.875 51.671875 55.703125 59.21875 61.765625 64.234375 67.84375 68.0625 66.015625 63.28125 59.015625 59.453125 60.046875 60.78125 55.84375 52.453125 51.265625 49.640625
25.90625 24.28125 22.234375 22.078125 22.96875 24.578125 25.25 23.734375 21.296875 22.09375 25.296875 25.3125 25.5 27.1875 25.734375 21.578125 22.6875 24.296875 26.625 32.921875 32.109375 30.765625 30.375 30.3125 28 22.640625 19.765625 19.203125 20.9375 18.609375 21.765625 19.78125 17.859375 21.421875 26.640625 28.375 30.609375 26.984375 20.25 20.203125 23.25 27.65625 29.890625 36.3125 47.828125 50.21875 51.65625 55.828125 59.75 61.1875 61.046875 63.0625 65.625 64.609375 61.984375 60.65625 60.40625 61.234375 62.078125 58.703125 54.203125 51.921875 49.34375
24.859375 23.328125 22.59375 22.140625 22.84375 24.234375 24.59375 25.234375 22.484375 23.765625 29.25 34.015625 33.15625 30.578125 32.546875 29.9375 31.828125 32.40625 36.796875 34.109375 30.25 31.328125 31.421875 29.71875 27.8125 23.484375 15.34375 12.84375 15.1875 14.359375 17.796875 23.984375 27.171875 23 21.609375 24.34375 31.40625 28.359375 26.09375 25.046875 28.953125 32.3125 33.859375 33.828125 44.796875 53.453125 55.453125 55.25 57.421875 56.40625 54.984375 58.703125 62.53125 63.1875 61.640625 60.875 61.109375 60.71875 59.625 57.453125 56.1875 52.703125 50.8125
22.140625 22.53125 24.15625 26.984375 24.171875 25.828125 23.9375 27.671875 29.5 30.234375 32.140625 33.234375 37.859375 33.671875 32.546875 36.734375 40.65625 43.046875 41.234375 35.203125 26.125 30.296875 30.25 29.859375 29.3125 27.171875 18.734375 13.109375 11.84375 14.625 26.0625 27.34375 23.3125 17.359375 19.90625 23.890625 22.796875 22.125 32.5625 30.6875 29.53125 31.015625 37.25 42.625 48.765625 55.640625 56.109375 54.109375 55.859375 57.984375 57.328125 60.5 60.515625 60.703125 60.765625 61.796875 59.71875 56.921875 57.515625 56.671875 55.375 53.90625 53.53125
28.515625 22.46875 24.0625 24.015625 21.625 20.40625 20.640625 21.140625 22.625 25.140625 29.984375 33.21875 32.703125 31.703125 32 35.203125 41.515625 43.890625 40.4375 32.71875 24.34375 25.109375 27.28125 30.203125 31.515625 28.765625 24.421875 20.5 16.6875 16.703125 25.9375 28.765625 25.609375 24.03125 15.53125 15.65625 17.546875 24.03125 36.171875 39.796875 39.6875 40.65625 42.15625 44.125 54.171875 58.46875 57.203125 55.484375 57.34375 61.046875 61.65625 61.671875 60.296875 60.546875 61.265625 64.25 67.640625 63.5625 61.859375 59.21875 57.125 54.96875 53.96875
25.8125 22.453125 23.625 23.296875 22.3125 21.15625 20.484375 20.765625 22.21875 25.09375 29.046875 31.71875 31.828125 29.40625 31.484375 35.25 39.4375 41.875 41.421875 35.5 31.21875 29.375 29.59375 32.125 32.8125 32.171875 31.515625 29.140625 25.09375 22.890625 26.171875 28.640625 28.359375 23.71875 22.765625 19.484375 21.28125 20.765625 29.921875 27.1875 25.6875 25.96875 34.671875 45.296875 51.125 52.1875 54.40625 55.734375 59.078125 62.671875 62.765625 61.765625 60.140625 59.390625 60.5 63.765625 69.34375 70.453125 63.703125 59.109375 56.625 56.90625 56.859375
26.53125 25.625 24.015625 22.40625 21.96875 21.5625 20.640625 21.296875 22.328125 26.421875 27.4375 28.921875 30.296875 28.234375 32.203125 38.125 40.296875 40.984375 42.78125 41.59375 37.40625 36.21875 34.25 34.609375 34.8125 35.25 36.28125 33.84375 31.765625 30.28125 27.28125 27.359375 30.34375 28.671875 23.625 21.90625 24.4375 22.15625 23.6875 22.9375 29.625 37.71875 42.625 44.515625 44.171875 45.5 53.28125 55.1875 57.296875 60.078125 60.484375 59.84375 59.109375 59.515625 57.765625 58.953125 61.359375 62.8125 62.25 59.796875 59.203125 59.140625 56.90625
30.046875 28.578125 26.21875 23.5625 22.078125 21.390625 20.9375 20.671875 20.640625 21.890625 25.359375 27.734375 29.859375 28.4375 28 35.15625 38.84375 39.21875 41.625 42.859375 44.5625 44.03125 43.390625 41.625 40.421875 38.4375 37.078125 32.921875 32.203125 31.453125 29.796875 28.6875 30.265625 29.78125 30.390625 27.40625 22.90625 22.484375 24.71875 31.671875 47.234375 45.21875 42.328125 42.984375 40.84375 43.96875 50.375 53.84375 56.03125 57.84375 58.5625 58.671875 58.953125 58.546875 57.828125 58.171875 59.21875 60.515625 60.640625 59.625 60.578125 59.328125 58.4375
36.421875 33.5625 30.203125 26.6875 23.28125 22.203125 21.828125 22.015625 22.875 23.09375 23.4375 25.234375 27.484375 26.390625 26.34375 31.703125 36.40625 37.21875 37.28125 41.859375 43.296875 44.921875 45.109375 43.546875 40.109375 37.765625 37.609375 34.8125 32.984375 32.875 32.890625 31.859375 31.875 31.703125 30.59375 30.875 24.046875 22.90625 25.46875 42.96875 47.5625 42.765625 38.953125 36.140625 39.90625 47.890625 52.0625 54.234375 55.6875 57.4375 57.859375 57.6875 58.59375 57.6875 57.421875 58.734375 58.890625 59.078125 58.859375 58.046875 58.265625 59.84375 59.65625
40.640625 37.59375 33.3125 30.375 25.328125 22.71875 23.0625 23.578125 24.078125 24 23.84375 24.3125 24.921875 26.4375 25.84375 29 34.671875 37.09375 36.921875 38.390625 43.015625 43.828125 37.78125 35.25 38.328125 36.53125 38.109375 39.59375 34.171875 33.25 33.03125 33.4375 32.21875 31.078125 30.1875 29.640625 22 20 27.578125 41.875 32.1875 34.75 36.5 43.0625 50.578125 52.75 54.375 56.046875 57.71875 57.828125 57.53125 57.609375 57.9375 57.40625 57.1875 57.796875 57.9375 57.078125 56.78125 56.484375 56.703125 58.125 58
35.46875 34.375 33.8125 30.171875 25.125 23.78125 25.53125 25.53125 25.65625 25.203125 25.25 26.234375 25.484375 24.328125 23.421875 25.453125 30.46875 34.671875 36.1875 42.828125 47.3125 45.421875 37.421875 40.40625 42.484375 39.640625 38.5625 38.328125 36.890625 34.53125 33.59375 33.421875 32.84375 31.484375 30.921875 23.40625 20.71875 21.96875 20.46875 21.140625 20.453125 29.921875 36.046875 35.203125 45.84375 51.78125 54.4375 55.90625 56.953125 56.359375 57.015625 57.71875 57.59375 57.234375 56.890625 57.140625 57.84375 56.84375 56.578125 55.90625 55.375 55.8125 55.8125
32 31.15625 30.296875 29.171875 25.78125 25.78125 28.328125 28.703125 27.328125 25.3125 23.8125 23.53125 23.46875 22.765625 22.265625 23.234375 27.640625 32.921875 36.1875 44.828125 49.640625 45.015625 37.796875 34.546875 41.078125 43.578125 41.328125 39.46875 39.0625 36.65625 35.6875 34.546875 33.609375 30.09375 28.390625 19.75 18.703125 18.703125 19.484375 22.703125 22.59375 24.796875 34.421875 34.6875 42.0625 43.78125 51.078125 54.296875 54.25 54.25 55.609375 56.234375 57.046875 57.5 56.59375 56.6875 56.8125 56.671875 56.40625 55.515625 54.46875 54.28125 55.703125
30.625 29.421875 28.296875 27.71875 27.359375 27.59375 27.96875 28.28125 26.96875 24.78125 22.9375 22.953125 22.875 21.609375 20.9375 20.515625 23.15625 29.328125 35.34375 43 49.40625 47.59375 39.859375 29.546875 35.4375 38.28125 39.234375 40.609375 39.96875 38.140625 37.140625 34.140625 31.171875 29.1875 24.59375 18.671875 17.640625 18.953125 23 26.03125 22.21875 19.34375 24.03125 21.640625 28.921875 42.53125 50.765625 51.953125 52 51.453125 53.3125 54.46875 55.734375 57.328125 56.71875 56.46875 56.640625 55.640625 54.421875 54.1875 52.34375 53.21875 53.65625
28.703125 27.84375 27.15625 27.09375 27.375 27.421875 28.6875 28.140625 26.03125 23.140625 21.765625 21.53125 21.359375 21.671875 21.53125 20.015625 20.359375 22.6875 27 35.125 43.171875 43.84375 33.53125 29.109375 30.296875 31.453125 34.234375 38.25 39.015625 38.953125 35.8125 30.65625 31.546875 30.203125 26.703125 22.375 20.09375 23.90625 24.6875 22.25 22.734375 19.890625 17.34375 20.109375 23.125 37.328125 44.875 44.765625 49.234375 50.359375 52.234375 54.125 56.046875 57.234375 57.3125 56.78125 56.15625 55.40625 52.671875 51.796875 50.78125 52.046875 51.625
27.359375 26.953125 26.515625 26.625 26.296875 27.140625 27.578125 25.578125 23.15625 21.375 21.9375 21.953125 21.328125 21.484375 20.890625 21.546875 20.125 20.953125 23.078125 29.5625 41.359375 44.671875 35.625 30.71875 28.25 31.5 35.328125 37.453125 38.28125 34.671875 32.09375 31.6875 32.890625 32.15625 29.203125 26.671875 26.515625 27.109375 25.515625 23.828125 20.921875 20.125 18.703125 19.578125 23.078125 28.5 32.359375 39.671875 46.609375 49.5625 52.46875 54.703125 56.640625 57.453125 57.578125 56.09375 54.5 52.3125 50.609375 50 49.265625 49.046875 49.3125
26.21875 26.015625 25.8125 25.84375 25.921875 26.375 26.984375 24.140625 21.984375 20.984375 22.046875 21 20.484375 21.28125 20.375 20.03125 19.375 20.3125 24.734375 30.796875 42.984375 49.203125 36.75 29.890625 35.25 37.296875 35.125 35.59375 36.40625 31.4375 30.21875 31.671875 32.140625 27.125 26.84375 21.5 24.25 28.1875 24.390625 22.5 21.046875 19.875 20.40625 22.328125 24.625 29.765625 35.703125 42.328125 47.359375 49.390625 53.78125 55.5 57.25 57.515625 57.609375 56.84375 54.25 51.6875 50.5 51.015625 49.078125 48.75 48.953125
25.375 25.015625 24.828125 25.046875 25.875 27.890625 30.390625 26.703125 21.5 21.8125 21.0625 20 20.28125 22.171875 22.578125 20.9375 19.625 23.421875 31.921875 39.828125 46.390625 39.359375 28.015625 27.84375 34.375 38.609375 36.984375 39.65625 34.125 29.765625 29.109375 28.5 30.640625 21.9375 17.640625 20.796875 23.328125 22.859375 21.640625 21.25 23.40625 28.59375 34.09375 28.359375 27.5 34.0625 40.484375 43.109375 45.65625 49.921875 53.078125 54.421875 54.828125 55.640625 56.234375 56.265625 53.75 51.796875 51.640625 53.515625 50.921875 49.796875 48.5625
25.125 25.046875 24.96875 25 25.625 28.234375 29.390625 26.453125 23.734375 25.3125 24.65625 21.140625 21.75 28.875 29.484375 25.78125 22.796875 30.140625 40.3125 45.890625 40.03125 22.296875 21.0625 24.71875 34.78125 38.296875 32.46875 30.546875 28.6875 30.265625 27.953125 25.46875 26.59375 20.453125 18.421875 22.125 26.671875 28.359375 30.84375 29.84375 32.125 43.34375 47.59375 35.875 28.015625 39.984375 44.84375 45.5 47.59375 49.75 49.3125 43.578125 48.734375 50.71875 54.1875 55.8125 54.15625 51.71875 48.59375 49.9375 50.609375 49.453125 48.265625
24.984375 25.21875 24.78125 25.09375 25.25 23.734375 22.71875 22.65625 21.640625 21.921875 23.734375 21.96875 21.46875 26.796875 32.25 33.140625 36.0625 34.53125 40.484375 43.90625 26 19.375 17.328125 22.921875 35.90625 37.8125 29.484375 21.296875 16.78125 19.359375 18.015625 18.234375 17.765625 17.75 17.296875 20.96875 23.109375 29.640625 41.328125 45.3125 48.453125 55.796875 52.421875 46.4375 39.40625 44.75 51.671875 51.40625 52.75 53.9375 55.296875 55.015625 54.3125 53.078125 53.75 55.203125 54.1875 51.078125 45.3125 44.546875 49.515625 49.234375 47.96875
