Cases/SDM_Urocitellus_beldingi/westernUsClimate_modern/BIO10.asc
NCOLS 316 
NROWS 299 
XLLCORNER -124.820833001 
YLLCORNER 29.1625003333339 
CELLSIZE 0.0666666666645545 
NODATA_value -3.4e+38 
[rows 50 to 74 of 299, columns 57 to 113 of 316]
1853.328125 1888.515625 1892.453125 1928.984375 2000.296875 2104.484375 2131.09375 2123.75 2107.5 2108.953125 2163.921875 2196.046875 2231.703125 2151.703125 2188.203125 2188.234375 2190.078125 2191.875 2181.65625 2174.671875 2172.140625 2162.390625 2159.203125 2147.6875 2155.796875 2168.8125 2168.9375 2160.328125 2143.203125 2129.203125 2118.296875 2109.015625 2102.09375 2073.03125 2046.5 2014.125 2001.15625 1986.8125 1919.921875 1836.4375 1798.96875 1715.71875 1662.78125 1557.375 1443.203125 1496.765625 1681.203125 1773.09375 1750.890625 1701.765625 1643.953125 1666.0625 1687.09375 1724.734375 1738.28125 1769.90625 1743.171875
1982.984375 1993.09375 2065.9375 2069.453125 2049.234375 2015.796875 2048.90625 2109.453125 2108.75 2088.765625 2077.3125 2089.140625 2129.5625 2143.40625 2165.984375 2167.53125 2171.4375 2176.421875 2169.640625 2162.546875 2155.59375 2141.390625 2130.6875 2112.46875 2133.078125 2126.53125 2123.921875 2114.125 2114.765625 2116.734375 2100.265625 2106.109375 2109.09375 2083.75 2057.03125 2038.484375 1999.515625 1928.671875 1871.8125 1858.546875 1719.484375 1577.5625 1581.296875 1544.3125 1519.0625 1565.71875 1680.546875 1747.734375 1674.84375 1626.921875 1551.640625 1564.0625 1616.5625 1642.640625 1666.265625 1702.484375 1708.40625
2006.828125 2047.609375 2033.328125 2001.5625 1967.765625 1953.40625 1973.375 2020.6875 2103.21875 2106.5 2090.078125 2078.421875 2085.328125 2115.203125 2123.0625 2111.28125 2132.53125 2126.046875 2094.171875 2101.5625 2124.8125 2102.78125 2085.203125 2071.78125 2061.265625 2046.796875 2033.28125 1994.484375 1967.390625 1996.046875 1965.296875 2050.703125 2062.59375 2053.5 2029.40625 1941.484375 1780.671875 1712.65625 1707.171875 1685.875 1705.140625 1498.546875 1495.125 1506.75 1554.34375 1615.84375 1775.28125 1718.890625 1624.5 1668.75 1618.4375 1702.984375 1694.984375 1629.390625 1613.25 1620.046875 1624.125
1970.59375 1984.109375 2009.0625 1921.59375 1892.8125 1906.09375 1940.515625 1990.265625 2048.515625 2110.96875 2075.984375 2065.28125 2040.296875 2046.125 2062.515625 2065.53125 2090.796875 2063.703125 2044.484375 2049.28125 2066.921875 2036 2005.296875 1980.984375 1969.328125 1956.390625 1907.6875 1851.15625 1789.09375 1830.890625 1908.8125 1990.84375 2031.96875 2049.84375 2002.515625 1839.3125 1765.203125 1661.640625 1579.171875 1559.96875 1622.28125 1608.03125 1514.328125 1385.1875 1724.765625 1728.671875 1766.40625 1701.53125 1614.109375 1624.3125 1605.9375 1606.375 1676.296875 1697.1875 1617.34375 1580.015625 1559.796875
1907.25 1883.8125 1975.703125 1885.9375 1868.25 1866.453125 1913.625 2004.375 2062.046875 2073.375 2055.109375 2006.578125 1984.375 1992.3125 1981.296875 2015.5 2006.09375 2004.765625 2016.40625 2028 1988.171875 1921.6875 1900.5 1859.40625 1824.125 1808.5625 1776.90625 1756.515625 1807.5625 1802 1846.171875 1929.609375 1986.3125 1954.421875 1825.546875 1759.15625 1757.5 1652.09375 1532.65625 1507.875 1556.25 1583.1875 1533.84375 1390.625 1743.4375 1805.078125 1716.546875 1606.828125 1582.265625 1485.234375 1526.671875 1397.953125 1494.203125 1561.53125 1630.734375 1597.296875 1566.171875
1889.4375 1949.609375 1998.625 1897.78125 1858.3125 1854.53125 1921.6875 2018.859375 1992.9375 1966.640625 1966.5 1940.359375 1910.921875 1916.84375 1958.171875 1961.953125 1957.09375 1955.59375 1965.71875 1951 1957.859375 1925.34375 1831.15625 1772.03125 1716.578125 1724.515625 1707.09375 1675.328125 1771.75 1753.015625 1742.734375 1835.703125 1829.265625 1780.046875 1692.828125 1643.515625 1580.984375 1603.734375 1559.640625 1519.671875 1574.71875 1607.21875 1601.75 1589 1834.546875 1822.984375 1808.578125 1726.859375 1465.921875 1342.921875 1504.6875 1211.75 1318.203125 1330.84375 1371.53125 1542.4375 1528.90625
1986.125 2028.359375 1965.609375 1913.28125 1872.5 1873.953125 1935.453125 1996.390625 1948.234375 1888.84375 1874.46875 1866.875 1859.609375 1878.671875 1933.8125 1936.375 1913.421875 1903.5 1891.765625 1877.859375 1862.265625 1839.078125 1843.234375 1756.984375 1729.921875 1651.234375 1666.890625 1660.3125 1669.421875 1675.375 1619.609375 1634.90625 1582.828125 1462.46875 1531.21875 1515.078125 1545.640625 1559.28125 1556.296875 1550.25 1680.796875 1753.28125 1759.859375 1804.796875 1909.609375 1861.40625 1848.484375 1839.46875 1625.71875 1267.75 1395.875 1443.296875 1197.296875 1089.375 1174.953125 1217.5 1463.796875
1995.421875 1983.546875 1934.546875 1898.5 1874 1869 1944.390625 1976.78125 1925.234375 1858 1803.46875 1786.234375 1794.5625 1817.578125 1873.375 1880.859375 1834.265625 1805.0625 1794.828125 1838.203125 1818.671875 1775.53125 1715.765625 1661.171875 1631.890625 1583.21875 1543.171875 1551.3125 1559.40625 1571.625 1549.1875 1516.015625 1436.421875 1452.046875 1482.953125 1491.875 1523.796875 1602.984375 1624.484375 1611.4375 1633.828125 1716.625 1722.625 1616.6875 1747.703125 1841.171875 1846.015625 1808.140625 1748.4375 1414.484375 1207.03125 1129.609375 1319.40625 1089.1875 1108.109375 1035.453125 1056.765625
1946.734375 1921.453125 1897.625 1871.15625 1861.53125 1871.21875 1922.921875 1970.921875 1963.890625 1913.59375 1856.671875 1823.203125 1827.6875 1824.671875 1797.109375 1816 1801.796875 1761.765625 1725.640625 1682.09375 1660.0625 1678.25 1683.15625 1631.203125 1547.921875 1473.484375 1414.453125 1451.078125 1491.890625 1533 1538.546875 1509.265625 1503.6875 1479.890625 1462.78125 1481.875 1519.875 1549.375 1602.265625 1588.515625 1556.21875 1560.71875 1543.03125 1572.265625 1665.09375 1749.546875 1742.375 1796 1762.515625 1618.046875 1265.859375 1205.6875 1201.234375 1178.4375 984.546875 896.828125 1009.875
1917.3125 1879.546875 1848.90625 1839.90625 1844.171875 1847.125 1901.125 1956.3125 1994.34375 1906.234375 1865.640625 1852.34375 1829.453125 1806.5625 1740.90625 1690.84375 1713.53125 1653.34375 1667.171875 1630.96875 1604.71875 1601.03125 1600.9375 1586.828125 1546.5625 1512.921875 1486.1875 1487.171875 1496.765625 1553.1875 1554.359375 1539.21875 1524.421875 1507.34375 1496.265625 1486.890625 1500.96875 1522.953125 1587.3125 1601.265625 1540.78125 1475.1875 1506.109375 1547.265625 1627.765625 1748.0625 1756.234375 1767.328125 1655.140625 1702.203125 1648.125 1548.390625 1219.96875 1085.09375 1116.546875 1057.984375 932.96875
1869.5625 1828.21875 1799.09375 1761.421875 1790.953125 1810.390625 1867.46875 1961.265625 1965.796875 1901.6875 1850.390625 1791.078125 1742.21875 1707.578125 1669.328125 1642 1632.421875 1652.1875 1560.46875 1552.484375 1597.109375 1624.984375 1665.90625 1679.421875 1640.3125 1609.4375 1606.578125 1595.3125 1578.25 1619.84375 1626.6875 1619.0625 1588.53125 1540.203125 1526.09375 1507.1875 1467.703125 1488.359375 1514.234375 1549.765625 1524.5625 1491.21875 1531.9375 1628.203125 1735.265625 1737.078125 1745.453125 1744.1875 1743.21875 1665.3125 1722.8125 1598.21875 1474.078125 1392.375 1219.15625 1308.390625 1037.578125
1858.09375 1803 1774.65625 1747.25 1751.03125 1760.671875 1834.625 1966.890625 1974.125 1858.796875 1773.953125 1744.015625 1728.421875 1681.375 1653.796875 1601.15625 1620.1875 1593.875 1589.09375 1600.453125 1661.171875 1691.65625 1734.328125 1759.484375 1727.46875 1745.765625 1773.5 1731.28125 1699.125 1702.703125 1703.015625 1676.5625 1635.421875 1613.859375 1561.140625 1551.171875 1529 1503.515625 1508.171875 1487.59375 1437.609375 1410.6875 1427.453125 1606.03125 1724.171875 1743.9375 1758.265625 1763 1793.40625 1826.515625 1778.1875 1762.046875 1615.546875 1627.296875 1596.953125 1503.640625 1300.0625
1863.296875 1819.484375 1807.453125 1800.65625 1794.375 1784.96875 1811.984375 1988.640625 2057.21875 1956.640625 1833.875 1742.578125 1689.609375 1677.5625 1655.5625 1703.90625 1727.515625 1781.21875 1798.359375 1778.0625 1708.234375 1759.0625 1782.765625 1831.859375 1856.0625 1850.8125 1791.921875 1762.609375 1725.21875 1657.375 1685.453125 1660.6875 1635.859375 1573.234375 1508.09375 1569.796875 1495.1875 1468.984375 1467.734375 1414 1378.984375 1288.046875 1287.875 1447.28125 1720.046875 1744.328125 1754.828125 1770.53125 1828.625 1830.578125 1830.765625 1838.75 1807.703125 1782.109375 1756.3125 1757.921875 1698.34375
1876.109375 1855.828125 1852.375 1844.1875 1830.59375 1784.625 1832.609375 1934.9375 2033.125 1993.53125 1891.65625 1765.234375 1728.125 1741.5625 1807.25 1856.328125 1898.296875 1935.03125 2015.546875 1917.765625 1730.34375 1713.71875 1803.40625 1835.375 1906.015625 1796.078125 1817.046875 1816.03125 1766.671875 1752.375 1700.328125 1655.90625 1586.859375 1534.75 1501.40625 1462.078125 1521.734375 1493.015625 1458.5 1431.46875 1313.9375 1281.84375 1231.5625 1272.015625 1438.28125 1721.75 1750.84375 1780.4375 1799.25 1871.3125 1877.796875 1904.484375 1911.828125 1891.5 1842.9375 1807.796875 1870.5625
1896.875 1891.140625 1846.84375 1837.890625 1801.453125 1783.671875 1854.40625 1922.78125 1936.640625 2011.46875 1887.765625 1877.28125 1934.671875 1850.296875 1939.4375 1972.921875 1928.4375 1921.671875 1968.671875 1959.859375 1948.984375 1947.515625 1978.71875 1924.21875 1918.0625 1790.9375 1751.640625 1739.796875 1728.796875 1708.96875 1712.625 1693.421875 1649.265625 1554.84375 1439.453125 1437.78125 1444.75 1462.015625 1437.75 1449.8125 1421.1875 1446.59375 1447.40625 1347.203125 1389.296875 1638.109375 1757.046875 1811.078125 1811.8125 1866.953125 1876.578125 1873.875 1898.546875 1912.90625 1878.640625 1933.0625 1976
1886.71875 1849.453125 1793.609375 1791.703125 1787.109375 1738.578125 1783.03125 1856.8125 1930.140625 1981.640625 2022.9375 2014.15625 1989.796875 1958.046875 1874.9375 1787.671875 1745.765625 1723.171875 1707.90625 1756.578125 1969.59375 1783.609375 1850.859375 1833.25 1865.59375 1746.890625 1697.890625 1664.25 1667.171875 1667.265625 1675.609375 1678.0625 1672.625 1651.046875 1519.0625 1397.765625 1332.6875 1400.890625 1464.28125 1496.21875 1506.734375 1517.921875 1546.84375 1572.171875 1572.453125 1560.359375 1712.03125 1782.5 1776.125 1755.96875 1824.578125 1835.3125 1889.578125 1853.515625 1666.875 1753.65625 1941.84375
1848.453125 1809.34375 1765.65625 1703.296875 1758.21875 1736.34375 1718.796875 1762.578125 1814.875 1839.453125 1955.09375 2004.25 1848.609375 1792.609375 1763.171875 1647.890625 1632.625 1637.84375 1602.015625 1687.828125 1978.296875 1710.390625 1664.4375 1749.078125 1788.625 1685.09375 1623.84375 1575.203125 1602.1875 1613.171875 1632.34375 1668.484375 1649.015625 1645.3125 1626.21875 1606.40625 1523.25 1528.5 1564.1875 1583.765625 1587.265625 1591.28125 1575.703125 1585.171875 1598.25 1624.40625 1742.78125 1753.625 1753.328125 1754.5 1773.84375 1837.8125 1886.203125 1906.59375 1719.609375 1599.59375 1700.515625
1779.90625 1732.65625 1694.296875 1647.953125 1727.5 1704.171875 1631.4375 1571.6875 1643.109375 1796.171875 1844.234375 1854.703125 1895.1875 1778.53125 1644.34375 1609.6875 1628.859375 1666.546875 1622.953125 1730.859375 1969.484375 1854 1691.1875 1674.1875 1750.515625 1705.625 1618.515625 1557.203125 1563.765625 1612.78125 1592.78125 1606.984375 1613.015625 1598.5 1555.140625 1543.171875 1553.984375 1536.96875 1555.765625 1575.96875 1571.03125 1662.546875 1622.859375 1554.671875 1582.375 1529.890625 1569.875 1585.84375 1551.390625 1586.796875 1638.265625 1738.703125 1913.3125 1946.140625 1916.03125 1664.265625 1610.25
1659.09375 1608.5 1630.296875 1587.671875 1585.140625 1597.984375 1555.59375 1521.875 1630.734375 1658.03125 1722 1688.65625 1714.078125 1720.875 1644.515625 1597.5 1617.140625 1689.171875 1779.296875 1862.46875 1969.015625 1870.484375 1821.828125 1783.09375 1730.703125 1706.921875 1689.328125 1627.203125 1618.46875 1668.625 1653.859375 1634.40625 1640.796875 1634.78125 1611.953125 1581.453125 1556.421875 1540.65625 1555.96875 1561.65625 1665.328125 1725.390625 1713.453125 1694.15625 1678.875 1686.703125 1674.75 1690.171875 1747.203125 1788.75 1745.0625 1731.953125 1744.0625 1876.5 1970.609375 1879.859375 1894
1645.3125 1621.515625 1637.375 1632.234375 1615.109375 1582.234375 1588.875 1568.3125 1566.90625 1540.171875 1495.546875 1412.359375 1420.5 1504.984375 1459.9375 1469.96875 1470.765625 1596.59375 1722.8125 1760.359375 1847.265625 1883.859375 1931.6875 1902.171875 1881.5 1846.15625 1817.453125 1777.203125 1750.171875 1780.03125 1752.1875 1736.265625 1731.71875 1719.984375 1696.734375 1665.96875 1605.4375 1533.484375 1476.5625 1469.859375 1558.671875 1692.234375 1715.984375 1727.1875 1723.65625 1676.046875 1633.109375 1712.6875 1812.21875 1779.46875 1684.828125 1623.15625 1800.328125 1906.09375 1960.8125 2056.734375 1965.984375
1683.171875 1686.5 1682.359375 1681.921875 1687.46875 1658.96875 1629.875 1613.828125 1597.34375 1541.640625 1441.96875 1479 1474.234375 1444.703125 1451.828125 1452.53125 1445.875 1504.4375 1540.421875 1574.796875 1689.1875 1739.890625 1849.265625 1696.109375 1749.46875 1799.78125 1804.375 1846.15625 1855.90625 1844.359375 1823.53125 1787.96875 1741.75 1705.0625 1671.109375 1639.859375 1626.625 1569.90625 1487.078125 1486.109375 1586.953125 1635.25 1682.5 1705.71875 1655.015625 1670.9375 1744.21875 1819.671875 1837.8125 1846.953125 1823.21875 1814.625 1827.578125 1916.453125 1955.375 2130.28125 2138.828125
1700.171875 1706.53125 1714.09375 1696.359375 1695.09375 1672.0625 1659.203125 1639.15625 1604.34375 1460.703125 1436.140625 1472.84375 1491.828125 1484.796875 1501.546875 1511 1524.828125 1540.8125 1572.34375 1574.953125 1657.171875 1778.9375 1822.40625 1729.78125 1644.984375 1664.953125 1606.015625 1657.109375 1674.015625 1697.59375 1708.328125 1626.34375 1484.828125 1453.40625 1482.828125 1487.953125 1529.921875 1450.71875 1394.65625 1479.09375 1478.84375 1527.21875 1588.4375 1638.53125 1754.015625 1841.453125 1867.921875 1856.75 1831.640625 1859.828125 1910.890625 1950.953125 1980.109375 1965.609375 2033.171875 2144.375 2258.1875
1645.140625 1627.9375 1680.59375 1692.859375 1690 1696.609375 1694.34375 1679.578125 1617.921875 1576.25 1516.96875 1502.15625 1538.421875 1569.453125 1595.75 1613.625 1625.984375 1645.015625 1634.6875 1632.15625 1663.671875 1733.375 1790.078125 1750.328125 1672.21875 1600.359375 1565.296875 1557.734375 1562.015625 1582.046875 1631.546875 1615.71875 1583.203125 1509.75 1385.671875 1358.921875 1410.84375 1354.796875 1338.046875 1495.015625 1502.75 1553.984375 1583.1875 1565.40625 1693.0625 1778.078125 1771.03125 1802.125 1825.453125 1850.6875 1910.078125 1999.4375 2072.765625 2054.171875 2070.140625 2106.515625 2194.734375
1687.90625 1643.5625 1654.0625 1706.703125 1705.734375 1689.59375 1672.875 1691.375 1674.046875 1662.453125 1654.171875 1630.046875 1668.390625 1681.046875 1682.375 1703.578125 1703.0625 1720.25 1720.5625 1716.546875 1650.390625 1646.390625 1705.984375 1658.125 1616.8125 1558.390625 1508.78125 1482.09375 1473.890625 1470.265625 1482.3125 1532.125 1534.65625 1495.015625 1452.328125 1420.03125 1432.171875 1443.296875 1458.640625 1549.671875 1548.859375 1596.0625 1608.6875 1600.3125 1653.515625 1708.671875 1774.453125 1778.203125 1802.015625 1791.671875 1864.546875 1985.328125 2079.515625 2144.703125 2114.640625 2118.90625 2137.921875
1664.296875 1648.078125 1666.546875 1694.609375 1670.90625 1693.28125 1750.390625 1720.453125 1689.828125 1696.1875 1731.859375 1739.5 1740.28125 1734.171875 1723.078125 1720.265625 1718.90625 1712.21875 1688.234375 1646.0625 1588.828125 1584.09375 1617.71875 1596.140625 1567.5625 1541.46875 1500.84375 1471.5 1446.65625 1410.703125 1405.65625 1450.53125 1496.953125 1510.15625 1497.671875 1491.796875 1494.453125 1495.90625 1522.890625 1583.203125 1638.5 1656.1875 1660.40625 1667.765625 1681.40625 1749.515625 1831.078125 1860.703125 1856.5 1855.171875 1806.546875 1915.859375 2056.359375 2130.125 2173.703125 2180.953125 2175.609375
