Cases/SDM_Urocitellus_beldingi/westernUsClimate_modern/BIO17.asc
NCOLS 316 
NROWS 299 
XLLCORNER -124.820833001 
YLLCORNER 29.1625003333339 
CELLSIZE 0.0666666666645545 
NODATA_value -3.4e+38 
[rows 63 to 83 of 299, columns 138 to 183 of 316]
10724.8765716553 9824.69934082031 10846.2971191406 11137.389541626 10711.7386779785 11413.5540618896 12701.5609130859 11449.6053314209 9861.07604980469 9821.76833343506 11295.5307006836 10475.4050979614 7473.28379058838 8247.85231018066 9387.10960388184 9453.67617797852 8757.36084747314 8575.48837280273 9305.94053649902 9707.71701049805 9246.20294189453 9398.07611083984 8957.11418151855 8660.564453125 4539.36854934692 7244.52161407471 11561.2898101807 6470.50098419189 5737.23632049561 4621.52368927002 6300.66775512695 8173.43078613281 11359.2968444824 11017.2264709473 9124.63323974609 7747.1488494873 7469.97482299805 9904.83696746826 5406.76202774048 5385.79221343994 9619.42366027832 5640.68767929077 2901.51231765747 7404.69173049927 9309.58101654053 6803.80263519287
10730.4000396729 9177.9217376709 11262.2484130859 11418.1385192871 11404.8283538818 12107.599822998 11159.9698944092 8893.25099945068 10003.2659606934 8779.05420684814 9207.23822021484 7404.14046478271 7653.91703033447 10819.4905395508 11404.9999389648 9494.94943237305 8920.01834869385 8528.01152038574 10288.0883331299 9281.61282348633 7871.39967346191 8337.21932983398 7184.70449066162 5403.02839660645 3940.61658859253 10403.5975265503 14297.5397796631 9152.49627685547 5579.47029876709 6199.08692169189 4399.09531402588 5316.16593551636 7941.17530822754 9161.03500366211 10634.85987854 7039.387550354 6439.45623016357 9254.80317687988 7988.10994720459 6573.66136169434 10165.4843902588 8675.29782104492 2912.11834335327 2815.27821922302 6232.7633895874 6808.68370056152
9979.23774719238 9468.94192504883 11053.4796142578 11179.7156524658 10788.6346435547 9545.09948730469 9490.48532104492 9145.73104858398 8962.73195648193 7781.90560913086 7805.60956573486 9187.00639343262 8754.11723327637 9561.16488647461 10396.3379364014 9930.10307312012 9162.14604187012 9790.19068908691 9632.45883178711 7980.18753051758 7298.25936889648 7699.19384002686 5648.85021209717 3858.00019836426 4737.22080230713 8182.65856170654 13530.4554443359 11285.8649291992 9504.89752197266 11581.9347076416 6763.10652923584 4076.03183746338 3816.19917297363 4974.09421157837 6683.59264755249 6362.51512908936 6007.53112792969 7828.98043823242 8372.71854400635 9745.76020812988 10051.6443328857 7669.90158081055 6332.60471725464 2327.13182258606 2697.25373649597 4539.20540618896
9833.32934570312 9418.53157043457 10412.4136505127 10123.7389831543 10863.4199371338 10567.5561523438 9835.49519348145 8950.869972229 9341.54260253906 10175.0996246338 9230.82359313965 9585.04559326172 8601.7893371582 8247.83935546875 8867.09741210938 8965.07637023926 9305.43698120117 9178.92161560059 8779.03598022461 8329.71269226074 6448.97505187988 5731.50389862061 4460.59650039673 3192.25967788696 3521.0146522522 4839.1644744873 8637.64038848877 9426.44274902344 10471.5274505615 13297.4989776611 11064.1453704834 7104.51691436768 4344.32352828979 3153.98976516724 3058.11473846436 4473.74678039551 6557.76348114014 7181.76366424561 9801.12586975098 8830.91022491455 9869.37995910645 5786.62949371338 6921.73460388184 5314.72754669189 2794.14082336426 3309.08592224121
9836.49705505371 9170.19671630859 9893.55883789062 9813.54170227051 9243.4449005127 8862.61199188232 8984.13751220703 9427.21145629883 9095.71968078613 10002.7882995605 11002.5218353271 9498.59420776367 8865.24825286865 9299.46492767334 9254.32861328125 8723.01028442383 9031.16813659668 9091.22200012207 7825.08406066895 5967.66876983643 5066.75705718994 3569.24551010132 5997.34283447266 5923.12520980835 2945.11055755615 2746.40105438232 3761.0678024292 5675.45362854004 9723.89317321777 11696.9279022217 12562.0330505371 12469.0128173828 8557.19278717041 6628.40866851807 4300.86709594727 4276.59969329834 6127.48628997803 8756.47666168213 11024.2089385986 7859.42832183838 5311.36534881592 6702.16229629517 6093.50052642822 8746.84423065186 6325.43869781494 6783.53462982178
9464.21276855469 9367.74589538574 9086.64192199707 8933.45350646973 8321.33730316162 9249.57830810547 10306.1191101074 9840.28402709961 8813.23025512695 10246.9495544434 10737.6660461426 9320.60632324219 9792.89530944824 9707.53010559082 9655.15869140625 9484.91850280762 9433.42297363281 8811.72122192383 8149.69403839111 5795.18360137939 3737.33583450317 3208.96073150635 6370.70540237427 8628.2847366333 4821.30722045898 3240.5573348999 3089.73447036743 3595.75704193115 6185.5071182251 11156.0443954468 13767.1011505127 13179.1709442139 10677.4479064941 10196.3293609619 6606.42704772949 6173.99784851074 6151.5149230957 8259.8874206543 11678.9288330078 9440.23030853271 4779.24355697632 4075.64952087402 5811.3814163208 8290.50762176514 10447.7539596558 11916.8565216064
8653.99018859863 8889.20072937012 8604.32524108887 8959.2554473877 8397.99787139893 9017.01000976562 9916.67411804199 9814.69160461426 9643.86651611328 10367.1900939941 11910.5210418701 12056.9440917969 12339.2884063721 12223.3491973877 12166.3543548584 10803.6155090332 10088.829498291 9450.30757141113 9370.28796386719 8095.5428314209 5358.00380706787 3228.88438034058 4361.9753036499 7754.07160186768 9802.62644195557 6395.61284637451 4523.86366271973 3855.36248779297 4215.08682632446 6747.68859863281 10679.7420349121 12261.8772125244 11075.5451202393 11760.8012390137 10413.2989883423 6556.76635742188 6669.34912109375 7948.38515472412 10995.6692047119 12354.4795837402 8250.03918457031 8434.01522064209 7707.00563049316 7869.67204284668 10154.3564071655 11394.4514465332
8279.71125030518 8615.3193359375 8638.62950134277 8527.23876953125 8480.05651855469 9559.40646362305 8897.38148498535 8473.19140625 8857.03897094727 9861.81559753418 11981.1522674561 11525.7227020264 10849.2380828857 10790.2776641846 12227.41015625 14185.2780609131 10274.5957717896 10803.7222747803 11152.0124511719 9153.28150177002 5857.23854827881 5895.19833374023 4523.20558929443 6078.75283813477 10933.6235809326 11195.0214385986 9226.83287811279 5939.54615020752 4938.72861480713 4956.21173095703 9742.1728515625 11670.272064209 11285.0579528809 10382.9058380127 12395.449432373 9624.72428131104 6674.87271118164 6455.72246551514 7902.39325714111 10655.1439437866 11901.6293029785 11886.0883178711 10989.7536468506 9181.3277053833 7292.87773132324 7928.04843902588
8331.0341796875 8974.58494567871 8521.54925537109 8850.58024597168 9151.59037780762 8905.09997558594 9171.9755859375 8226.22012329102 8031.75373840332 9470.646484375 9546.47817230225 10457.034828186 11603.857925415 9572.94387817383 13901.3037567139 11198.4052734375 9496.68056488037 9512.18933868408 12022.2698516846 8427.47662353516 5958.17218780518 9409.41319274902 6715.34415435791 5587.31987762451 9536.7453918457 11898.9037322998 10768.6470794678 8604.81852722168 7135.4967880249 6485.93447113037 7371.57116699219 8826.53532409668 10734.1891326904 8342.56279754639 9598.49705505371 13891.1888122559 8126.23839569092 6214.34558868408 4989.68867492676 6173.33478546143 9558.87940216064 9632.02882385254 11118.897644043 12230.4999542236 9621.68005371094 7680.02397155762
8022.99404144287 8798.11706542969 8828.62911987305 8828.99932861328 8206.90323638916 8827.08985900879 9331.44523620605 8586.63111877441 6936.59238433838 6052.13403320312 6553.54511260986 6619.82345581055 8042.15645599365 8526.92535400391 9366.51872253418 8952.86656188965 7563.32138824463 7513.53817749023 9300.85705566406 6240.38243103027 7903.6919708252 8591.63802337646 9341.63259887695 7886.10559844971 8013.85813140869 10005.4583435059 10897.7577056885 9824.88368225098 9303.44261932373 8667.42032623291 11456.2276000977 10039.9172592163 6145.75275421143 4596.3281288147 4856.435546875 11965.0316772461 12134.9018096924 9878.06317901611 7359.57405853271 5366.04395294189 7589.60065460205 10251.2274627686 9823.42786407471 8048.91851043701 10209.6975631714 9323.8462677002
8264.18254089355 8112.69338226318 8467.98014068604 8135.48536682129 7774.60485839844 7862.01817321777 8603.98915100098 9616.90301513672 9059.9938583374 6559.06336975098 5958.73072052002 8337.75411987305 9847.64284515381 8835.36724853516 10564.5064620972 10048.02684021 10484.4669799805 10358.2167205811 9876.91346740723 7713.94972229004 7030.46417236328 7972.78873443604 9472.02108764648 9848.14529418945 8546.11526489258 7646.46446990967 9912.04173278809 12565.4535522461 9971.95310974121 10333.0723419189 10554.8529815674 10866.4383544922 9007.62663269043 6172.68338012695 4360.11951828003 4721.5400428772 10699.5315856934 12716.5453033447 10673.7318496704 6803.23027801514 6829.85285949707 11131.2331771851 11689.8651733398 7856.50634002686 7697.14007568359 7775.92504119873
8251.98008728027 8387.20541381836 7551.97945404053 7261.02264404297 7550.44774627686 8399.02131652832 7964.62197875977 8003.52937316895 10105.1725158691 9389.65019226074 6622.1678314209 7274.64912414551 9166.02436065674 8595.7261505127 11221.8835449219 12092.4663085938 10797.7591094971 8978.00647735596 7707.23211669922 7464.8842010498 7994.5454788208 9024.13786315918 10189.5001373291 9637.26602172852 7677.16649627686 5751.85341644287 8153.6985244751 15059.25390625 12436.5790405273 13126.6874694824 12318.3980102539 11141.2116394043 8852.44346618652 7610.28646850586 7233.84735107422 4288.77284622192 6920.02389907837 12340.1928253174 12344.4519805908 9023.92188262939 6655.94502258301 8759.37389373779 11816.9821243286 9342.08340454102 6857.25479125977 5919.07286071777
7611.5694732666 7778.48229980469 8165.67282867432 8534.87835693359 8440.06859588623 8908.79985809326 8759.65113830566 8764.52535247803 10540.0336151123 9789.41150665283 8168.35606384277 6602.86140441895 7730.6986618042 9144.54641723633 10501.8843078613 12006.3606567383 10488.0237579346 8873.47590637207 11027.8666534424 10156.607208252 8726.64828491211 10205.715927124 11868.4294128418 9835.69755554199 6219.70361328125 4481.08436203003 5159.19041824341 10426.3902206421 14518.8765869141 15189.8028717041 14413.017364502 12837.6725769043 9750.57929992676 9757.16568756104 8683.90882873535 5256.94129180908 4826.23701477051 9827.1893157959 11783.9309387207 11237.5061798096 7320.12477111816 6792.35480499268 7339.3551864624 7968.51926422119 5088.47169876099 3916.47401046753
7658.28521728516 7896.22138214111 8204.71319580078 8868.5210723877 8895.1100769043 8044.02745819092 9045.23086547852 10163.6309661865 10358.5441894531 11472.8293304443 9161.04874420166 6851.73556518555 7304.27648162842 9313.66371154785 9911.32620239258 10055.934967041 9343.03387451172 9397.04327392578 10612.0190429688 10039.0885467529 9756.12857055664 10433.161026001 10332.7484436035 8574.20510864258 7593.59999084473 7723.15005493164 3793.08211517334 3741.66579437256 6151.37676620483 9550.85911560059 13631.8049316406 13903.7383117676 10255.5083770752 11825.0578918457 10746.6405715942 6014.41458129883 4860.08414459229 5404.61270141602 8475.21450042725 12267.2684936523 9653.16270446777 6444.2682723999 5949.2195892334 5126.29817199707 4005.61267089844 3478.58213424683
7106.20017242432 7274.69860839844 7041.91024780273 7791.32917785645 7948.26500701904 7973.35465240479 9006.68455505371 10277.7547302246 11253.1721496582 12418.4344024658 10895.9561309814 7894.46132659912 7342.33807373047 8794.06350708008 10302.2387390137 10656.7040710449 10032.6219482422 10413.6399230957 11008.9219970703 9946.08749389648 9607.80459594727 9091.98648071289 9178.63966369629 10525.5448150635 11816.5089416504 12547.6894989014 9804.137550354 7814.58330917358 7883.01006698608 6313.52133178711 5990.78974914551 8444.47323608398 7595.02219390869 9550.11154937744 13063.084274292 7992.47824859619 4791.06327056885 4875.48817443848 6409.44135284424 10239.2294769287 10584.3843536377 6462.90010070801 5183.21355438232 4631.16955566406 4201.43913269043 4075.97755432129
7108.54433441162 6705.61450958252 7249.40490722656 7347.21365356445 7714.13441467285 7639.787109375 7831.81908416748 9367.4478225708 10164.693359375 12913.6037750244 12032.2818756104 10180.4308776855 8220.42874908447 8721.03161621094 8560.34456634521 10992.5196762085 11424.0506134033 9997.63922119141 10325.5782165527 10506.9875183105 9869.9741973877 9065.84197998047 9724.74722290039 10812.8440246582 12437.4772491455 10281.0067138672 11595.7532958984 11976.3932800293 11718.4310302734 9343.67225646973 5940.92974090576 5146.11455535889 5103.21541595459 5952.61856842041 11192.7949142456 9189.23310089111 5346.07050323486 4908.0764465332 4537.04267120361 5566.16256332397 6670.02367782593 6196.80470275879 4626.69483184814 4420.74227142334 4454.57889556885 4434.23536682129
6372.45367431641 5846.10048675537 6309.23231506348 6697.3102645874 7206.91424560547 7345.18448638916 7425.04885101318 7745.97632598877 9980.80120849609 11013.6746673584 10450.2731018066 9305.46832275391 9182.71305847168 9357.96801757812 9225.81258392334 8627.36651611328 9377.80401611328 9813.6595916748 9129.23115539551 9596.86764526367 9161.77696990967 10209.8636627197 10527.2715148926 13142.0209350586 15055.3568572998 11984.835067749 11647.2343444824 10663.0311279297 10332.6091918945 10064.5390472412 9386.66599273682 8068.32579040527 5516.49806976318 5006.61090087891 6944.47379302979 10507.1237335205 6244.73324584961 7411.50818634033 5198.61634063721 3942.86220932007 3887.7502822876 4407.57452392578 4378.40098571777 4382.37518310547 4444.98941802979 4387.97083282471
5509.85657501221 6585.80638885498 6993.87938690186 7556.59474182129 7708.06629943848 7600.90798187256 8000.32704925537 8472.85961914062 9818.1195526123 10314.5405883789 8321.96673583984 9151.56540679932 8230.23759460449 7808.46945953369 9431.53385925293 10053.420501709 11379.1201477051 11340.8922424316 8505.96867370605 8150.50080108643 8732.76145172119 9416.71376037598 10638.8240661621 10563.9677886963 10258.1281356812 10631.6024475098 11712.3838043213 11356.3684387207 9636.21925354004 8314.1614074707 7968.06066131592 6880.99630737305 8074.43173217773 5096.09003448486 6067.19669342041 7572.40581512451 6590.38551330566 8749.18858337402 5862.01549530029 3987.36433410645 3965.28102493286 4144.56835174561 4291.32002258301 4450.69290161133 4485.41466522217 4471.48086547852
6476.48408508301 7736.03206634521 8069.35040283203 7495.28049468994 6372.6499786377 6335.52635955811 7164.25440979004 7698.44211578369 9070.51542663574 8173.3648147583 6473.84520721436 6953.73942565918 7049.69633483887 7539.64772796631 8156.58561706543 8960.98482513428 9801.59590148926 10468.8176574707 8909.91276550293 7280.2763671875 7874.45357513428 7956.33512115479 8947.13710784912 7758.94728851318 8069.10050964355 9967.22538757324 11291.8844299316 10044.002532959 8377.50952148438 7771.74459838867 6942.71327209473 7318.81746673584 5448.63552856445 4337.70249938965 5219.35907745361 5241.97011566162 5894.34214782715 5863.97207641602 4897.11251068115 4352.9651184082 4272.29405975342 4303.62958526611 4481.71279907227 4670.91339111328 4802.55055999756 4961.3869934082
6343.4455947876 7396.33847808838 8162.61528778076 8095.19087219238 6078.10885620117 5275.13563537598 6136.10646057129 6281.30222320557 6873.83351135254 5698.99363708496 4895.42435455322 5214.77345275879 6165.89003753662 6696.83335876465 6973.34872436523 7691.99592590332 8947.40454101562 8860.78828430176 7533.97213745117 6230.41777801514 7955.48767089844 7379.63956451416 7031.28742218018 6838.67148590088 7212.12049102783 7319.08958435059 9270.17018127441 10525.9221801758 9869.7236328125 11681.1282272339 7690.17868804932 6338.66245269775 4561.15544891357 4391.1057434082 4516.12950897217 4587.78357696533 4725.93602752686 4706.05449676514 4572.49865722656 4355.24949645996 4295.66092681885 4328.73143768311 4454.34364318848 4721.79228973389 4929.50373077393 5343.67449951172
5102.21004486084 5443.89748382568 5756.77718353271 6310.62120819092 5268.83609008789 5565.87571716309 6625.4859085083 7441.08239746094 8161.51364898682 7227.56591796875 7124.21202087402 5681.85958099365 5704.76384735107 5563.54385375977 5599.95594787598 6664.92755126953 7229.71710968018 7619.4204864502 6486.15673828125 5203.93213653564 6869.98500061035 7284.91333007812 6240.99501037598 5398.52672576904 5792.33846282959 5839.26458740234 6455.26898956299 6294.37734985352 8982.61120605469 11877.1111450195 6895.81636047363 4971.41413879395 4722.41767883301 4585.81309509277 4628.21875 4706.19473266602 4671.76683807373 4581.04296112061 4375.60262298584 4231.09669494629 4193.54678344727 4285.32694244385 4512.44570922852 4784.32656097412 5017.64276885986 5318.96865844727
