Cases/SDM_Urocitellus_beldingi/westernUsClimate_modern/BIO13.asc
NCOLS 316 
NROWS 299 
XLLCORNER -124.820833001 
YLLCORNER 29.1625003333339 
CELLSIZE 0.0666666666645545 
NODATA_value -3.4e+38 
[rows 0 to 20 of 299, columns 184 to 229 of 316]
7718.52910505022 7626.39619663783 7493.14028494699 7438.31082589286 7552.77008928571 7705.51135253906 8087.25905064174 8342.01710728237 8449.87758091518 8364.36170305525 8139.14038085938 7766.24699183873 7442.79944719587 7334.35543387277 7370.17456054688 7354.77801513672 7350.77854701451 7542.13381522042 7846.82351248605 7780.24464634487 7584.64228166853 7367.75414167132 6887.86619349888 6451.88860212054 6246.50381905692 6120.1053641183 6086.80022321429 5939.64571707589 5978.66880580357 5956.22280447824 5904.05104282924 5875.06529889788 5803.38210623605 5694.77121407645 5610.19472830636 5558.4692905971 5538.81605747768 5570.05125209263 5601.21391950335 5637.73380824498 5667.61358642578 5679.07904052734 5731.00555419922 5778.39542933873 5810.22086879185 5809.36036028181
7741.97743225098 7625.13883972168 7455.79036712646 7372.61954498291 7472.36571502686 7745.18000030518 8119.81889343262 8473.29988098145 8687.9684753418 8642.66744995117 8305.21441650391 7720.68074798584 7254.51689147949 7442.00047302246 8056.54090881348 8123.56744384766 7740.84892272949 7677.66230010986 7910.51332092285 8035.51362609863 8284.30798339844 8072.91068267822 7170.16212463379 6363.7326965332 6050.71055603027 6028.34725952148 6165.87451934814 6085.06134796143 5977.31442260742 5927.70085906982 5876.71738433838 5785.68910217285 5725.41668701172 5661.51569366455 5550.90412902832 5529.64953613281 5556.06817626953 5648.83955383301 5656.52136993408 5657.89366912842 5696.4221496582 5765.53820037842 5801.4651184082 5797.30193328857 5840.65106964111 5884.51210021973
7826.17833709717 7848.00400543213 7909.35147094727 7856.12866210938 7772.48174285889 7695.97129058838 7720.29629516602 8045.56122589111 8322.81383514404 8185.50585174561 7782.11893463135 7297.90096282959 7092.64610290527 7406.68650817871 8408.9552154541 9098.36037445068 8162.8846206665 8236.88742828369 8369.9584197998 8527.54767608643 9331.59387207031 10048.6618728638 8342.56547546387 6844.99168395996 6037.72344970703 6061.25271606445 6134.08670806885 6126.55086517334 6049.56929016113 5975.02638244629 5982.86949920654 5836.03673553467 5706.59424591064 5669.34677886963 5631.42041015625 5606.16102600098 5661.69793701172 5660.99141693115 5692.67839050293 5742.38854980469 5772.6556930542 5777.45359802246 5787.21932220459 5805.42275238037 5913.08798217773 5940.67499542236
7736.87713623047 7780.76424407959 7974.14276885986 8066.62577819824 7868.92012023926 7707.60324859619 7621.38467407227 7589.38681030273 7511.45348358154 7324.5153503418 7175.69892883301 7003.01161956787 7054.22742462158 7042.31650543213 7219.90125274658 7442.85596466064 7870.42920684814 9759.30732727051 9724.79800415039 9461.07641601562 11565.8129882812 14789.7433166504 10704.6310882568 8122.34519958496 6598.36709594727 6319.62364196777 6158.63816070557 6035.18860626221 5946.95802307129 5913.82292175293 5900.14641571045 5834.00039672852 5718.95205688477 5680.04774475098 5690.42617797852 5692.96624755859 5691.16075897217 5685.3617401123 5785.76094055176 5784.77695465088 5784.00392913818 5793.63534545898 5790.46775817871 5807.24598693848 5889.12228393555 5959.53788757324
7410.05272674561 7449.42559814453 7514.67538452148 7602.55166625977 7533.61817932129 7445.43811035156 7271.677734375 7174.79880523682 6856.82920837402 6649.89939117432 6723.23066711426 6720.12703704834 6708.42942810059 6587.78437042236 6386.46630096436 6320.80117797852 6628.82833099365 7479.54518127441 7939.91516876221 8529.35517120361 9029.64356231689 9616.11135864258 8594.6955871582 7615.53340911865 6580.36785888672 6296.67510986328 6167.11200714111 6040.65148162842 5899.37529754639 5812.01416778564 5730.99244689941 5680.45528411865 5688.56171417236 5697.43718719482 5718.96202850342 5768.23192596436 5804.51629638672 5801.21659851074 5805.17070007324 5806.21279907227 5806.47411346436 5804.98496246338 5797.30265045166 5755.9377746582 5803.76103210449 5914.56887054443
6993.19708251953 6986.05819702148 6968.55265808105 7032.57299804688 7100.3551864624 6895.28942108154 6584.66611480713 6438.89051818848 6313.91069030762 6272.99374389648 6347.23271942139 6357.57634735107 6288.01404571533 6192.07346343994 6020.90847015381 5901.4575958252 5955.5295791626 6241.57775115967 6610.9169921875 6807.35498046875 6982.24538421631 6929.99513244629 6547.64171600342 6473.06912231445 6384.69259643555 6206.04313659668 6046.03282165527 5946.1756362915 5849.59132385254 5776.69695281982 5688.45392608643 5626.03212738037 5656.15166473389 5707.73300933838 5780.81535339355 5848.51217651367 5840.56721496582 5824.70540618896 5824.06698608398 5821.94316101074 5820.70291137695 5822.6457824707 5786.24659729004 5717.78457641602 5765.37833404541 5881.80500030518
6928.31935882568 6873.23337554932 6725.88830566406 6706.86595916748 6815.34429931641 6697.94985198975 6292.19999694824 6129.10041046143 6059.77686309814 6070.37448883057 6071.31903076172 6107.15361785889 6126.15969085693 6068.18018341064 5934.19473266602 5806.11433410645 5785.24166870117 5970.76712036133 6246.15771484375 6401.57138061523 6449.86542510986 6444.13093566895 6220.69986724854 6165.44666290283 6203.61717987061 6001.15720367432 5877.69589233398 5830.11599731445 5811.69824981689 5818.1217880249 5755.19247436523 5734.69999694824 5731.80149078369 5809.47606658936 5856.33337402344 5846.31184387207 5826.97898101807 5829.82453155518 5822.35217285156 5825.59970855713 5825.99462127686 5824.47626495361 5817.93966674805 5813.34912872314 5818.90332794189 5880.98233795166
6932.59881591797 6835.73974609375 6705.34646606445 6635.38983917236 6756.88526916504 6600.72827148438 6213.60675048828 6131.60716247559 5973.8141708374 5874.77518463135 5928.82744598389 5936.13874816895 5975.70127868652 5968.3486328125 5911.6876373291 5875.55056762695 5779.18084716797 5854.45018768311 6015.20088195801 6254.62398529053 6180.73683166504 6247.18260192871 6132.79275512695 6027.94641113281 5965.16493988037 5844.50185394287 5719.61095428467 5723.68057250977 5806.88388061523 5841.29570007324 5846.66083526611 5846.01657104492 5851.54229736328 5856.54759216309 5851.6116027832 5828.82733154297 5802.18846130371 5803.54327392578 5836.16898345947 5825.03731536865 5736.85205078125 5634.61476898193 5720.53729248047 5817.15420532227 5827.67160797119 5860.54079437256
6924.52805328369 6891.78099822998 6807.17604827881 6603.6974029541 6591.22105407715 6510.24082183838 6448.51805114746 6373.85495758057 6116.54989624023 5967.5458984375 5988.48233032227 6014.86668395996 5962.66979980469 5942.85305786133 5850.49681091309 5835.8892364502 5793.34951019287 5797.73118591309 5913.94187927246 6101.10087585449 6088.47920227051 6092.46747589111 6049.2854385376 5982.25089263916 5904.69216156006 5831.35244750977 5691.29403686523 5659.90586090088 5735.85529327393 5819.83310699463 5843.92713165283 5846.9224395752 5854.56494903564 5865.97538757324 5855.15289306641 5834.76261138916 5826.58652496338 5822.11231231689 5843.29726409912 5858.74795532227 5844.97695159912 5739.53350067139 5759.29277038574 5918.88342285156 6030.43823242188 6052.41416931152
6762.04030609131 6718.44552612305 6725.67568969727 6604.98340606689 6464.27771759033 6391.24417877197 6246.26779937744 6103.94432830811 6090.10650634766 6088.71725463867 6069.73632049561 6069.66397094727 6014.36280822754 5982.94919586182 5902.05127716064 5828.46994018555 5739.11963653564 5736.6640625 5752.7668838501 5852.0856628418 5880.54784393311 5899.8727645874 5850.80547332764 5850.57439422607 5860.04055786133 5799.45958709717 5696.29032897949 5657.94618988037 5681.92635345459 5782.1078338623 5822.34129333496 5821.94395446777 5833.46383666992 5848.87423706055 5850.18585205078 5848.4681854248 5837.48678588867 5869.97658538818 5868.83167266846 5896.47351074219 6093.81971740723 6391.34718322754 6532.26891326904 6604.18720245361 6808.38299560547 6711.48084259033
6787.41050720215 6770.20233917236 6787.03741455078 6736.11853027344 6687.0023651123 6665.44941711426 6596.71709442139 6294.07440185547 6079.31044769287 6072.22460174561 5964.7200088501 5880.75887298584 5855.12520599365 5824.35329437256 5827.11561584473 5833.63378143311 5750.80503082275 5732.37906646729 5688.55723571777 5631.45040893555 5658.77157592773 5683.13653564453 5650.89518737793 5545.22611236572 5461.50865936279 5445.77041625977 5470.44207763672 5491.28771209717 5597.6477355957 5675.71852111816 5749.72430419922 5801.86679840088 5822.4880065918 5895.09687042236 5966.61376953125 5993.40570068359 5994.85213470459 5950.77382659912 5915.75964355469 6005.09999084473 6354.62767791748 6808.7985534668 7135.59474945068 7254.33926391602 7597.45867919922 7373.53289031982
6612.30146789551 6709.65956115723 6827.81308746338 6938.0438079834 6976.3577041626 6889.90133666992 6738.80517578125 6605.02892303467 6414.10767364502 6369.27268981934 6161.02607727051 5895.96240997314 5952.64835357666 5950.46042633057 5848.85889434814 5812.49336242676 5728.13298034668 5683.27040100098 5647.39013671875 5601.50740814209 5517.82302856445 5553.78224182129 5525.43709564209 5290.05407714844 4957.65701293945 4862.81151580811 5055.92286682129 5251.81900787354 5445.88717651367 5601.57704925537 5714.34328460693 5807.55870056152 5926.22267150879 6043.24227905273 6179.19834136963 6246.38228607178 6225.53923797607 6098.81239318848 6163.24314117432 6620.72393035889 7096.23446655273 7793.85810089111 8397.45421600342 7911.3779296875 8334.57785797119 7997.38430786133
6552.94755554199 6720.79985809326 6860.55396270752 7008.40041351318 7075.30880737305 6984.82556152344 6746.03330230713 6471.53215026855 6314.5729598999 6210.98419952393 6052.8766784668 5961.96482849121 6031.42050170898 6013.92646789551 5966.33407592773 5933.02352142334 5846.48888397217 5786.37189483643 5678.97695159912 5593.54658508301 5562.92803955078 5524.62685394287 5336.12424468994 5043.44040679932 4746.07462310791 4693.55704498291 4874.10498809814 5231.50724029541 5444.20809936523 5615.19191741943 5750.07996368408 5897.03046417236 6038.89588165283 6224.13506317139 6371.20721435547 6424.7141494751 6398.4743347168 6321.23770141602 6626.3440246582 7100.50724029541 7928.07488250732 8560.20468902588 8618.81463623047 8767.35566711426 8992.22721862793 8551.29312896729
6757.70966339111 6804.70430755615 6839.95529174805 6826.7506942749 6867.63670349121 6843.10945129395 6710.60696411133 6392.9313583374 6159.3798828125 6083.57617950439 6047.7155380249 6002.15909576416 5912.79166412354 5933.16542816162 5861.07791900635 5852.19239044189 5823.91075897217 5730.42627716064 5674.81650543213 5638.11288452148 5632.25260925293 5524.78907012939 5422.5139465332 5213.31593322754 5116.86826324463 5055.16611480713 5190.88926696777 5433.26593017578 5610.86428833008 5788.77617645264 5926.20449066162 6079.53799438477 6225.88456726074 6362.13447570801 6454.82782745361 6546.93251800537 6629.99829101562 6745.44394683838 7090.64142608643 7678.16893768311 9045.65003967285 9329.0475769043 10342.4602966309 10535.2462921143 10579.5651550293 9535.48112487793
7145.00543212891 6971.21544647217 6957.72638702393 6906.36799621582 6809.88289642334 6655.57441711426 6538.54708862305 6354.46212005615 6248.85008239746 6187.65773010254 6132.9323348999 5996.6315612793 5876.04225921631 5803.57595825195 5807.37616729736 5819.36736297607 5802.55876922607 5700.04064178467 5674.97254180908 5629.61231231689 5679.04599761963 5651.97323608398 5588.54385375977 5515.23239898682 5501.09968566895 5567.93840026855 5729.66550445557 5783.08206176758 5879.73820495605 6044.38556671143 6136.89842987061 6244.36894989014 6303.4341506958 6408.58515930176 6464.39902496338 6580.93563842773 6821.02970123291 7105.01026153564 7432.49510192871 7881.28369140625 8706.26022338867 9947.02809143066 11011.3752746582 11246.2296447754 10272.9571380615 10625.1992340088
7413.63655090332 7366.29999542236 7295.98976898193 6913.6418838501 6664.91854858398 6547.10370635986 6496.22536468506 6381.48045349121 6291.94181060791 6136.90245056152 5979.15234375 5839.91611480713 5815.21942138672 5811.81153869629 5835.45880126953 5847.1216583252 5842.82306671143 5816.36894226074 5752.21794891357 5733.77420043945 5738.86863708496 5731.13561248779 5766.81238555908 5819.60108947754 5834.82488250732 6000.26712799072 6131.8120803833 6016.9916229248 6117.89823913574 6267.83113861084 6335.81659698486 6362.34435272217 6364.32368469238 6373.83238983154 6383.37091827393 6546.66682434082 6854.27918243408 7138.20017242432 7338.65978240967 7736.55876922607 8223.70512390137 8414.26982879639 8547.42654418945 8822.42143249512 8822.99635314941 9466.70162963867
7351.62936401367 7126.58721923828 6831.81748199463 6253.26033782959 6095.62343597412 6152.0640335083 6203.85423278809 6230.46935272217 6150.39852905273 6059.18768310547 5947.52261352539 5833.53778839111 5841.39625549316 5870.17372131348 5892.6142578125 5920.58505249023 5995.55770111084 6099.25891113281 6104.18592071533 5979.6789855957 5892.36898040771 5892.00779724121 5972.83193969727 6013.40439605713 6039.02667999268 6127.20586395264 6211.45752716064 6208.37158966064 6224.28290557861 6260.89344024658 6296.20790863037 6320.79500579834 6247.29377746582 6316.55360412598 6490.58866882324 6582.28211975098 6729.17555999756 6872.9303894043 7065.57947540283 7242.17692565918 7219.64842987061 7289.34365844727 7436.43533325195 7651.95761871338 7665.87626647949 7900.12237548828
7332.55272674561 7012.58298492432 6724.54214477539 6236.9094619751 6024.5466003418 6002.69535064697 6015.47509765625 6068.36994171143 6086.17879486084 6004.36592102051 5918.86417388916 5890.70017242432 5864.40703582764 5882.08650970459 5911.51141357422 5957.01670837402 6072.88963317871 6184.68746185303 6199.21443939209 6095.57441711426 5923.57283782959 5874.98341369629 5939.47424316406 5995.25789642334 6090.6739730835 6215.08866119385 6303.65625 6321.3197555542 6335.8010559082 6267.99684143066 6184.10987854004 6205.00704193115 6359.03701782227 6513.45867919922 6665.12410736084 6677.52132415771 6640.31348419189 6527.35748291016 6538.76844787598 6600.6432800293 6721.12712097168 6880.14015960693 7035.20626068115 7047.97966766357 6973.07605743408 7252.1244430542
7309.08513641357 7102.86974334717 6806.9478302002 6489.66142272949 6144.34982299805 6028.6256942749 5938.36162567139 5906.88877105713 5965.95205688477 5952.59744262695 5863.02841186523 5801.19528961182 5822.25703430176 5831.07926940918 5830.47262573242 5836.57508087158 5905.3465423584 5931.21348571777 5866.99872589111 5736.51094055176 5664.06749725342 5631.86884307861 5805.01789855957 6051.83239746094 6173.22666168213 6337.01945495605 6495.12694549561 6559.98496246338 6526.12805175781 6444.7834777832 6461.80242919922 6588.47213745117 6782.1149520874 6828.76524353027 6879.89139556885 6872.97267150879 6660.95349884033 6392.4585723877 6491.90604400635 6294.92208862305 6192.12684631348 6378.50035095215 6615.46475219727 6535.16441345215 6593.72606658936 6861.84420776367
7123.62451934814 6905.84413909912 6734.22518157959 6655.11327362061 6174.42166137695 5911.79159545898 5868.71745300293 5832.91848754883 5895.88136291504 5858.71778106689 5774.37719726562 5653.80046081543 5638.72187042236 5633.13240814209 5577.2610168457 5554.34608459473 5626.23751068115 5653.32654571533 5708.76494598389 5816.48986816406 5822.40078735352 5735.42588806152 5712.35185241699 5854.24739074707 6028.63948059082 6366.00782012939 6608.64570617676 6652.48006439209 6689.46002960205 6869.95955657959 7096.19102478027 7297.32722473145 7242.14482879639 7050.99512481689 7004.97087097168 6893.33798217773 6670.21398925781 6408.15029907227 6263.0348739624 6262.63878631592 6211.84523010254 5875.24393463135 5797.34667205811 5941.36209869385 6297.20303344727 6329.56328582764
6992.27769470215 6724.60641479492 6465.76006317139 6353.70760345459 6333.00290679932 6318.81071472168 5789.67558288574 5701.03289031982 5732.22679901123 5716.37760162354 5647.27353668213 5565.07948303223 5441.5022277832 5321.10066986084 5269.86570739746 5323.29169464111 5444.84687042236 5625.14364624023 5732.11930847168 5839.89392852783 5861.38650512695 5826.42088317871 5725.49833679199 5738.54834747314 6275.08185577393 6791.75938415527 7128.85443878174 7324.60982513428 7145.93916320801 7413.4206237793 7719.8392791748 7432.28302001953 7210.9380645752 6997.25381469727 6901.4582901001 6775.92590332031 6693.30175018311 6725.68396759033 6621.04112243652 6267.35162353516 5900.65382385254 6163.61192321777 5673.37567901611 5419.18923950195 5800.46748352051 6327.12928009033
