Cases/SDM_Urocitellus_beldingi/westernUsClimate_modern/BIO16.asc
NCOLS 316 
NROWS 299 
XLLCORNER -124.820833001 
YLLCORNER 29.1625003333339 
CELLSIZE 0.0666666666645545 
NODATA_value -3.4e+38 
[rows 84 to 104 of 299, columns 184 to 229 of 316]
9118.29577636719 9582.73962402344 9999.94979858398 10065.6082611084 9781.51664733887 9542.61965942383 9511.39126586914 10370.7303161621 11046.5697937012 11162.9790039062 12432.3975524902 12128.4266815186 12161.5767669678 13380.4242706299 15770.5290374756 16597.3602142334 14014.5901794434 14186.9250335693 16260.8333435059 21918.1512908936 34062.0035705566 34243.9739379883 39539.7102966309 39792.4191894531 30928.330871582 13737.4754638672 13839.907623291 21324.4666442871 34427.5901184082 42384.2907104492 38857.6072387695 35148.3841552734 30465.1030883789 23029.2247314453 15843.1634674072 13402.7991943359 15988.3420257568 17376.6524047852 17143.1072998047 17526.9053649902 19314.6260986328 23869.934753418 22729.1648254395 19962.5781097412 14942.2347717285 11076.2796020508
8761.58074951172 9048.75143432617 9232.95071411133 9392.28770446777 9457.36944580078 9359.24322509766 9607.72540283203 10211.9118347168 10733.2503967285 11804.8632202148 13106.5725402832 11787.5281066895 12890.5370941162 13076.7030334473 15043.9806365967 16259.4789886475 14644.2127532959 16483.8616485596 15052.1953430176 15887.5670776367 27973.109588623 37956.6302490234 36959.5115966797 36292.315032959 31352.5429382324 19651.8642425537 14237.6394348145 18980.5247650146 32467.222869873 41659.7180786133 44237.3491210938 39930.1518554688 46750.3796386719 32854.9252929688 18676.7421417236 15747.7660369873 17240.6630401611 15576.3480529785 16296.1053924561 17224.4157104492 18899.7989807129 21668.0215454102 26428.2158203125 26104.3175048828 21796.9599456787 18249.6915435791
8486.54946899414 8712.22927856445 8814.5016784668 8925.88375854492 9026.44229125977 9162.78773498535 9486.85426330566 10440.2188720703 12755.9868774414 14336.6798706055 15291.6239471436 12875.1609802246 13689.3006286621 14589.9203796387 15903.0403900146 15683.3394470215 16230.9042816162 21401.9437255859 21375.331817627 19547.1676635742 17245.067855835 22913.4273986816 27184.8139648438 31854.0115661621 33616.1490783691 24380.5719299316 19643.1315917969 15757.5226135254 23901.7111968994 35810.466003418 30222.2016601562 30759.0218811035 36872.8958129883 32889.1137084961 25477.1119689941 18790.9718017578 17291.0244140625 16342.6517028809 17268.7300109863 17387.5962982178 16992.3630828857 21212.6495361328 25755.5812072754 29415.3531494141 26472.4656982422 21361.9675598145
8396.20509338379 8571.61380004883 8730.34915161133 8813.06813049316 8931.08316040039 9190.47894287109 9816.30017089844 10637.3873748779 11920.7946624756 16086.577255249 18787.7758483887 15845.7781677246 18061.6405029297 15852.9015960693 15208.1645202637 19265.1700592041 19225.2037963867 20380.0905456543 19374.9270477295 18272.2197418213 18125.5989990234 17008.8648834229 22825.9999389648 26808.7902526855 31087.9619750977 25270.3020477295 15436.6871185303 21208.9044189453 17633.449432373 26466.4296569824 22039.8678894043 21182.3230133057 21802.9681396484 20885.6985473633 21385.9189453125 21805.5656738281 21216.1591491699 19875.6957702637 19666.4515075684 21865.6973876953 20557.5056152344 21003.8162231445 28291.9344177246 29877.8525695801 24767.4989929199 24450.328338623
8441.62637329102 8533.88789367676 8645.72845458984 8805.86930847168 9008.40924072266 10018.9005126953 13492.4810333252 13162.8236694336 11565.393081665 14641.3647003174 20402.8773498535 18604.6695861816 21123.2037353516 21319.5328979492 15417.0671081543 14045.0093078613 16227.2141571045 18063.8036804199 21077.1619873047 19109.6300811768 18823.4404296875 19206.9854431152 19901.1436157227 24374.3598022461 23289.9917602539 19538.8857116699 16664.6723480225 22879.6944580078 20276.2701721191 28504.1773376465 20309.6749267578 19166.0806884766 16679.9884033203 17624.7221069336 18094.979888916 23485.1999816895 23184.6366577148 17419.5892486572 14221.0804901123 22381.823928833 26146.9835205078 25841.9140319824 26560.3587341309 33137.6004333496 28955.1488647461 26472.1235046387
8390.85173034668 8409.81581115723 8854.71723937988 10165.0645904541 10771.6474456787 11184.0713500977 14741.10546875 16723.649887085 13300.0396728516 12346.2388000488 13896.240524292 19003.3652954102 18652.1367797852 18160.9930725098 16311.2865447998 14911.0590820312 14162.1748657227 17686.5941925049 21295.3837585449 17239.7581176758 19417.8974914551 22929.7235107422 19035.2760314941 20476.7310791016 21824.652923584 18874.1373901367 19603.6127624512 19957.5323791504 28051.4492797852 27329.6146240234 19461.0921325684 17539.1598205566 15035.9800872803 15743.1103820801 15773.8212890625 18046.9837188721 16650.0526275635 12087.9826660156 13125.774887085 17943.6497802734 24292.6616516113 27694.107208252 30169.530456543 34006.0354003906 31980.5559082031 27297.6161499023
8465.64080810547 8531.22590637207 9189.40287780762 10149.4078216553 12026.5608520508 17012.5213317871 16831.444732666 17354.5543212891 13208.4756774902 12430.9396209717 13584.3391723633 15116.0671691895 15686.7587585449 15290.7315368652 16746.8707275391 17928.9825134277 13817.2243347168 14219.1629180908 25562.3629150391 26149.9219970703 19342.2193603516 16530.4122314453 15178.718170166 17034.8978881836 27171.4250488281 19823.9924316406 21531.8980102539 19566.1497802734 28042.7770385742 26417.6059265137 20774.5705871582 13877.4348297119 12823.8063812256 13308.4727478027 14665.3276672363 13586.8245849609 12791.2937927246 11329.8055877686 12094.9774627686 13425.6261291504 18213.1286773682 21764.1492462158 24878.1576538086 29139.126953125 32768.6206665039 29717.5249328613
9007.35139465332 9350.14723205566 11060.154876709 12078.6906585693 12247.6511383057 22432.5197601318 24240.3463134766 19976.4231262207 13086.7888641357 14537.9451141357 13402.3098449707 12883.2568206787 11786.3018951416 12908.3464508057 16267.0111846924 14771.3708343506 15974.3806610107 15301.80418396 20816.3272247314 24454.7225341797 20509.7213439941 15774.7685241699 12511.9722747803 14531.184463501 30477.7495727539 29829.578338623 21294.3940429688 23478.2300109863 29071.7857971191 31468.7371520996 28306.7545471191 19980.9383392334 13679.8923339844 12396.3216094971 11220.8525085449 10062.1008148193 10014.1436462402 10551.4716186523 10547.2452392578 10851.0466918945 13042.0992584229 15167.895324707 21708.2319946289 25209.8579101562 29230.8218383789 31671.0286254883
9745.66680908203 9725.88485717773 12887.2335205078 18496.4555969238 17060.8842468262 30080.7283325195 33474.4061584473 22401.7995910645 13705.0008087158 15585.8838500977 17064.4693603516 13729.8636016846 12626.3248596191 12999.2063598633 13893.9114379883 15018.1627349854 18477.2533416748 25269.3090515137 23456.0925598145 26285.5137329102 27836.7532043457 21779.7622070312 15141.881362915 12220.6536407471 22480.9529724121 36169.7001953125 29959.4444274902 20251.1904296875 27253.7092590332 31008.6165771484 28645.3410644531 19076.3832550049 12077.5845794678 9950.28729248047 9662.57670593262 9597.0414276123 9532.29170227051 9994.86755371094 9797.11654663086 9662.28927612305 10523.1349334717 11747.9560394287 15122.7008666992 19594.3455505371 23802.6833190918 26343.4266967773
13448.6124420166 10764.6426696777 12983.4677581787 18135.1350708008 17179.2975921631 23616.5307312012 29785.5552978516 23511.7151184082 14298.4398956299 11320.0059967041 13378.9113922119 18192.3022918701 14404.6533813477 14118.7952270508 13251.2094268799 14892.9278106689 17840.5561828613 21356.4598388672 20087.9558410645 27887.1652832031 25346.5620422363 19143.3605957031 19236.3598022461 14933.9602203369 18646.1592407227 33142.8155212402 36330.5899047852 23522.4903869629 28381.1268310547 33971.3112487793 28065.4300537109 19019.9841308594 12309.7150878906 9830.0933380127 9630.65205383301 9339.29794311523 9184.04690551758 9075.3589630127 9152.87979125977 9582.06527709961 9473.0212097168 9550.02781677246 10608.0403442383 12946.7692565918 16136.9235839844 20741.2702636719
25536.8786315918 21393.4837799072 12236.204498291 14006.4976654053 13520.036239624 21003.9737548828 34582.8753967285 28995.0707397461 14870.1609649658 11596.3643493652 11637.1459960938 14504.1954193115 15173.2596740723 14553.7445373535 14380.7542419434 14895.0803985596 14289.8241119385 16814.3560333252 19351.470413208 22923.3970336914 30264.574798584 19027.3233947754 15454.4488525391 13587.2143554688 16808.6724090576 31374.6146850586 39668.6436462402 28756.064666748 33455.1696777344 38927.967590332 28037.7919006348 19805.0418395996 14752.3884429932 10882.3548583984 9467.54356384277 9103.08428955078 8939.2984161377 8804.34884643555 8991.82472229004 10050.8065490723 9690.33860778809 9245.69692993164 9349.28268432617 10050.2140960693 10981.2246398926 18469.6702880859
21811.0322875977 26252.0454711914 20231.5782470703 25712.2221984863 14854.0668334961 19433.5921020508 37490.2299499512 29225.7400512695 21022.1975402832 15063.1403198242 12051.608581543 12519.6938781738 14520.8748168945 14681.2385559082 14386.7643890381 18736.1303100586 17490.9143676758 16615.6886444092 21303.9993286133 30328.0602416992 29649.6427001953 20119.0718841553 16051.1628723145 13790.1840820312 15875.1867370605 29664.0442810059 42622.5082702637 33137.9731445312 35278.157989502 41920.9747314453 34291.7319030762 26714.5517578125 17775.5102081299 13998.1873474121 11196.09324646 8975.30052185059 8317.48742675781 8224.53316497803 8612.96837615967 9551.23937988281 9855.45079040527 9266.47953796387 9129.97694396973 9350.06315612793 9586.21664428711 11298.6859130859
16750.833114624 21760.1648254395 29237.7129821777 32265.3271179199 15858.2560577393 15041.9495544434 24236.9782562256 23409.4837799072 24989.5143585205 22905.884552002 12771.1519470215 12261.6946716309 13370.6543731689 13542.2542266846 13025.0971374512 16590.7635040283 25767.4545593262 22416.7992706299 19352.7319488525 26659.3368225098 28777.1020507812 19772.763885498 16581.3390808105 15198.0740509033 17840.1314239502 36795.9139404297 44648.1674194336 37031.7258911133 36196.2542419434 41590.9248046875 31473.8298950195 25908.0274353027 17186.3056945801 11436.2638244629 8879.87086486816 8383.2820892334 7915.64591217041 7472.43801879883 8094.82698059082 9148.33042907715 8908.00712585449 8809.39845275879 9208.17405700684 9844.80131530762 9710.76388549805 9617.06959533691
15557.5892333984 19865.3323059082 23021.9801330566 24053.0771484375 13875.4051818848 13360.9219665527 16268.2867431641 17334.2779693604 19036.3146820068 20793.2850036621 14502.2969360352 12278.7140960693 12783.3427581787 17954.8630981445 14521.8465576172 13365.885559082 18467.3909606934 29172.4977111816 27633.6717529297 31444.7748413086 29229.1508178711 20956.1903991699 20454.3612976074 24407.2000427246 19396.0817718506 31546.9262390137 44313.8947143555 38652.2319030762 36064.3020019531 44349.0390014648 31572.0046081543 24051.2574157715 16559.4369812012 10593.2068328857 7898.72919464111 7166.12900543213 6987.51380157471 6903.03163909912 7590.54694366455 7923.63851165771 8067.87406921387 8634.04806518555 9496.18099975586 9819.28410339355 9819.26913452148 9665.64619445801
14872.2355804443 25953.1205444336 20288.3618469238 15788.2205657959 13149.4551239014 12845.9224243164 15882.4478607178 23105.1343994141 24690.0909729004 28821.158203125 15722.8529205322 11903.7567443848 12204.7426300049 20347.5443878174 22993.7056121826 20653.7622680664 13194.4091033936 18135.5381011963 27871.8795166016 35436.4547729492 25959.7130432129 25662.7315063477 27519.304107666 26714.6128234863 24121.120513916 27165.349822998 34794.9129943848 34653.6968688965 35095.2540893555 39035.5563049316 26920.1065063477 21982.8446960449 13991.8358764648 9621.78395080566 7758.59332275391 6858.47786712646 6489.11477661133 6537.2698059082 6899.24629974365 7694.65729522705 8326.23677825928 8940.98384094238 9521.58474731445 9659.06414794922 9470.22604370117 9451.11213684082
17051.9204101562 21534.9038696289 21568.9925231934 20180.1175384521 14798.8555450439 12679.9403533936 13465.908203125 19239.0857086182 25490.111328125 26703.4996032715 20157.4871368408 12441.1712799072 11752.0227966309 16542.466506958 31086.5120239258 32974.8258666992 15501.7754821777 11603.4570770264 17467.5957489014 32564.6396179199 22946.3326416016 22551.2341308594 21178.8164215088 19176.2399139404 23489.7867431641 25156.0907592773 29538.6212768555 34972.5489196777 35137.9044494629 25103.1679992676 26576.8655395508 30060.9788513184 17971.4144287109 11658.0875549316 8285.42183685303 7065.62060546875 6562.71240234375 6658.79247283936 7750.96671295166 7870.22469329834 8391.08562469482 8664.61929321289 8809.59634399414 8779.58432006836 8543.36771392822 8407.32490539551
18483.9642333984 16290.7751464844 19801.2204284668 27072.5446166992 20074.8704376221 13009.2496337891 13045.2648010254 14129.9807891846 18887.6000061035 20733.938293457 23769.3098449707 14829.4512786865 12432.8195037842 18223.5458679199 37226.0741271973 30336.7265319824 17500.3342437744 14275.7941741943 11690.4997253418 21632.5134887695 17687.5767211914 14795.4452667236 13405.3800201416 16521.2398529053 19357.4790039062 21698.9400024414 25206.5178222656 29431.1051940918 34183.3039550781 25565.4230041504 26424.1963806152 35109.9531860352 20863.2525939941 11961.7902069092 9212.55664825439 7404.64952087402 6477.17082214355 7074.64487457275 7921.73350524902 8436.56105041504 8201.09203338623 8264.99717712402 8286.78521728516 8031.62586212158 8027.86944580078 8098.66580200195
21475.5878295898 15473.5847320557 18950.7884979248 28502.0508117676 21436.1255340576 15976.7783508301 19071.6670074463 15302.8054962158 14662.067276001 16909.3222503662 16510.1325073242 15332.7266845703 14360.652053833 18873.2443847656 35877.2694702148 29149.7611083984 14878.3533782959 12733.3509674072 10081.0332794189 14454.840423584 15132.0914764404 12132.5292663574 11691.4100799561 20819.2456665039 18793.1119995117 20430.1311950684 26401.6510314941 28718.4867858887 32912.3453063965 26596.8710632324 20690.8538818359 23663.1791381836 18751.7609558105 12517.5580596924 8661.98287963867 6668.98506164551 7019.61832427979 8002.40785217285 8337.04970550537 8314.05296325684 8155.38671112061 8129.37103271484 7996.8571472168 7746.78374481201 7661.23166656494 7872.14736938477
24711.513458252 18439.2446594238 13635.8929901123 15861.3050994873 16751.2427215576 15945.7216033936 26529.2420349121 20480.39012146 13643.3762359619 14871.981552124 14931.4578857422 15594.9679718018 14971.8974456787 18008.8373413086 34539.8521118164 33670.3577270508 16913.8472747803 11202.6024627686 9694.1439666748 10425.7321929932 13923.9357910156 10990.9987945557 10699.4851226807 20244.0585021973 17637.0077209473 17989.8972625732 27394.2045593262 27177.0120544434 32499.6068725586 25137.9028015137 22300.4179077148 20245.5654602051 10640.0044708252 10332.1611480713 7163.23429870605 6613.56805419922 7927.09815216064 8366.46182250977 8210.63715362549 8163.71712493896 8098.2972869873 8011.49897003174 7913.19729614258 7688.05912780762 7592.76379394531 7659.26304626465
19384.384552002 19383.9092102051 13592.9561004639 11483.47215271 12144.7696685791 16422.2647247314 19793.0214996338 21494.0098266602 13673.0497283936 14006.9210662842 14262.9391021729 14691.1830444336 15740.9878082275 20658.7210083008 35367.3683776855 33283.3554077148 17063.2388000488 10598.6148376465 9186.41996765137 10721.8274536133 11567.5935516357 10269.9964599609 10231.1638336182 15685.0806274414 13635.1643371582 14310.9791259766 22877.7288818359 20980.1414794922 27954.706451416 21776.1441192627 16886.6739654541 18340.6604156494 9977.36231231689 7594.64601898193 7154.88836669922 6599.76784515381 7227.58047485352 7695.52390289307 7450.33650970459 7636.55046081543 7833.65187072754 7810.33348083496 7927.97510528564 7802.4128112793 7635.65285491943 7703.15703582764
13942.7526550293 14050.0483093262 13025.4434814453 11111.5443115234 10978.1459197998 18187.0257415771 19568.4127807617 20690.2467346191 13789.2942352295 13555.4371490479 13769.6383972168 14890.0420074463 15321.1088104248 21133.4666748047 37483.7695922852 34379.8060913086 19067.3892669678 10179.1744995117 8742.95837402344 12535.2537536621 13103.8464050293 11332.4746856689 13453.3256072998 10301.0807647705 10670.9230804443 13442.1696777344 19355.1404724121 15603.0848846436 17489.8784790039 19424.0552978516 12066.8645782471 13473.5843963623 9275.09843444824 7584.57366943359 7066.09200286865 6648.68431854248 6863.98928070068 7141.0912399292 7120.60526275635 7194.52617645264 7404.19051361084 7548.91059875488 7855.03268432617 7849.48419189453 7652.25815582275 7608.89892578125
