Cases/SDM_Urocitellus_beldingi/westernUsClimate_modern/BIO14.asc
NCOLS 316 
NROWS 299 
XLLCORNER -124.820833001 
YLLCORNER 29.1625003333339 
CELLSIZE 0.0666666666645545 
NODATA_value -3.4e+38 
[rows 21 to 41 of 299, columns 0 to 45 of 316]
-3.4e+38 -3.4e+38 -3.4e+38 -3.4e+38 -3.4e+38 5793.91341838431 6252.80807495117 6775.45343017578 6693.71446990967 6691.3307723999 7021.45237731934 7660.2945022583 7985.92314147949 7268.66004180908 7833.9407119751 8213.90867614746 8747.7579498291 9244.17030334473 8645.22448730469 8792.06526184082 7431.18794250488 5892.45166015625 5258.77088165283 4268.33601760864 4354.15526580811 4397.10341262817 3829.55107879639 3151.947265625 2412.75771903992 2022.31709861755 2157.94071960449 2236.44462966919 2038.18624687195 1929.67071151733 2006.12333679199 2047.54707336426 2184.1582069397 2301.41169548035 2139.40175056458 2426.15546035767 2502.80439376831 3029.35068893433 3311.77452850342 3229.19130325317 3948.13349914551 5053.64756011963
-3.4e+38 -3.4e+38 -3.4e+38 -3.4e+38 -3.4e+38 5847.76165771484 6015.47130584717 6514.46659851074 6614.64768981934 6618.73436737061 6171.8829574585 6114.72681427002 6828.40480804443 7791.30352020264 7824.28281402588 7853.63238525391 8019.95545196533 7654.62335968018 7983.20743560791 8118.02436828613 7384.74042510986 5705.99161529541 4079.43700408936 3896.02676391602 3653.94229125977 3385.52362823486 3317.78896331787 2506.25312232971 2406.09258270264 2702.65653610229 2902.30136489868 2486.15900802612 2301.35565948486 2184.16094589233 2081.4396572113 1980.62079811096 1902.60116958618 1889.82070541382 1981.17002105713 2189.73904418945 2561.3105506897 2847.5778427124 3142.62392425537 2969.88681030273 4174.76085281372 4746.6438369751
-3.4e+38 -3.4e+38 -3.4e+38 -3.4e+38 -3.4e+38 -3.4e+38 5841.88341522217 6162.89746856689 6317.77101135254 6274.65811157227 6276.06159973145 6589.2963180542 7010.89804840088 7180.96015167236 7426.26597595215 7141.25020599365 7308.05926513672 7913.29119110107 9858.06689453125 10113.5458984375 7159.84143066406 4227.24444961548 3726.05340957642 3710.23573684692 3539.69951629639 3296.80615234375 2637.06317520142 2626.38242721558 2843.5368270874 2826.41152572632 2925.96580123901 2589.16094207764 2373.51288604736 2344.35597610474 2172.44940567017 2032.71251296997 1940.63749313354 1808.58223342896 1830.06210899353 2229.09209632874 3320.09355163574 3332.0761756897 4809.77614593506 4558.49619674683 4290.40310287476 4233.33810806274
-3.4e+38 -3.4e+38 -3.4e+38 -3.4e+38 -3.4e+38 -3.4e+38 5641.20829458085 5896.81845092773 6119.33837890625 6167.35507965088 6252.10720825195 6328.42027282715 6465.3473815918 6447.00624084473 7419.80876922607 7814.53507995605 9173.25812530518 10495.7885894775 10493.8497695923 10379.3248138428 5860.85409545898 4685.6308555603 4240.4013633728 3891.53089141846 3727.43349456787 3007.38291168213 2606.64178085327 2784.70792007446 2636.26377487183 2398.91590499878 2451.85985565186 2544.73623657227 2459.49736785889 2362.55039215088 2291.01786422729 2217.27246856689 1918.43399047852 1914.30733108521 2004.84482192993 2339.86240959167 2859.61854934692 3276.07362365723 4746.21580123901 6437.1880645752 6504.9326171875 5719.57683944702
-3.4e+38 -3.4e+38 -3.4e+38 -3.4e+38 -3.4e+38 -3.4e+38 5411.45914335029 5680.35108947754 6053.60292816162 6145.00927734375 5950.38451385498 5748.78224182129 5944.99238586426 6353.6702041626 7859.38019561768 7411.80216217041 8541.94314575195 8195.18990325928 7738.8837890625 9302.4817199707 7496.52521514893 5503.63007354736 3998.49415206909 3665.66572952271 3372.07402420044 2720.87872314453 2747.14424514771 2434.77383422852 2351.49248504639 2338.68545150757 2375.03720855713 2453.17235183716 2382.99533081055 2324.57939529419 2227.58358764648 2159.69141960144 2012.19999885559 1994.32724380493 2140.88123893738 2600.09140777588 3019.87382888794 3305.25381088257 3745.67111587524 4569.51954269409 5530.58359527588 6903.92657470703
-3.4e+38 -3.4e+38 -3.4e+38 -3.4e+38 -3.4e+38 -3.4e+38 5166.12658691406 5277.8615296379 5621.61862945557 5996.14279174805 5932.2255859375 5889.63444519043 5921.61535644531 6267.64356994629 6665.34148406982 6833.14911651611 7353.52463531494 6716.37957000732 8586.15773773193 9134.62963867188 8095.34650421143 6842.19284820557 4168.71445083618 2858.64063262939 2803.97001647949 2463.42402267456 2497.22314453125 2420.10147476196 2357.99014663696 2302.30156707764 2284.27460098267 2294.17216110229 2286.32529067993 2239.11386108398 2107.6884803772 2048.44462203979 2124.30770111084 2317.6567363739 2260.41465568542 2501.09718704224 2889.55780792236 3373.28652954102 4044.28954315186 4601.24891662598 6898.28408813477 6644.64529418945
-3.4e+38 -3.4e+38 -3.4e+38 -3.4e+38 -3.4e+38 -3.4e+38 -3.4e+38 5065.8982421875 4894.82395172119 5093.46026611328 5530.48905944824 5742.16115570068 5643.43008422852 5520.59601593018 5822.85868835449 6521.08184051514 6815.03564453125 5830.45839691162 5796.24240875244 5212.08201599121 5009.38233184814 4667.96827316284 3592.12177276611 2721.46036911011 2169.34794425964 2000.31953239441 2220.23876571655 2312.83642959595 2305.41504669189 2283.52344894409 2261.27509689331 2196.97480392456 2156.9692363739 2153.33953094482 2235.18956375122 2107.92559814453 2089.22334289551 2327.1596698761 2323.58044433594 2672.31132507324 2830.18953704834 3118.18124389648 3576.47901535034 5151.70439910889 7232.97594451904 6193.29026794434
-3.4e+38 -3.4e+38 -3.4e+38 -3.4e+38 -3.4e+38 -3.4e+38 -3.4e+38 4661.1689453125 4340.60021306818 4380.68752288818 4980.67244720459 5295.76969909668 5049.65802001953 5315.96915435791 5450.2356338501 5226.89826202393 5114.08798217773 5041.43975067139 4781.80026245117 4422.87586212158 4090.26085281372 3772.87071990967 3417.34013366699 2806.33173751831 2255.12939071655 2206.19374275208 2408.13038253784 2336.64589691162 2296.54267501831 2270.38360214233 2237.97539138794 2149.18935394287 2077.66464805603 2192.6437625885 2398.04845046997 2406.47012710571 2398.62031555176 2202.68994522095 2223.04824066162 2790.35186386108 3072.96005249023 3329.84102249146 3712.69727325439 5044.21992874146 6005.17890930176 5952.30662536621
-3.4e+38 -3.4e+38 -3.4e+38 -3.4e+38 -3.4e+38 -3.4e+38 -3.4e+38 -3.4e+38 4351.01816998106 4494.90801239014 4751.19630432129 4725.39440917969 4941.33876037598 5044.19345855713 4723.01552581787 4338.04872131348 4512.95793533325 4403.07431411743 4264.55140686035 3889.62128829956 3462.79871749878 3476.85810470581 3746.16201782227 3491.43018722534 2735.29013442993 2335.20645523071 2316.11553192139 2287.82655715942 2258.10470199585 2241.23094940186 2197.38397979736 2101.46991920471 2094.25018882751 2266.99913787842 2430.76123809814 2561.1562538147 2569.32783508301 2592.55009841919 2534.72724151611 2861.71347045898 3252.30781555176 3681.94813919067 4339.08125305176 5056.59014892578 5171.62411499023 4806.76689910889
-3.4e+38 -3.4e+38 -3.4e+38 -3.4e+38 -3.4e+38 -3.4e+38 -3.4e+38 -3.4e+38 4314.64395141602 4334.99871826172 4324.81053924561 4112.54423522949 4375.94178771973 4295.80401229858 4375.73250961304 4205.38360214233 4277.0373916626 4177.2060546875 4241.63125991821 3719.92704772949 3453.14744186401 3388.9199180603 3454.6533164978 3502.37959671021 3307.02732467651 2438.18417358398 2276.66875839233 2222.15565490723 2235.29803848267 2231.30264282227 2137.72030639648 2095.64765357971 2234.83232116699 2257.51561737061 2368.67803192139 2473.77519226074 2565.95965576172 2710.84588623047 2879.77938842773 2835.13055419922 3606.2213973999 3807.09666442871 4456.96756362915 5234.00106811523 5656.68573760986 5239.6946182251
-3.4e+38 -3.4e+38 -3.4e+38 -3.4e+38 -3.4e+38 -3.4e+38 -3.4e+38 -3.4e+38 3960.23000488281 3881.71454238892 3775.7226600647 3694.88261795044 3706.43907928467 3651.90887069702 3932.34728622437 3918.73787307739 4155.93885803223 4088.00813293457 4149.05320358276 3569.14805984497 2963.21834564209 2801.28056716919 3109.74921798706 3710.38329315186 3913.03428268433 3110.73427963257 2535.92022705078 2067.83095932007 1992.6958026886 2029.59922218323 2083.56797409058 2149.86857223511 2229.73007583618 2289.59921264648 2378.70487594604 2458.40263748169 2558.97949981689 2714.77352523804 2820.25564956665 3168.17431640625 3913.49718475342 3963.95557785034 4895.60430526733 5843.78787994385 5774.41670227051 5726.63887023926
-3.4e+38 -3.4e+38 -3.4e+38 -3.4e+38 -3.4e+38 -3.4e+38 -3.4e+38 -3.4e+38 3723.02362738715 3619.54889900454 3582.46971511841 3540.64638137817 3461.93437576294 3614.73505783081 3975.53884506226 3971.05626678467 4128.02686309814 4100.90087509155 4090.29707717896 3754.11005401611 3560.92928314209 3109.73165893555 2721.62371826172 3455.75281906128 3139.06024932861 2443.9101600647 2138.69355010986 2018.90859603882 1961.54363822937 1987.16307830811 2117.29560852051 2256.90556335449 2338.9176902771 2313.98516082764 2342.69423675537 2421.69003677368 2502.23506546021 2582.4528465271 2727.8750038147 3567.39823913574 4269.03556060791 4048.9853515625 5183.36472702026 5872.55264282227 6223.00562286377 5912.6647567749
-3.4e+38 -3.4e+38 -3.4e+38 -3.4e+38 -3.4e+38 -3.4e+38 -3.4e+38 -3.4e+38 -3.4e+38 3463.45624389648 3480.89726638794 3559.06777954102 3699.84552764893 3817.48857116699 3959.71825027466 4005.1289100647 4198.33524703979 4038.54442214966 3652.88732910156 3395.03007507324 3535.61902618408 2854.59365463257 2264.17588043213 2236.99520111084 2395.79483413696 2235.52431488037 2075.38593673706 2068.68310165405 2067.15546417236 2154.60585212708 2296.75079345703 2315.12013244629 2275.70645523071 2325.27208328247 2373.38906478882 2408.44169616699 2415.32538604736 2429.42461395264 2660.21064758301 3485.83298873901 4696.88584136963 5341.79979324341 5750.758644104 5912.92294311523 6070.80807495117 4790.98105239868
-3.4e+38 -3.4e+38 -3.4e+38 -3.4e+38 -3.4e+38 -3.4e+38 -3.4e+38 -3.4e+38 -3.4e+38 3383.537109375 3472.4706993103 3720.43115234375 3852.42244338989 3836.36952972412 3874.77158355713 3957.28408432007 3887.45343017578 3693.78311157227 3241.75 2832.94882583618 3017.19041061401 2798.29610061646 2275.16114044189 2136.81299209595 2082.85331916809 2040.2421875 1982.57695770264 2000.51865005493 2081.15019035339 2123.68458366394 2258.16660308838 2485.17540359497 2830.26210784912 2563.50673675537 2717.40663909912 2517.03426361084 2588.23553085327 2682.12754821777 2890.23788452148 4042.18641662598 4163.15888977051 5223.30955886841 5805.44822692871 5107.13907623291 4603.12072753906 4768.31326293945
-3.4e+38 -3.4e+38 -3.4e+38 -3.4e+38 -3.4e+38 -3.4e+38 -3.4e+38 -3.4e+38 -3.4e+38 3463.18127441406 3459.84788657134 3597.1586151123 3543.29384994507 3622.97180175781 3779.48036575317 4353.36264801025 3734.04471969604 3497.30878829956 3316.28819274902 3190.52585983276 3223.22187805176 3218.23583602905 2480.32227325439 2036.63750267029 1915.40498352051 1992.31094551086 2024.22090911865 1930.48652839661 1979.59023666382 2151.20568084717 2323.37050247192 2732.7571182251 3739.21345901489 3456.72305679321 3189.04502487183 3712.75616455078 3677.65821456909 4088.36064529419 4237.65233230591 3495.28261184692 3986.78095626831 4444.1936416626 4178.92617034912 4171.05195999146 3950.28506851196 4406.44452285767
-3.4e+38 -3.4e+38 -3.4e+38 -3.4e+38 -3.4e+38 -3.4e+38 -3.4e+38 -3.4e+38 -3.4e+38 -3.4e+38 3482.14998372396 3413.55519647113 3424.7880821228 3608.15673065186 3632.29903030396 3688.2314453125 3538.85674667358 3488.53105545044 3382.53897094727 3328.12372589111 3512.13555145264 3073.01377487183 2422.90909957886 1987.28466796875 1906.03750610352 1961.59111022949 2150.76113510132 2190.83790588379 2177.64960861206 2332.57968521118 2459.8749961853 3004.28058624268 3752.92098999023 3999.04043197632 4311.72960281372 3926.20791244507 3787.55850982666 4132.1569442749 4267.94590759277 4185.40732192993 4879.20704269409 5294.59149169922 4814.15125656128 4354.70343017578 4337.98056030273 4131.73351287842
-3.4e+38 -3.4e+38 -3.4e+38 -3.4e+38 -3.4e+38 -3.4e+38 -3.4e+38 -3.4e+38 -3.4e+38 -3.4e+38 3363.64196196057 3377.97012329102 3387.42294311523 3555.52820968628 3781.54460525513 3965.77070999146 3998.57502365112 3753.60518264771 3660.69101715088 3595.70041656494 3928.32657623291 3113.3391418457 2154.97060775757 2006.20586585999 1974.9604434967 1920.30574989319 2099.3286190033 2118.16728210449 2081.22998809814 2094.62773704529 2382.81289672852 2706.37725067139 2960.41209411621 3042.11533737183 3034.02419662476 3492.77197647095 3105.64678955078 3178.08193588257 3007.14393234253 3447.01951217651 4309.5449180603 3808.4875793457 3753.75692749023 3637.55156326294 4175.44922637939 3807.97118759155
-3.4e+38 -3.4e+38 -3.4e+38 -3.4e+38 -3.4e+38 -3.4e+38 -3.4e+38 -3.4e+38 -3.4e+38 -3.4e+38 3365.92999267578 3363.78006744385 3420.14131164551 3545.33263015747 3899.01465606689 4662.12422180176 5538.24004364014 4389.59239959717 4375.01846694946 4177.86505126953 4155.67422866821 3735.01529693604 2685.90216064453 2627.7629737854 2365.16688728333 1947.11054420471 2141.29218101501 2250.30685043335 2033.34070968628 1995.6062374115 2103.82432174683 2378.73984718323 2576.84247589111 2852.10126495361 2845.10860061646 3121.39777755737 3056.97793197632 3037.10801696777 2999.70499038696 3095.04258728027 3221.33739852905 3006.81533432007 2895.15898895264 2800.09237670898 3037.23905944824 2791.77325439453
-3.4e+38 -3.4e+38 -3.4e+38 -3.4e+38 -3.4e+38 -3.4e+38 -3.4e+38 -3.4e+38 -3.4e+38 -3.4e+38 3403.21186523438 3502.75793457031 3643.17675018311 3754.67401885986 4204.45743942261 5184.00585174561 5293.80312347412 4816.65886688232 5244.02538299561 5458.08097076416 4983.74422454834 4703.2780418396 3462.02764129639 3619.17782211304 3626.53535079956 2534.63905715942 2068.15575408936 2010.23377227783 1905.51649665833 1753.31582069397 1882.16337776184 2132.78009605408 2691.85594558716 3373.93625640869 3673.25761413574 3721.50057601929 4016.23386764526 3443.86024856567 3146.28467178345 3334.53398132324 3263.72197723389 3187.90703201294 3035.498046875 2910.68898010254 2904.31914520264 2788.78799057007
-3.4e+38 -3.4e+38 -3.4e+38 -3.4e+38 -3.4e+38 -3.4e+38 -3.4e+38 -3.4e+38 -3.4e+38 -3.4e+38 3467.6339050293 3745.05733108521 3808.92782974243 4497.97355651855 4233.79328536987 5481.49325942993 4748.51573944092 4666.29814910889 4708.80906677246 4972.82929992676 4988.28343200684 4913.2004699707 4388.69951629639 3764.34287261963 3509.73643112183 2667.35380554199 2070.85352325439 2120.82599067688 1745.31171417236 2054.70156478882 2215.00859451294 2364.02772140503 2871.59139251709 3521.36377334595 4040.32234954834 4195.32665252686 4430.53131866455 3882.09161376953 3571.48427963257 3868.67199325562 3899.84577560425 3604.14200210571 3126.05623626709 3239.30937957764 2962.42451095581 2810.63583374023
-3.4e+38 -3.4e+38 -3.4e+38 -3.4e+38 -3.4e+38 -3.4e+38 -3.4e+38 -3.4e+38 -3.4e+38 -3.4e+38 2842.9044662787 3290.58554840088 3627.19727325439 4445.67910766602 5097.16609191895 4494.82931137085 4315.36267089844 4336.23030090332 4592.79697418213 4561.95058822632 4047.78310394287 3776.45753097534 3677.56455230713 3254.02186965942 3617.58652114868 3362.79071044922 3005.70469284058 2354.24892234802 2019.53057098389 2499.54734802246 2551.23476409912 2661.42489624023 3090.77783584595 4658.42442703247 4219.60301589966 4546.73554611206 4412.29601287842 4066.18935012817 4065.21691131592 4309.87138748169 4104.81727981567 3694.23574447632 2812.78409194946 3124.36483383179 2913.38935470581 2969.00685501099
