Cases/SDM_Urocitellus_beldingi/westernUsClimate_modern/BIO14.asc
NCOLS 316 
NROWS 299 
XLLCORNER -124.820833001 
YLLCORNER 29.1625003333339 
CELLSIZE 0.0666666666645545 
NODATA_value -3.4e+38 
[rows 84 to 104 of 299, columns 230 to 275 of 316]
441.7431640625 488.860153198242 589.701953887939 551.211617469788 642.998340606689 640.302635192871 605.649022102356 664.567378997803 700.538962364197 650.465138435364 650.013477325439 602.391407966614 581.135740280151 585.285938262939 610.296091079712 659.213576316833 732.853029251099 884.820702552795 928.569631576538 848.245018959045 908.461524963379 1030.58241844177 1244.24775981903 1128.06709098816 1018.20928001404 964.978515625 913.889260292053 1125.2748003006 1212.08818435669 1513.23027038574 1861.15224456787 2111.05780410767 2402.3249130249 2495.67186737061 2232.56562805176 2307.59354400635 1951.26142311096 1173.27578258514 868.178812026978 862.758692741394 853.792387008667 775.42148399353 650.706253051758 520.359082221985 569.780177116394 669.470411300659
981.374512672424 525.732813358307 462.527536869049 425.423143863678 472.357716083527 482.236915111542 524.044529914856 541.556935310364 596.016603469849 559.16357421875 576.005565643311 555.30527305603 554.592770576477 564.44296836853 568.483595848083 555.322555541992 573.300388813019 616.058595657349 701.989156723022 714.033492088318 743.591407775879 755.553027153015 702.876273155212 623.050780773163 684.372457504272 648.333102226257 462.241797447205 488.538966178894 551.488280296326 765.184279441833 1471.64169883728 1753.37929534912 2172.23857498169 2439.36465072632 2191.42226791382 1797.29316520691 1119.79961395264 883.56640625 869.778809547424 864.587301254272 829.212013244629 754.590628623962 652.395215034485 543.410547733307 553.355568408966 651.527737617493
2358.90488433838 1438.70409870148 748.893358707428 431.216603279114 440.899413585663 481.21484041214 504.599607467651 509.004005432129 515.249610900879 538.571969509125 553.555471420288 555.303219795227 556.913867950439 561.870504379272 504.450585842133 507.544044494629 500.555563926697 493.725197792053 500.284471988678 508.519045352936 542.221972942352 576.798439979553 602.250489234924 586.074996948242 567.609960079193 456.724805355072 387.452049732208 389.923535346985 415.973242759705 523.155274391174 708.787989616394 1308.55536556244 2008.64999580383 1934.03867912292 1638.978515625 1117.2939453125 903.348630905151 865.103125572205 800.065919876099 786.248830795288 729.330369949341 731.976268768311 726.674609184265 715.243264198303 728.0400390625 823.314353942871
3451.13946151733 2857.01074028015 1533.91553401947 583.170897960663 466.841795921326 460.509959697723 448.734080314636 437.919432163239 443.129686832428 510.648727893829 556.19179725647 529.679980754852 479.755955219269 491.837795257568 480.984276771545 480.885253429413 483.427638053894 449.190722465515 465.381640911102 396.858688831329 361.850584983826 385.334962844849 402.044628620148 417.917284488678 407.031736850739 402.305465698242 401.352443218231 394.452831268311 412.051367759705 480.725098609924 559.918458938599 726.30869102478 825.409276008606 785.219527721405 955.056449890137 893.316891670227 832.967476844788 785.875975608826 739.829295158386 767.72548866272 773.083689689636 799.962888717651 824.715627670288 863.525777816772 897.770998954773 946.884666442871
3765.92803955078 3564.90165710449 3011.77558135986 1439.67391872406 679.52089881897 505.724608421326 490.484770774841 455.419432163239 451.888477802277 529.484081745148 557.684862136841 498.692677497864 483.175879478455 475.380760669708 478.774024486542 484.191991329193 461.438768386841 409.239552497864 429.240818977356 421.022459030151 383.98984336853 387.481640338898 411.790916919708 408.851562023163 397.590721130371 401.006052970886 406.274218559265 401.70166349411 416.86728477478 472.045212745667 512.450095653534 519.419431209564 506.567088603973 516.28798866272 558.472556591034 677.824220657349 780.288962364197 806.339942932129 849.991209983826 836.120308876038 864.878714561462 905.87509727478 931.713576316833 982.768750190735 998.775680541992 1006.10888385773
3683.40946578979 3485.51981735229 2801.4504776001 2588.22733879089 1832.50400447845 956.031149864197 573.757718086243 541.011521339417 575.469923019409 558.659271240234 564.633202552795 529.312403678894 530.534471035004 547.430468082428 539.662789821625 542.38144493103 462.985155582428 404.676661014557 432.656152248383 423.119920730591 425.485741138458 432.072265148163 474.840920448303 474.254101753235 459.670410633087 427.400099277496 433.063965797424 457.175585746765 481.758494853973 512.993263244629 553.200000286102 593.759278297424 594.134666442871 600.805370330811 606.997653007507 696.034271240234 806.192188262939 872.14608669281 880.802444458008 960.3204164505 979.471096038818 995.705757141113 1056.18310928345 1086.2846698761 1110.28036499023 1115.4228477478
3622.58389282227 3507.03351974487 3748.27586364746 3739.13488006592 3121.44296646118 1646.47001075745 1139.37187480927 732.335256576538 664.268654823303 639.630476951599 637.238181114197 614.094337463379 566.491019248962 565.034084320068 565.834671020508 629.707127571106 620.499708175659 547.481052875519 498.59931230545 514.734961509705 494.28564119339 483.114255905151 478.374901294708 472.470409870148 472.73291015625 481.212597846985 483.595506668091 498.988671779633 552.147166728973 614.670313835144 638.896096229553 671.383305549622 834.006834983826 830.777829170227 812.474609375 839.31582069397 877.010449409485 884.773732185364 898.995017051697 939.656642913818 997.789842605591 1089.19688224792 1125.740234375 1161.85068511963 1193.00322151184 1210.73837471008
3659.84299468994 3968.33153152466 3968.07187271118 3660.92908096313 2976.5216960907 2377.6020526886 1507.43906784058 819.899315834045 705.771382331848 664.831151008606 675.094532012939 643.418946266174 642.074607849121 646.78867149353 649.295601844788 651.609865188599 659.322270393372 626.306349754333 564.887497901917 562.748634338379 547.686325550079 512.716701507568 502.903225421906 485.482714653015 465.966894626617 495.349412918091 535.911325454712 576.237303733826 647.069434165955 709.170606613159 778.190818786621 928.928612709045 969.595212936401 960.130958557129 934.185447692871 895.142292022705 886.040041923523 892.890037536621 916.277925491333 976.143064498901 1010.63105297089 1113.08613014221 1182.27451515198 1208.02402687073 1218.6884803772 1248.6186504364
3653.36650848389 3625.64590454102 3880.72880935669 4136.11240386963 3695.32607269287 3042.20469665527 2778.72529602051 1725.82832336426 900.023633003235 803.705661773682 802.900588035583 830.438866615295 766.852251052856 705.516506195068 679.861227035522 672.706250190735 635.579590797424 571.459278106689 554.267771720886 553.0625 557.061131477356 557.33486366272 552.641793251038 547.336033821106 565.670117378235 577.893748283386 559.909274101257 611.145313262939 681.054103851318 789.779105186462 887.114941596985 1025.51542282104 1033.55331611633 1006.86581611633 987.484180450439 973.351268768311 961.401171684265 950.655178070068 972.883403778076 971.396383285522 1058.90917778015 1156.5165977478 1224.33115577698 1261.73095321655 1292.46484947205 1300.25468826294
3438.92060089111 3496.22109985352 3664.10097122192 3877.82247161865 3816.13047027588 3842.42599105835 3362.43407440186 2770.67765045166 1703.49140739441 1060.08525657654 1092.7329158783 1092.45117282867 1004.20653915405 904.705860137939 911.39169883728 839.267776489258 716.200097084045 547.154783248901 548.024415016174 547.286033630371 548.183592796326 549.660356521606 546.520994186401 602.588283538818 643.797556877136 639.032423973083 614.145700454712 654.196679115295 723.676466941833 821.857616424561 971.539546966553 1169.70156955719 1062.42011260986 1026.11151981354 1021.77880001068 1010.39424324036 998.017282485962 983.230464935303 989.087990760803 1022.61553382874 1101.70351219177 1162.90390968323 1228.89882850647 1290.49492454529 1297.99374771118 1299.28993606567
3289.19950866699 3417.93535232544 3471.09920501709 3576.53604507446 3992.05225372314 3832.62813949585 3456.98926544189 3455.32665252686 2840.95127296448 1825.96640014648 1176.40135955811 1209.82978439331 1121.00459480286 1045.81503677368 1029.38642024994 995.141017913818 808.828125 555.695604801178 544.465237617493 547.688083648682 633.074614524841 685.876954078674 655.536331176758 708.900392532349 754.975583076477 746.394046783447 681.909279823303 759.541411399841 814.199511528015 941.749802589417 1244.62343788147 1254.90986537933 1227.54805374146 1079.18164253235 996.271874427795 996.269144058228 965.820603370667 961.037496566772 956.23593711853 992.098051071167 1038.08574295044 1104.19745445251 1191.80634689331 1217.71133232117 1280.44053077698 1358.41572570801
3009.79873847961 3214.81142425537 3239.9199180603 3430.50400924683 3703.87216567993 4033.46337509155 3744.21242523193 3464.61162567139 3176.89696121216 2627.00556755066 1841.88183021545 1191.95400333405 976.797566413879 970.178514480591 1036.65595626831 971.427732467651 850.156157493591 587.43955039978 544.780371665955 587.271580696106 716.762890815735 845.933106422424 903.428912162781 1007.458984375 1032.131939888 894.606735229492 781.132617950439 854.975002288818 968.591303825378 982.510829925537 913.333205223083 822.628902435303 813.61855506897 809.622657775879 800.890137672424 904.918946266174 985.969431877136 1005.64941596985 979.172659873962 1018.71581935883 1031.90995788574 1040.87861251831 1118.78935813904 1203.75078010559 1368.16513633728 1993.03544616699
2119.05391311646 2839.45848655701 3063.86405563354 3167.63593292236 3655.33074951172 3907.98662185669 3764.76200866699 3933.20097351074 3557.15254592896 3148.52820968628 2548.38496017456 1720.77265357971 852.093555450439 830.93710899353 927.324217796326 956.550490379333 894.048241615295 700.298733711243 603.536332130432 651.804197311401 728.965432167053 800.958592414856 1072.15898323059 1209.90605449677 1134.51786613464 936.148245811462 870.230669021606 768.049024581909 721.139748573303 598.076661109924 546.865817070007 554.294532299042 499.90419960022 442.066210269928 459.307814598083 530.591212272644 615.048242092133 684.246379852295 832.249803543091 947.895701408386 1017.2168006897 980.90878868103 1051.50761890411 1191.61377334595 1219.12402153015 1273.71104240417
1318.93642997742 1839.31347084045 2821.44639205933 2924.79638671875 3027.68769454956 3261.64590454102 3239.71611785889 3466.77801513672 3441.65417098999 2994.19062423706 2621.13681411743 2242.92177772522 1664.68818473816 1229.99364852905 1056.71133041382 1090.31865787506 952.571195602417 916.778712272644 957.044051170349 813.165040969849 823.442578315735 928.880080223083 950.575296401978 1092.82363033295 1045.21269989014 1001.92919635773 963.975387573242 865.341607093811 642.390626907349 554.177245140076 519.844821453094 517.120115756989 461.437697887421 405.529393196106 405.94423866272 420.259083271027 472.991796016693 592.888281822205 758.516602516174 835.510740280151 862.898145675659 862.042775154114 999.895020484924 1128.23603057861 1133.64511680603 1168.98163414001
1112.61338424683 1314.8852558136 1939.46151924133 2610.01385498047 2721.80820083618 2666.87195587158 2615.47082138062 2809.68341445923 3087.88631820679 2895.99073791504 2370.41153526306 2066.07539176941 2140.44891738892 1838.50800895691 1535.00088500977 1357.61231231689 1239.96112632751 1240.36328315735 1057.07597637177 1020.1387758255 1023.99003887177 1019.33544158936 958.54931640625 962.603413581848 994.496192932129 953.195117950439 948.034867286682 927.37460899353 860.260646820068 693.028226852417 583.581251144409 550.92821931839 517.092285633087 472.451268672943 466.388378620148 493.125194549561 611.46347618103 727.185160636902 762.478030204773 826.870606422424 809.335839271545 803.345408439636 971.821482658386 1073.28155136108 1228.95096969604 1400.07373046875
1023.60293388367 1053.85234546661 1276.44268417358 1629.99580001831 2101.44717979431 2329.37783622742 2280.18779373169 2296.66473770142 2373.56083679199 2286.03134536743 2231.55303955078 2067.54218101501 1976.62167930603 1993.07285118103 1846.39413833618 1724.10224533081 1588.88857460022 1347.82822036743 1171.06914329529 1202.3724603653 1064.27344036102 1026.17734146118 1011.63320159912 1006.43368625641 972.527730941772 976.404979705811 978.242087364197 949.079684257507 939.529200553894 918.973438262939 851.748828887939 766.36094379425 702.338084220886 697.178419113159 748.762600898743 879.528608322144 898.437989234924 846.324122428894 780.089548110962 799.139058113098 900.497653007507 1201.4413061142 1609.19295692444 1662.48700141907 1698.12675666809 1510.74892997742
1003.13828372955 1113.85009860992 1313.6689414978 1283.70498657227 1448.82304573059 1731.93808555603 1913.45468330383 1982.21738433838 2089.87998008728 2043.28572654724 2059.30342292786 1976.59540557861 1931.05721855164 1897.02587890625 1875.48408126831 1729.0532207489 1730.32988929749 1603.72832298279 1255.75214576721 1296.66474533081 1312.89638900757 1334.92167282104 1606.28134727478 1567.92782592773 1054.74492359161 1460.95664024353 1468.74921798706 1327.87364006042 1119.89178657532 1016.04960632324 943.991502761841 924.934766769409 926.199028015137 911.512303352356 956.555568695068 970.289452552795 931.723242759705 882.789840698242 829.048923492432 949.911823272705 1180.29687213898 1425.42079162598 1912.28456687927 2421.64484024048 2428.21405792236 1948.74442863464
826.274216651917 891.716698646545 980.52675819397 1090.77881717682 1262.23983955383 1416.4235458374 1653.7231464386 1714.21835136414 1884.03984069824 2093.49393844604 2032.7651309967 1978.55887413025 1970.14325523376 1918.07041358948 1900.07353973389 1848.9926776886 1737.19706726074 1547.30898094177 1324.48622894287 1366.33662033081 1268.41748428345 1228.28457260132 1284.24541091919 1261.07783603668 1083.68485736847 1656.2749042511 2362.32294464111 2075.52638435364 1554.72295379639 1116.96485042572 1015.46474456787 1278.06924057007 1333.24228096008 1268.83749961853 1266.02734279633 1130.6758852005 959.800779342651 937.837890625 988.504096984863 1701.16836929321 1737.15497398376 1626.99726676941 1903.47520446777 2153.65313720703 2436.37596893311 2380.7599697113
706.533397674561 704.052446365356 815.062889099121 932.117484092712 1048.27285194397 1117.7709941864 1186.94980430603 1272.9887752533 1698.90450668335 2080.03183174133 2018.06221008301 1976.65713310242 1913.28476715088 1864.61639785767 1722.41738891602 1595.80440139771 1515.55801582336 1340.92324066162 1339.23534393311 1293.80273628235 1172.45361804962 1085.26543045044 1098.35225105286 1190.37891769409 1278.57793045044 1266.06669616699 1363.36260414124 1450.63906478882 1158.46835803986 1095.08965301514 1028.80927467346 1486.36515045166 2210.5442276001 2645.71221542358 2110.97958946228 1362.99385452271 1184.0210018158 1139.58349514008 1111.84315872192 1244.6284160614 1357.99794387817 1648.10321617126 2221.46904563904 2541.69150161743 2145.93621444702 1863.70019340515
667.887017250061 661.415815353394 702.213866233826 816.817771911621 878.682422637939 928.743754386902 1084.75205421448 1255.10801315308 1770.66640090942 1970.69511413574 1882.43290328979 1871.04648208618 1750.21864128113 1621.90957260132 1370.80575942993 1315.2475605011 1286.80702781677 1245.38632774353 1152.85693740845 1038.11533737183 989.954102516174 985.342380523682 1044.38662815094 1100.61982345581 1196.3906288147 1180.66025161743 1164.07011413574 1353.59092712402 1196.59628868103 1077.44003772736 1033.70790958405 1120.18574237823 1242.15390396118 1312.24443626404 1416.87178230286 1429.78183364868 1787.5822353363 1763.00566101074 1464.46074104309 1331.58251190186 1516.08632659912 2397.89140701294 2804.70790481567 3218.67597579956 2313.31250953674 1673.40645027161
674.880862236023 670.744042396545 650.387112617493 733.279100418091 828.043357849121 1011.01356601715 1117.71797180176 1239.38681221008 1803.64882850647 1965.76142120361 1854.98769187927 1543.81377029419 1452.05791854858 1364.02918815613 1262.15596199036 1142.62402629852 971.860350608826 940.662888526917 924.416504859924 912.030570030212 889.480370521545 866.118259429932 948.8984375 1011.1957988739 1083.0098657608 1156.57245826721 1168.10888290405 1241.91602516174 1207.73876571655 1140.71005821228 1020.28798770905 1043.51278877258 1132.86161422729 1191.34052848816 1289.31885528564 1505.70947647095 1661.21084976196 1673.09971427917 1519.96405792236 1457.30938339233 1864.20556640625 2236.61455917358 3042.3691368103 2887.46982765198 2753.70106887817 1980.62870597839
