Cases/SDM_Urocitellus_beldingi/westernUsClimate_modern/BIO15.asc
NCOLS 316 
NROWS 299 
XLLCORNER -124.820833001 
YLLCORNER 29.1625003333339 
CELLSIZE 0.0666666666645545 
NODATA_value -3.4e+38 
[rows 84 to 111 of 299, columns 189 to 251 of 316]
24.390625 24.84375 25.171875 25.5625 24.03125 21.8125 21.546875 21.5 20.859375 20.9375 21.59375 21.3125 22.09375 23.25 24.359375 32.96875 33.015625 36.390625 40.0625 36.09375 19.046875 18.171875 24.21875 36.921875 42.3125 41.015625 38.640625 33.734375 23.0625 13.234375 12.046875 13.484375 16.296875 16.34375 16.484375 17.375 20.390625 22.109375 25.703125 37.875 54.640625 60.609375 59.5 56.40625 56.609375 55.0625 56.171875 56.484375 55.234375 55.0625 56.71875 56.734375 57.28125 58.46875 58.78125 58.0625 56.8125 54.203125 53.796875 50.546875 52.734375 51.875 49.953125
24.359375 24.703125 24.765625 24.15625 22 20.734375 20.328125 20.984375 20.609375 20.78125 20.921875 20.203125 20.84375 22.875 21.53125 27.109375 34.875 35.328125 37.34375 36.953125 24.609375 19.265625 22.953125 38.34375 45.4375 48.109375 46.0625 48.734375 34.390625 16.34375 13.578125 15.96875 13.875 16.734375 17.234375 17.375 18.921875 20.953125 23.546875 27 34.390625 53.078125 60.265625 61 62.171875 60.546875 59.515625 58.59375 56.953125 56.984375 58.5625 58.484375 58.609375 59.28125 59.109375 59.984375 60.9375 59.6875 58.3125 55.90625 55.546875 54.703125 54.359375
24.390625 24.1875 23.34375 21.5 21.40625 21.5625 20.6875 21.390625 21.0625 21 20.765625 20.5 22.0625 22.296875 20.640625 19.578125 24.4375 27.875 31.203125 36.84375 29.09375 22.734375 18.703125 29.25 42.734375 39.453125 41.046875 44.671875 39.09375 26.484375 16.109375 15.40625 17 19.890625 17.71875 17.03125 19.015625 21.484375 24.921875 27.859375 30.8125 37.9375 46.5 54.34375 62.1875 62.65625 61.734375 60.328125 60.21875 59.390625 59.265625 59.234375 59.140625 59.109375 59.921875 62.1875 63.109375 63.15625 63.75 63.125 61.890625 60.140625 59.203125
24.703125 23.140625 22.234375 21.453125 23.640625 26.3125 24.9375 28.28125 25.421875 21.515625 21.234375 21.25 21.90625 22.09375 20.546875 20.0625 20.4375 23.546875 25.171875 30.3125 26.78125 17.578125 21.765625 18.890625 31.21875 30.265625 30.59375 30.640625 28.921875 25.71875 22.609375 21.109375 23.484375 24.546875 20.046875 18.5625 18.828125 22.015625 27.296875 29.609375 30.890625 32.078125 34.90625 46 59.5 62.828125 63.234375 63.109375 63.359375 63.203125 60.4375 58.3125 60.1875 61.921875 61.84375 61.765625 63.21875 64.296875 65.234375 64.453125 65.796875 65.71875 65.8125
23.40625 21.15625 21.953125 21.046875 23.09375 29.25 29.578125 36.015625 35.359375 23.765625 20.859375 21.0625 22.125 24.578125 22.625 22.265625 24.8125 26.609375 26.890625 23.984375 21.203125 18.703125 23.984375 20.375 31.34375 25.765625 24.890625 23.953125 24.734375 24.15625 26.296875 26.859375 21.4375 18.171875 21.5625 22.40625 21.765625 22.171875 26.84375 29.0625 30.21875 30.609375 32 35.9375 47.125 56.15625 59.078125 59.84375 61.796875 62.6875 59.9375 57.953125 60.359375 62.1875 62.671875 62.40625 63.203125 65.40625 67.84375 66.40625 65.71875 66.4375 66.125
21.328125 21.8125 25.859375 21.859375 20.703125 22.1875 27.515625 28.859375 27.90625 24.28125 22.171875 21.984375 24.875 28.21875 23.09375 23.125 25.59375 24.65625 23.921875 22.234375 20.203125 20.1875 21.359375 31.359375 30.765625 24.390625 23.015625 21.03125 21.921875 22.15625 24.375 22.0625 16.9375 18.078125 20.875 22.90625 23.296875 24.15625 25.859375 27.484375 30.171875 31.65625 33.625 38.265625 40.765625 44.828125 51.5625 57.203125 59.03125 59.09375 59.4375 58.953125 59.5625 60.0625 59.734375 60.5625 61.5 65.609375 68.34375 66.421875 66.390625 66.0625 65.9375
27.71875 26.75 26.921875 21.234375 20.21875 21.546875 22.65625 24.09375 22.875 23.796875 24.953125 22.40625 25.390625 33.734375 32.265625 22.765625 19.421875 17.890625 18.5625 23.5625 19.390625 21.828125 20.296875 31.71875 29.53125 24.8125 17.25 15.9375 16.296875 18.828125 17.734375 16.859375 16.796875 17.375 18 19.625 21.671875 23.171875 24.9375 25.5 29.9375 34.21875 36.09375 36.390625 36.75 38.8125 45.984375 50.1875 55.40625 57.59375 58.578125 58.09375 57.953125 59.3125 60.453125 60.171875 58.78125 59.953125 62.625 64.265625 63.75 63.234375 65.15625
32.671875 33.90625 28.71875 20.34375 21.796875 21.09375 21.59375 22.484375 22.265625 22.890625 21.484375 22.203125 22.65625 28.328125 30.765625 24.359375 18.671875 15.53125 16.03125 27.796875 28.5 22.484375 26.359375 33.1875 35.53125 33 25.28125 17.09375 15.546875 14.78125 16.453125 20.046875 21.671875 23.21875 19.5 18.171875 18.6875 21.609375 23.671875 25.4375 26.46875 28.078125 31.53125 35.921875 37.46875 39.84375 41.4375 47.015625 55.03125 57.984375 58.84375 57.734375 57.03125 58.078125 58.609375 59.09375 59.140625 58.96875 59.859375 62.0625 61.3125 61.765625 63.296875
37.484375 40.21875 30.90625 20.234375 23.109375 24.640625 21.609375 21.1875 21.03125 21.421875 22.40625 23.875 30.515625 31.5 32.171875 31.703125 23.703125 16.5625 14.3125 21.9375 32.296875 29.84375 21.9375 30.96875 35.09375 34 24.015625 15.296875 17.046875 18.8125 26.25 30.34375 28.265625 29.0625 26.15625 22.859375 19.140625 18.5 20.859375 23.640625 25.203125 27.515625 28.78125 32.046875 35.578125 36.921875 38.203125 39.0625 47.296875 55.03125 55.890625 55.0625 53.265625 52.921875 54.046875 55.84375 57.140625 59.0625 60.46875 60.71875 60.1875 60.015625 60.6875
33.4375 38.109375 31.9375 20.734375 19.1875 21.21875 25.21875 20.984375 20.75 20.609375 20.828125 22.109375 25.28125 25.46875 32.625 28.640625 20.84375 20.3125 15.390625 20.75 32.265625 34.140625 24.8125 31.234375 37.375 34.125 24.296875 14.8125 15.15625 18.125 25.234375 30.6875 32.265625 32.640625 30.765625 30.953125 25.703125 21.5 19.921875 19.78125 22.421875 25.296875 28.296875 31.40625 33.921875 37 38.671875 36.8125 38.484375 48.265625 51.8125 49.828125 49.046875 49.046875 50.171875 51.5625 52.84375 55.140625 60.28125 60.5625 59.296875 58.375 58.578125
29.546875 40.59375 36.5625 21.96875 17.640625 19.28125 20.09375 20.78125 20.3125 20.03125 19.28125 16.921875 17.5 22.03125 27.375 33.859375 21.71875 17.671875 16.109375 19.203125 28.125 36.75 31.359375 35.59375 39.890625 34.3125 26.546875 19.046875 13.203125 15.34375 17.78125 23.046875 29.5 33.625 25.3125 28.53125 34.3125 31.3125 29.859375 26.1875 21.875 25.625 28.21875 30.46875 33.984375 34.90625 36.046875 35.625 34.90625 38.265625 47.328125 49.734375 49.140625 47.921875 49.09375 49.765625 50.5 52.203125 57.96875 59.25 57.796875 54.875 54.234375
26.375 41.390625 37.8125 29.0625 20.96875 17.453125 19.53125 19.625 20 20.65625 24.859375 22.234375 18.265625 24.640625 34.671875 33.890625 23.28125 18.3125 16.90625 19.046875 29.734375 39.296875 34.875 36.6875 41.28125 38.5625 34.28125 24.8125 17.6875 13.1875 13.890625 18.953125 26.59375 34.0625 26.859375 26.046875 35.796875 41.9375 41.78125 38.375 26.09375 22.421875 26.015625 27 30.15625 33.53125 33.40625 33.609375 34.765625 37.296875 40.390625 47.59375 50.796875 50.234375 50.3125 49.53125 49.6875 50.59375 56.578125 58.890625 55.875 51.828125 50.53125
21.40625 29.390625 29.078125 30.125 28.984375 17.359375 20.359375 19.390625 18.546875 17.828125 21.71875 35.8125 30.65625 25.15625 32.53125 33.578125 23.453125 19.234375 17.640625 20.609375 35.90625 39.609375 36.859375 37.640625 41.875 38.46875 34.859375 24.90625 14.859375 11.359375 14.015625 20.46875 26.25 35.265625 34.140625 36.046875 42.1875 43.984375 42.625 42.234375 36.359375 23.8125 19.65625 24.0625 25.859375 30.703125 32.3125 32.546875 32.734375 33.4375 33.28125 32.890625 41.453125 52.890625 53.796875 52.390625 50.6875 50.09375 52.90625 55.390625 52.984375 51.65625 51.625
19.515625 19.21875 20.703125 23.296875 26.671875 19.765625 21.296875 20.59375 22.25 18.625 18.125 24.859375 36.28125 35.046875 37.796875 35.140625 26.171875 24.796875 28.8125 23.59375 33.8125 40.140625 39.421875 39.140625 43.796875 40.59375 36.25 25.90625 13.9375 12.109375 19.78125 29.46875 33.59375 34.375 37.953125 39.171875 39.8125 39.796875 37.59375 38.3125 40.515625 34.671875 25.75 20.640625 20.421875 23.921875 26.671875 28.28125 31.921875 29.9375 31.78125 27.578125 25.9375 36.015625 46.65625 51.25 50.6875 50.25 51 50.140625 50.65625 51.796875 51.203125
19.09375 19.5 30.46875 33 37 21.484375 21.5625 21.34375 24.671875 27.53125 24.578125 18.640625 24.28125 35.25 39.296875 30.78125 30.96875 32.71875 33.125 30.71875 33.15625 37.984375 38.75 39.4375 42.9375 40.34375 36.421875 23.078125 12.703125 12.1875 22.40625 34.25 36.40625 35.5625 34.875 36.5625 36.203125 33.96875 33.15625 33.25 36.828125 38.9375 34.078125 24.671875 20.1875 19.875 21.296875 22.09375 24.84375 27.5625 30.21875 22.71875 20.40625 23.140625 33.59375 42.234375 46.015625 48.09375 48.328125 48.015625 49.09375 50.875 51.609375
19.09375 17.3125 25 34.375 34.96875 25.5 19.609375 21.953125 20.953125 32.1875 33.875 18.984375 16.390625 23.71875 32.78125 26.484375 27.5625 26.484375 24.640625 30.53125 32.140625 35.71875 39.796875 40.5625 39.015625 41.46875 42.5625 30.359375 17.25 11.390625 18.546875 30.90625 34.578125 31.4375 33.640625 35.359375 35.953125 33.78125 31.125 32.25 35.671875 38.640625 38.984375 34.15625 26.90625 22.765625 20.859375 21.046875 21.578125 22.078125 21.40625 20.828125 20.953125 22.8125 27.75 34.15625 37.90625 41.90625 44.859375 46.96875 46.96875 49.453125 50.78125
20.46875 17.609375 17.703125 24.9375 27.171875 28.421875 18.9375 22.078125 19.25 36.859375 30.21875 19.34375 19.03125 17 20.265625 20.40625 20.828125 18.53125 21.46875 25.4375 28.796875 32.984375 36.8125 41.046875 38.1875 39.78125 43.1875 31.453125 17.3125 12.921875 19.125 31.46875 33.46875 32.390625 32.796875 34.875 35.1875 32.8125 34.859375 35.625 36.375 37.484375 35.234375 30.84375 30.125 27.03125 24.171875 22.53125 22.03125 20.90625 21.15625 21.359375 22.046875 23.21875 25.171875 27.515625 32.671875 33.640625 38.875 45.71875 44.421875 44.265625 44.15625
24.453125 27.625 21.765625 19.296875 21.53125 18.75 18.0625 19.890625 17.765625 33.828125 30.046875 19.625 21 16 17.8125 18.6875 16.9375 16.734375 26.984375 25.703125 28.421875 35.46875 37.546875 40.9375 38.0625 33.875 33.921875 23.796875 17.0625 20.640625 30.84375 34.3125 30.25 32.546875 33.59375 36.1875 37.1875 37.25 38.578125 40.5 42.5625 41.71875 39.671875 36.90625 33.625 29.640625 26.859375 23.828125 23.046875 21.5 21.328125 22.09375 22.75 23.421875 25 23.65625 24.9375 27.578125 34 42.546875 41.640625 41.78125 43.15625
27.609375 37.890625 31.5625 21.90625 19.84375 18.984375 17.96875 19.484375 17.5 31.6875 35.125 21.90625 19.890625 16.25 15.84375 18.0625 16.09375 16.96875 25.5 24.1875 25.609375 37.375 36.625 40.578125 36.40625 34.203125 29.8125 14.78125 20.03125 31.984375 37.75 34.84375 29.84375 31.484375 34.46875 37.625 38.6875 40.03125 42.03125 43.25 45.484375 44.375 44.265625 41.25 37.71875 35.046875 33.859375 31.5 29.546875 24.5 22.578125 23.578125 23.75 25.0625 26.03125 25.078125 25.953125 27.671875 30.40625 32.046875 35.75 40.296875 42.046875
27.75 32 33.328125 23.078125 22.6875 21.8125 20.40625 18.78125 19.65625 34.8125 34.65625 21.84375 17.59375 18.65625 17.46875 16.5625 16.359375 17.15625 20.953125 18.640625 20.609375 32.828125 30.4375 36.921875 31.9375 26.171875 26.453125 15.359375 21.640625 33.984375 37.453125 36.34375 33.390625 35.71875 36.265625 37.796875 40.28125 41.984375 42.984375 43.921875 45.9375 45.15625 45.25 44.078125 40.71875 38.96875 37.265625 33.703125 29.484375 24.703125 24.59375 25.359375 28.15625 30.015625 30.3125 29.015625 29.484375 30.015625 30.84375 34.578125 39.1875 42.3125 43.40625
28.734375 31.046875 32.125 23.40625 23.9375 23.703125 20.65625 19.828125 23.625 38.53125 37.515625 23.921875 18.3125 22.140625 20.140625 17.75 16.984375 17.59375 15.90625 15.5625 19.359375 28.4375 23.1875 25.953125 28.484375 18.640625 19.578125 15.84375 23.578125 34.375 37.4375 38.734375 38.171875 39 39.640625 39.625 41.28125 42.59375 42.796875 43.21875 44.6875 44.921875 45.03125 45.3125 42.6875 39.234375 35.078125 32.765625 29.40625 24.84375 24.296875 26.59375 30.9375 31.9375 31.9375 29.171875 32.984375 41.1875 41.609375 41.78125 41.5 40.671875 40.90625
27.109375 30.46875 24.359375 24.296875 24.328125 24.390625 23.390625 22.515625 37.96875 42.59375 41.578125 30.875 19.359375 21.765625 19.234375 17.671875 17.46875 19.84375 16.3125 18.25 19.71875 29.25 20.6875 21.109375 27.84375 18.296875 15.734375 17.65625 26.84375 34.03125 38.515625 42.734375 43.953125 44.421875 43.96875 43.734375 43.03125 41.953125 41.609375 42.421875 43.5625 43.15625 42.296875 42.296875 41.4375 36.484375 33.53125 33.484375 27.09375 22.96875 24.21875 28.0625 31.15625 33.0625 35.140625 31.90625 33.296875 39.34375 39.796875 39.78125 40.0625 39.296875 39.015625
25.734375 28.234375 26 26.140625 26.640625 26.359375 24.890625 26.875 42.328125 45.171875 44.828125 33.953125 21.71875 20.25 17.15625 15.890625 16.203125 15.71875 18.390625 20.734375 18.171875 25.671875 20.078125 17.328125 21.890625 15.40625 16.234375 20.78125 27.875 35.84375 41.34375 44.46875 46.140625 46.953125 44.328125 43.65625 42.984375 42.125 41.953125 41.1875 41.5 40.875 39.984375 39.4375 38.609375 37.4375 36.6875 34.015625 23.75 21.828125 26.734375 31.796875 34.625 38.546875 41.171875 38.921875 38.359375 38.546875 40.015625 39.8125 39.984375 40 39.640625
25.09375 27.8125 26.375 27.015625 28.734375 27.078125 26.1875 35.984375 47.84375 42.859375 42.375 30.234375 20.859375 20.171875 16.53125 15.640625 13.515625 15.3125 25.15625 22.34375 13.96875 18.75 16.1875 13.09375 13.515625 14.015625 17.3125 21.375 27.328125 34.984375 41.28125 44.453125 45.75 45.15625 44.0625 43.078125 41.296875 41.703125 40.4375 39.953125 40.375 39.109375 37.796875 34.390625 34.671875 37.4375 35.515625 34.484375 31.296875 31.375 33.59375 37.15625 38.59375 40.78125 41.109375 39.875 39.15625 39.5 39.828125 40.3125 40.140625 40.46875 40.84375
25.5625 25.59375 26.421875 26.375 27.484375 26.125 26.484375 37.890625 47.4375 36.328125 43.578125 31.890625 17.34375 18.71875 19.5625 15.53125 15.1875 23.515625 28.59375 20.859375 12.078125 14.96875 13.4375 12.734375 14.0625 16.90625 17.609375 20.578125 26 32.640625 38.234375 42.265625 43.703125 43.75 42.5625 41.515625 40.921875 40.5625 39.453125 38.171875 38.8125 37.71875 36.40625 32.4375 33.671875 35.390625 33.453125 32.84375 32.65625 31.25 33.0625 34.828125 36.171875 38.328125 40.375 39.765625 38.890625 39.34375 39.84375 40.1875 40.984375 41.3125 41.453125
24.71875 25.84375 26.078125 25.921875 25.828125 25.265625 26.9375 37.390625 33.671875 29.453125 37.84375 33.109375 20.515625 22.234375 24.625 17.03125 16.46875 24.65625 24.65625 20.46875 14.390625 15.578125 16.296875 15.28125 16.578125 17.734375 18.796875 23.203125 26.609375 30.34375 34.59375 38.21875 41 41.46875 40.75 39.96875 40.09375 39.578125 38.234375 37.5625 37.484375 36.828125 34.296875 32.21875 33.84375 33.03125 32.0625 32.625 32.890625 29.046875 32.90625 34.125 33.703125 32.875 35.390625 39 38.359375 39.046875 39.625 40.875 42.421875 43.3125 43.1875
24.859375 26 28.90625 26.46875 25.59375 25.140625 28.71875 36.265625 35.640625 34.375 35.703125 34.4375 32.75 30.234375 19.8125 15.265625 19.78125 21.40625 19.90625 15.59375 14.484375 13.40625 16.453125 17.9375 20.78125 19.828125 22.125 25.828125 26.546875 28.03125 32.484375 35.78125 37.859375 38.90625 38.96875 38.59375 39.09375 39.078125 38.765625 36.796875 35.5625 34.3125 31.875 30.34375 33.25 31.09375 31.4375 31.84375 31.921875 33.59375 32.28125 35.734375 37.234375 36.28125 36.875 39.859375 39.78125 40.359375 40.546875 41.890625 43.46875 44.9375 46.5
25.125 26 32.328125 33.03125 25.796875 25.1875 30.609375 35.75 30.421875 29.828125 32.71875 36.734375 37.765625 28.328125 17.046875 18.09375 19.453125 16.53125 16.5 17.3125 16.65625 14.09375 18.125 19.125 24.671875 22.859375 25.53125 28.71875 29.609375 31.34375 32.703125 33.921875 35.421875 36.328125 37.234375 37.578125 37.90625 37.140625 36.984375 35.921875 34.875 34.515625 33.109375 28.4375 32.0625 30.703125 31.140625 31.765625 31.625 30.765625 31.03125 34.59375 38.203125 39.765625 38.78125 41.546875 41.546875 39.625 39.9375 39.484375 42.09375 44.390625 46.671875
