Cases/SDM_Urocitellus_beldingi/westernUsClimate_modern/BIO19.asc
NCOLS 316 
NROWS 299 
XLLCORNER -124.820833001 
YLLCORNER 29.1625003333339 
CELLSIZE 0.0666666666645545 
NODATA_value -3.4e+38 
[rows 125 to 149 of 299, columns 56 to 111 of 316]
23449.921875 23434.328125 24229.515625 29108.34375 27410.40625 21107.96875 27994.984375 21655 16717.640625 15718.53125 13341.46875 12333.625 15664.96875 13864 11137.609375 11624.984375 12836.03125 12734.15625 11403.484375 12779.59375 14941.421875 14973.03125 11258.640625 7316.28125 7996.359375 11522.34375 7536.84375 6673.578125 6559.265625 6705.78125 6751.59375 5663.546875 5480.6875 5190.34375 5585.09375 5803.515625 6765.296875 7211.765625 8597.875 8349.9375 6075.203125 5509.53125 6384.1875 6394.59375 5973.25 5978.109375 6482.796875 7492.609375 8038.90625 6319.75 6322.375 8001.5 10989.59375 9199.53125 8076.875 10462.9375
25484.765625 27706.609375 32894.875 33940.890625 25137.125 22829.875 25532.734375 27018.78125 18271.203125 15988.734375 14793.28125 13296.328125 12196.546875 13840.5625 10934.109375 10246.984375 11246 12585.421875 11074.734375 9270.71875 10791.578125 11282.46875 7121.234375 6558.34375 6532.375 6809.125 6653.015625 7718.28125 7150.953125 7926.40625 7865.5625 6682.609375 5973.953125 5411.921875 5746.3125 5714.875 5759 7237.484375 11089.265625 10043.046875 6149.828125 5473.046875 5938 6060.4375 6119.203125 6175.203125 6268.921875 6774.3125 8315.015625 6717.171875 6271.46875 7004.421875 9054.171875 8382.5625 9602.484375 8795.015625
39150.46875 40593.53125 47901.6875 41758.875 32278.6875 29660.046875 23209.078125 21650.546875 20031.890625 15930.90625 13190.09375 10973.953125 8863.703125 10384.796875 11696.59375 10960.3125 9993.890625 10816.5625 10730 7320.71875 6932.375 6906.703125 6688.703125 7197.859375 6937.984375 6601.046875 7421.53125 9459.28125 7292.3125 7686.03125 7580.40625 7672.84375 7021.078125 6251.78125 8520.046875 8579.90625 7622.71875 7500.40625 8401.09375 9216.359375 6282.578125 5580.3125 6314.578125 9957.9375 9038.25 6461.328125 6717.140625 8952.671875 9614.453125 7159.8125 6624.03125 6751.515625 8206.8125 9993.421875 15047.390625 10276.296875
46137.5625 46762.578125 48622.328125 44493.9375 38309.046875 35612.734375 23245.28125 20541.859375 20527.453125 15054.015625 11289.078125 8187.984375 7344.9375 8041.171875 9512.5 9868.21875 10376.28125 9499.96875 8324.171875 6859.40625 6699.84375 6756.078125 9370.171875 8953.46875 6795.375 6865.3125 7954.484375 9527.171875 7302.96875 7555.859375 7109.515625 8516.375 7590.421875 9852.1875 12309.015625 8800.796875 7698.125 8087.859375 7822.734375 7202.078125 6643.578125 5936.953125 8005.921875 16392.265625 9134.125 6389.65625 7110.484375 10041.40625 9239.625 8671.078125 8484.8125 7135.703125 7642.78125 11436.328125 13958.75 8778.171875
45344.5625 46738 44575.859375 45525.171875 48623.265625 30692.046875 27701.140625 23429.609375 19191.515625 14541.109375 12511.953125 9632.9375 7524.765625 7878.15625 8322.046875 9487.625 11160.796875 9939.875 7329.09375 6846.65625 6798.671875 7215.171875 13690.859375 9822.8125 6880.078125 7267.296875 8481.25 9619.15625 7198.21875 6984.578125 6923.515625 7703.53125 6702.5625 9504.609375 9365.296875 6421.140625 6382.765625 7375.484375 9291.953125 8675.921875 7484.390625 6147.640625 8869.03125 16125.1875 8859.90625 6282.265625 6217.40625 7154.078125 7900.890625 10044.96875 9185.859375 7689.671875 7857.375 13184.984375 11483.28125 7486.390625
45036.484375 44883.296875 43616.25 42013.9375 28330.3125 23065.453125 18895.5625 18578.703125 16956.1875 13018.234375 11471.640625 9436.640625 8566.375 8890.96875 10059.125 10620.15625 11680.359375 11622.21875 7535 6983 6977.71875 11159.046875 19176.484375 11377.78125 7262.96875 7577.78125 8284.671875 10495.421875 7231.65625 6377.265625 6635.71875 7375.40625 5807.828125 6812.296875 5842.15625 5943.84375 7301.734375 10316.453125 12067.078125 8674.53125 7157.890625 6006.6875 9557.734375 16812.203125 9617.109375 6110.625 5768 6184.328125 7374.78125 9502.234375 8121.09375 7106.515625 8989.296875 15711.25 9626.40625 6920.28125
42165.296875 39021.65625 41722.40625 46445.078125 41422.5625 39818.859375 31360.65625 20171.296875 18057.3125 13869.609375 9916.46875 9108.5625 8525.53125 7854.640625 9878.5 9850.421875 10527.9375 10665.265625 8155.96875 7131.390625 7518.609375 9431.734375 11972.28125 11872.40625 8441.171875 8556.9375 7150.296875 8811.421875 7267.53125 6285.34375 6921.546875 5813.296875 4770.875 5437.796875 5897.296875 7240.359375 8770.015625 11272.984375 10326.140625 6757.359375 5604.859375 5652.703125 8234.1875 13617.5 9685.734375 6200.796875 5720.84375 6007.265625 7155.609375 8807.34375 8280.65625 7327.203125 9244.953125 13631.09375 9183.921875 7165.5625
46189.515625 43468.625 42211.171875 47391.65625 48298.15625 48215.84375 48374.625 41007.859375 28006.15625 15802.734375 11541.34375 9924.328125 9282.5 7798.765625 6874.09375 6933.265625 7441.0625 9482.03125 9651.4375 7487.453125 8048.421875 8248.171875 7618.234375 10449.4375 14257.046875 9195.53125 6112.6875 8089.875 8913.53125 8289.984375 9977.09375 4787.390625 4391.421875 4995.421875 7579.546875 9857.140625 8288.75 7305.90625 5782.125 4568.78125 4813.390625 7478.453125 10113.40625 10626.921875 11920.9375 6511.421875 5680.390625 6276.578125 7868.265625 9107.765625 7706.609375 7477.40625 10089.546875 8943.4375 7552.578125 8899.828125
48345.546875 49978.375 51785.609375 53737.734375 51666.734375 49085.515625 46202.328125 41030.3125 39261.421875 30042.28125 15284.703125 11791.984375 10656.125 9095.765625 8186.8125 7730.671875 7169.609375 7970.234375 9187.515625 8468.453125 7774.609375 7261.828125 6324.203125 7799.921875 15095.625 8932.75 5861.765625 9248.0625 11444.671875 10621 8319.9375 4523.171875 4338.78125 5247.359375 7257.109375 10259.234375 7363.609375 5256 4390.90625 4303.4375 6062.59375 9173.984375 8014.1875 8761 10508.1875 5961.53125 5220.53125 5908.9375 8155.046875 8200.78125 7202.0625 7241.640625 8201.875 6562.96875 7054.53125 9090.59375
54771.71875 58985.671875 54507.734375 53710.328125 50802.171875 49879.359375 48302.75 47126.015625 43199.796875 37744.671875 29844.359375 24432.28125 16772.90625 11418.78125 10931.234375 10252.125 8888.34375 9258 10759.90625 11419.25 7164.71875 6849.15625 6337.890625 6926.734375 12974.265625 8365.890625 6302.328125 9613.65625 10482.390625 10118.25 7146.265625 4702.328125 4363 5395.734375 7904.140625 9058.515625 5570.46875 4919.5625 4230.609375 4234.625 5528.578125 7971.734375 5260.765625 5903.890625 5697.1875 4717.390625 5080.265625 6344.640625 9093.046875 7540.953125 6636.34375 5737.9375 6027.3125 6121.6875 6891.984375 7335.34375
53799.125 55006 58420.390625 57028.765625 56705.90625 52497.171875 52962.171875 48338.78125 48618.46875 48536.640625 41377.90625 33781.03125 29702.234375 21018.953125 13463.515625 20376.453125 20942.125 18929.171875 23179.375 20355.234375 10787 6955.296875 6722.359375 6338.953125 10497.734375 7600.765625 6183.1875 9215.921875 9726.953125 9383.109375 8104.796875 5297.8125 4635.6875 5338.5625 8093.078125 6914.125 4414.5625 4044.71875 4042.34375 4403.25 6827.59375 5846.578125 4459.59375 4853.84375 4799.125 5207.28125 7633.09375 8293.21875 7772.46875 5644.75 5078.890625 5084.3125 5708.71875 6493.5 6089.171875 6121
53165.515625 51821.84375 54923.96875 63005.328125 66046.859375 58534.796875 53474.78125 48452.46875 47796.875 51357.78125 47277.984375 41242.703125 28001.921875 27717.578125 21812.15625 18809.546875 27394.96875 22461.484375 21760.5 20559.90625 20099.609375 9761.125 6929.890625 6765.25 9693.859375 7433.40625 6093.484375 7817.9375 8833.640625 7936.03125 7393.234375 5871.4375 5572.125 5578.390625 6892.125 5682.84375 4117.125 4063.796875 4423.984375 4872 4626.78125 4155.390625 4167 4683.1875 5542 8945.265625 10025.59375 7011.46875 5851.515625 4811.4375 5026.609375 5395.5 6299.953125 6871.15625 5932.078125 5989.359375
58701.359375 59853.421875 54323.84375 53680.203125 58124.078125 60681.578125 59097.203125 48967.75 40306.515625 41039.84375 38026.421875 38614.1875 28058.40625 21050.28125 25308.1875 20147.34375 17958.5 17088.3125 19167.890625 17294.640625 18490.8125 14186.9375 7340.578125 6799.4375 6794.53125 6404.03125 6329.46875 7477.53125 8329.09375 7027.484375 6243.828125 6995.40625 7098.296875 5319.421875 4499.40625 4069.859375 4213.453125 4156.5625 4100.375 3967.234375 3875.34375 3787.09375 3896.078125 4627.421875 7440.515625 8727.296875 5592 4630.515625 4665.171875 4910.8125 5286.9375 5659.328125 5913.0625 6071.578125 6044.90625 6031.1875
84233.296875 73456.6875 79036.03125 62199.90625 61346.875 57509.859375 60907.0625 49437.515625 34925.953125 30980.65625 29326.625 31305.765625 24435.578125 18067.359375 18466.40625 15480.078125 18227.71875 15109.8125 15357.984375 19130.390625 9865.484375 9581.65625 10581.890625 8295.796875 6463.4375 5975.703125 6474.421875 7242.609375 7558.140625 7346.171875 5795.78125 5883.578125 5282.078125 4041.140625 3831.6875 4064.9375 4119.3125 3692.390625 3667.015625 3706.6875 3709.859375 3642.90625 3688.53125 6947.296875 9643.890625 6803.375 4125.765625 4552.765625 4688.25 5044.75 5725.859375 5984.78125 5964.40625 6029.28125 6226.28125 6224.28125
91941.234375 102508.890625 104406.25 91992.203125 79529.3125 71072.484375 57260.671875 43071.34375 30579.453125 32588.5625 25365.984375 20803.828125 18220.109375 16787.453125 16651.71875 13863.8125 27312.875 22871.9375 20244.5 16244.796875 10262.96875 8849.828125 11775.640625 16508.703125 12527.140625 6704.5 6220.984375 6318.796875 8778.171875 8435.265625 5418.90625 5554.390625 5604.6875 4314.515625 3830.390625 3701.75 3644.265625 3626.046875 3580.015625 3587.21875 3582.125 3425.046875 4117.40625 7885.125 5370.3125 3792.578125 3956.71875 4405.28125 4650.28125 5697.15625 6540.90625 6311.03125 7015.265625 6803.75 6210.609375 6238.078125
98715.671875 92755.609375 96924.90625 110585.828125 106134.171875 85029.421875 68325.171875 44567.90625 38088.125 36841.03125 27921.390625 22283.6875 20786.796875 27220.953125 24494.484375 13905.484375 22735.3125 17772.3125 15692.640625 14389.90625 12404.625 13452.015625 12954.546875 17303.703125 16727.875 7443.046875 5336.046875 5982.4375 8417.125 6382.953125 5091.84375 5074.28125 4786.171875 4264.78125 3808.078125 3650.1875 3623.46875 3553.8125 3485.796875 3536.859375 3478.59375 3415.328125 7062.796875 5718.421875 3340.625 3787.609375 3903.609375 4023.15625 5675.328125 7300.328125 8079.5625 6785.625 6521.375 7083.09375 7128.0625 6454.203125
97377.90625 88462.140625 90078.3125 97531.3125 93782.15625 94576.03125 95846.265625 91406.4375 68425.59375 38186.875 27496.703125 27910.578125 26424.484375 34029.8125 37647.59375 20428.140625 13742.265625 13350.453125 11589.21875 13019.71875 9564.5625 13740.625 20467.390625 21954.109375 18059.90625 7385.140625 5818.8125 5672.765625 6134.9375 5295.15625 5482.03125 5080.046875 3909.96875 3644.140625 3596.46875 3542.734375 3520.25 3505.140625 3395.28125 3472.1875 3500.828125 4133.359375 8515.46875 4415.765625 3494.46875 3541.28125 4195.578125 6137.578125 7900.828125 9444.8125 7211.9375 6251.625 6139.53125 7684.296875 9392.28125 6824.734375
109499.734375 99307.890625 89813.0625 84918.921875 84151.140625 89034.5 96332.921875 92936.515625 85976.3125 54429.6875 31907.390625 34770.109375 39597.125 41371.796875 46499.59375 32183.140625 28604.546875 29424.3125 14643.328125 10078.5625 8403.875 12643.109375 16598.40625 15284.8125 11559.0625 7903.6875 6679.671875 5582.453125 5504.875 5274.078125 4752.03125 3948.46875 3712.15625 3564.0625 3505.390625 3458.875 3453.5 3454.1875 3401.9375 3509.140625 3820.28125 6084.65625 9402.578125 4995.515625 3276.71875 3570.640625 8028.921875 11090.828125 10020.546875 7646.25 6209.25 6256.421875 6416.421875 7577.265625 8751.125 6474.75
90344.109375 92696.28125 86684.578125 85045.734375 86292.578125 88511.328125 93092.953125 95697.765625 91440.0625 72742.09375 51992.953125 40988.3125 41471.625 44094.796875 40298.90625 36723.734375 22828.46875 18831.25 11927.265625 8095.453125 8774.5625 12903.28125 12993.28125 13973.671875 9921.828125 12756.84375 9571.21875 6390.609375 6016.53125 5040.515625 4206.8125 3913.296875 3770.78125 3601.859375 3471.5 3447.875 3446.234375 3391.3125 3467.484375 4151.453125 5885.5625 10503.765625 8954.46875 4382.734375 3351.234375 4786.859375 8051.046875 12599.296875 7776.75 6478.625 6463.328125 7553.5 8583.53125 7148.84375 6305.5 6515.453125
79706.4375 86825.453125 88373.984375 87626.21875 88057.203125 89427.265625 88068.96875 93522.234375 93701.015625 84522.96875 69848.375 52076.5625 41621.390625 40788.171875 35881.28125 38149.9375 32459.359375 33061.53125 20309.75 9876.25 11309.21875 17248.796875 16273.671875 19829.28125 16555.25 13676.328125 13288.84375 7827.515625 5007.640625 4278.75 3820.25 3815.484375 3663.328125 3517.1875 3485.21875 3500.265625 3463.53125 3531.875 3839.65625 6108.09375 7095.4375 7841.921875 6844.1875 4021.25 4830.4375 6902.515625 7573.75 8174.390625 7168.546875 7719.34375 8455.28125 10050.03125 7229.515625 5740.21875 5123.109375 6864.3125
75428.8125 80926.90625 84455.734375 87489.3125 86105.921875 89335.203125 94749.171875 97302.578125 99465.71875 96903.671875 92987.8125 61658.390625 45444.71875 40567.328125 31394.8125 33173.265625 46040.59375 57000.28125 32581.90625 16290.578125 14478.703125 22407.96875 19585.796875 17591.046875 14005.75 9632.09375 7148.4375 5278.828125 4691.09375 4427.53125 4665.546875 4726.59375 3738.296875 3504.046875 3451.09375 3532.28125 3592.25 3923.65625 4162.515625 5704.109375 6522.9375 5862.125 5049.296875 3949.03125 5304.640625 7024.484375 6988.71875 6964.015625 6975 10181.140625 11220.578125 8422.03125 4907.6875 4617.203125 4513.96875 6146.734375
74059.4375 78864.90625 82144.65625 84334.5625 84781.875 86746.46875 92526.203125 95512.125 92997.5 94153.203125 86411.5625 71924.6875 51341.140625 41617.796875 36255.015625 41624.75 53164.53125 81120.609375 38251.75 17270.203125 20406.3125 19917.5 16688.5 12680.65625 8474.84375 6439.40625 8912.421875 5746.609375 4419.296875 3860.9375 4082.140625 4596.78125 3896.125 3522.5625 3526.75 3498.671875 3597.828125 3792.234375 3424.703125 4428.078125 5345.109375 4391.875 4086.515625 4240.140625 4555.734375 6238.59375 5894.046875 5920.90625 6996.359375 10142.5 11433.59375 8888.4375 4863.40625 4386.4375 4520.140625 6659.78125
74711.8125 81909.4375 81820.28125 85647.46875 84027.796875 84374.21875 90362.25 96994.6875 91713.328125 91514.234375 88778.796875 81781.140625 65915.140625 51874.21875 52579.0625 44349.4375 42425.5 45753.234375 26430.875 15352.875 23114.78125 16775.515625 12508.125 10183.09375 14209.328125 9691.796875 6584.015625 5127.140625 5401.421875 5200.609375 4234.515625 4767.96875 4203.34375 4034.5 4225.359375 4087.390625 3495.984375 4095.828125 3906.859375 3298.59375 4518.34375 4437.609375 4117.03125 5480.9375 5625.125 5470.84375 5326.015625 6729.015625 7268.234375 8707.578125 10281.890625 8387.28125 5370.21875 4544.953125 5556.8125 8600.484375
72597.015625 75150.28125 71949.1875 74564.78125 77232.328125 76578.890625 84683.609375 88416.234375 91614 90448.15625 88352.90625 87768.421875 75885.125 58646.875 49901.609375 35565.578125 27796.453125 34352.46875 35499.59375 16362.4375 13956.21875 14579.75 14426.53125 21748.078125 24973.03125 18467.703125 7755.4375 4493.546875 5749.328125 5312.65625 4214.703125 5242.34375 4771.484375 5851.046875 6014.453125 3914.171875 4165.15625 4492.65625 6137.3125 4538.4375 6088.625 4669.703125 4591.46875 6929.515625 7581.25 7090.265625 6971.046875 8090.53125 8017.90625 8317.15625 8887.328125 6054.203125 4880.078125 8140.4375 13044.796875 8774.640625
60687.40625 62253.546875 65041.625 68740.375 76793.375 80220.1875 84091.078125 88600.953125 90499.421875 86471.75 87815.03125 86593 88314.625 67419.546875 38262.375 32285.484375 24214.21875 31906.265625 33881.734375 16192.171875 13152.375 21389.84375 23848.265625 28260.109375 25811.6875 16484.96875 7225.359375 4021.5625 3421.8125 3337.28125 3368.59375 3526.453125 3684.25 4532.265625 5112.421875 3638.84375 3293.890625 4706.328125 6428.890625 6926.484375 8797.6875 6406.796875 5686.234375 7096.46875 6907.78125 6927.71875 7060.6875 7309.078125 7214.859375 7271.6875 6335.296875 5191.328125 6328.203125 12839.203125 11507.84375 5818.328125
