Cases/SDM_Urocitellus_beldingi/westernUsClimate_modern/BIO10.asc
NCOLS 316 
NROWS 299 
XLLCORNER -124.820833001 
YLLCORNER 29.1625003333339 
CELLSIZE 0.0666666666645545 
NODATA_value -3.4e+38 
[rows 75 to 99 of 299, columns 114 to 170 of 316]
2136.125 2126.46875 2198.90625 2250.390625 2230.421875 2176.296875 2173.359375 2164.796875 2122.8125 2110.609375 2078.3125 2017.03125 1955.46875 2020.203125 2009.671875 1918.46875 1948.9375 1832.46875 1859.890625 1937.421875 1949.84375 1842.578125 1749.75 1738.578125 1703.515625 1680.0625 1592.71875 1493.65625 1456.65625 1364.734375 1381.859375 1361.6875 1212.484375 1199.921875 1270.8125 1251.75 1234.046875 1219.359375 1096.203125 939.046875 1225.34375 1353.921875 1122.234375 1237.78125 1376.546875 1295.671875 1109.953125 1332.125 1437.171875 1516.03125 1546.109375 1236.96875 936.21875 888.484375 980.78125 1083.5625 1335.015625
2208.421875 2216.078125 2226.40625 2247.34375 2232.75 2220.359375 2203.765625 2167.625 2135.421875 2102.78125 2081.203125 2036.28125 1994.328125 2082.34375 2056.1875 2038.28125 1941.296875 1657.546875 1793.265625 1885.21875 1871.234375 1647.09375 1499.515625 1595.078125 1652.140625 1630.859375 1570.125 1412.484375 1333.4375 1418.859375 1361.8125 1250.484375 1293.75 1170.046875 1241.546875 1228.15625 1227.140625 1194.171875 1122.609375 1151.203125 1236.34375 1258.859375 1129.0625 1180.46875 1238.078125 1241.234375 1270.390625 1339.78125 1382.046875 1395.015625 1541.265625 1601.15625 1518.296875 1376.0625 1082.515625 987.453125 1375.546875
2135.40625 2134.140625 2177.546875 2229.828125 2192.6875 2162.265625 2183.21875 2195.765625 2181.34375 2160.921875 2130.96875 2119.390625 2103.0625 2118.65625 2066.6875 2073.65625 1941.390625 1648.65625 1787.0625 1828.578125 1811.109375 1662.90625 1531.734375 1539.8125 1632.1875 1626.328125 1607.859375 1513.046875 1454.015625 1404.921875 1357.65625 1270.640625 1250.625 1210.953125 1215.015625 1232.296875 1232.640625 1210.09375 1140.765625 1096.984375 1075.640625 1090.9375 999.125 1142.203125 1164.859375 1247.828125 1297 1292.546875 1227.09375 1263.03125 1351.703125 1437.4375 1439 1587.28125 1610.328125 1465.015625 1531.453125
2123.421875 2158.5625 2200.4375 2216.796875 2166.375 2136.390625 2148.578125 2160 2170.671875 2178.390625 2176.046875 2118.046875 2088.953125 2012.359375 2032.015625 2055.734375 1928.0625 1750.5 1783.84375 1815.90625 1790.0625 1756.171875 1713.34375 1593.328125 1655.96875 1702.171875 1624.6875 1594.703125 1488.9375 1512.953125 1474.984375 1361.375 1343.546875 1268.546875 1260.40625 1242.59375 1228.59375 1192.828125 1224.921875 1038.625 948.171875 1206.171875 1092.59375 1091.40625 1144.8125 1221.515625 1233.4375 1204.453125 1178.4375 1205.328125 1210.59375 1115.484375 969.75 1432.03125 1613.5 1680.078125 1697.65625
2133.890625 2212.90625 2219.75 2196.953125 2162.734375 2153.28125 2162.359375 2171.109375 2157.875 2134.40625 2118.046875 2107.84375 2090.5 2076.546875 2056.96875 1925.8125 1764.046875 1713.75 1850.578125 1813.984375 1785.15625 1755.03125 1651.34375 1707.21875 1771.4375 1794.09375 1726.65625 1681.90625 1562.265625 1530.453125 1503.21875 1515.109375 1340.40625 1374.890625 1351.40625 1267.625 1262.09375 1195.578125 1235.953125 1284.640625 1303.15625 1338.53125 1370.375 1237.609375 1280.765625 1079.203125 1064.078125 950.625 939.03125 1150.1875 1108.34375 1171.875 1238.859375 1392.359375 1423.671875 1511.484375 1669.28125
2143.21875 2157.453125 2229.59375 2196.59375 2181.96875 2196.609375 2198.34375 2194.0625 2191.421875 2179.125 2153.75 2141.6875 2137.796875 2118.828125 2101.15625 1988.078125 1728.53125 1722.515625 1919.453125 1911.359375 1842.828125 1641.59375 1673.25 1838.65625 1788.78125 1653.234375 1616.34375 1518.0625 1443.890625 1470.78125 1379.484375 1399.78125 1270.171875 1262.09375 1446.828125 1323.625 1370.265625 1321.09375 1200.953125 1282.53125 1346.34375 1411.03125 1467 1457.5625 1374.140625 1251 1024.703125 1095.984375 1234.765625 1177.40625 1061.15625 1098.578125 1355.359375 1431.484375 1452.421875 1522.796875 1519.203125
2074.84375 2107.03125 2211.625 2206.90625 2185.75 2173.90625 2195.796875 2214.078125 2206.75 2194.796875 2183.265625 2151.84375 2139.734375 2153.734375 2130.0625 2083.4375 1893.515625 1860.890625 1997.453125 1881.484375 1849.65625 1869.234375 1902.046875 1798.28125 1609.59375 1425.609375 1317.1875 1419.34375 1641.265625 1646.890625 1576.953125 1519.140625 1394.65625 1389.28125 1557.84375 1521.3125 1455.296875 1286.796875 1215.453125 1292.53125 1390 1455.71875 1476.453125 1534 1488.21875 1418.578125 1339.59375 1430.140625 1470.75 1256.953125 1152.09375 1297.40625 1387.953125 1452.21875 1513.796875 1556.734375 1689.859375
2049.71875 2090.703125 2157.421875 2187.421875 2207.546875 2195.6875 2169.609375 2164.390625 2187.484375 2205.15625 2198.5 2135.546875 2116.25 2146.21875 2168.859375 2134.53125 2064.53125 1908.671875 2073.609375 2025.21875 2005.90625 1925.890625 1913.609375 1791.5625 1555.125 1396.0625 1239.78125 1270.109375 1648.46875 1742.375 1661.796875 1634 1605.25 1599.21875 1584.546875 1575.484375 1494.671875 1399.6875 1322.3125 1355.34375 1401.6875 1484.234375 1580.5 1649.453125 1521.78125 1511.90625 1536.828125 1541.140625 1534.1875 1440.21875 1319.0625 1365.0625 1448.984375 1418.4375 1578.765625 1669.359375 1782.859375
1991.28125 2083.40625 2044.296875 2095.53125 2181.515625 2188.5 2195.5 2147.90625 2157.84375 2192.234375 2183.921875 2131.28125 2090.5625 2106.46875 2149.5625 2142.078125 2143.125 2099.390625 2032.359375 1886.59375 1946.09375 1966.40625 1931.234375 1860.328125 1775.625 1699.21875 1627.671875 1561.59375 1708.046875 1667.0625 1598.59375 1504.171875 1397.171875 1322.484375 1321.6875 1503.359375 1520.25 1503.875 1457.609375 1400.390625 1473.859375 1516.359375 1628.421875 1708.765625 1606.46875 1567.078125 1617.75 1649.609375 1612.65625 1584.8125 1576.921875 1591.03125 1484.546875 1432.328125 1698.578125 1794.578125 1799.890625
1987.875 1987.203125 2018.4375 2030.453125 2062.78125 2102.546875 2172.921875 2132.578125 2104.3125 2125.625 2121.21875 2085.78125 2078.71875 2077.09375 2104.40625 2112.921875 2100.34375 2069.078125 2024.28125 1980 1930.8125 1904.078125 1896.625 1899.734375 1833.875 1747.578125 1658.34375 1753.734375 1826.8125 1737.234375 1662.09375 1614.078125 1603.296875 1553.453125 1459.984375 1596.453125 1613.75 1546.953125 1572.390625 1611.8125 1553.859375 1604.328125 1687.078125 1690.75 1732.203125 1632.1875 1617.90625 1709.25 1709.640625 1707.203125 1729.3125 1723.4375 1642.046875 1606.8125 1780.4375 1840.34375 1816.4375
1902.03125 1888.234375 1971.71875 1947.1875 1996.28125 2038.40625 2066.375 2122.734375 2125.609375 2114.640625 2123.375 2111.578125 2103.90625 2113.90625 2120.296875 2132.3125 2122.5 2105.109375 2079.578125 2068.4375 2014.984375 1933.921875 1929.296875 1841.421875 1917.609375 1796.328125 1818.640625 1847.671875 1845.25 1755.09375 1682.515625 1645.84375 1650.796875 1655.71875 1662.203125 1666.09375 1681.953125 1673.828125 1683.15625 1686.703125 1705.46875 1715.828125 1758.390625 1769.8125 1804.90625 1779.453125 1687.046875 1696.09375 1769.203125 1749.5 1804.296875 1791.375 1822.796875 1787.453125 1854.203125 1842.65625 1827.296875
1938.171875 1848.5 1877.25 1858.71875 1925.9375 1938.0625 2013.8125 2064.03125 2142.359375 2190.734375 2194.15625 2183.703125 2195.890625 2174.265625 2130.9375 2126.921875 2125.65625 2117.796875 2110.484375 2110.578125 2100.6875 2061.484375 1971.390625 1930.015625 1917.953125 1919.34375 1885.609375 1789.515625 1741.125 1711.359375 1695.21875 1675.828125 1681.28125 1692.609375 1676.953125 1665.25 1681.21875 1676.734375 1702.3125 1736.03125 1784.953125 1828.984375 1858.96875 1855.5 1833.8125 1846 1812.515625 1784.484375 1817.875 1862.359375 1887.84375 1900.6875 1887.921875 1882.09375 1878.859375 1871.515625 1860.375
1888.234375 1852.96875 1868.375 1860.453125 1883.484375 1871.640625 1952.140625 2019.6875 2045.53125 2164.578125 2205.234375 2237.921875 2300.84375 2215.625 2143.875 2106.484375 2120.703125 2126.0625 2127.75 2134.328125 2139.640625 2128.703125 2100.375 2004.234375 1953.046875 1946.625 1757.578125 1637.203125 1673.390625 1713.625 1748.875 1735.6875 1713.71875 1709.265625 1696.359375 1679.953125 1674.53125 1695.75 1723.421875 1756.5 1789.046875 1827.671875 1887.9375 1886.875 1877.703125 1845.046875 1822.203125 1832.46875 1855.390625 1889.453125 1912.03125 1933.8125 1937.125 1938.421875 1941 1938.1875 1914.453125
1879.546875 1883.921875 1895.0625 1885.796875 1867.203125 1873.34375 1905.375 1948.53125 1993.515625 2081 2138.53125 2160.953125 2276.28125 2216.328125 2153.84375 2137 2141.609375 2149.390625 2146.828125 2154.125 2163.0625 2164.8125 2157.46875 2137.09375 2057.5 1986.453125 1852.96875 1722.3125 1773.5625 1848.0625 1898.15625 1896.484375 1845.546875 1841.046875 1812.078125 1829.234375 1793.0625 1791.171875 1793.515625 1840.8125 1872.484375 1868.671875 1873.15625 1915.75 1903.765625 1908.078125 1902.8125 1892.203125 1897.78125 1913.296875 1920.421875 1935.21875 1952.953125 1958.328125 1977.25 1971.078125 1942.21875
1875.984375 1883.1875 1878.234375 1864.21875 1834.1875 1743.375 1854.921875 1831.4375 1901.390625 2001.609375 2061.96875 2137.953125 2228.078125 2260.046875 2209.453125 2191.03125 2180.1875 2173.15625 2172.46875 2180.578125 2188.9375 2192.671875 2206.015625 2182.515625 2142.53125 2131.15625 2091.015625 2033.765625 2024.875 2073.15625 2076.3125 2054.765625 2012.078125 1989.09375 1961.828125 1950.4375 1914.171875 1912.6875 1902.578125 1930.3125 1924.265625 1898.9375 1905.9375 1935.78125 1930.8125 1920.796875 1917.203125 1921.875 1923.78125 1937.984375 1938.28125 1942.4375 1957.296875 1961.890625 1962.515625 1953.453125 1942.625
1875.328125 1889.234375 1886.515625 1843.859375 1799.75 1760.046875 1758.28125 1790.28125 1922.5 1965.078125 2009.796875 2103.109375 2183.828125 2215.875 2230.421875 2222.265625 2207.3125 2203.578125 2200.34375 2201.46875 2202.734375 2198.796875 2206.328125 2200.296875 2193.328125 2185.3125 2177.046875 2154.71875 2112.625 2114.171875 2122.25 2126.671875 2112.53125 2099.21875 2085.25 2056.734375 2048.078125 2042.625 2049.046875 2060.796875 2052.015625 2023.96875 1997.640625 1979.5 1964.859375 1932.421875 1935.328125 1951.5625 1959.046875 1967.5625 1963.671875 1953.8125 1958.703125 1958.40625 1958.515625 1951.125 1941.59375
1869.8125 1895.0625 1895.84375 1853.3125 1802.03125 1795.21875 1727.203125 1610.828125 1714.03125 1921 1962.671875 2050.046875 2143.65625 2183.984375 2193.34375 2205.828125 2222.171875 2209.15625 2211.359375 2225.421875 2228.484375 2220.203125 2208.828125 2211.234375 2211.015625 2222.875 2200.640625 2198.234375 2210.046875 2242.5 2275.5 2236.953125 2192.3125 2152.046875 2141.953125 2119.75 2113.703125 2109.09375 2103.71875 2108.34375 2121.59375 2131.046875 2103.953125 2053.640625 2005.703125 1981.390625 1991.171875 2009.59375 1998.984375 1989.1875 1970.78125 1956.390625 1951.21875 1945.703125 1943.65625 1952.90625 1951.34375
1871.34375 1875.375 1891.90625 1868.515625 1780.234375 1785.453125 1790.90625 1752.203125 1679.125 1818.390625 1913.84375 1968.765625 2051.8125 2093.5625 2116.203125 2145.65625 2159.078125 2157.34375 2178.96875 2224.921875 2245.921875 2239.78125 2251.078125 2237.0625 2248.703125 2227.890625 2217.921875 2190.3125 2227.234375 2210.984375 2219.4375 2216.671875 2192.484375 2174.125 2159.984375 2152.796875 2135.609375 2124.109375 2118.21875 2122.21875 2127.984375 2135.109375 2118.5 2065.59375 2020.65625 2022.0625 2039.890625 2041.03125 2022.953125 1995.28125 1966.671875 1951.203125 1941.546875 1929.75 1930.84375 1945.359375 1955.28125
1882.609375 1865.03125 1853.828125 1838.25 1821.703125 1813.640625 1751.140625 1705.203125 1726.265625 1771.5625 1810.203125 1924.59375 1952.765625 1980.03125 2034.140625 2074.34375 2116.078125 2130.5 2144.609375 2198.78125 2236.28125 2238.1875 2210.296875 2186.609375 2214.125 2194.875 2173.40625 2145.015625 2154.84375 2187.328125 2188.015625 2182.3125 2151.9375 2150.390625 2178.84375 2165.90625 2148.0625 2129.265625 2124.828125 2121.21875 2106.90625 2090.5 2082.296875 2074.15625 2055.484375 2045.984375 2029.90625 2015.578125 1983.234375 1966.078125 1954.265625 1930.484375 1900.90625 1902.3125 1915.28125 1934.28125 1953.5625
1888.078125 1833.515625 1801.890625 1776.390625 1730.09375 1699.4375 1701.578125 1695.953125 1719.5625 1727.671875 1791.4375 1854.046875 1857.375 1916.75 1966.328125 2045.734375 2092.484375 2130.03125 2159.984375 2186.96875 2192.5 2201 2219.90625 2181.421875 2176.765625 2170.53125 2177.75 2167.859375 2168.140625 2169.0625 2175.40625 2165.359375 2147.34375 2144.078125 2189.8125 2176.234375 2159.171875 2146.203125 2142.234375 2136.125 2109.703125 2082.71875 2071.4375 2059.40625 2038.78125 2031.65625 2013.015625 1990.765625 1964.890625 1900.96875 1913.15625 1911.328125 1883.828125 1890.921875 1915.28125 1941.359375 1949.375
1909.6875 1863.78125 1819.59375 1753.671875 1615.734375 1703.890625 1711.796875 1719.875 1673.125 1715.859375 1737.359375 1738.59375 1735.8125 1835.40625 1886.484375 1938.046875 2006.984375 2062.734375 2114.265625 2156.171875 2166.03125 2167.5625 2186.4375 2153.9375 2127.484375 2130.296875 2134.609375 2151.265625 2170.9375 2171.6875 2176.3125 2152.46875 2131.421875 2136.21875 2156.453125 2183.25 2167.265625 2156.953125 2148.59375 2148.921875 2126.75 2063.5625 2053.703125 2057.15625 2049.984375 2041.234375 1986.96875 1951.96875 1948 1908.671875 1912.984375 1931.734375 1923.328125 1930.4375 1953.84375 1978.84375 1980.484375
1939.203125 1887.0625 1835.640625 1778.453125 1723.984375 1691 1704.1875 1706.296875 1683.75 1686.40625 1669.546875 1649.34375 1677.859375 1719 1764.59375 1856.3125 1924.59375 1973.625 2004.4375 2060.046875 2083.546875 2117.953125 2135.578125 2116.90625 2089.09375 2077.328125 2090.234375 2096.375 2111.5625 2132.09375 2162.359375 2152.359375 2125.28125 2098.421875 2115.78125 2148.9375 2148.90625 2132.21875 2137.078125 2139.3125 2116.265625 2080.96875 2060.125 2056.75 2060.609375 2050.1875 2031.65625 2000.734375 1978.421875 1949.953125 1945.078125 1958.015625 1962.46875 1970.34375 1987.125 2006.46875 2004.046875
1947.953125 1907.265625 1886.1875 1829.3125 1762.359375 1694.015625 1678.953125 1734.78125 1750.34375 1700.59375 1657.328125 1631.21875 1647.015625 1677.3125 1733.03125 1777.609375 1843.796875 1912.53125 1948.421875 1958.015625 1995.25 2042.9375 2097.78125 2109.78125 2085.171875 2055.3125 2057.3125 2073.453125 2084.28125 2100.671875 2098.984375 2103.21875 2101.46875 2090.75 2070.84375 2084.40625 2084.75 2061.515625 2080.75 2088.4375 2096.65625 2087.1875 2049.59375 2025.71875 2025.640625 2046.125 2045.140625 2027 1981.015625 1941.578125 1936.421875 1963.859375 1970.109375 1978.171875 1986.6875 1988.015625 1982.3125
1948.609375 1936.34375 1887.5 1808.40625 1738.40625 1724.5625 1748.15625 1763.546875 1765.640625 1740.765625 1689.625 1655.828125 1641.125 1664.078125 1684.578125 1733.71875 1788.953125 1853.640625 1890.0625 1895.609375 1933.578125 1979.09375 2030.375 2069.828125 2083 2053.296875 2042.140625 2038.703125 2039.28125 2041.984375 2062.21875 2081.21875 2044.90625 2046.1875 2040.34375 2032.21875 2038.296875 2032.625 2036.0625 2043.5 2051.34375 2041.859375 1994.453125 1960.28125 1972.453125 2013.75 2017.65625 2008.140625 1977.796875 1958.859375 1974.3125 1995.671875 1987.21875 1982.375 1962.109375 1935.171875 1923.390625
1930.453125 1909.03125 1875.25 1781.71875 1751.390625 1701.4375 1781.3125 1849.5625 1838.484375 1772.859375 1716.5 1661.21875 1682.046875 1701.15625 1700.796875 1711.09375 1738.671875 1770.125 1821.234375 1852.59375 1886.109375 1925.828125 1976.03125 2021.59375 2051.734375 2014.28125 2001.578125 2002.09375 1994.0625 1989.28125 2003.4375 2026.71875 2014.640625 2009.484375 2018.5625 2023.75 2022.625 2024.78125 2007.984375 2015.28125 2007.359375 2003.40625 1994.90625 1973.78125 1964.84375 1983.328125 1989.34375 1975.546875 1950.9375 1938.03125 1965.6875 1980.671875 1977.796875 1946.203125 1874.328125 1871.109375 1887
