Cases/SDM_Urocitellus_beldingi/westernUsClimate_modern/BIO12.asc
NCOLS 316 
NROWS 299 
XLLCORNER -124.820833001 
YLLCORNER 29.1625003333339 
CELLSIZE 0.0666666666645545 
NODATA_value -3.4e+38 
[rows 0 to 20 of 299, columns 230 to 275 of 316]
30106.4217703683 30716.3151506696 31706.2715192522 32488.7482212612 33454.7641950335 33640.6807686942 33647.8738141741 34473.8644670759 34311.2156110491 33647.3979492188 32666.8134416853 31942.7489188058 31453.759765625 30862.8129882812 30457.669468471 29977.5609654018 29835.8022460938 29895.3296595982 29925.4576241629 29651.1094098772 29346.9790736607 28926.791015625 28480.1980678013 28014.8299734933 27917.0529087612 27855.4415457589 28175.3118373326 28727.0911690848 29083.2596609933 29504.1344517299 29787.1355678013 29962.9980119978 30427.8784877232 31603.1153041295 32591.4092145647 32832.8366350446 32396.9268624442 31930.7271205357 31545.363734654 31198.953578404 30984.5611746652 31148.474155971 31607.0250767299 32117.2079031808 32669.6841169085 33033.4134347098
30139.0390930176 30528.9530639648 31118.2653808594 31533.3475036621 31927.5897521973 32055.0188598633 32276.120880127 33098.8804321289 33459.2512207031 33049.9754638672 32242.8536376953 31769.236907959 31285.8063964844 30841.5837097168 30340.8424072266 29985.8300476074 29836.7289733887 29921.7302856445 30051.3475341797 29914.2561340332 29589.1458435059 29174.4305419922 28693.8043518066 28057.6293640137 28043.0909118652 28318.403503418 28520.1010131836 28561.8813171387 28861.2669372559 29145.7476196289 29429.6065368652 29820.8939208984 29735.2564697266 30847.693359375 31822.3081054688 31546.1494750977 30798.0991210938 30356.1635437012 29871.9821472168 29894.2705993652 29989.8348083496 30432.8371887207 31038.9621582031 31949.9119262695 32860.7941589355 33327.5307617188
30062.1237182617 30405.6658935547 30742.7447509766 30945.401184082 31254.1195678711 31432.4996948242 31756.4911193848 32357.6292114258 32894.7699890137 33066.8566589355 32359.162902832 31915.3657531738 31390.837310791 30963.498046875 30695.6115112305 30420.1438598633 30232.138092041 30179.3308105469 30236.7089233398 30176.1497192383 30062.5432128906 29739.892791748 29540.7875671387 29200.5040588379 29019.765625 29084.7515258789 29083.2713928223 28773.8605957031 28821.2853088379 29124.2559814453 30269.2523498535 30854.047668457 29466.0636291504 30134.6417236328 30592.727142334 29868.1428833008 28632.5426940918 28189.8151855469 28553.6199035645 29390.3209228516 29706.3853759766 29862.4989013672 30591.3565979004 31579.8007202148 32527.3185119629 32688.3081359863
29969.0979309082 30323.1321716309 30645.3910522461 30796.4899902344 31038.6231079102 31365.5635986328 31674.0001220703 32421.7158508301 32916.0058288574 32778.0179443359 32592.8761291504 32247.9940490723 31896.686920166 31494.4757080078 31172.3113098145 30986.916809082 30945.7082214355 30898.5018615723 30645.7908325195 30360.130859375 29925.1970214844 29793.1591796875 29648.6451721191 29587.9404907227 29406.7431030273 29044.2756347656 28715.2106933594 28526.9081115723 28681.7629394531 29933.5702209473 31343.4715576172 31533.0756225586 29846.0419006348 28630.264251709 29052.0174865723 28368.23828125 27533.3739013672 26798.6514587402 27688.9721984863 28916.9423217773 29601.092956543 29807.0262451172 30505.9505615234 31478.4247436523 32268.3680114746 32362.3276672363
29996.6656494141 30511.9772949219 30702.5300292969 30890.668762207 31080.5289306641 31351.5690307617 31450.8754882812 31639.8538513184 32183.9400939941 32579.2922973633 32554.4508361816 32400.6637268066 32118.7344360352 31889.779083252 31561.8401794434 31255.901184082 31197.2026977539 31206.7247619629 30883.5783996582 30634.1451721191 30334.9009399414 29963.6041870117 29792.1815490723 29620.9170532227 29471.7934875488 29200.544708252 28429.3637390137 27955.8959655762 28280.6089172363 30947.8008422852 31872.9900512695 31808.9831848145 30720.6479492188 28505.7020263672 27846.8096923828 27165.0913085938 26871.6716308594 26920.3541564941 27478.4362487793 28458.466583252 29107.3128051758 29648.3727722168 30479.513671875 31589.3427124023 31911.7334594727 32069.683013916
30122.6863098145 30559.8679504395 30918.2523803711 30889.6949462891 31195.0363769531 31458.2365722656 31149.699432373 31096.3914794922 31213.0933227539 31528.8270263672 32084.2078552246 32023.8145141602 32109.5449829102 32275.6553649902 32122.9245910645 31726.4848022461 31381.052154541 31080.6970825195 30884.332244873 30545.3656311035 30269.8837585449 30110.1163330078 29952.8361206055 29723.3797607422 29626.0308837891 29517.1910400391 28778.6948547363 27975.7512207031 28099.5176086426 30498.123260498 31530.2214050293 31452.6125183105 30928.6386108398 28649.7328186035 27405.846862793 26924.4672546387 26669.1596679688 27077.9483032227 27835.5577697754 28582.6888427734 29167.4117736816 29810.1745605469 30591.8214416504 31453.7759094238 31466.6196289062 31271.306640625
30367.0790710449 30805.3105163574 31578.4749450684 31781.4200134277 31741.834777832 31446.4608764648 31010.699432373 30806.8542785645 30526.6878662109 30695.9962768555 30964.3782348633 31050.212890625 31374.6848449707 31646.5619506836 31973.0694885254 31919.9537963867 31489.5156860352 31123.4081115723 31022.6341552734 30832.7110290527 30533.9609680176 30266.2362365723 30242.786315918 30078.4808959961 30077.1596374512 29898.3912658691 29223.7991943359 28626.3396911621 28371.6171264648 29143.4096069336 30099.7784118652 30425.3444213867 30041.0390319824 28755.5551147461 28977.9867553711 28981.3162536621 28133.7709350586 28050.073059082 28409.2264404297 29001.934387207 29991.542755127 31109.5022583008 31205.3957214355 31036.9645385742 30997.5904541016 30738.9594421387
31135.3641052246 31739.5333251953 32503.7999572754 32909.2306518555 32803.4264221191 31891.1257019043 30676.0439758301 29794.327545166 29371.7449035645 29314.8203125 29763.8955993652 30054.7624206543 30404.7002868652 30809.5917053223 30973.3748168945 31412.6043701172 31675.8954467773 31413.8589782715 31117.7362365723 30891.6717834473 31034.1817626953 30831.0025939941 30591.837677002 30356.413269043 30136.8770446777 29846.9663391113 29219.4707336426 28710.1307678223 28268.8721618652 28028.7706604004 28451.4405212402 29017.8224182129 29332.8891906738 29221.8430786133 29914.6224365234 30339.6894226074 29872.4533081055 29206.1881408691 29320.6471862793 30083.3458251953 30925.6352844238 31341.0123901367 31218.3660888672 30710.85546875 30598.8278503418 30548.7100524902
32526.6211242676 32999.5198364258 33341.2797241211 33645.098815918 33619.9303588867 33131.2456970215 32036.7705383301 30492.8730773926 29207.7456054688 28703.7206420898 28776.1852416992 29044.8539733887 29404.8353881836 29958.2469482422 30425.8663024902 30886.8476867676 31183.7007446289 31049.0044250488 31022.4728393555 31158.8149414062 31135.3213500977 31135.7845153809 31222.1232910156 31132.624786377 30837.5220031738 30340.1041870117 29741.030670166 28879.1457214355 27679.1777038574 27186.9218139648 27623.1904602051 28847.4142150879 29440.345703125 29540.7651977539 29928.7315368652 30547.9741821289 30453.1412658691 30114.5244445801 30389.1047058105 31339.8170776367 31001.1241149902 30726.7747497559 30788.0612792969 30359.2857666016 30129.0335693359 30298.7543334961
35394.1911010742 35635.1024169922 35699.7954711914 35939.0344848633 35288.7987060547 34649.5239868164 33722.6241149902 32549.764465332 31307.3901367188 30664.1086120605 30247.328338623 29966.6611022949 29495.4892883301 29340.7698059082 29632.2677612305 29843.4256591797 30121.7194213867 30083.1278076172 30223.2168579102 30727.3728637695 31151.7058105469 31522.5555114746 31663.9876708984 31680.1045532227 31670.6719665527 31528.6102600098 31244.6750488281 30054.8141479492 28335.4377441406 27556.9282226562 28461.1903076172 29486.2677307129 29754.6852111816 30210.2442016602 30926.335723877 31604.6100158691 31800.8798522949 31115.4229736328 30313.9447021484 30225.1343383789 30210.3784179688 30052.3540039062 30019.464630127 29845.0469360352 29713.9208679199 29655.7088317871
38895.8989257812 40032.6862792969 38695.6093139648 37003.3762817383 36360.515625 36889.2544555664 36239.8792724609 35263.8286743164 34456.4702148438 33444.3698120117 32207.0791320801 31658.4022521973 31180.8001403809 30554.218170166 30144.7348937988 30019.4559020996 29655.8754272461 29387.176574707 29325.0930786133 29573.9069213867 30225.4217834473 30997.8278198242 31680.9566345215 32311.9289550781 32299.647064209 32217.3194274902 32066.2479553223 31455.503326416 29990.2968444824 29336.5839538574 30368.9978637695 30291.4403686523 30315.9675292969 31776.173828125 34235.5709533691 34341.8104858398 33291.2698059082 31958.905090332 29457.3969421387 28698.2380371094 28882.2328491211 29421.8596801758 29423.2470397949 29495.7001647949 29518.0255432129 29277.1854858398
44424.4121704102 44289.2471923828 42921.8526000977 40148.4356689453 38809.9306030273 39720.8836669922 40045.7222900391 39268.0907592773 37835.5378417969 35575.2935791016 33931.1812133789 32601.1773376465 32002.7984619141 31683.2278137207 31415.1232299805 30974.971862793 30406.680847168 30177.6654052734 30141.3163452148 30031.1846618652 30217.4265441895 30774.470489502 31470.6288146973 31968.5558776855 32054.4256896973 32052.4000854492 31946.8776245117 31295.5243225098 30512.8919677734 29974.6131896973 30613.4414367676 30405.5700073242 30680.9167175293 32553.006439209 36875.5547485352 37302.8146362305 34198.1623840332 31721.9552612305 29286.5070495605 28278.3562927246 28466.7317504883 28918.055267334 29072.1496276855 29194.2040100098 29359.2471923828 29614.8281555176
54628.6460571289 52601.9513549805 49478.0828857422 46095.2681884766 41390.5452880859 42127.4975585938 43517.520690918 39441.2826538086 37701.8977661133 36456.0083618164 35070.8139038086 33945.6107788086 32891.4279174805 32407.1916503906 32018.0855712891 31316.5545349121 31007.1794433594 30843.7464294434 30876.6912231445 30924.371673584 31002.0645446777 31175.0577392578 31284.8102111816 31652.0494384766 31806.0692138672 31669.8155822754 31469.8393249512 30961.5038757324 30239.6915283203 29469.0554504395 29176.5610046387 29343.8313903809 30193.0925292969 31119.9537963867 32759.3355407715 33127.8985900879 31920.1230773926 30765.3061828613 29860.3075866699 29051.7878723145 28905.7993164062 28884.6715087891 28651.8170776367 28446.0228881836 28942.8034362793 29508.5049133301
56696.4881591797 54706.6293945312 49364.7582397461 45313.8347167969 47187.7283325195 49381.6033325195 42490.2794189453 39341.1015625 37630.1997680664 36431.9733276367 35678.3690795898 35219.6768188477 34095.8813476562 34022.8255004883 33392.6856079102 32543.3579711914 31888.338470459 31484.0135803223 31297.8955383301 31286.0467224121 31261.811340332 31247.1294250488 31092.4434509277 31171.2394714355 31331.3589477539 31501.3380432129 31234.056427002 30886.5183105469 30141.8121337891 29344.2310180664 28888.8864440918 29090.3865966797 29756.4670715332 30315.4189758301 31103.4789123535 31206.9258728027 30680.3692321777 30352.7147521973 30061.6738586426 29736.3316040039 29471.849822998 29390.4691162109 28950.1907348633 28806.6740112305 28911.3493652344 29089.7534484863
57651.7239990234 52233.9955444336 48089.1134643555 43369.3568725586 41829.059387207 42872.9522094727 40069.1792602539 38231.5308227539 37301.294128418 36788.3923950195 36228.1455078125 36191.2411499023 35642.2359619141 36441.3208007812 37274.1975708008 34658.2138061523 32867.3833312988 31994.311340332 31288.1176147461 31007.1342468262 30972.7346801758 30980.7938232422 30979.6690673828 31097.5062561035 31031.321472168 30980.7253417969 30884.6924133301 30694.3637084961 30174.0730895996 29893.5150756836 29928.4331054688 30016.4906311035 29945.5558776855 30284.4415893555 30517.4847717285 30483.3402099609 30264.4421386719 30192.2272033691 30097.2749633789 29921.9442443848 29760.0029907227 29766.5339660645 29757.2615356445 29356.7330932617 29081.8433227539 28921.517578125
50613.9056396484 49233.5277709961 45986.0163574219 41342.8938598633 39069.835144043 37970.965637207 37386.6107788086 36437.9118652344 36144.1829833984 36428.5106201172 37723.6243896484 38717.2887573242 39093.6850585938 40020.9262084961 39882.5411376953 36992.1693725586 34577.0084533691 32711.3351745605 32019.0868530273 31457.8385620117 31224.1739196777 31093.0199279785 30912.9082336426 30956.8332214355 30818.3474121094 30869.0623474121 30692.7782897949 30502.2318115234 30124.761932373 30212.2266540527 30603.0241699219 30516.6400756836 30492.424987793 30813.3014526367 30721.8497924805 30597.3066101074 30364.6248474121 30175.0913696289 29970.522644043 29825.9685974121 29698.4660339355 29652.7621459961 29387.9008483887 29268.6559143066 28953.1171264648 29006.6669921875
42773.9266967773 43537.8515014648 44113.622253418 40346.6167602539 38740.0021362305 37168.3752441406 35821.4661254883 36187.21875 37112.4058227539 37599.9210205078 39738.8220214844 42019.8297729492 46142.1979980469 49972.69921875 45269.2477416992 42624.375 37566.9026489258 34750.3529052734 33202.9279785156 32025.5075378418 31506.1497497559 31237.0574951172 30941.5625 30887.7801818848 30963.7971801758 30928.2442016602 30646.4060974121 30257.5470581055 30215.2554626465 30495.4920349121 30858.4143066406 30804.3543395996 30975.0325927734 31340.507232666 30989.7083435059 30742.4144592285 30558.7331542969 30267.0960998535 30117.0967102051 29963.7440185547 29694.5686645508 29519.4424438477 29367.6364746094 29219.3341369629 28907.4636535645 28997.907409668
38630.9224853516 39997.7578735352 39421.0156860352 38088.948059082 36998.6594848633 37344.6760864258 35309.0524902344 35457.1804199219 36855.4150390625 38267.5471801758 40592.5529174805 44397.0740966797 49067.9833984375 53292.0726928711 49910.4456787109 44008.8835449219 37324.7301635742 35484.716003418 33610.0864257812 32022.0195007324 31592.7964477539 31443.2832946777 31364.0234985352 31127.3742675781 30964.3399353027 30837.1669311523 30713.9706115723 30688.5937805176 30720.8233947754 31011.1836547852 31273.5273742676 31107.9024047852 31788.7878723145 32556.0033569336 31725.1526489258 31051.3297729492 30732.3825073242 30504.9943237305 30235.1284484863 30135.5479125977 30139.7098388672 30116.611114502 29730.5901489258 29286.1048278809 29130.5952148438 29092.5783081055
36129.2951049805 37754.8096923828 38052.8103637695 36733.6321411133 35525.0653686523 35635.6176147461 35020.0979614258 34138.8253173828 34345.7094726562 36291.7828979492 37492.770324707 37623.2807006836 38364.1533813477 39431.3462524414 38563.4909667969 38178.5821533203 37290.4730224609 35739.0933227539 33279.4965515137 32242.2353210449 32001.8033752441 31527.1793823242 31239.1535339355 31021.007598877 31063.8941650391 31062.9184570312 31349.4822387695 32318.0381774902 33577.8441772461 34866.9331359863 33139.1478271484 31744.7226867676 32529.5733032227 33686.3788452148 32938.4571533203 31767.6749267578 31109.9295959473 31004.3919677734 30950.4024047852 30865.6805725098 30758.8934020996 30676.0229492188 30288.7178955078 29785.1611938477 29761.7673339844 29839.3174743652
35421.2863769531 35887.8698730469 35666.3907470703 34529.0705566406 34638.954284668 34279.1719360352 33791.375213623 33333.7635498047 33104.5744934082 34448.1452026367 34328.9494628906 33771.9680175781 33082.1976623535 33273.9388122559 34740.0452270508 35250.9043579102 35477.3081665039 34660.9995117188 33233.2379150391 32582.0892028809 31961.8542175293 31501.3647155762 31230.2821044922 31098.9334106445 31021.8084411621 31036.9938049316 32056.0921936035 33742.197265625 34921.6412963867 35903.5533447266 35169.3637084961 33074.1305541992 32728.2197570801 33732.7841796875 33087.1307678223 32076.3223571777 31856.7816467285 31784.3814086914 31533.2978820801 31216.0196838379 30771.7196044922 30549.2391662598 30600.0621032715 30505.0885620117 30660.675567627 30720.7563781738
35373.6644897461 34648.3065795898 35839.1359863281 37453.442199707 37390.1270751953 36366.0920410156 35730.6466674805 34701.4094848633 33718.8398132324 33980.5684814453 33996.5238037109 34316.9877929688 33974.3485717773 33899.2852172852 34419.6088867188 34584.8619995117 34253.0010986328 33635.5288085938 32938.1760864258 32618.8674316406 32187.1842346191 32211.232635498 31730.8934631348 31527.6980285645 31329.7179260254 31132.4091186523 32092.4687194824 33359.394317627 34311.5592651367 35167.4685058594 33907.2102661133 32117.5909118652 32156.9035949707 33437.7505493164 32987.5113525391 32083.9414672852 31784.8833618164 31529.964050293 31344.8415527344 31370.2891845703 31412.9080200195 31437.6446228027 31768.9941101074 31366.8237304688 31413.0569152832 31367.7288208008
