Cases/SDM_Urocitellus_beldingi/westernUsClimate_modern/BIO17.asc
NCOLS 316 
NROWS 299 
XLLCORNER -124.820833001 
YLLCORNER 29.1625003333339 
CELLSIZE 0.0666666666645545 
NODATA_value -3.4e+38 
[rows 42 to 62 of 299, columns 0 to 45 of 316]
-3.4e+38 -3.4e+38 -3.4e+38 -3.4e+38 -3.4e+38 -3.4e+38 -3.4e+38 -3.4e+38 -3.4e+38 -3.4e+38 10998.9912775213 11300.2171325684 12668.8740997314 15551.6836090088 17371.2505340576 14939.1061553955 14673.8421020508 16557.9314880371 17154.1828155518 16565.380569458 15995.6063690186 15333.4518432617 15565.6628417969 15709.0565643311 15203.1270141602 15292.4166564941 15997.9382171631 11017.7113189697 10338.809463501 12820.4304351807 13203.5513000488 13646.9784393311 14958.5843658447 16587.9789428711 18413.7862854004 19760.7121276855 21206.5648803711 21606.5935974121 21448.7656860352 21763.2662658691 19847.9136352539 18478.7055511475 15860.8842926025 15910.3055267334 16638.0363616943 16139.1907958984
-3.4e+38 -3.4e+38 -3.4e+38 -3.4e+38 -3.4e+38 -3.4e+38 -3.4e+38 -3.4e+38 -3.4e+38 -3.4e+38 11580.9208984375 12084.0625797194 12550.5419158936 12766.8001708984 12970.5124816895 13923.6096191406 13329.9348449707 13351.1770019531 13881.7436065674 14277.354385376 13353.1561737061 12304.835723877 14958.9418792725 14524.4905700684 11614.7447814941 10742.6002502441 11074.5109100342 11162.4397735596 11414.0942687988 13025.8098907471 14714.3417510986 14682.5698852539 16204.6510925293 18657.0738983154 21336.9547119141 20452.6487121582 22065.5056152344 22925.2289428711 25022.4318847656 28245.5377807617 23296.1555786133 18267.0199432373 15319.0848236084 15504.5011291504 15266.8952178955 15231.490524292
-3.4e+38 -3.4e+38 -3.4e+38 -3.4e+38 -3.4e+38 -3.4e+38 -3.4e+38 -3.4e+38 -3.4e+38 -3.4e+38 -3.4e+38 12624.498046875 12951.6991682381 13533.2849121094 13607.2107543945 13727.412322998 16332.2325134277 17735.8271331787 17424.5367889404 15611.7168884277 13961.0866088867 10055.4593200684 8896.52976226807 8688.74031066895 8554.6018447876 9366.69664001465 9297.36636352539 9830.03144836426 10439.9593048096 11999.1534118652 12785.4995117188 14755.5098571777 17117.5497589111 17047.67137146 21018.5872192383 23486.3059692383 23813.3325500488 23939.2761535645 24462.0587463379 24586.9244995117 24556.2915039062 18969.3247375488 15963.6305236816 15237.2494049072 15629.1276855469 16246.1283111572
-3.4e+38 -3.4e+38 -3.4e+38 -3.4e+38 -3.4e+38 -3.4e+38 -3.4e+38 -3.4e+38 -3.4e+38 -3.4e+38 -3.4e+38 -3.4e+38 13282.5700683594 13803.2940216064 15607.3241271973 16973.6084289551 17446.2020874023 21140.352722168 23375.052734375 16206.1568450928 12720.4338226318 11152.0312194824 10804.0905456543 10575.0803527832 9674.65083312988 9506.02995300293 9669.34997558594 10315.680480957 10781.9371185303 11153.8722381592 13207.6566619873 15349.1296691895 15168.5828552246 16233.0023193359 19074.8919677734 23092.1410522461 26265.3063659668 22242.6015777588 20685.5086364746 21140.4918823242 20466.4229431152 19379.5574645996 17491.7674713135 15432.6950073242 16257.4263000488 17084.9826660156
-3.4e+38 -3.4e+38 -3.4e+38 -3.4e+38 -3.4e+38 -3.4e+38 -3.4e+38 -3.4e+38 -3.4e+38 -3.4e+38 -3.4e+38 13751.7373046875 13772.9432246767 14483.9361114502 19308.2668609619 22183.9513244629 21522.4082336426 23410.8825073242 22398.8491821289 17120.9188232422 11087.030166626 10230.6796264648 10104.4162445068 9874.5481262207 9769.75556945801 9731.89192199707 10395.2539367676 10911.9981231689 10613.8628234863 9943.56910705566 14241.4786071777 14984.3314819336 16272.6256103516 20383.2183532715 17275.5772857666 18729.5018920898 17249.4220275879 16059.3736724854 22582.2335205078 24571.1135253906 21184.9803161621 19052.9041137695 17647.0476226807 16397.4047241211 17149.9956207275 17924.9172363281
-3.4e+38 -3.4e+38 -3.4e+38 -3.4e+38 -3.4e+38 -3.4e+38 -3.4e+38 -3.4e+38 -3.4e+38 -3.4e+38 -3.4e+38 14126.2084263393 15382.4379425049 17258.0114746094 20700.2848815918 24751.496673584 24483.1763305664 24403.6972351074 20687.5916748047 16291.663772583 12147.872467041 10116.5009307861 9491.25520324707 8765.61450195312 8418.52160644531 8844.97808074951 10002.735244751 10310.0882110596 10067.8879394531 9504.35818481445 9766.1353302002 11454.8280181885 12653.6049499512 15020.8708496094 16098.3621673584 16298.404586792 15728.3422546387 19051.8450469971 21533.7890014648 23007.4249572754 19822.2454528809 16938.8125 13746.8807983398 14383.5238800049 15706.4511871338 16407.3950653076
-3.4e+38 -3.4e+38 -3.4e+38 -3.4e+38 -3.4e+38 -3.4e+38 -3.4e+38 -3.4e+38 -3.4e+38 -3.4e+38 -3.4e+38 15066.538289388 15423.9102783203 20935.2679443359 25182.1921691895 23454.4566345215 22435.4609069824 22573.0321350098 19021.6900939941 18236.2659606934 13886.9697113037 9911.09637451172 8443.54922485352 8112.19960784912 7805.61170959473 8145.7103805542 10332.8662872314 10890.2066650391 10069.6136627197 9659.37879943848 9030.3244934082 9874.64672851562 11033.5200195312 13364.0106048584 14417.585647583 16726.5360107422 17204.7250671387 23499.9645080566 25383.1587524414 25965.2038879395 22915.3612670898 16534.8451385498 11303.8144989014 11532.6386413574 12258.4065093994 14509.4758911133
-3.4e+38 -3.4e+38 -3.4e+38 -3.4e+38 -3.4e+38 -3.4e+38 -3.4e+38 -3.4e+38 -3.4e+38 -3.4e+38 -3.4e+38 16319.2742017663 17020.2347259521 21811.6469726562 20729.8254699707 20023.8209533691 21694.044128418 21470.6012878418 21861.5712280273 21046.3870544434 14334.7359466553 9568.8306427002 8158.87371826172 8047.08293151855 8021.7653503418 8352.93405151367 10351.209487915 10971.4221801758 9903.67251586914 8851.62268066406 8698.91438293457 9492.42126464844 9977.89573669434 10248.9478912354 11618.6226501465 14739.0085296631 20024.4679870605 19555.3285522461 23494.083190918 25647.1304931641 22650.1490783691 20658.711227417 15261.0544128418 12731.1990203857 11655.6407623291 13141.8076934814
-3.4e+38 -3.4e+38 -3.4e+38 -3.4e+38 -3.4e+38 -3.4e+38 -3.4e+38 -3.4e+38 -3.4e+38 -3.4e+38 -3.4e+38 16985.064453125 17684.1549899194 18915.6667785645 18726.2248535156 20616.1275024414 21105.1207885742 22123.936920166 22085.682800293 20877.3674621582 14587.4890136719 10729.816619873 8285.85836791992 8096.25532531738 7931.18665313721 8294.3201751709 8441.39903259277 10172.6459197998 9444.66035461426 8591.09228515625 8286.56452941895 8465.29188537598 9024.09545898438 9794.5100402832 10679.0260009766 13436.1098327637 20989.7702941895 24318.2820129395 26742.637512207 24960.7023925781 20163.0146789551 22808.4646148682 18113.1581268311 13046.0451507568 10513.486541748 8996.8172454834
-3.4e+38 -3.4e+38 -3.4e+38 -3.4e+38 -3.4e+38 -3.4e+38 -3.4e+38 -3.4e+38 -3.4e+38 -3.4e+38 -3.4e+38 -3.4e+38 17418.7840800383 18498.8291015625 19823.5171508789 21092.8775024414 22248.1304626465 23557.3075561523 23583.1299743652 21026.3481445312 15885.6440582275 11194.2940979004 8370.26424407959 7750.58849334717 7233.93907928467 7399.43363952637 7451.63367462158 8146.47618865967 9405.02395629883 8439.49353027344 8045.75527954102 7870.96353149414 8513.32942962646 9212.2121887207 9983.34707641602 11337.5066833496 16482.5075683594 19460.5246124268 21652.6351013184 22078.3186950684 21582.9247436523 21286.0660095215 16341.508682251 13068.503692627 14735.8362884521 13028.7865753174
-3.4e+38 -3.4e+38 -3.4e+38 -3.4e+38 -3.4e+38 -3.4e+38 -3.4e+38 -3.4e+38 -3.4e+38 -3.4e+38 -3.4e+38 16074.9436035156 16516.8160807292 18221.6106262207 19542.183807373 20405.8457336426 20811.352722168 21460.1206970215 18941.1443481445 18145.477935791 15496.7117004395 11943.0600280762 9826.46476745605 7386.99473571777 6681.10451507568 6298.62789154053 6363.11631011963 6889.50108337402 7465.53007507324 8085.3024597168 8385.43280029297 7916.5445022583 7871.60243988037 8362.83807373047 9568.14224243164 10601.7669219971 11004.8342437744 12916.4103240967 16308.496673584 17194.345703125 17377.6957092285 16935.9060974121 20365.5815429688 20796.3692016602 20023.2674560547 17102.6451416016
-3.4e+38 -3.4e+38 -3.4e+38 -3.4e+38 -3.4e+38 -3.4e+38 -3.4e+38 -3.4e+38 -3.4e+38 -3.4e+38 -3.4e+38 15656.7162272135 15833.0381011963 16044.4090576172 17817.9339752197 18580.1998901367 19241.8691101074 18619.1802978516 17948.8822631836 18958.3434143066 18528.5550384521 13588.8704833984 9282.58416748047 7496.70751190186 6873.48768615723 6248.50852966309 6321.86937713623 6835.6360244751 7017.93538665771 7365.21681976318 8244.44873046875 8284.86805725098 7795.10313415527 8848.04243469238 9992.20608520508 10349.8087158203 10754.2375793457 11733.3501434326 14393.8307647705 17843.6514892578 22264.5001525879 23723.4991760254 23739.8559265137 22810.097076416 22054.0137939453 16614.5639038086
-3.4e+38 -3.4e+38 -3.4e+38 -3.4e+38 -3.4e+38 -3.4e+38 -3.4e+38 -3.4e+38 -3.4e+38 -3.4e+38 -3.4e+38 15610.2951253255 15819.9748840332 16714.8629760742 15640.7262878418 16210.0003356934 17860.0844421387 17701.3336791992 18209.4879150391 18840.9371032715 15015.7093353271 10889.1235961914 8343.6174621582 6873.22962188721 6443.296875 6376.6110534668 6781.5259475708 6868.14399719238 7042.73458862305 7312.46706390381 7447.12886810303 8099.25338745117 7975.86073303223 8654.18844604492 10144.696105957 11966.5805206299 12699.0315246582 13060.7332763672 14346.5260620117 18173.4375305176 19218.299621582 20683.1805114746 23542.446685791 22295.3105163574 22243.6719665527 18597.3601837158
-3.4e+38 -3.4e+38 -3.4e+38 -3.4e+38 -3.4e+38 -3.4e+38 -3.4e+38 -3.4e+38 -3.4e+38 -3.4e+38 -3.4e+38 15375.6537181713 15479.1147155762 16019.6714630127 15800.4046783447 16138.5629119873 19645.8312072754 19839.8493041992 17709.0147094727 18793.7519226074 14877.9623413086 9303.16570281982 7777.30806732178 6791.56851959229 6607.56173706055 6684.41149902344 7526.59241485596 7299.95077514648 7249.40468597412 7329.9619140625 7590.91981506348 8070.32403564453 8478.01614379883 8342.23056793213 9242.59274291992 10218.4269561768 11038.1796875 12869.9134216309 14066.7815551758 16103.4440307617 17441.2294158936 20329.3428649902 21775.3139953613 20072.8620452881 20227.9032287598 18847.7532043457
-3.4e+38 -3.4e+38 -3.4e+38 -3.4e+38 -3.4e+38 -3.4e+38 -3.4e+38 -3.4e+38 -3.4e+38 -3.4e+38 -3.4e+38 15072.1632080078 15152.7685852051 15829.4637298584 15932.0607299805 17213.9206390381 18060.5657958984 17227.8198242188 17630.477432251 15793.5055084229 12402.4720306396 8776.8698348999 6890.26260375977 6470.4486618042 6188.53084564209 6614.10572814941 7170.85838317871 7436.83192443848 7668.88427734375 7687.50777435303 7743.53307342529 8307.13761138916 8722.04403686523 9068.97793579102 9621.98484802246 10117.988067627 9969.11959838867 11246.971572876 13356.6529998779 15215.8738861084 18568.1883087158 21871.0919189453 18888.7335968018 16701.7805938721 17286.7298736572 16335.8746185303
-3.4e+38 -3.4e+38 -3.4e+38 -3.4e+38 -3.4e+38 -3.4e+38 -3.4e+38 -3.4e+38 -3.4e+38 -3.4e+38 -3.4e+38 14527.6976787861 14354.0822753906 15800.0401000977 15557.711730957 16613.8070831299 16513.0746002197 14720.2812194824 13574.6057891846 11499.9871673584 11097.5096740723 9367.11157989502 7327.0673828125 6264.30853271484 5579.9655380249 5786.15898132324 6740.66074371338 6577.42666625977 7072.69921112061 7534.94005584717 7581.18273162842 7654.97396850586 8196.0313949585 8934.55819702148 10151.5802001953 11754.6588134766 11572.6125488281 11824.3363494873 12818.584487915 14160.7720031738 18003.7798614502 18991.0556335449 18141.3513031006 15503.7930297852 14727.1392822266 14117.6068878174
-3.4e+38 -3.4e+38 -3.4e+38 -3.4e+38 -3.4e+38 -3.4e+38 -3.4e+38 -3.4e+38 -3.4e+38 -3.4e+38 -3.4e+38 13965.8404134115 13874.1434326172 14649.9432525635 16204.7233123779 18210.7508392334 17131.2039489746 11363.3024902344 9865.98835754395 8773.73607635498 8297.411277771 7280.52206420898 6769.66346740723 6141.29502105713 5722.66123962402 5604.72686767578 6128.76551055908 6592.43515777588 6951.14896392822 7283.47138977051 7408.55899810791 7568.62593841553 8086.57234191895 8456.91468811035 9369.12637329102 11195.1722869873 12617.3111572266 13816.361618042 14600.3603973389 14579.5030517578 15170.896697998 15163.388885498 15441.1156616211 13725.351272583 11994.1617736816 11286.0848083496
-3.4e+38 -3.4e+38 -3.4e+38 -3.4e+38 -3.4e+38 -3.4e+38 -3.4e+38 -3.4e+38 -3.4e+38 -3.4e+38 -3.4e+38 14021.7023259943 14386.6614990234 16057.1521759033 17576.4261474609 16054.1839752197 12266.5366668701 8423.2705078125 7552.01345825195 6582.76583099365 6595.19696044922 6409.35693359375 6207.47830963135 6174.78507232666 6482.46881103516 6589.16980743408 6584.84383392334 6871.38737487793 7053.91083526611 7211.35000610352 7467.60691833496 7845.19230651855 8215.56246948242 8812.78576660156 9723.48880004883 11929.8561706543 14757.8720092773 19009.770111084 18901.9105224609 15052.7869720459 12795.0858306885 13416.6423339844 14471.7728271484 12147.7696838379 10879.8880767822 8364.3250579834
-3.4e+38 -3.4e+38 -3.4e+38 -3.4e+38 -3.4e+38 -3.4e+38 -3.4e+38 -3.4e+38 -3.4e+38 -3.4e+38 -3.4e+38 14856.360798464 16635.6030273438 17464.4568786621 17797.0468139648 14262.111907959 10530.9397125244 7726.89653778076 6814.45259857178 6366.41954040527 5875.67344665527 6064.85409545898 6116.22490692139 6632.66425323486 7453.05730438232 7692.37774658203 6952.86428833008 7113.41130065918 7118.82823181152 7323.26326751709 7902.05642700195 8352.94243621826 9012.81314086914 10461.7973327637 11831.4037475586 12927.8176422119 15477.9929962158 17278.6087341309 18954.1494140625 15430.6534118652 13668.8136138916 10635.5595245361 10465.5224761963 10537.0471801758 10116.3087158203 8462.93588256836
-3.4e+38 -3.4e+38 -3.4e+38 -3.4e+38 -3.4e+38 -3.4e+38 -3.4e+38 -3.4e+38 -3.4e+38 -3.4e+38 -3.4e+38 14750.3734283447 15955.2691040039 17091.2038879395 17459.1412658691 18726.6116333008 16452.128326416 11778.8706817627 10045.131980896 8750.72745513916 7422.43300628662 6664.8374710083 6138.47461700439 6599.02721405029 8138.48240661621 8392.58026885986 7021.89315032959 6955.28427124023 7084.15867614746 7635.65557861328 8484.20727539062 9179.86235046387 10393.7229003906 11816.0615539551 13275.8307189941 13888.4260864258 16430.5031280518 17695.249206543 17978.924987793 16625.4247436523 14257.7543029785 10456.4328918457 11746.9783172607 10759.4689483643 10355.9957427979 10284.388458252
-3.4e+38 -3.4e+38 -3.4e+38 -3.4e+38 -3.4e+38 -3.4e+38 -3.4e+38 -3.4e+38 -3.4e+38 -3.4e+38 13414.5625 13890.4364318848 15210.0436706543 17064.4245605469 17076.7243652344 18273.3840942383 17775.6708679199 16030.4143218994 13861.3531951904 10367.7827911377 8654.12702941895 7031.55953216553 6242.69735717773 6106.22451782227 7474.69317626953 8121.97186279297 6701.22303009033 6323.45849609375 6902.36067199707 8261.21559906006 9096.34953308105 10236.6338195801 12736.9138031006 13766.9460144043 14682.5458831787 15315.7467651367 16270.9504241943 16887.1902160645 16938.9788208008 15220.851852417 14170.8467712402 11701.3818054199 11652.4371643066 10962.9247131348 10544.8347625732 10766.6489257812
