Cases/SDM_Urocitellus_beldingi/westernUsClimate_modern/BIO13.asc
NCOLS 316 
NROWS 299 
XLLCORNER -124.820833001 
YLLCORNER 29.1625003333339 
CELLSIZE 0.0666666666645545 
NODATA_value -3.4e+38 
[rows 147 to 167 of 299, columns 0 to 45 of 316]
-3.4e+38 -3.4e+38 -3.4e+38 -3.4e+38 -3.4e+38 -3.4e+38 -3.4e+38 -3.4e+38 -3.4e+38 -3.4e+38 -3.4e+38 -3.4e+38 -3.4e+38 -3.4e+38 18210.9225463867 19958.8809509277 22286.3817138672 21878.9831542969 21690.7067565918 22105.1940612793 22990.3846435547 24100.7471313477 24617.9466247559 21719.7220153809 20629.7924804688 21578.1561279297 21755.6260681152 23527.2148742676 21926.9312133789 24469.027923584 25986.2785949707 32062.9718322754 26059.1332397461 21022.3303375244 15218.8481750488 14072.7841033936 12089.2657775879 10286.7605743408 9416.14474487305 9189.28517150879 9102.75126647949 9232.20892333984 9359.15431213379 9583.46298217773 10535.1063690186 11405.357925415
-3.4e+38 -3.4e+38 -3.4e+38 -3.4e+38 -3.4e+38 -3.4e+38 -3.4e+38 -3.4e+38 -3.4e+38 -3.4e+38 -3.4e+38 -3.4e+38 -3.4e+38 -3.4e+38 17980.5615234375 18914.7107096354 22478.8656005859 21975.8710021973 21228.0249023438 21684.1043701172 22630.4386291504 24170.5852050781 24981.1961975098 21868.454864502 18881.9124450684 22922.795715332 22330.8022155762 21162.3642578125 19889.6809082031 25864.3386535645 29873.1783752441 23608.268157959 24024.5576782227 22830.7879943848 18391.1814422607 14548.7158050537 12565.5297851562 10615.2108001709 9109.54122924805 8801.81629943848 8734.09335327148 8900.7243347168 9060.88848876953 9365.32389831543 10574.1788024902 11453.7261199951
-3.4e+38 -3.4e+38 -3.4e+38 -3.4e+38 -3.4e+38 -3.4e+38 -3.4e+38 -3.4e+38 -3.4e+38 -3.4e+38 -3.4e+38 -3.4e+38 -3.4e+38 -3.4e+38 -3.4e+38 18642.1484375 20890.6361083984 23184.6804504395 21609.3155822754 20769.9451599121 22293.3063964844 24074.1253356934 25826.2540588379 23872.8141479492 19394.4170227051 22210.9379272461 23134.5188293457 20618.7193908691 18525.6881408691 19756.4907226562 28865.8597717285 22709.0284118652 22785.2059631348 21791.3435974121 18784.046661377 15414.3875732422 12453.2936706543 10669.8493347168 9180.89688110352 8836.71730041504 8750.19136047363 8870.76133728027 9011.68598937988 9257.25527954102 9575.50044250488 9890.70367431641
-3.4e+38 -3.4e+38 -3.4e+38 -3.4e+38 -3.4e+38 -3.4e+38 -3.4e+38 -3.4e+38 -3.4e+38 -3.4e+38 -3.4e+38 -3.4e+38 -3.4e+38 -3.4e+38 -3.4e+38 18617.9755859375 19225.7543029785 23742.716583252 24462.9730529785 23391.7255249023 20838.6477050781 22205.4560546875 24683.8445739746 24495.5250854492 21704.5953674316 20784.950958252 21951.5603942871 19883.4383239746 17415.2266540527 16416.9311218262 18278.5627441406 19785.7356109619 17122.0828399658 16201.6621246338 16249.719833374 14147.3996887207 12141.1315765381 11787.5648956299 9966.85455322266 9436.15737915039 8941.9400177002 9069.02667236328 9187.95681762695 9364.6510925293 9518.0394744873 9675.36227416992
-3.4e+38 -3.4e+38 -3.4e+38 -3.4e+38 -3.4e+38 -3.4e+38 -3.4e+38 -3.4e+38 -3.4e+38 -3.4e+38 -3.4e+38 -3.4e+38 -3.4e+38 -3.4e+38 -3.4e+38 18264.9488932292 18629.7452697754 25149.3042297363 25840.0007019043 24901.9025268555 23348.2068786621 21973.238494873 23689.3146972656 25424.4905090332 23932.046661377 19909.0520324707 20222.0420532227 20403.3675537109 18074.5280151367 15815.155090332 20208.5934448242 14944.5708007812 15041.5747528076 14970.5884094238 14370.4661712646 12465.0292205811 11841.7773742676 12169.427947998 10690.816696167 10453.733795166 9605.07833862305 9400.07791137695 9452.48532104492 9499.3479309082 9526.56742858887 9583.42930603027
-3.4e+38 -3.4e+38 -3.4e+38 -3.4e+38 -3.4e+38 -3.4e+38 -3.4e+38 -3.4e+38 -3.4e+38 -3.4e+38 -3.4e+38 -3.4e+38 -3.4e+38 -3.4e+38 -3.4e+38 18395.8294921875 19256.1159057617 23203.5113525391 27544.2746887207 27731.6162109375 25469.7760620117 25658.0110473633 25884.550994873 27849.3829040527 26428.3370361328 24119.6694641113 21304.1070556641 23897.0341796875 20112.1350708008 19277.176574707 24501.3889465332 18916.9500274658 15437.4888916016 15073.6937103271 16062.9014282227 15054.1452484131 12506.4132080078 12386.4202270508 11390.2795257568 11294.0697784424 10283.0385437012 10005.4577331543 10000.0388793945 9782.9436340332 9557.94847106934 9519.75341796875
-3.4e+38 -3.4e+38 -3.4e+38 -3.4e+38 -3.4e+38 -3.4e+38 -3.4e+38 -3.4e+38 -3.4e+38 -3.4e+38 -3.4e+38 -3.4e+38 -3.4e+38 -3.4e+38 -3.4e+38 18688.1627604167 19391.7931281888 21114.27734375 25086.2667236328 27271.4427185059 27354.5213012695 27507.3682556152 30213.869140625 27492.7278137207 26143.8358154297 26026.8922729492 23253.8332214355 25567.1468505859 23960.5076599121 28389.7555236816 33780.6462097168 28243.527923584 19979.5696868896 16806.0826416016 16387.6959075928 16254.4880828857 15425.2585144043 14476.2085418701 12309.6431274414 11157.509979248 10824.1132507324 10128.3345184326 10199.330947876 9892.79168701172 9624.11563110352 9527.2512512207
-3.4e+38 -3.4e+38 -3.4e+38 -3.4e+38 -3.4e+38 -3.4e+38 -3.4e+38 -3.4e+38 -3.4e+38 -3.4e+38 -3.4e+38 -3.4e+38 -3.4e+38 -3.4e+38 -3.4e+38 -3.4e+38 19152.0533854167 19118.6989339193 20717.0923156738 22932.159576416 24690.037689209 25084.6765136719 27995.9523925781 31512.454498291 27975.4483947754 26459.0826721191 24920.1424255371 22253.3512878418 23115.564239502 24006.8739013672 31035.5540466309 27543.0956115723 22713.8498840332 20120.9848022461 20057.9289550781 17474.8867492676 16743.1228485107 15469.0250854492 13293.3796691895 10358.9839782715 11222.3221893311 10060.9798431396 10302.9102935791 10097.2736816406 9889.33633422852 9685.59172058105
-3.4e+38 -3.4e+38 -3.4e+38 -3.4e+38 -3.4e+38 -3.4e+38 -3.4e+38 -3.4e+38 -3.4e+38 -3.4e+38 -3.4e+38 -3.4e+38 -3.4e+38 -3.4e+38 -3.4e+38 -3.4e+38 -3.4e+38 18747.94921875 18607.6817220052 18865.8901447234 20756.4328613281 23494.9979553223 26375.8534851074 29583.2612609863 31331.9868164062 30142.3427734375 27470.0674438477 23098.8059387207 21835.1141967773 23026.4827270508 24292.1138000488 26248.8048400879 24128.5981445312 25032.1694641113 24075.6126403809 20770.0961914062 17399.2762756348 15821.1401367188 14421.3449859619 11540.8945465088 10251.5004272461 10338.4491119385 10657.7226104736 10607.4128723145 10364.4279327393 10210.6703948975
-3.4e+38 -3.4e+38 -3.4e+38 -3.4e+38 -3.4e+38 -3.4e+38 -3.4e+38 -3.4e+38 -3.4e+38 -3.4e+38 -3.4e+38 -3.4e+38 -3.4e+38 -3.4e+38 -3.4e+38 -3.4e+38 -3.4e+38 -3.4e+38 -3.4e+38 17676.20703125 17635.0686155225 22029.1114807129 24211.985748291 26687.6801757812 30244.3720703125 33660.4772949219 35604.6325073242 28716.6176757812 23071.0215148926 22091.8190917969 21908.5063781738 21248.2245178223 24152.1085510254 25407.5559387207 24308.611114502 20798.5974121094 18096.8527832031 15405.0904846191 13647.4761810303 16081.7791595459 13176.1361999512 11314.6060638428 11506.832901001 11030.2941131592 10559.7652587891 10430.3794250488
-3.4e+38 -3.4e+38 -3.4e+38 -3.4e+38 -3.4e+38 -3.4e+38 -3.4e+38 -3.4e+38 -3.4e+38 -3.4e+38 -3.4e+38 -3.4e+38 -3.4e+38 -3.4e+38 -3.4e+38 -3.4e+38 -3.4e+38 -3.4e+38 -3.4e+38 -3.4e+38 17651.6990885417 17912.0199795082 23694.3257141113 28638.5657348633 33539.7734985352 34302.5375671387 35520.4866027832 36906.3190917969 27421.474609375 21635.8313903809 21195.1198425293 20617.5648803711 20628.9773254395 20582.1286010742 21040.6370849609 20444.8012390137 18165.3231048584 16288.476776123 13087.6073608398 15252.4969177246 16600.3176269531 13083.695892334 12295.5856628418 11570.599899292 10596.3301696777 10035.7392730713
-3.4e+38 -3.4e+38 -3.4e+38 -3.4e+38 -3.4e+38 -3.4e+38 -3.4e+38 -3.4e+38 -3.4e+38 -3.4e+38 -3.4e+38 -3.4e+38 -3.4e+38 -3.4e+38 -3.4e+38 -3.4e+38 -3.4e+38 -3.4e+38 -3.4e+38 -3.4e+38 -3.4e+38 17259.9596354167 17314.3729188012 22786.4158630371 35085.2545776367 36661.5003662109 29077.1820068359 29306.0585327148 27044.4565734863 20467.2733764648 18989.0402832031 20698.12109375 22201.0889282227 24120.5259094238 20977.9890136719 18843.0669555664 18947.0669250488 17748.1334533691 14546.7216491699 13074.501953125 15223.3858795166 13984.7499237061 12664.4141998291 11990.4779052734 10671.8581695557 9794.9567565918
-3.4e+38 -3.4e+38 -3.4e+38 -3.4e+38 -3.4e+38 -3.4e+38 -3.4e+38 -3.4e+38 -3.4e+38 -3.4e+38 -3.4e+38 -3.4e+38 -3.4e+38 -3.4e+38 -3.4e+38 -3.4e+38 -3.4e+38 -3.4e+38 -3.4e+38 -3.4e+38 -3.4e+38 -3.4e+38 17360.139453125 17356.0272135417 19490.103729248 25717.760925293 26368.1306762695 27147.3879394531 23978.7673339844 20374.4375 18213.256439209 16930.0637207031 19245.4010467529 22868.8722839355 23703.2487792969 19381.617980957 17648.4201049805 18145.7089080811 16884.966217041 14431.4254760742 16602.1356048584 14381.0625 13311.6767883301 12419.7632598877 11096.7806396484 10094.6068878174
-3.4e+38 -3.4e+38 -3.4e+38 -3.4e+38 -3.4e+38 -3.4e+38 -3.4e+38 -3.4e+38 -3.4e+38 -3.4e+38 -3.4e+38 -3.4e+38 -3.4e+38 -3.4e+38 -3.4e+38 -3.4e+38 -3.4e+38 -3.4e+38 -3.4e+38 -3.4e+38 -3.4e+38 -3.4e+38 -3.4e+38 17800.269921875 17356.345630787 17942.2044677734 24539.3112487793 27568.4663696289 24950.7440795898 21554.7532653809 19046.1177062988 16784.0760650635 20977.4494934082 22619.2407226562 20724.8864746094 22880.1798400879 18446.0908813477 15365.389831543 17591.658416748 15582.0093078613 17217.2269134521 15678.7183074951 13313.7032775879 12667.8373413086 11190.4684295654 10092.9708709717
-3.4e+38 -3.4e+38 -3.4e+38 -3.4e+38 -3.4e+38 -3.4e+38 -3.4e+38 -3.4e+38 -3.4e+38 -3.4e+38 -3.4e+38 -3.4e+38 -3.4e+38 -3.4e+38 -3.4e+38 -3.4e+38 -3.4e+38 -3.4e+38 -3.4e+38 -3.4e+38 -3.4e+38 -3.4e+38 -3.4e+38 -3.4e+38 -3.4e+38 17520.2430419922 18419.5438232422 19977.0335388184 19701.0022583008 21675.9184265137 21270.9588928223 17553.3339538574 17425.7447509766 25964.7194519043 19652.6442718506 20896.2221069336 20163.5304260254 14890.597869873 14252.0050048828 16891.4378967285 13890.5299987793 14411.232711792 12102.630569458 11427.1002807617 10596.5186767578 9751.48225402832
-3.4e+38 -3.4e+38 -3.4e+38 -3.4e+38 -3.4e+38 -3.4e+38 -3.4e+38 -3.4e+38 -3.4e+38 -3.4e+38 -3.4e+38 -3.4e+38 -3.4e+38 -3.4e+38 -3.4e+38 -3.4e+38 -3.4e+38 -3.4e+38 -3.4e+38 -3.4e+38 -3.4e+38 -3.4e+38 -3.4e+38 -3.4e+38 -3.4e+38 17185.6598557692 16894.8092341189 17982.4635620117 19415.8359069824 19312.9691772461 19318.1789245605 18689.4667358398 14216.0886383057 15085.6589355469 17090.6175994873 14193.8298187256 15554.898727417 13759.9942626953 13365.0785980225 14915.1214141846 12509.8071289062 12097.5953674316 10581.9584197998 9870.62228393555 9924.08740234375 9531.84689331055
-3.4e+38 -3.4e+38 -3.4e+38 -3.4e+38 -3.4e+38 -3.4e+38 -3.4e+38 -3.4e+38 -3.4e+38 -3.4e+38 -3.4e+38 -3.4e+38 -3.4e+38 -3.4e+38 -3.4e+38 -3.4e+38 -3.4e+38 -3.4e+38 -3.4e+38 -3.4e+38 -3.4e+38 -3.4e+38 -3.4e+38 -3.4e+38 -3.4e+38 -3.4e+38 16461.5875822368 16803.8338470459 18294.3741455078 20520.061920166 21664.4708862305 20730.7857971191 18072.670501709 15100.1892089844 15624.1614532471 14037.3458862305 11770.7898712158 11492.2937927246 11921.0292816162 12703.1840362549 10944.9395141602 10797.5130157471 10380.5332336426 9850.78001403809 9773.88563537598 9162.65545654297
-3.4e+38 -3.4e+38 -3.4e+38 -3.4e+38 -3.4e+38 -3.4e+38 -3.4e+38 -3.4e+38 -3.4e+38 -3.4e+38 -3.4e+38 -3.4e+38 -3.4e+38 -3.4e+38 -3.4e+38 -3.4e+38 -3.4e+38 -3.4e+38 -3.4e+38 -3.4e+38 -3.4e+38 -3.4e+38 -3.4e+38 -3.4e+38 -3.4e+38 -3.4e+38 15425.0304827009 15409.1106567383 16417.806854248 17832.1886444092 21939.8223266602 23247.6614990234 21990.2512817383 18022.7002716064 14062.4765014648 12750.9613494873 11527.4565582275 10959.9963989258 11054.8339385986 12098.6388549805 11334.2717132568 10047.5479278564 9780.92221069336 9635.40464782715 9515.73300170898 8733.10920715332
-3.4e+38 -3.4e+38 -3.4e+38 -3.4e+38 -3.4e+38 -3.4e+38 -3.4e+38 -3.4e+38 -3.4e+38 -3.4e+38 -3.4e+38 -3.4e+38 -3.4e+38 -3.4e+38 -3.4e+38 -3.4e+38 -3.4e+38 -3.4e+38 -3.4e+38 -3.4e+38 -3.4e+38 -3.4e+38 -3.4e+38 -3.4e+38 -3.4e+38 -3.4e+38 15170.6052652995 15580.3890380859 16407.3451538086 19905.7773284912 19826.3310241699 23119.5366210938 26302.231628418 21508.6393737793 14816.8766174316 13261.0151672363 11779.21434021 10858.4539642334 10742.2128448486 10700.3097076416 9785.16500854492 9158.31170654297 9012.39775085449 9008.75500488281 8150.41174316406 7695.92185211182
-3.4e+38 -3.4e+38 -3.4e+38 -3.4e+38 -3.4e+38 -3.4e+38 -3.4e+38 -3.4e+38 -3.4e+38 -3.4e+38 -3.4e+38 -3.4e+38 -3.4e+38 -3.4e+38 -3.4e+38 -3.4e+38 -3.4e+38 -3.4e+38 -3.4e+38 -3.4e+38 -3.4e+38 -3.4e+38 -3.4e+38 -3.4e+38 -3.4e+38 -3.4e+38 15107.6441761364 15465.0821228027 15092.7359771729 16554.0057525635 22761.1958465576 26809.2687683105 27635.3983154297 21050.5862426758 18064.5243988037 13865.9697875977 11837.7607421875 11327.2500762939 11383.306137085 11688.6138000488 10334.1324005127 8940.98066711426 8929.81219482422 9723.71223449707 8438.46504974365 7112.00049591064
-3.4e+38 -3.4e+38 -3.4e+38 -3.4e+38 -3.4e+38 -3.4e+38 -3.4e+38 -3.4e+38 -3.4e+38 -3.4e+38 -3.4e+38 -3.4e+38 -3.4e+38 -3.4e+38 -3.4e+38 -3.4e+38 -3.4e+38 -3.4e+38 -3.4e+38 -3.4e+38 -3.4e+38 -3.4e+38 -3.4e+38 -3.4e+38 -3.4e+38 -3.4e+38 14854.712890625 14203.2293619792 14525.8623046875 14866.8525390625 15934.6265820312 18643.575378418 23599.6913452148 27146.2466125488 19455.8699188232 14121.9042053223 11802.8001098633 11831.2536468506 12512.5617218018 12859.4458618164 13171.8435668945 10374.0727081299 9177.15637207031 10366.1495361328 10634.8840789795 8200.73519134521
