Cases/SDM_Urocitellus_beldingi/westernUsClimate_modern/BIO12.asc
NCOLS 316 
NROWS 299 
XLLCORNER -124.820833001 
YLLCORNER 29.1625003333339 
CELLSIZE 0.0666666666645545 
NODATA_value -3.4e+38 
[rows 105 to 125 of 299, columns 0 to 45 of 316]
-3.4e+38 -3.4e+38 -3.4e+38 -3.4e+38 -3.4e+38 -3.4e+38 167240.68984375 181296.419921875 217090.918701172 227118.824462891 255617.609619141 262654.206787109 304322.297851562 341460.892578125 359928.55859375 294122.182861328 181251.166503906 162021.321044922 175644.753173828 185555.200683594 172049.524169922 165988.102783203 157194.808349609 128202.048706055 93059.2296142578 74619.8240966797 72041.3768310547 81034.8187255859 112148.322021484 128880.26940918 124511.545410156 94310.5440673828 71284.4583740234 70396.7059936523 72105.707824707 75632.5068359375 57840.7928466797 53611.5618896484 51449.3345336914 54115.5775146484 58716.553527832 58395.2390136719 75264.8112792969 54181.9975585938 35359.3916015625 31085.2992248535
-3.4e+38 -3.4e+38 -3.4e+38 -3.4e+38 -3.4e+38 -3.4e+38 168138.203125 169520.541158537 176290.313232422 209978.175292969 239169.815917969 264481.96875 294404.030273438 303129.283203125 294479.288085938 246182.848632812 209892.775878906 203103.556640625 183750.934814453 204986.9140625 192410.084716797 171676.893310547 160915.609619141 149125.254394531 112341.234619141 84663.0181884766 79635.6511230469 100221.801513672 125332.319946289 122972.00769043 90010.2113037109 71994.8041992188 61876.5490722656 64517.8540649414 63486.4295654297 54159.9210205078 53268.272644043 54511.1930541992 55565.198425293 54013.2622070312 55188.0083618164 50762.6135253906 49668.8151855469 42835.118347168 31161.744140625 28481.3974304199
-3.4e+38 -3.4e+38 -3.4e+38 -3.4e+38 -3.4e+38 -3.4e+38 -3.4e+38 -3.4e+38 173487.656960227 189543.315673828 220135.900878906 268265.582519531 287320.180664062 307747.447509766 245072.852783203 214521.583740234 220943.987060547 250889.460693359 229272.056396484 209868.703125 174982.785400391 184753.247802734 166944.983642578 166397.340576172 172410.983154297 111874.170410156 98161.1527099609 113337.147094727 106522.608520508 80243.2727050781 81963.056640625 78206.0057373047 73599.3276367188 54934.7777099609 53321.8679199219 45538.8640136719 48834.6873168945 60716.6294555664 68259.7827148438 56832.3944091797 44605.2203979492 39575.4792480469 34823.2458190918 35733.243347168 37137.6240234375 29448.3065185547
-3.4e+38 -3.4e+38 -3.4e+38 -3.4e+38 -3.4e+38 -3.4e+38 -3.4e+38 161568.40625 165845.453881048 180493.400878906 207359.760009766 268529.102050781 259316.523193359 281242.593505859 239241.129882812 214506.530273438 244986.381591797 282875.712402344 262689.896484375 194812.496826172 164751.639160156 166367.587158203 158881.985351562 150553.612548828 133600.854736328 97889.8310546875 74426.8403320312 72997.2848510742 77623.092590332 70533.1530761719 72686.8739013672 62805.0433349609 65732.2624511719 55143.1768188477 53968.5176391602 41371.0606689453 57792.8520507812 67190.6102905273 76516.3676757812 62317.8126220703 36139.3315429688 32306.4898071289 31965.9339294434 33400.5805358887 42499.9241333008 32740.9235534668
-3.4e+38 -3.4e+38 -3.4e+38 -3.4e+38 -3.4e+38 -3.4e+38 -3.4e+38 157798.591517857 159187.510253906 171574.213623047 204686.01171875 240130.052001953 259910.041992188 277461.556640625 269521.447021484 268869.555419922 325144.485107422 305509.069824219 304804.318359375 253208.180419922 196319.987548828 136932.464233398 138050.541015625 166457.583007812 145449.620727539 96337.7227783203 65904.8384399414 68706.3594970703 76012.4434814453 74907.4114990234 80583.8986206055 64526.4930419922 58780.1662597656 53163.4708251953 51638.6115722656 41078.5989990234 51931.4696044922 62548.2470092773 67305.9414672852 64877.51171875 47077.7866821289 31926.992980957 32169.3686828613 37364.29296875 44615.710144043 35597.0633239746
-3.4e+38 -3.4e+38 -3.4e+38 -3.4e+38 -3.4e+38 -3.4e+38 -3.4e+38 -3.4e+38 157800.143229167 166787.014648438 214309.249755859 252516.263183594 255836.118164062 251047.364257812 250179.704345703 319491.252685547 344921.680664062 348560.490722656 262839.021972656 183610.915283203 168653.386230469 159448.212646484 154225.51953125 184211.834228516 186413.691162109 109616.715332031 77843.7710571289 67256.8814697266 81015.8444824219 81686.2327270508 76722.555480957 65764.3355712891 54859.5618896484 50183.1669921875 46695.5837402344 42835.438659668 47958.7206420898 58085.6020507812 58829.674621582 58552.6625366211 52549.5167236328 43756.3724975586 38890.015838623 42018.4686889648 35279.3221740723 35060.2077026367
-3.4e+38 -3.4e+38 -3.4e+38 -3.4e+38 -3.4e+38 -3.4e+38 -3.4e+38 -3.4e+38 159850.494791667 167469.2109375 211816.305908203 253534.820068359 292960.678466797 260333.987792969 248583.710449219 249971.239501953 377186.763183594 377120.198242188 305893.546630859 201389.34375 157269.263183594 172667.232666016 174085.261962891 226423.932128906 190663.982666016 70892.051940918 68934.932800293 67855.4204101562 64223.4096069336 60506.7434692383 68572.666015625 68190.8194580078 62523.931640625 54863.4497680664 55109.9688110352 48087.9959716797 48260.1053466797 57992.0782470703 55132.0866699219 51518.0737304688 51405.2840576172 54464.5863647461 49687.3156738281 45522.8330078125 41232.2913208008 44622.6690673828
-3.4e+38 -3.4e+38 -3.4e+38 -3.4e+38 -3.4e+38 -3.4e+38 -3.4e+38 -3.4e+38 -3.4e+38 169076.013888889 182723.118408203 223999.057617188 257295.551757812 284933.356201172 322923.832519531 329047.825195312 401509.385742188 313247.705566406 203535.290527344 166756.739257812 165299.385498047 205961.627929688 223754.601318359 240483.961669922 220690.289306641 104912.53527832 87773.1955566406 63383.3884887695 59378.58984375 56032.2077026367 60122.2526855469 64685.6860351562 89251.1052856445 68877.6480102539 67008.4262084961 58737.0168457031 55426.7382202148 62612.9724121094 55491.7211914062 52801.7251586914 67238.115234375 71457.522277832 67998.9765014648 59070.0420532227 64373.8771362305 77412.2692260742
-3.4e+38 -3.4e+38 -3.4e+38 -3.4e+38 -3.4e+38 -3.4e+38 -3.4e+38 -3.4e+38 -3.4e+38 166999.302083333 174892.9296875 203926.838867188 218143.301025391 309412.431152344 295003.599853516 320021.243652344 370426.8203125 337775.437011719 199991.979492188 158920.655517578 191340.933837891 225608.894287109 238946.379394531 239595.597167969 201781.552490234 161702.365966797 97769.1318359375 81614.1718139648 60621.0496826172 55246.8495483398 64506.6199951172 77744.2403564453 86444.8524169922 75073.2325439453 81164.7042236328 73610.7657470703 68065.6334838867 70513.6262817383 69296.1959228516 80537.6143188477 98480.9326782227 90233.9874267578 116191.649902344 98482.0909423828 109331.277587891 114865.571777344
-3.4e+38 -3.4e+38 -3.4e+38 -3.4e+38 -3.4e+38 -3.4e+38 -3.4e+38 -3.4e+38 -3.4e+38 -3.4e+38 170769.824314024 191060.967041016 207345.579589844 225499.182128906 250524.716308594 254864.197021484 340098.763671875 367496.362792969 260513.322021484 163241.109619141 184571.151367188 192559.670654297 202440.190917969 210781.127929688 195740.354003906 163485.125610352 128172.003540039 113597.948852539 76149.6499023438 58076.7986450195 63358.9869995117 94073.1900634766 111197.813964844 96376.9796142578 118002.705444336 82442.8884277344 68329.4102783203 79696.2629394531 120941.297973633 134879.917114258 116655.96496582 116219.700805664 119923.404785156 115910.91394043 107550.817504883 105751.329956055
-3.4e+38 -3.4e+38 -3.4e+38 -3.4e+38 -3.4e+38 -3.4e+38 -3.4e+38 -3.4e+38 -3.4e+38 -3.4e+38 164531.601171875 174592.876464844 211705.623291016 202160.145751953 295741.442871094 378292.916992188 351763.142089844 345809.752197266 270728.369140625 180468.317382812 166012.276123047 176448.654296875 225383.948730469 223875.166992188 167840.115600586 140544.623168945 145198.379150391 121101.723144531 79783.4169311523 58395.9619750977 65251.5692138672 76317.4647216797 112092.461547852 143441.061401367 120032.045043945 107203.660644531 90348.4992675781 100035.736816406 164493.271728516 199532.264648438 161019.808837891 140783.865112305 130284.333251953 122605.759765625 109224.589111328 101292.357910156
-3.4e+38 -3.4e+38 -3.4e+38 -3.4e+38 -3.4e+38 -3.4e+38 -3.4e+38 -3.4e+38 -3.4e+38 -3.4e+38 155410.330528846 158168.947998047 209789.927246094 229590.658447266 219691.700439453 344720.94140625 292962.790283203 269537.901367188 166494.411376953 160117.214111328 203339.849365234 142740.51940918 171686.638061523 180959.792480469 121012.951049805 127653.649780273 117629.925170898 146680.835205078 90574.0938720703 59190.1950683594 65169.842956543 81431.4515380859 159840.77722168 159633.020751953 109122.919799805 112638.40234375 130691.713378906 109362.161987305 142908.254882812 188086.041259766 180620.290771484 159876.15234375 147192.452880859 136108.826171875 119236.793701172 98946.8193359375
-3.4e+38 -3.4e+38 -3.4e+38 -3.4e+38 -3.4e+38 -3.4e+38 -3.4e+38 -3.4e+38 -3.4e+38 147214.895432692 146031.706787109 165356.530517578 242700.249755859 272087.947753906 232570.538330078 217332.781494141 282440.611572266 159869.221923828 148361.997802734 164640.454345703 218908.590087891 154753.421630859 121562.921386719 124132.048095703 127845.029785156 122387.746459961 124639.656982422 143607.734375 126153.738647461 80702.2691040039 99752.7778320312 136916.621582031 152421.435913086 147456.672607422 132568.798461914 130672.307128906 155239.599609375 152370.830566406 152455.042724609 160427.847412109 133819.561889648 139412.248779297 158932.290771484 150668.139404297 130825.70715332 107427.428833008
-3.4e+38 -3.4e+38 -3.4e+38 -3.4e+38 -3.4e+38 -3.4e+38 -3.4e+38 -3.4e+38 -3.4e+38 137468.129882812 144954.981689453 220392.321533203 212678.452880859 268719.920410156 284391.338867188 215703.166748047 177868.065673828 168717.559326172 178836.452392578 174167.916503906 203064.918701172 210836.403564453 147735.295166016 116022.631469727 103716.970703125 114889.299072266 114860.940795898 144085.170898438 153227.058837891 134191.856445312 165431.571166992 162269.983154297 149221.690917969 163805.794677734 174902.201171875 167722.504394531 172224.911132812 182858.916992188 172304.464355469 161841.763916016 139601.426025391 149408.927978516 194300.639404297 217379.460205078 212991.4609375 141862.668212891
-3.4e+38 -3.4e+38 -3.4e+38 -3.4e+38 -3.4e+38 -3.4e+38 -3.4e+38 -3.4e+38 -3.4e+38 130382.303240741 151905.862548828 198879.226318359 257082.351074219 219373.631591797 287431.403320312 204905.915527344 169950.034667969 171133.170654297 183142.353759766 237268.416015625 211715.889892578 224343.226806641 188246.940917969 149048.038452148 102763.658081055 101770.488769531 122714.176269531 162967.604248047 159720.194335938 147446.068847656 183655.535400391 166914.291015625 150944.879150391 153460.911376953 165138.828857422 191584.387695312 198731.916748047 171961.598388672 196673.082275391 163857.940917969 157022.044677734 165165.677001953 218836.813232422 189689.583984375 196471.086669922 169230.3671875
-3.4e+38 -3.4e+38 -3.4e+38 -3.4e+38 -3.4e+38 -3.4e+38 -3.4e+38 -3.4e+38 -3.4e+38 122728.905348558 149108.752563477 175233.468505859 202999.929931641 206385.098632812 205194.934814453 260203.674560547 176693.116455078 157649.494873047 186524.069335938 209195.019775391 225711.388916016 188831.220458984 152483.696044922 166927.426025391 128039.785888672 138905.069458008 135635.340332031 160255.472290039 156674.546875 173154.68359375 183164.946533203 152198.105957031 149808.946044922 150291.935302734 171888.360595703 190655.340576172 205064.076416016 207301.854003906 225993.491943359 165862.403320312 182537.998046875 191964.834960938 206486.333251953 198553.060791016 227408.875732422 190535.296875
-3.4e+38 -3.4e+38 -3.4e+38 -3.4e+38 -3.4e+38 -3.4e+38 -3.4e+38 -3.4e+38 -3.4e+38 115916.341992188 123893.463134766 140397.853515625 168263.422607422 214913.926025391 193478.997802734 267296.944091797 275031.482666016 158331.478759766 157266.577880859 183653.520996094 220180.001708984 177656.001831055 142329.971191406 150821.844970703 130315.924560547 121566.400268555 162538.395996094 171994.434814453 167027.870605469 169322.4296875 156689.252441406 144207.735351562 151617.514648438 157983.078613281 189510.660400391 197645.366455078 196748.468261719 223473.648925781 239720.083007812 194884.819580078 247292.474853516 218500.575927734 208315.450195312 201204.765869141 197340.969726562 157893.583496094
-3.4e+38 -3.4e+38 -3.4e+38 -3.4e+38 -3.4e+38 -3.4e+38 -3.4e+38 -3.4e+38 -3.4e+38 110605.899174528 117241.022460938 126837.199707031 156853.685791016 161938.717285156 185872.576660156 225231.245849609 245987.903808594 164394.465087891 148202.482910156 176103.018432617 183396.820068359 141268.428955078 155861.027099609 186220.131835938 141190.237304688 113490.904296875 135038.837646484 135626.801269531 151113.825195312 159606.667724609 123722.301513672 124161.012817383 135598.286254883 167121.051513672 214667.190917969 204878.174804688 193783.483154297 215598.541992188 201347.790771484 215888.380371094 222087.372558594 221166.536376953 207204.699951172 189927.039794922 173605.588623047 137466.539672852
-3.4e+38 -3.4e+38 -3.4e+38 -3.4e+38 -3.4e+38 -3.4e+38 -3.4e+38 -3.4e+38 101657.444602273 102702.470610119 104193.483398438 123757.874755859 133088.967773438 154062.216552734 200250.475830078 199131.935546875 268551.625976562 162979.553955078 127011.286010742 131900.010009766 136347.83215332 148848.678222656 161503.012451172 151659.927124023 138956.133056641 107596.456298828 116997.492431641 130917.804443359 119680.421386719 107386.034667969 100447.161254883 112667.682128906 137687.279418945 153559.138916016 202958.371826172 203828.726074219 185846.169921875 193158.962158203 188118.102050781 229903.614501953 208434.298339844 207852.426025391 181763.749755859 168542.726318359 172363.907714844 154563.612548828
-3.4e+38 -3.4e+38 -3.4e+38 -3.4e+38 -3.4e+38 -3.4e+38 -3.4e+38 103735.453125 101440.382401316 101365.653808594 103876.481445312 126902.102783203 167406.817626953 148328.903076172 175812.424316406 237252.184082031 246987.572265625 219029.746337891 143525.436767578 132680.743164062 127540.939086914 128491.798583984 115431.334960938 124763.504150391 128344.012084961 100567.317626953 108439.595458984 138646.818725586 114422.85144043 99593.5181884766 94181.5447998047 115684.912719727 139029.801025391 136972.504516602 181979.341308594 200636.517578125 173942.775634766 178894.897216797 193936.354492188 185752.813720703 177879.94140625 171569.706298828 160507.797363281 172346.303955078 177901.443359375 152559.534179688
-3.4e+38 -3.4e+38 -3.4e+38 -3.4e+38 -3.4e+38 -3.4e+38 -3.4e+38 106017.706054688 104312.122680664 109888.34362793 120358.022216797 130501.913330078 191759.856933594 185824.00390625 168435.360595703 276437.764404297 278340.822509766 223783.954833984 156149.128173828 129997.610229492 136255.210083008 140573.454223633 129796.473632812 105369.383666992 110138.213378906 126069.405639648 97541.6965332031 107596.020507812 100059.375244141 95029.8217773438 89550.5130615234 119657.731689453 124617.526000977 143661.077758789 201078.298095703 184775.922363281 172115.181884766 167458.236816406 167543.413574219 157559.551513672 148428.165283203 145175.467163086 143839.381103516 148217.823608398 146954.716064453 135404.123901367
