Cases/SDM_Urocitellus_beldingi/westernUsClimate_modern/BIO16.asc
NCOLS 316 
NROWS 299 
XLLCORNER -124.820833001 
YLLCORNER 29.1625003333339 
CELLSIZE 0.0666666666645545 
NODATA_value -3.4e+38 
[rows 231 to 251 of 299, columns 230 to 275 of 316]
25905.5444946289 27117.5648498535 28008.2276611328 26757.999206543 24425.0445556641 23799.1844787598 23795.6558227539 23680.8405456543 21342.8931274414 20261.4257202148 19783.5082092285 20794.0676574707 21711.8765869141 26493.0487060547 24061.8133544922 21321.4388122559 20616.352355957 20500.0838012695 21038.0139465332 22259.8395690918 23524.9815673828 22505.8187866211 21335.3516235352 21194.1375732422 21176.8188171387 21221.887512207 20884.0509643555 19977.4195251465 20665.0318908691 22742.6709594727 28375.8758544922 26816.1527709961 21247.4941101074 15454.7831115723 13200.1087799072 12322.8440093994 11889.8453063965 11672.2781066895 12247.7552185059 12734.7909851074 12573.7061004639 12539.153793335 12628.5020141602 12563.8166503906 12624.7308044434 14040.2598724365
27010.1102294922 27823.925567627 27566.1441955566 25259.3602905273 25615.9225769043 25831.8225097656 24922.6871032715 22083.9719543457 20633.9145202637 19945.6380004883 20199.3291625977 23336.9828491211 21857.3732910156 22722.3534545898 25901.6832275391 23846.711517334 21463.0852661133 22237.8390808105 20898.5979003906 20892.5162963867 21627.4463195801 21960.3970336914 21813.8621520996 20913.134765625 21258.09375 22258.0186462402 21176.2677307129 20157.219543457 20188.8363342285 21402.6206359863 26774.8765869141 26741.9925537109 20578.6922302246 14983.1759338379 12946.2307739258 12020.4534301758 11517.8444976807 12143.1712341309 12818.7587738037 12911.1916046143 12556.4425354004 12287.2445373535 12536.8226318359 12719.531463623 13242.1073303223 14392.845199585
22638.0221862793 24033.590637207 25043.8918457031 25069.0961303711 25727.0092163086 27728.4269104004 25792.4012145996 21959.2657470703 20498.558380127 20796.3811950684 22278.0208435059 25103.6506958008 25830.193145752 26567.2633056641 25839.1275024414 24227.5054626465 22861.766204834 21286.321685791 21608.2236022949 20558.4725036621 21315.7640991211 22248.0533752441 21991.7333984375 20651.0673217773 22085.690612793 22437.245880127 21482.1476135254 21836.5244445801 21424.6777038574 19812.4132385254 24114.3704528809 22792.829284668 18286.2334136963 14924.5746002197 12783.1414794922 11777.9360656738 11861.7823944092 13061.6338653564 13439.8245544434 13420.423614502 12752.0976867676 12184.2553405762 12443.1210174561 13217.5395965576 14258.971862793 16625.9150238037
21914.454284668 23989.3822937012 24774.760925293 23843.2277832031 22470.4724731445 24255.0163574219 24310.0440673828 21446.5061035156 20004.8822631836 20365.133605957 21710.666229248 26124.4691162109 31802.5451049805 29459.4925842285 24619.9230957031 23636.5830688477 23640.3641662598 24207.847442627 25079.4522705078 23633.298828125 21785.7405395508 22457.4401550293 23332.7088012695 23835.6780090332 23959.051940918 22618.488861084 21721.2203063965 22629.6383056641 23769.0799865723 19623.4570007324 19189.0255737305 18613.3477020264 16485.9809112549 13859.6381530762 12165.6061096191 12802.982131958 12981.5596618652 13214.3786773682 13403.4164733887 13262.276184082 12810.2408294678 12733.9124603271 13076.0347747803 13541.0068206787 15555.6799163818 15634.8625335693
20835.6880493164 22373.585723877 22844.6123352051 21874.2095947266 20830.1001586914 22508.9176940918 22156.5939025879 20673.5981140137 19801.2460021973 20300.652923584 21876.4825134277 27936.2060546875 32122.9228210449 28604.2074890137 24621.2006225586 22872.4787597656 22516.1201171875 23449.7395324707 25393.6532897949 26276.6684875488 21949.3813171387 22601.6485290527 24931.3712768555 25912.2435913086 25143.4026184082 23039.1615905762 21974.2132873535 22570.014831543 23219.0783996582 19934.3651123047 16123.6953277588 15325.3778686523 14119.4546051025 12852.3060913086 12165.1619567871 14590.5512695312 14040.0876464844 13792.5036621094 13659.9953918457 13347.7812194824 13228.8134460449 13354.4951019287 13737.3419952393 14087.6376647949 14613.0129394531 15472.2750854492
19502.3598937988 20688.5187072754 20980.0579223633 20640.6444702148 19703.2716064453 23167.1464538574 22511.7057189941 20815.4660949707 20805.0673217773 20592.6706237793 24796.3648071289 29873.9013366699 34416.1281738281 30865.7796936035 26436.2826538086 24233.3873291016 21369.657989502 21415.7138061523 22638.2543334961 21382.6276855469 18700.8719177246 20488.2879333496 25414.1678771973 27179.1097717285 25353.1000366211 23087.7498168945 22109.8889770508 21462.4261779785 22561.957611084 19072.3083496094 15961.4560546875 14301.5864868164 13600.5198669434 12902.9986114502 12497.6976318359 14516.0246734619 14502.7427062988 14059.128616333 13753.3078460693 13135.4651947021 14901.0926818848 16941.023147583 17532.2734069824 19019.1946563721 20930.683013916 15285.2500915527
19619.2731323242 20864.3448486328 20538.4591369629 19850.8577575684 18682.427154541 21263.7777709961 20617.0229492188 20738.2383117676 20828.5581665039 20318.659362793 23010.137878418 26181.5298156738 28173.0897827148 28839.2840270996 25799.7022094727 23549.6929016113 23360.5511474609 21668.3166503906 19831.8143615723 19123.9565124512 18364.0926818848 20916.5321350098 25608.8291015625 29292.4359741211 27136.316986084 23364.8893127441 22319.7899780273 21193.741973877 20239.0006713867 17278.4925842285 15268.3638763428 14091.3625030518 13494.9937286377 12951.8233337402 12971.7366943359 14209.0281219482 14738.9939880371 14471.5101470947 14256.1002197266 14302.1695098877 18780.8846740723 21334.4520874023 21598.1851196289 19694.4915771484 15638.6493835449 11955.2235412598
18874.0235900879 20866.9110412598 20202.813293457 18097.1923217773 18188.4863586426 19254.1580200195 20793.1065063477 20130.6382751465 20192.0279541016 19900.854309082 20962.7373962402 22628.5745849609 24593.9869689941 25956.1101989746 27543.5524291992 28763.9459533691 27645.9400024414 23603.3930358887 21300.5746459961 20778.0547790527 20951.0997619629 23299.1988525391 25754.3590698242 28799.6537780762 26706.9620361328 23076.9903869629 22484.6991577148 20813.2058410645 19654.7413635254 16784.3970489502 14718.8541870117 13917.7875213623 13300.0806274414 13049.3063659668 13179.1996612549 14100.1841125488 14668.3184051514 14740.8358001709 14868.9105224609 15290.5771942139 19131.1038513184 22915.0899658203 19182.1879272461 14482.4334106445 11860.1622009277 11327.5602111816
18352.4754943848 19888.1741027832 18971.9563598633 18427.7464752197 21471.860748291 21792.6516418457 21735.6158752441 20695.3663330078 20637.6379089355 20558.7167663574 20271.9589538574 21447.7814331055 23166.409362793 23791.9167785645 27460.3847351074 26344.3658447266 25991.354675293 23967.7297668457 22572.5694274902 22952.8157958984 23096.5250244141 25726.5545654297 28129.955291748 29360.0356445312 29751.6163024902 24445.5146789551 23614.833404541 21524.4080505371 19395.4610900879 18170.2813415527 14727.079788208 13463.6614990234 13226.7990722656 13519.1572570801 13908.1976013184 14627.4004974365 14573.8972473145 14640.0290222168 14873.58203125 15459.5771331787 17904.7820587158 19451.2039489746 17544.370010376 13669.4877929688 11288.3193511963 11193.320892334
17539.6625671387 17807.8945159912 16321.8648529053 17275.1241912842 18958.0800476074 21179.3677368164 22909.5083618164 21970.6555480957 21722.3483276367 20894.1584472656 20207.6919250488 19163.9286193848 20679.5930786133 21487.2171630859 23317.5698242188 24030.9254455566 22404.1124267578 21341.8990783691 21815.4469909668 23115.5059814453 25208.9476318359 26152.1710510254 27302.0579528809 29329.8153076172 33141.283203125 28805.9498291016 27157.309753418 23746.4151916504 19727.9083251953 16639.2666015625 14714.9802398682 13487.7368927002 12937.9844360352 13850.0608673096 15192.6307067871 14856.4816436768 14666.677230835 14673.1223144531 14990.1065979004 15597.6117401123 17136.73046875 18459.8933105469 19904.8067626953 14653.8505249023 11126.2951049805 11220.2870483398
18286.5821075439 15441.1859130859 14635.7473449707 15372.6094055176 16231.0509796143 18210.0390777588 20796.8125915527 22966.9143066406 23639.2534790039 22004.1624145508 21135.2594604492 20026.623626709 18720.6141662598 19509.6870117188 20376.9233398438 20895.5100097656 22143.0920410156 24617.6620788574 24837.1107788086 24909.7092285156 24408.0653991699 25036.5519714355 25858.8222351074 28095.0603637695 32306.2025756836 34304.3442993164 30588.0301208496 25334.6132202148 20832.0709838867 16871.4112701416 13921.0947418213 13494.6670532227 12788.7708282471 15061.7723388672 17002.9324798584 15182.8052062988 15006.3386230469 15025.7901916504 15119.4371185303 15497.2027282715 16272.9238739014 17263.0875244141 17952.9837646484 15548.1561737061 11160.4797210693 11103.2125244141
14426.4012451172 16535.7543640137 16851.8623809814 15040.1572265625 14305.260345459 15916.690826416 17437.5354919434 20652.679107666 21653.368347168 21339.2422485352 21029.2030944824 20375.4248352051 19015.6000671387 18386.5775146484 19323.4633483887 19784.0587158203 20244.8010559082 23129.1392211914 27097.5149230957 28457.581817627 27433.7294311523 25307.359375 24541.9538269043 26658.7143859863 28966.9978942871 34436.5278625488 30222.8883361816 23557.4599609375 18887.6234436035 15709.1180419922 13568.4285888672 13818.0830688477 12686.1984710693 15071.7271270752 18266.8922576904 15901.7342681885 15200.8043060303 15054.4007415771 14996.2173461914 15391.8301239014 15832.5400238037 16817.2129669189 17972.4107666016 18602.1971740723 11946.8104705811 11071.6253356934
13251.9696502686 16385.1659393311 19332.1524658203 16590.3558349609 14031.8548278809 14899.4106445312 16659.6627197266 19239.2872619629 19821.6288757324 19278.4488830566 20437.5989990234 21073.1088562012 19409.1958007812 18272.1322937012 18650.8026428223 20034.8059387207 22104.8711242676 23516.8055114746 25279.9252319336 26040.9581298828 26424.4336547852 25388.8452758789 22991.2834777832 23585.3364562988 25249.7991027832 33279.1104736328 29128.7745056152 23342.5232849121 19753.7151489258 15765.4900665283 14362.01902771 13871.7459259033 12877.7038574219 14212.6920013428 15839.3146209717 15718.2283325195 15024.6847839355 14723.6722717285 14659.2229309082 15087.8521728516 15674.6243743896 16450.3594055176 18482.7023925781 19039.9203796387 13148.3768310547 11196.2967529297
12653.0223693848 14661.5288391113 16997.1537017822 15939.3628845215 14045.0139923096 14090.7312469482 15221.6719665527 16867.4281768799 17990.0100097656 17698.3616333008 17929.8301086426 18550.1877441406 18941.5220031738 18549.5054321289 19429.0479125977 19211.338684082 21662.9406738281 22935.2075805664 21756.9478149414 21768.0372009277 22175.5559997559 23911.5740356445 22908.4797058105 20953.2737426758 22059.1214294434 27081.3716430664 28116.6922607422 23708.4526062012 19371.434173584 17031.2830505371 15420.698348999 14888.4669036865 15030.7384033203 16087.1976928711 16268.6585845947 16099.4570465088 14559.7477722168 14766.7577514648 14484.7174377441 14761.6442871094 15487.1316680908 16228.2812194824 18077.4397888184 19962.9874267578 14173.361618042 11324.7866821289
12341.668182373 13775.8980865479 15103.4544677734 15342.5258789062 14467.4903106689 13722.5336761475 14026.2744293213 14826.6019439697 15939.0820159912 16560.0362243652 16534.5094451904 16569.7508392334 16932.1002807617 18964.4739379883 20174.517364502 19245.5034790039 20354.5689086914 20548.0594787598 19600.1114501953 19811.9965515137 20637.2215576172 21824.4591369629 21278.5303955078 21256.1382446289 19409.3468322754 22249.2767333984 25843.9156799316 22012.9071350098 19978.6244506836 17200.7647094727 16499.5912780762 15904.1883087158 15917.1815795898 15899.4331359863 14925.5242156982 14727.9713439941 14201.8905792236 14249.073348999 14499.7155761719 14542.9446563721 14923.2392272949 15706.898147583 16935.8764343262 19975.6953735352 16229.5176696777 11521.2043609619
13424.451675415 14561.4228363037 13717.7444610596 14203.5905914307 16028.8932647705 14186.3748016357 13880.6486053467 14074.0675964355 14680.6031646729 15695.7619476318 15724.9117736816 16312.5198669434 16565.9476165771 17724.6723327637 20183.0750732422 20253.4979248047 19574.1827697754 19769.5115356445 18195.040222168 17491.1674804688 17786.1575622559 18501.586730957 19660.5418395996 19866.6986083984 17882.361114502 19520.2809753418 22891.0237731934 20861.447052002 18389.8709106445 16876.7599639893 16490.5912628174 16119.9858856201 15426.8395843506 14931.4143218994 13390.6175994873 12855.0926055908 13073.4865112305 14097.4384918213 14505.0345001221 14637.8206329346 14701.9354858398 15170.654006958 16283.5467987061 20034.6357116699 19250.0413513184 11982.7932739258
12771.8980255127 14161.9016265869 12927.8292236328 14564.8730926514 18072.8918762207 15143.6231384277 14311.8972167969 14541.3788146973 14774.2204437256 15204.6440124512 15702.8458862305 16004.7214813232 16127.6565704346 16860.2635498047 18617.0015258789 21332.4092102051 20507.5238952637 18916.1015930176 17896.171875 17220.2690124512 17566.6478271484 17427.6399536133 17140.8471069336 16703.9609680176 17068.9401550293 18129.182434082 21449.7157897949 18675.5375671387 17270.7234802246 16344.8709716797 16211.1806793213 15662.231262207 15105.6368255615 14980.2274017334 15349.308883667 14773.6597747803 13734.3599090576 13510.7292175293 14242.1478118896 14515.3158416748 14721.0184936523 14873.8790435791 15568.2892456055 19146.135559082 21506.7377166748 14503.0034484863
11647.0785675049 12026.3376312256 12155.6684265137 13582.7971038818 15884.5770568848 14918.5420227051 14320.4432983398 14678.9313201904 14873.5825653076 14978.6602172852 15322.4517974854 15598.5226287842 16079.3066253662 16857.1961517334 18484.7408447266 20029.1252441406 19265.3120727539 18470.2198181152 17945.263885498 17876.7420349121 17784.2371520996 17114.7288208008 16230.3112335205 15873.899017334 16116.5381164551 17916.0698699951 22823.470703125 17672.0068969727 16437.5662841797 15935.34815979 16122.0639343262 15235.2047424316 15244.8433990479 16316.3089447021 18037.0682373047 16001.9604034424 14346.3933105469 13605.657913208 13672.9822845459 14484.7312011719 14688.2511749268 14408.3307189941 15187.6335754395 20373.3919677734 23283.1950073242 16217.9009399414
11869.1773071289 11264.6822357178 11480.6106567383 12727.3648681641 15338.9985198975 16172.6649169922 14744.285949707 14336.251739502 14385.4761657715 14515.1508483887 14877.7694702148 15129.3248291016 15756.7882843018 17079.1071929932 19018.3573608398 19277.1512756348 18296.8584289551 17894.47265625 17510.2957763672 17497.5890808105 16998.9633026123 16130.2736968994 15377.9808502197 14996.4477081299 15477.6881408691 16093.4630279541 16850.1018676758 16690.1106872559 15629.2621765137 15631.9657287598 16325.8971862793 15758.1991577148 15455.5089263916 16235.3082427979 16523.0317687988 15378.2516784668 14533.4449310303 14032.9211883545 13798.7088470459 13183.5580596924 14269.6707305908 13625.002166748 14753.0496826172 20797.8241882324 19078.7796020508 13033.7104034424
12337.2886962891 11564.8053894043 11111.5176849365 12075.9920196533 14147.669418335 16557.3419494629 16127.171081543 14225.4370117188 14043.1680145264 14057.88331604 14289.3888702393 14125.6591949463 14395.4470672607 15971.4872283936 17919.1343688965 18603.2351074219 17509.0924072266 17192.4125976562 16845.2084655762 16500.0889129639 16016.9262390137 15333.1140136719 14684.2557830811 14353.3346252441 14404.6732788086 14525.9635925293 14798.538848877 15169.9418334961 14508.2607269287 14728.2866668701 15547.3642425537 16458.3885650635 15640.6118621826 15418.6775512695 15006.544631958 14630.745513916 14805.1844482422 14192.8189544678 14706.5647583008 11967.3099517822 11776.7459259033 12537.9500732422 14904.5814361572 22176.1799621582 15353.9469604492 12279.9715270996
12785.5950622559 12093.4575195312 11359.6757202148 11406.6046447754 13026.4900817871 15190.0520477295 16349.0880584717 14463.6485595703 13764.7883453369 13868.720993042 14153.5330810547 13442.327835083 13029.557220459 13705.6528015137 15323.4927062988 16360.3855285645 16241.5201721191 16193.4298553467 15904.3375244141 15378.2050170898 15071.7919158936 14448.1271972656 13936.394821167 13599.9692382812 13270.5290527344 12834.1231842041 12825.1251983643 13044.4731292725 13097.0556640625 13209.6829681396 13768.8746643066 15135.1114501953 14991.0188293457 14494.9942016602 14017.535736084 13903.6687011719 14294.8970184326 13834.559387207 13381.5383911133 11285.0006103516 10611.3343048096 11663.6965942383 15374.8342590332 25549.7477722168 23774.8988494873 13037.0096435547
