Cases/SDM_Urocitellus_beldingi/westernUsClimate_modern/BIO17.asc
NCOLS 316 
NROWS 299 
XLLCORNER -124.820833001 
YLLCORNER 29.1625003333339 
CELLSIZE 0.0666666666645545 
NODATA_value -3.4e+38 
[rows 126 to 146 of 299, columns 184 to 229 of 316]
5377.29414367676 5330.60097503662 5887.63468170166 6351.32109832764 7185.94300842285 9745.41006469727 7270.42723846436 6020.96139526367 6388.67897033691 6127.94111633301 6048.05870056152 8769.71636962891 10720.4251861572 10892.3662872314 10896.7291717529 9564.72677612305 9048.65383148193 9130.06737518311 7864.30944061279 8923.33585357666 11249.932434082 12310.013168335 13126.6712341309 14152.6007537842 14069.6653137207 13922.7073516846 15697.7413330078 15329.5002593994 16409.9490966797 15410.8786010742 16005.359588623 15185.0978088379 15431.937210083 16476.3608856201 14983.4050292969 12883.8152008057 15605.5298614502 15253.1732788086 14404.3198242188 14948.124710083 14560.9370422363 13720.7302093506 13107.5882568359 11792.4578552246 11603.8495788574 10395.4674072266
6588.66732788086 5481.3473739624 6005.5563583374 6369.00215148926 7253.62957000732 10451.0809707642 9075.29215240479 7020.91202545166 6969.47839355469 6710.40077972412 6645.36318206787 8893.0537109375 11674.1706237793 13582.969039917 12902.7622680664 10620.1130065918 8916.20729827881 8104.11476135254 8039.60787200928 8296.56409454346 9588.54727172852 10122.7361755371 11252.1024780273 12537.9504241943 12976.1212615967 13958.1841430664 14776.751373291 14233.0654449463 15681.5646972656 15179.1903839111 13085.5903015137 13949.3668823242 13260.1739959717 12601.7744750977 13287.521194458 13185.3594665527 10639.7450408936 13039.8272399902 12101.820526123 11660.3723907471 12374.7124328613 10822.3270950317 10508.0310287476 9425.75958251953 7774.25547027588 5710.87771606445
8086.37627410889 6563.3688659668 6368.74491882324 6750.66648864746 7898.08606719971 11000.6172637939 9611.61592102051 7755.09374237061 7468.50177764893 6646.58697509766 7048.59031677246 10054.6875228882 12954.2992858887 12962.2106628418 11542.8063354492 9016.16054534912 6869.12964630127 7343.64109802246 8505.5518951416 9769.79933166504 9951.72248840332 10474.6463317871 11553.5726928711 12774.8802337646 13155.0347595215 12584.4188842773 15349.3175048828 14878.0401916504 13885.2017364502 12842.4800415039 12858.8786621094 9335.71794128418 10761.2828216553 9713.5192565918 9710.99180603027 9257.19250488281 8357.3662109375 7231.01634979248 6572.76975250244 6424.14511871338 7197.35291290283 6454.2756652832 8676.45001220703 6443.77700805664 4921.5676651001 4300.8490562439
8798.57863616943 7845.81907653809 7443.40235137939 8371.9967956543 10212.9449768066 11877.2155456543 10257.6711730957 8760.10596466064 7912.54120635986 6822.77077484131 7052.50626373291 6982.12930297852 9984.77610015869 10589.2881774902 11396.736831665 8728.36199951172 6886.05390930176 7261.87156677246 8173.76277923584 10487.2456970215 11899.4183502197 11587.1109619141 11024.176651001 10534.8482208252 10159.7497406006 10517.7984771729 11181.0044021606 12032.8873901367 14121.6478271484 11319.0123291016 9641.12767791748 8775.05654907227 7725.10221099854 7894.19694519043 7565.29588317871 6572.73073577881 5506.28104400635 5097.47940826416 4693.86627960205 4491.70264053345 4271.77920150757 4949.08493041992 5763.78063964844 5154.05694580078 4117.74435043335 3715.5976600647
8968.99337005615 7074.39646911621 6953.60968017578 8206.68687438965 10513.5383453369 12276.2284240723 9515.77304077148 7385.69959259033 7198.27603149414 5991.34764099121 5763.70721435547 6070.8589630127 8433.33641815186 12419.2627105713 11835.5979919434 8841.98901367188 7635.93396759033 8329.7612991333 9688.72985839844 11000.9829711914 11867.1701812744 10616.267074585 9883.11149597168 10683.4622039795 10064.6128692627 10186.7964324951 9387.55437469482 7684.14147949219 10433.8428649902 11443.991973877 7598.84427642822 7391.93124389648 7038.42920684814 5965.36186218262 5324.51612854004 5099.66017150879 4256.1255645752 3757.28505706787 3769.20469665527 3721.97764587402 3588.94765090942 3834.15604400635 3884.41952133179 3859.20810699463 3953.542552948 3780.93407821655
7516.02082061768 6555.55946350098 6526.38889312744 7206.60000610352 9094.34027099609 10807.8390197754 8023.28193664551 6573.32707214355 6820.40435791016 6267.19155883789 5426.81145477295 5392.23943328857 5932.41571044922 8215.243019104 9951.16796875 8900.36511230469 9424.33889007568 8817.52549743652 10220.8223724365 10035.6800384521 11062.3072814941 10582.1309814453 9145.27528381348 10233.4406585693 10454.2374725342 9540.59082794189 10950.8732299805 7544.50305938721 7180.34667205811 7762.34429168701 6616.9800567627 6375.35587310791 5746.32068634033 4778.23348999023 4070.40430831909 4053.56191253662 3749.8021697998 3380.26651382446 3476.41486740112 3435.40037918091 3173.36231613159 3288.62285614014 3450.83709716797 3428.54774475098 3582.48340606689 3818.31797409058
7683.7381362915 6334.41279602051 6213.52891540527 6472.69123077393 7308.13636779785 7824.00964355469 6547.16289520264 6275.91104888916 7076.93270874023 8639.01525115967 5815.12509918213 5400.42624664307 5661.42109680176 7084.94540405273 10013.6547546387 10681.6832733154 8954.20534515381 9329.2698059082 9969.3833770752 10274.3758850098 10061.5203552246 10812.4348754883 10265.8459777832 8689.19140625 8179.70338439941 7634.81251525879 7552.76262664795 7233.31631469727 7001.01427459717 7170.44688415527 6051.74521636963 4411.15803527832 4287.07716369629 4325.45100402832 3550.85273361206 3478.24940109253 3259.20039749146 3054.55382156372 3237.43972396851 3214.47498703003 2809.64931869507 3076.63299942017 3234.58391189575 3190.14199829102 3135.62577819824 3363.55975723267
7107.67789459229 6023.84722900391 5915.37798309326 5951.87309265137 6066.3893661499 6666.67729187012 6621.46862030029 6274.47706604004 6592.46279144287 6788.14905548096 5957.67762756348 5914.49413299561 6198.93390655518 6467.80536651611 8834.88416290283 9237.11100769043 8614.03894042969 9030.67230224609 9278.9896697998 9946.19839477539 9691.90434265137 9580.43951416016 9347.69590759277 8722.37602233887 7864.81454467773 7195.97011566162 6887.91068267822 7056.73579406738 6846.92724609375 5614.47891998291 4558.84578704834 4037.0481338501 3762.63730239868 3657.2236289978 3292.55830001831 3037.31856155396 2771.99627304077 2600.96923828125 2830.8939704895 2987.00068664551 3035.30604934692 3005.11170578003 2992.78495025635 3026.40214920044 2931.40264892578 3555.42547225952
6204.08703613281 5635.59934234619 5847.26230621338 5828.33876037598 5814.47032165527 6179.71641540527 6306.66443634033 6227.60057067871 6104.06248474121 5800.20323944092 5909.80941772461 6012.84345245361 6009.34059906006 6165.13603973389 6845.12432098389 9074.03603363037 9055.78353881836 8847.68743896484 8730.25508117676 9422.16746520996 9851.48448181152 9736.38375854492 9317.33618164062 9394.76440429688 8769.15375518799 8026.30247497559 7466.15518951416 6974.38874816895 6713.48403930664 6535.61004638672 6353.29501342773 5486.85145568848 4873.79650878906 4250.94278335571 3817.52881622314 3418.49103164673 3170.00228500366 2891.43827438354 2760.84501647949 2966.54141998291 3215.85018920898 3064.77284622192 2840.91632461548 2805.83701705933 2810.50848007202 3276.01395797729
6254.9125213623 5838.94485473633 5900.52516937256 5802.03983306885 5865.54756164551 6934.9196395874 6842.74385070801 6357.40966033936 5920.59023284912 5588.45066833496 6166.19053649902 5931.09619140625 5787.41288757324 6481.22087097168 7867.00196075439 8634.96041870117 7445.21259307861 8220.87107086182 8718.07611083984 9295.5858001709 9777.67488098145 10128.5537719727 10485.7590332031 11063.6540527344 10195.8883666992 9123.33448028564 8136.40863037109 7983.3910369873 8043.54563903809 7703.08193969727 7422.56690216064 7165.86349487305 5817.12454986572 5010.78492736816 4490.19873809814 4214.69886016846 3781.28114318848 3261.63456344604 2916.28028488159 2858.30302810669 2910.45742034912 2887.67881393433 2827.49287414551 2831.79250335693 2860.5119972229 3052.3971824646
7395.76149749756 6502.18418121338 6341.09255981445 6452.18699645996 6680.60956573486 8434.08348083496 8515.79512786865 7289.88014221191 5799.08193206787 5400.16510772705 5697.32334136963 5948.95508575439 6583.2399597168 8082.99649810791 9367.71688079834 6956.70333862305 6963.72960662842 7909.33498382568 7965.15526580811 8550.37491607666 8873.96053314209 9724.33346557617 9587.16371154785 9515.79734802246 9192.90203857422 8503.4282989502 8324.77583312988 9238.90155029297 8645.31016540527 8455.1787109375 8462.05000305176 7875.80557250977 7480.47479248047 6474.46064758301 5744.7024230957 5007.1301651001 4397.9700088501 3802.26758575439 3351.05509567261 3137.04666900635 2949.7389755249 2912.63866043091 2961.44939804077 3030.29170608521 3069.2529296875 3111.05341339111
6806.44781494141 7367.91288757324 6992.38467407227 7300.93761444092 6864.20101928711 6905.55181884766 8291.74771881104 7620.31186676025 5798.09073638916 5560.56726837158 5967.14518737793 6484.158203125 7832.53353118896 9807.32400512695 8392.06338500977 7421.13264465332 7956.68659210205 8174.98540496826 8164.41809082031 8398.55448913574 7835.34180450439 8591.18968200684 8520.36808013916 9330.33047485352 9468.34350585938 9136.52040100098 9259.35694885254 9920.25973510742 9294.9658203125 9047.65727233887 8778.25588989258 9189.0629119873 8645.41193389893 7824.87814331055 6534.37113189697 5373.51638793945 4880.40128326416 4397.79064559937 3832.13564682007 3389.14851379395 3037.73592376709 3417.25771331787 3425.90567398071 3310.24394989014 3426.67541503906 3488.73593902588
5834.13319396973 6213.25263214111 6876.5862197876 7096.8900604248 6370.99718475342 6054.24765777588 7409.578125 7729.69638824463 6113.14876556396 6399.75636291504 6150.19909667969 7590.85741424561 9912.60000610352 9404.98387145996 7987.52529144287 7270.60113525391 8393.5869140625 9075.17636108398 9693.70397949219 9610.14581298828 8308.68225860596 8611.76376342773 8084.01700592041 8642.01461791992 9402.30297088623 10031.6864318848 9819.89573669434 10229.5831451416 10127.9501342773 9559.54615783691 9158.76641845703 8650.5514831543 8335.39117431641 7257.08013153076 6095.34913635254 5563.08592987061 4487.9560508728 4303.81408691406 3850.4499130249 3205.57548904419 3359.53917694092 4020.82382583618 3753.55908966064 3634.80702590942 3808.33799743652 3912.05906295776
5432.51669311523 5669.91738128662 6064.65368652344 6253.73443603516 5843.30732727051 5642.0279083252 7215.76677703857 7524.0502243042 7045.73762512207 6470.39147186279 6197.91505432129 8366.30563354492 8803.08645629883 9137.47985076904 8936.39199829102 7461.46221923828 7579.17853546143 9089.02571868896 9876.82165527344 9223.63160705566 7910.28119659424 7577.15270996094 7799.40635681152 8184.724609375 8105.79647064209 8424.97050476074 8383.07595825195 8887.28256225586 9267.5030670166 9131.857421875 8931.21292114258 8290.00207519531 6546.29272460938 6216.16930389404 5274.49576568604 4325.81931686401 3873.25380325317 3822.095703125 3552.13154220581 3211.64111709595 3573.61113357544 3997.55928421021 4184.52460098267 4163.05799865723 4197.24867248535 4463.72253417969
5014.76718902588 5191.22157287598 5305.94520568848 5460.45973205566 5351.29421234131 5468.10919952393 6346.96797180176 6613.06084442139 6406.05635070801 6157.53115081787 6140.91093444824 6981.05447387695 6822.48052215576 8483.48701477051 8766.60383605957 7827.36679840088 7625.17936706543 9125.83968353271 10480.2174835205 10008.0364990234 8254.24639892578 8538.9867401123 8632.35528564453 8676.64948272705 7927.79861450195 7395.2299118042 8558.13813781738 8825.29544067383 8583.68560028076 8891.93148803711 9375.23741149902 9195.47114562988 9848.08068847656 9390.02223968506 7605.18434143066 6440.00096893311 5437.67353057861 4416.41054534912 3546.31787490845 4102.96237182617 4571.25613021851 4305.01140594482 4091.35925292969 4196.07432174683 3982.26951217651 4403.45849609375
4564.63646697998 4817.7357635498 4971.06837463379 5159.17879486084 5727.01432037354 6048.03123474121 5657.32119750977 6052.04230499268 6272.02996826172 5821.19351959229 5715.79230499268 6875.15859985352 8183.61151885986 7291.35955810547 7893.7202911377 8197.96518707275 7582.74475097656 9000.76620483398 10796.9412078857 10591.5054626465 10197.1309814453 10081.1743927002 8169.64552307129 7404.9533996582 6399.34491729736 5569.16281890869 6317.30735015869 6496.34795379639 6030.80549621582 6709.00030517578 7612.69951629639 8608.15872192383 9406.75400543213 10552.412979126 10301.165435791 9463.31725311279 7523.50653839111 4824.41082382202 3697.09522628784 6259.38379669189 6991.67518615723 5621.83605194092 4727.62643432617 4831.06613922119 4616.31526947021 4910.9195098877
4434.01029205322 4552.97216033936 4864.84599304199 5145.12977600098 6102.39212036133 5920.91184997559 5580.77633666992 5783.69343566895 6166.61228179932 5929.93074035645 5792.34617614746 6560.33999633789 9118.54100799561 6772.59352874756 6534.48865509033 7593.93212890625 7290.8675994873 8350.20267486572 10478.1476593018 10092.0451965332 10227.9523468018 10119.1825256348 8025.80665588379 6860.95362091064 5653.2638092041 4746.07814025879 4664.14070892334 4863.89559173584 4990.15280151367 5068.96768188477 5450.47313690186 6432.89795684814 7328.05389404297 8942.25928497314 10661.0660705566 10121.6554870605 8072.49691009521 4773.89601898193 5770.93204498291 8256.08206939697 8092.20223236084 6628.58863067627 5970.27248382568 6208.25000762939 5479.88327026367 6238.08221435547
4389.56056976318 4557.11125183105 4794.13082122803 4779.17609405518 4936.68738555908 5467.28544616699 5311.93840026855 5318.28476715088 5711.43048095703 5634.20408630371 6097.05850219727 6781.63398742676 8283.24824523926 6613.79872131348 5101.95294189453 5722.97945404053 6965.36247253418 8476.5270690918 10691.341506958 10455.6175842285 10081.958480835 10367.8971405029 9775.35971069336 6857.75088500977 5477.96697235107 4702.68264770508 4504.71035003662 4303.23796081543 4562.00848388672 4681.92092132568 4975.52062988281 5675.19129943848 6232.60642242432 8442.12747192383 8968.17070770264 10305.4134063721 6961.1061706543 3864.59041976929 6753.46509552002 8257.66240692139 8464.17462921143 7491.91687011719 6872.04737854004 7371.46827697754 6460.65048217773 7659.9592666626
4226.31608581543 4493.04178619385 4578.52694702148 4663.09325408936 4943.70508575439 6086.22606658936 5400.77296447754 5138.42577362061 5276.55945587158 5398.1976852417 6287.87258148193 7531.35948944092 8752.01029968262 6710.77648162842 5161.49460601807 6114.94586181641 7634.70006561279 9846.64443969727 11819.3430938721 11178.5011901855 10738.3817596436 9965.27366638184 10105.7398529053 6906.09181976318 5542.13173675537 4716.18633270264 4511.07530212402 4422.77648162842 4245.4495010376 4481.02225494385 4576.77364349365 4874.07910919189 5738.86786651611 7453.62265014648 7583.78203582764 8891.52488708496 8528.21099090576 4738.38933563232 6029.84331512451 7747.37882232666 8729.9948425293 8722.25008392334 8174.21463012695 7821.66114044189 7122.9408493042 7867.94834136963
4152.17802810669 4323.6390838623 4424.94423675537 4609.71419525146 6059.45248413086 7311.65240478516 5414.33347320557 5022.8755645752 4992.42989349365 5249.37500762939 6770.90897369385 8500.84748077393 8118.90494537354 5942.71360778809 5600.91131591797 7164.45216369629 9438.31427001953 11097.3055267334 11745.0164031982 10308.6775970459 11138.2499694824 8776.28427124023 7566.41611480713 5725.84857940674 4960.90230560303 4556.92510223389 4405.69400024414 4287.98045349121 4217.86505508423 4692.47617340088 4732.62280273438 4594.77644348145 4783.20140838623 5860.52542877197 7571.4398727417 5931.87952423096 5877.1379737854 4942.5259552002 5457.76504516602 8418.36431884766 9553.42495727539 9341.21354675293 9280.36013793945 8404.30712127686 8507.72532653809 8540.60742950439
4022.40021133423 4305.73534393311 4541.73743438721 4963.20555114746 6358.9052734375 7700.54266357422 5866.90419006348 5510.49124145508 5450.39028167725 5085.80310821533 6489.74514007568 8303.44450378418 7164.33131408691 5398.24777984619 6112.05000305176 8489.88378143311 9966.5033416748 11224.8536224365 9763.5771484375 9288.30937957764 10030.0468292236 9314.21395111084 6243.04852294922 4403.61290740967 4148.83079528809 4182.69893264771 4331.56667327881 4473.16017532349 4603.47780609131 4965.34199523926 4630.28670501709 4484.72200775146 4323.45908355713 4993.63359069824 5913.41904449463 5315.86741638184 4305.97013092041 4397.60731887817 6102.35878753662 7130.55595397949 9147.28174591064 10062.8145446777 9863.61936950684 9218.84608459473 9702.77627563477 9856.57936096191
