Cases/SDM_Urocitellus_beldingi/westernUsClimate_modern/BIO11.asc
NCOLS 316 
NROWS 299 
XLLCORNER -124.820833001 
YLLCORNER 29.1625003333339 
CELLSIZE 0.0666666666645545 
NODATA_value -3.4e+38 
[rows 0 to 25 of 299, columns 116 to 173 of 316]
-780.285714285714 -720.107142857143 -678.125 -676.160714285714 -569.464285714286 -513.339285714286 -424.946428571429 -254.142857142857 -218.839285714286 -265.446428571429 -577.125 -552.589285714286 -509.522727272727 -485.173913043478 -545 -529.470588235294 -544.060606060606 -551.509433962264 -547.642857142857 -579.732142857143 -576.071428571429 -580.928571428571 -580.321428571429 -606.875 -615.535714285714 -657.910714285714 -527.017857142857 -455.732142857143 -386.964285714286 -391.285714285714 -491.178571428571 -771.821428571429 -706.446428571429 -694.107142857143 -741.839285714286 -814.875 -791.196428571429 -691.732142857143 -626.285714285714 -601.392857142857 -686.875 -767.464285714286 -748.642857142857 -785.214285714286 -825.428571428571 -886.25 -801.285714285714 -664.285714285714 -597.964285714286 -658.428571428571 -566.063829787234 -612.56 -562.1875 -508.5 -501.5625 -502.75 -512.8125 -508.555555555556
-683.109375 -704.5625 -544.5 -527.609375 -539.828125 -517.96875 -470.171875 -330.46875 -233.3125 -272.015625 -483.65625 -507.109375 -523.9375 -456.1875 -542.5625 -519.734375 -582.953125 -587.578125 -555.59375 -555.609375 -577.046875 -550.4375 -574.125 -608.828125 -653.140625 -679.296875 -546.34375 -467.921875 -392.578125 -395.015625 -445.03125 -642.4375 -803.984375 -742.0625 -709.828125 -768.40625 -753.09375 -757 -657.1875 -589.546875 -577.25 -640.765625 -772.078125 -804.625 -793.953125 -822.15625 -798.609375 -660.09375 -795.484375 -836.203125 -656.875 -596.734375 -579.40625 -539.015625 -515.59375 -507.546875 -510.140625 -505.890625
-659.90625 -493.546875 -606.5 -565.171875 -595.609375 -527.59375 -514.75 -424.09375 -339.875 -227.78125 -283.21875 -392.96875 -474.828125 -435.078125 -511.921875 -594.5625 -640.984375 -611.03125 -517.65625 -549.875 -533.546875 -537.421875 -554.671875 -578.171875 -593.453125 -636.8125 -584.171875 -488.21875 -402.0625 -390.59375 -412.265625 -549.546875 -739.046875 -752.84375 -705 -733.421875 -752.796875 -718.546875 -713.3125 -589.921875 -553.8125 -577.765625 -789.578125 -909.390625 -771.640625 -783.03125 -829 -639.046875 -861.921875 -807.125 -661.9375 -796.59375 -751.3125 -606.140625 -535.75 -520.953125 -543.859375 -543.03125
-597.875 -394.046875 -451.703125 -523.78125 -540.140625 -539.265625 -607.3125 -642.53125 -609.96875 -382.46875 -206.78125 -321 -460.625 -431.96875 -429.21875 -533.40625 -534.546875 -534 -490.015625 -491.0625 -507.34375 -501.28125 -546.4375 -644.546875 -628.5625 -640.34375 -584.59375 -465.28125 -444.953125 -449.453125 -422.9375 -433.921875 -476.578125 -640.734375 -666.46875 -776.796875 -781.171875 -736.046875 -716.03125 -602.90625 -577.09375 -555.734375 -569.640625 -625.6875 -768.5 -797.96875 -826.609375 -741.3125 -867.578125 -854.796875 -768.453125 -913.234375 -815.5 -610.578125 -523.71875 -533.09375 -573.875 -563.265625
-508.296875 -489.578125 -376.671875 -367.40625 -485.40625 -603.75 -625.28125 -635.65625 -558.8125 -433.90625 -200.515625 -263.90625 -363.671875 -375.984375 -350.578125 -520.46875 -482.1875 -435.359375 -480.9375 -463.625 -472.921875 -499.921875 -566.78125 -592.34375 -583.765625 -537.59375 -480.578125 -500.296875 -543.609375 -503.421875 -517.453125 -446.65625 -439.921875 -512.0625 -730.40625 -772.21875 -784.109375 -802.8125 -753.890625 -701.40625 -607.171875 -604.8125 -569.5 -566.75 -596.375 -759.21875 -743.90625 -719 -717.234375 -759.09375 -747.265625 -695.421875 -646.296875 -664.390625 -562.3125 -544.359375 -599.171875 -549.328125
-467.8125 -531.0625 -449.171875 -311.703125 -446.21875 -565.140625 -627.9375 -584.359375 -517.875 -401.234375 -179.78125 -219.828125 -246.875 -267.484375 -296.8125 -386.046875 -515.40625 -420.59375 -404.609375 -458.96875 -521.703125 -509.828125 -592.515625 -541.125 -503.3125 -482.453125 -416.5 -511 -552.921875 -584.359375 -557.875 -502.890625 -473.15625 -472.125 -641.25 -670.640625 -751.453125 -744 -777.796875 -728.203125 -742.296875 -630.71875 -610.875 -548.046875 -536.078125 -561.21875 -733.578125 -752.84375 -680.890625 -569.171875 -789.265625 -895.78125 -855.640625 -762.0625 -515.28125 -595.515625 -597.078125 -539.25
-445.515625 -392.046875 -354.125 -295.4375 -443.421875 -572.265625 -644.375 -598.515625 -480.234375 -362.484375 -196.59375 -211 -233.84375 -356.390625 -282.953125 -289.90625 -373.125 -378.015625 -381.890625 -434.328125 -479.9375 -536.15625 -542.109375 -547.4375 -543.265625 -502.59375 -402.1875 -531.0625 -658.96875 -588.265625 -604.171875 -568.390625 -504.9375 -534.5625 -528.109375 -555.3125 -710.453125 -643.984375 -744.9375 -744.734375 -695.25 -629.4375 -588.546875 -569.015625 -497.609375 -503.109375 -543.8125 -581.03125 -604.25 -702.75 -801.671875 -694.171875 -716.796875 -633.03125 -686.078125 -720.875 -611.109375 -571.0625
-404.3125 -323.453125 -316.796875 -270.03125 -446.46875 -594.46875 -525.609375 -504.671875 -421.328125 -287.765625 -223.125 -330.203125 -448.703125 -453.046875 -350.703125 -304.203125 -290.734375 -318.546875 -395.203125 -500.1875 -478.8125 -501.4375 -487.984375 -508.046875 -537.21875 -531.28125 -496.15625 -413.5625 -477.078125 -546.5625 -568.5 -562.75 -552.640625 -614.765625 -592.5 -574.96875 -514.265625 -561.515625 -569.8125 -678.609375 -675.90625 -633.46875 -630.546875 -566.78125 -581.4375 -531.21875 -506.328125 -453.890625 -552.8125 -736.3125 -804.265625 -812.515625 -762.421875 -781.0625 -780.234375 -698.234375 -603.9375 -567.53125
-381.734375 -349.703125 -286.59375 -255.03125 -423.34375 -528.828125 -509.84375 -356.453125 -415.15625 -236.046875 -312.4375 -407.59375 -457 -476.578125 -451.640625 -388.859375 -295.53125 -288.484375 -360.375 -491.15625 -511.71875 -439.28125 -450.265625 -432.546875 -502.421875 -462.125 -427.03125 -369.734375 -452.125 -495.375 -547.359375 -579.265625 -596.515625 -656.8125 -672.734375 -639.234375 -569.09375 -536.5 -523.34375 -525.59375 -674.75 -688.109375 -694.828125 -583.4375 -506.171875 -570.078125 -450.171875 -545.046875 -516.578125 -592.46875 -685.1875 -673.203125 -693.234375 -692.6875 -811.09375 -801.796875 -610.140625 -571.484375
-355.734375 -326.578125 -300.640625 -285.1875 -382.546875 -500.265625 -488.171875 -366.109375 -300.109375 -233.65625 -293.125 -363.8125 -427.703125 -483.46875 -485.421875 -460.5625 -330.8125 -276.0625 -270.234375 -352.34375 -388 -350.46875 -336.359375 -382.125 -434.171875 -425.546875 -375.34375 -409.25 -489.65625 -537.515625 -542.53125 -560.390625 -615.65625 -642.4375 -649.75 -607.734375 -591.703125 -528.515625 -489.1875 -469.078125 -488.09375 -549.109375 -553.546875 -521.46875 -466.515625 -422.828125 -457.5 -627.171875 -556.578125 -507.953125 -544.984375 -654.1875 -790.40625 -716.34375 -785.109375 -709.234375 -720.5625 -574.171875
-323.78125 -295.265625 -267.765625 -267 -343.5625 -439.671875 -518.3125 -378.921875 -208.078125 -202.015625 -246.9375 -294.703125 -389.109375 -516.125 -517.109375 -443.78125 -381.328125 -328.953125 -256.546875 -472.59375 -536.78125 -367.234375 -291.53125 -294.84375 -347.0625 -373.125 -350.9375 -443.515625 -510.84375 -540.15625 -510.859375 -508.015625 -535.8125 -628.8125 -661.375 -605.859375 -570.1875 -566.984375 -508.6875 -441.015625 -460.265625 -422.234375 -419.21875 -411 -482.5 -413.109375 -482.140625 -563.828125 -652.875 -623.359375 -518.828125 -542.96875 -625.9375 -760.078125 -709.90625 -724.28125 -680.640625 -576.3125
-319.421875 -266.828125 -317.328125 -283.53125 -365.46875 -440.140625 -416.359375 -311.96875 -178.40625 -186.359375 -223.109375 -280.609375 -367.9375 -443.796875 -513.984375 -474.234375 -411.890625 -328.75 -287.390625 -492.765625 -648.59375 -482.03125 -368.609375 -302.75 -385.25 -370.109375 -362.6875 -437.96875 -507.28125 -514.265625 -434.90625 -495.296875 -546.46875 -616.6875 -620.90625 -619.453125 -590.734375 -632.421875 -489.203125 -425.34375 -414.59375 -421.390625 -402.75 -385.03125 -516.109375 -610.296875 -479.390625 -480.1875 -539.71875 -689.59375 -667.953125 -565.734375 -602.140625 -647.4375 -701.703125 -703.40625 -636.015625 -620.03125
-356.359375 -314.8125 -267.671875 -242.296875 -318.46875 -274.9375 -222.53125 -170.671875 -193.921875 -190.109375 -179.234375 -217.8125 -382.28125 -413.203125 -370.6875 -428.125 -460.34375 -347.125 -298 -516.890625 -590.3125 -574.125 -400.03125 -348.453125 -387.359375 -419.59375 -377.84375 -424.796875 -457.484375 -463.4375 -477.5 -493.875 -521.859375 -578.3125 -610.421875 -657.3125 -600.671875 -571.84375 -434.84375 -414.078125 -394.78125 -390.828125 -386.515625 -380.5 -428.171875 -594.078125 -568.578125 -516.875 -478.953125 -536.171875 -706.953125 -653.875 -573.9375 -663.03125 -614.484375 -637.21875 -653.203125 -683.125
-231.359375 -269.640625 -220.734375 -259.8125 -314.609375 -196.75 -243.125 -201.296875 -220.46875 -237.53125 -178.796875 -157.953125 -190.359375 -273.75 -327.484375 -522.953125 -477.90625 -378.140625 -286.453125 -362.140625 -613.75 -555.03125 -395.625 -389.609375 -404.765625 -441.1875 -414.59375 -400.203125 -497.59375 -542.171875 -525.421875 -468.734375 -487.625 -498.25 -536.90625 -603.125 -536.359375 -478.8125 -486.5625 -402.171875 -376.640625 -347.5625 -350.796875 -355.0625 -358.578125 -416.328125 -502.8125 -594.78125 -539.609375 -482.765625 -557.046875 -624.65625 -580.15625 -630.359375 -682.78125 -663.359375 -632.65625 -688.765625
-209.453125 -243.953125 -348.046875 -238.09375 -191.609375 -295.359375 -255.71875 -234.984375 -287.59375 -169.015625 -186.625 -197.34375 -199.859375 -196.921875 -248.65625 -278.34375 -413.75 -417.71875 -322.671875 -324.359375 -423.125 -531.171875 -463.25 -399.875 -405.09375 -402.25 -408.890625 -464.84375 -511.765625 -493.21875 -553.625 -520.671875 -493.140625 -460.71875 -467.53125 -491.390625 -542.171875 -431.875 -460.453125 -392.234375 -414.125 -377.453125 -347.296875 -344.3125 -348.921875 -363.234375 -384.703125 -560.953125 -568.234375 -502.75 -472.453125 -612.9375 -611.484375 -585.953125 -629.34375 -631.828125 -635.265625 -620.890625
-213.390625 -284.265625 -346.125 -219.84375 -175.640625 -282.5 -240.59375 -246.296875 -184.078125 -156.0625 -265.453125 -284 -356.859375 -346.171875 -247.90625 -246.765625 -214.5 -272.515625 -322.90625 -343.171875 -423.03125 -533.84375 -565.984375 -419.59375 -407.75 -400.265625 -440.28125 -447.140625 -467.453125 -441.734375 -515.96875 -566.4375 -508.5 -461.953125 -466.4375 -452.640625 -430.546875 -476.703125 -432.421875 -420.5625 -490.09375 -497.765625 -346.03125 -327.46875 -324.03125 -347.609375 -342.359375 -476.703125 -613.75 -570.8125 -525.484375 -487.59375 -581.140625 -599.671875 -621.859375 -636.828125 -646.5 -600.609375
-236.8125 -238.390625 -246.515625 -202.859375 -175.078125 -154.40625 -151.140625 -196.171875 -168.875 -157.25 -327.75 -381.9375 -367.5 -364.671875 -351.859375 -340.234375 -268.078125 -346 -293.078125 -228.890625 -252.4375 -417.890625 -509.8125 -481.90625 -414.8125 -415.546875 -427.015625 -461.53125 -473.265625 -504.703125 -472.28125 -436.34375 -537.5 -527.484375 -483.109375 -410.09375 -430.484375 -497.625 -421.421875 -532.140625 -554.203125 -499.703125 -384.734375 -305.328125 -289.328125 -308.09375 -396.453125 -392.3125 -578.375 -562.921875 -514.40625 -532.484375 -488.25 -508.328125 -558.96875 -632.609375 -653.046875 -678.625
-329.21875 -289.953125 -256.234375 -191.1875 -167.0625 -140.71875 -148.703125 -186.703125 -277.609375 -269.859375 -347.875 -325.703125 -285.171875 -328.984375 -304.71875 -361.515625 -416.5625 -406.71875 -373.78125 -341.28125 -227.140625 -279.203125 -356.453125 -462.546875 -413.578125 -468.265625 -465.671875 -480.5625 -481.984375 -474.484375 -429.4375 -422.359375 -536.71875 -570.546875 -468.328125 -376.1875 -355.140625 -376.203125 -443.171875 -432.59375 -376.1875 -374.515625 -422.734375 -287.09375 -254.25 -237.71875 -477.671875 -463.953125 -383.375 -511.3125 -584.796875 -581.375 -565.59375 -469.71875 -525.859375 -535.640625 -582.25 -590.046875
-304.34375 -270.375 -247.53125 -144.46875 -121.109375 -143.96875 -207.671875 -305 -336.046875 -354.828125 -350.796875 -296.140625 -236.671875 -294.21875 -222.890625 -405.640625 -336.21875 -414.984375 -366.71875 -294.578125 -244.875 -199.4375 -273.515625 -321.265625 -342.4375 -414.6875 -437.328125 -503.78125 -458.828125 -462.03125 -415.625 -408.21875 -551.84375 -584.09375 -535.140625 -361.296875 -300.625 -297.203125 -356.25 -402.5 -338.578125 -282.09375 -268.6875 -254.5625 -229.390625 -205.953125 -497.703125 -502.859375 -343.53125 -407.03125 -567.40625 -637.234375 -602.328125 -571.84375 -491 -509.75 -620.1875 -601.296875
-167.203125 -161.28125 -135.125 -109.390625 -99.203125 -120.453125 -157.875 -305.9375 -246.9375 -291.71875 -361.015625 -290.03125 -276.828125 -352.859375 -284 -257.03125 -318.34375 -336.125 -400.28125 -369.875 -332.21875 -330.3125 -261.21875 -215.3125 -348.296875 -450.96875 -470.015625 -529.078125 -463.6875 -402.84375 -385.921875 -353.046875 -500.875 -593.546875 -469.640625 -363.171875 -280.46875 -278.484375 -321.484375 -361.046875 -298.28125 -247.453125 -266.390625 -270.265625 -242.40625 -227.9375 -434.171875 -522.09375 -335.59375 -380.671875 -535.421875 -658.265625 -640.9375 -566.328125 -530.8125 -513.546875 -601.578125 -720.234375
-83.796875 -81.828125 -83.921875 -81.21875 -76.765625 -140.0625 -218.765625 -269.65625 -296.90625 -272.734375 -234.0625 -278.9375 -279.03125 -245.15625 -352.640625 -296.15625 -221.171875 -247.796875 -369.109375 -420.65625 -444.609375 -374.65625 -307.234375 -242.625 -184.796875 -354.828125 -499.3125 -544.265625 -516.84375 -371.6875 -317.921875 -329.9375 -463.078125 -557 -447.8125 -355.1875 -267.875 -261.234375 -315.3125 -306.1875 -251.21875 -278.65625 -249.828125 -234.203125 -233.390625 -250.8125 -463.453125 -524.03125 -344.34375 -359.203125 -553.09375 -695.65625 -642.8125 -575.203125 -638.703125 -484.75 -568.53125 -719.78125
-112.640625 -195.796875 -143.640625 -101.453125 -29.515625 -85.125 -133.078125 -139.390625 -266.015625 -310.328125 -187.484375 -247.34375 -229.234375 -204.90625 -216.46875 -213.046875 -225.03125 -232.109375 -319.1875 -380.875 -449.3125 -379.453125 -376.109375 -308.46875 -226.34375 -184.75 -437.875 -513.546875 -359.734375 -351.03125 -363.234375 -331.21875 -357.703125 -436.421875 -423.140625 -332.421875 -242.84375 -230.125 -256 -315.203125 -223.296875 -209.59375 -230.625 -245.296875 -257.5625 -276.296875 -535.609375 -570.625 -388.03125 -349.625 -463.59375 -620.734375 -649.953125 -643.0625 -620.8125 -527.9375 -525.609375 -656.53125
-228.53125 -237.546875 -134.46875 -123.21875 -68.59375 -161.859375 -194.71875 -226.5625 -201 -154.828125 -162.640625 -199.328125 -145.96875 -211.609375 -317.703125 -309.125 -290.09375 -227.359375 -347.1875 -345.171875 -442.03125 -473.03125 -420.59375 -338.59375 -293.25 -177.625 -169.671875 -259.359375 -267.6875 -430.875 -464.453125 -329.203125 -304.734375 -358.6875 -450.078125 -343.6875 -250.671875 -235.671875 -219.0625 -251.09375 -258.75 -204.4375 -251.4375 -258.890625 -252.109375 -286.875 -546.09375 -604.40625 -476.921875 -351.515625 -377.5 -608.34375 -662.828125 -670.8125 -619.765625 -555.0625 -495.796875 -557.453125
-151.703125 -169.546875 -135.921875 -93.296875 -111.65625 -174.890625 -238.3125 -132.34375 -125.28125 -125.8125 -142.3125 -169.125 -153.15625 -212.125 -233.609375 -219.28125 -261.421875 -310 -405.1875 -463.859375 -503.015625 -399.578125 -343.234375 -330.984375 -337.90625 -325.875 -311.21875 -289.40625 -476.65625 -299.703125 -302.359375 -225.5 -243.15625 -247.640625 -347.40625 -323.03125 -263 -244.40625 -268.5625 -218.03125 -237.890625 -219.59375 -251.578125 -244.328125 -240.953125 -266.0625 -469.15625 -617.546875 -500.71875 -394.546875 -402.953125 -463.703125 -644.875 -594.3125 -659.265625 -619.8125 -530.5625 -536.140625
-103.609375 -122.453125 -118.640625 -83.734375 -101.546875 -133.59375 -110.078125 -106.609375 -253.453125 -277.625 -368.828125 -366.15625 -244.234375 -293.125 -395.71875 -342.09375 -370.09375 -293.015625 -351.96875 -364.515625 -394.78125 -450.328125 -429.875 -417.734375 -431.921875 -425.734375 -456.015625 -377.640625 -458.265625 -458.75 -361.78125 -258.078125 -164.46875 -191.453125 -338.03125 -318.453125 -211.125 -227.1875 -311.84375 -212.75 -217.9375 -195.234375 -228.953125 -236.71875 -245.203125 -252.25 -419.203125 -603 -561.421875 -456.4375 -449.59375 -463.609375 -518.96875 -639.515625 -629.484375 -613.703125 -615.234375 -558.65625
-100.078125 -120.671875 -152.546875 -154.4375 -117.609375 -119.625 -175.984375 -255.984375 -294.109375 -308.609375 -397.25 -323.71875 -310.453125 -334.46875 -322.53125 -362.09375 -373.4375 -353.546875 -377.234375 -381.09375 -393.640625 -397.8125 -381.5 -362.828125 -342.859375 -324.609375 -355 -343.546875 -382.21875 -382.609375 -355.96875 -336.28125 -258.21875 -287.53125 -237 -328.421875 -280.375 -209.890625 -264.5625 -297.203125 -257.375 -166.6875 -191.125 -201.578125 -200.859375 -215.484375 -408.765625 -614.921875 -616.375 -519.5 -459.296875 -472.734375 -448.09375 -614.140625 -629.6875 -611.296875 -588.1875 -595.328125
