Cases/SDM_Urocitellus_beldingi/westernUsClimate_modern/BIO13.asc
NCOLS 316 
NROWS 299 
XLLCORNER -124.820833001 
YLLCORNER 29.1625003333339 
CELLSIZE 0.0666666666645545 
NODATA_value -3.4e+38 
[rows 105 to 125 of 299, columns 46 to 91 of 316]
4697.66943359375 4632.76866912842 5264.34579467773 4755.29802322388 4325.56357574463 4459.64297866821 5666.82788085938 4596.11739349365 4472.37434005737 5656.4715423584 5974.34875488281 6953.39688110352 7869.2368850708 8458.5143661499 8514.04937744141 8409.96906280518 7970.73438262939 7066.57860565186 4310.3791885376 4422.72333526611 5121.69118499756 6358.72860717773 10856.8477783203 11893.1860809326 10296.8517074585 7783.68016815186 5264.35968780518 3921.27566146851 3529.71640014648 3332.29756164551 3435.68645095825 3374.42168807983 3300.21846389771 3158.7861289978 3340.43918228149 3428.47852706909 3315.06143569946 3310.58056640625 3449.67802429199 3005.53203582764 2880.75312042236 2702.65333175659 2631.95704269409 2812.57481002808 2990.07080459595 5699.73572540283
4126.71806335449 4083.04647445679 3882.9130897522 3630.95059204102 3590.28047180176 3762.49247360229 4379.74336242676 4643.43644714355 4465.62694549561 4697.04969024658 5362.12558746338 5795.81993103027 7134.72487640381 7742.60001373291 7981.94396209717 8938.74908447266 7839.50457000732 7139.30458831787 6133.62773132324 5179.3854598999 5619.54444122314 6508.52897644043 10373.5653915405 17320.3613586426 16466.1360168457 8442.45069885254 5382.46854400635 4169.99501419067 3471.44785690308 3564.80284118652 3486.50263595581 3314.52500915527 3188.12753295898 3059.91054534912 3460.07333374023 3530.02166748047 3441.47833251953 2787.89208221436 2463.75019454956 2490.7816619873 2495.58925628662 2304.59062194824 2285.76163482666 2303.95011138916 2574.4687461853 4215.0248336792
4043.53467178345 3841.26806259155 3692.9287147522 3496.02296066284 3514.85695266724 3602.51454162598 3978.23692321777 4417.00389862061 4783.20774078369 4849.18585968018 4908.54260253906 5199.26277923584 5955.3639755249 6597.6481628418 7736.45066833496 8414.08866882324 8447.86943054199 7830.42614746094 6844.67186737061 5949.07883453369 5934.60450744629 6593.80892181396 11798.860786438 14731.4176635742 12607.2038803101 7498.70065307617 5525.67850494385 4355.64844894409 3737.33582687378 3308.09365844727 3217.87509155273 3303.24883270264 3206.64092636108 3115.56338500977 3396.38047409058 3704.1767539978 3796.60478210449 2734.6789855957 2383.76622390747 2516.01494216919 2549.4850730896 2184.62724304199 2083.12635421753 2173.06016540527 2441.09258270264 2910.37803649902
4232.54454040527 4232.37381362915 3842.2239074707 3571.8376121521 3537.21171569824 3610.04531478882 3866.52714157104 4731.13624572754 4565.53573608398 4666.17548370361 4853.87021636963 5076.71437835693 5883.31298065186 6873.07270812988 6911.67088317871 6836.63597106934 7089.54111480713 7020.23624420166 6690.15355682373 6158.93384552002 6199.2635269165 6726.55128479004 10299.2099914551 9961.02228546143 7134.96337127686 7103.58710479736 5892.98816680908 5033.85290527344 3937.63718414307 3401.15468978882 3241.21593093872 3329.44804000854 3332.89804458618 3198.82070922852 3380.98104476929 4194.51788330078 3874.43476867676 3034.90625762939 2782.18291854858 2531.55634307861 2170.30096817017 2134.12500762939 2319.85820388794 2172.28915405273 2544.26845932007 2822.24346542358
5140.63638305664 5220.42000579834 4065.9225692749 3750.40830612183 3680.42664718628 3643.45642089844 3885.04072189331 5069.93338012695 4867.24893951416 4704.79219055176 4895.48546600342 5196.47245788574 5840.3046875 6696.92520904541 6397.70908355713 6621.42617797852 6841.83118438721 7002.90292358398 6734.66825866699 6126.85359191895 6660.75754547119 8123.32453155518 8433.88901519775 7555.11818695068 6309.59020233154 6386.67139434814 5132.71905517578 4461.70516204834 4007.75241851807 3731.63457489014 3431.03701019287 3425.53302764893 3413.80996322632 3201.91804885864 3231.55614471436 3454.67263793945 3532.3837852478 3284.32197570801 3092.77216720581 2535.01066589355 2351.12205505371 2244.5637588501 2618.36159515381 2290.79248428345 2539.78701400757 3109.81846618652
5671.74518585205 5685.67665863037 6019.93934631348 5121.62266159058 3949.28241729736 3694.84288406372 3842.7396697998 4279.21611785889 4550.32763671875 4859.57012176514 5149.4700012207 5659.57511901855 5773.03477478027 5663.78202056885 6183.18193054199 6653.27831268311 6270.35341644287 6602.61442565918 6391.74013519287 6122.62284088135 6904.53806304932 8644.96790313721 12526.3447113037 6269.08863067627 5274.10987854004 5792.95341491699 4861.0712890625 4347.38827514648 4036.37296295166 3832.43136978149 3623.51532745361 3467.78573226929 3258.1960067749 3328.7070274353 3321.64825057983 3333.45566558838 3504.77089691162 3435.26240921021 3008.18133544922 2843.31338882446 2917.53329849243 2769.16641616821 2495.96563720703 2433.72480773926 3042.66025924683 5525.07013702393
7069.25225067139 11671.9228744507 14730.1277618408 12041.0220031738 6161.20792007446 3994.60840988159 3868.28691101074 4098.76913452148 4520.98224639893 5326.82078552246 5873.88475799561 6064.08574676514 5432.81261444092 5389.80187225342 5481.8818359375 5462.09864807129 5244.80446624756 5402.98056793213 5888.04560089111 6422.53848266602 7007.62803649902 9845.168800354 11468.3212509155 5355.82088470459 4659.77783203125 5032.85732269287 4574.70461273193 4348.71493911743 4021.47714996338 3889.40497589111 3692.86827087402 3437.30597305298 3252.05381011963 3432.72420501709 3303.38808441162 3343.06386184692 3363.45615768433 3180.26464080811 3056.63319778442 3051.81952285767 3194.77070236206 2978.94276428223 2733.51290893555 2940.04170227051 4435.42304611206 8110.24628448486
13888.7493972778 19934.6520690918 22476.4608154297 21302.27734375 9794.62588500977 5055.58211898804 4547.96834182739 4785.33282470703 5188.5129699707 5862.7688293457 6179.7060546875 6094.58960723877 5494.15917205811 5289.01697540283 5007.70487976074 4989.8359375 4840.29921722412 4829.43730926514 5034.50457000732 5703.41691589355 6312.80606079102 9183.40836334229 11626.609954834 5651.28608322144 4024.03672790527 4640.07266235352 4360.31258392334 4337.93310928345 3995.44971466064 3900.58514404297 3736.70634841919 3568.8903427124 3377.76844787598 3410.83926010132 3595.2392578125 3183.37646484375 3501.14121627808 3438.91454696655 3218.03731536865 3270.60488128662 3345.97460174561 3369.34716796875 3374.8362121582 3147.1582069397 4575.88457870483 4477.61134338379
20673.4071655273 20457.953125 20903.5247802734 18761.3556671143 12685.0358657837 6725.55897521973 5808.08380889893 5968.3537902832 6248.32676696777 6598.41162109375 6750.10288238525 6174.31689453125 5813.67646026611 5433.16014862061 4786.54248809814 4823.78034973145 4780.27685546875 4476.34435653687 4300.27480697632 4578.58563613892 5792.2893447876 9238.51469421387 9933.38228607178 5678.35762405396 3829.65088272095 4213.09414672852 4380.51094818115 4959.3662147522 4157.42539215088 4051.22451400757 3785.19569396973 3855.5768699646 3928.12586212158 3667.13692092896 3508.29404067993 3253.11513519287 3337.84922409058 3663.26875686646 4191.55711746216 4045.80519104004 3738.77920150757 5126.00448226929 4985.24440002441 3420.34365463257 3332.4856300354 3118.25438690186
17362.1845703125 16515.0912017822 16092.4864654541 14814.0398254395 12250.9379272461 8785.79415893555 7105.66220092773 6808.95580291748 6988.676612854 7391.45613098145 7068.47071075439 6499.66780090332 6257.08367156982 5600.82510375977 4847.08210754395 4451.9810256958 4166.68956756592 4052.68603897095 4027.60800933838 4473.16699981689 5391.04521942139 7729.64025878906 9978.98934936523 7232.47692108154 4085.22840881348 3965.96766281128 4383.50302886963 4254.93525695801 4119.64756774902 4148.75047683716 3984.97032928467 3888.08269882202 3829.39054107666 3707.07373809814 3897.17362976074 3742.8616104126 3798.99570465088 4303.50233459473 4290.4208946228 3813.09803771973 4332.05587387085 8630.19747161865 6112.65322875977 3087.2477645874 2581.14159011841 2368.57451629639
15850.8717651367 14417.703704834 13520.1583251953 13312.1999206543 10971.3199920654 8558.60971832275 7604.30791473389 7140.85584259033 7180.54571533203 7592.06339263916 7289.76294708252 6808.54179382324 6449.28887176514 6671.37608337402 6103.41201019287 5178.79679107666 4752.73876190186 4442.57401657104 4292.99237060547 4778.10768127441 5357.59999847412 7782.04523468018 13075.9237060547 12228.9391479492 4855.20985031128 4077.55512237549 4515.33282470703 4156.76641082764 4008.99180984497 4042.40399932861 4069.91640853882 4037.54795074463 3845.81219482422 3903.73330688477 4202.28592300415 3747.78047943115 3983.35547637939 4214.60723876953 3778.0820350647 4331.08594894409 5505.86784744263 7299.31513214111 4127.30429840088 2656.09442520142 2444.33731079102 2213.75722122192
14821.3006286621 13322.315536499 12295.1150665283 13595.9635162354 10744.6674957275 8680.97764587402 7830.28105163574 7172.76083374023 7002.59353637695 7055.03877258301 7591.66464233398 7081.37239074707 6754.78057861328 7940.47785186768 7690.58825683594 6133.95530700684 5607.97198486328 5001.04726409912 4601.65245056152 4916.93572998047 5395.14257049561 7531.59531402588 12514.4213104248 14824.0600128174 5584.35417938232 4116.26679992676 4654.0461730957 5037.42598342896 4485.34162521362 4432.77275085449 4025.84326934814 4170.82762145996 4189.6259727478 4381.95715332031 4795.09841918945 3728.4299621582 3783.77412414551 3850.76964187622 3404.38877105713 5817.5718421936 6802.85668945312 4781.51456069946 3120.70291137695 2515.14071273804 2416.69637680054 2177.44121551514
14808.035446167 12676.7325897217 12089.0395507812 11356.4203338623 9195.63862609863 8455.19506835938 8274.45991516113 8153.72853088379 7470.87355804443 6808.59326934814 7334.84069824219 6259.31629943848 5913.31572723389 7297.64669799805 9913.61447143555 7829.57749176025 6169.7904510498 5293.70134735107 4954.26826477051 4842.71590423584 5320.82012176514 5782.34591674805 9329.28015899658 14444.205657959 8270.75714874268 4303.90654373169 4657.1123008728 6863.91677856445 4761.96931838989 4350.12275695801 4041.89559173584 4138.91779327393 4188.31474685669 4360.72041320801 4659.01951217651 4103.61631774902 4016.20458221436 4091.61549377441 3084.24025344849 3431.93474197388 7153.97394561768 4384.3789100647 2751.77051925659 2349.78993606567 2134.12901115417 2034.74324226379
15412.7657012939 12502.3770446777 12111.3643798828 10897.1349487305 8331.44905853271 7568.97332763672 9009.27644348145 9006.24803161621 8110.30388641357 6712.8603515625 5922.28935241699 5313.7730178833 5276.60390472412 5858.17470550537 8940.7652053833 9016.04891967773 7226.94495391846 5761.12889099121 4673.16046905518 4662.94770050049 4728.93808746338 5659.63380432129 9484.86810302734 12091.3056640625 10126.9452362061 5284.90967559814 4607.22820281982 6229.21357727051 4655.06689453125 4616.61649703979 4830.19952392578 4357.67597961426 4026.51221847534 4064.54864501953 3802.81308746338 3858.49939727783 3709.76307296753 3844.46189880371 3424.0182762146 2492.92090988159 2801.13019180298 2901.00222396851 2548.26092147827 2260.30204772949 1992.72792816162 2008.95380210876
20478.0672607422 13530.6024627686 12381.5772705078 11400.4017944336 8652.72856140137 7209.02851104736 7768.78801727295 8577.15120697021 6833.18224334717 6331.77169799805 6148.64318084717 5745.83819580078 5414.92813110352 5713.86716461182 5400.63165283203 5396.66446685791 5543.67908477783 6103.62699127197 5983.77307128906 6614.43284606934 4696.70869445801 7532.0710067749 10446.4689483643 12895.9241027832 10049.4738998413 6548.3895111084 5952.28108215332 5117.91500854492 4819.30447387695 5323.63965606689 6527.79453277588 5275.59325790405 4263.80741882324 4050.35038757324 4540.06935882568 3771.63974761963 3647.02109527588 4156.34489440918 3474.92882537842 2283.06514358521 2302.32704925537 2697.20243453979 2621.14794158936 2049.19541549683 1812.81679725647 1877.55243873596
15892.6258850098 11588.1198272705 11158.301071167 10217.9906311035 8372.22010803223 7398.31561279297 6911.48262786865 7039.40450286865 6698.84331512451 6455.48741149902 6538.04598999023 6647.93857574463 6385.95888519287 5405.43995666504 4719.13307571411 4153.17383956909 4160.55382919312 4630.693359375 5056.74034118652 4506.2236289978 5129.14756774902 6449.43440246582 8050.41172027588 9618.43836975098 8476.4464263916 7184.82431793213 6809.24591064453 4481.96611022949 4129.76582717896 4713.84199142456 5310.88359069824 4885.39686584473 5807.10402679443 5249.79806900024 4396.60506820679 3773.61428070068 3671.7106628418 4055.59130477905 3475.3307723999 2255.90998077393 2212.38729858398 2736.43320083618 2535.92315673828 1859.17558288574 1633.28506088257 1833.73281097412
13744.0984649658 10208.9927368164 7700.7247543335 7490.8224105835 7488.49335479736 7729.5189666748 7304.77205657959 6745.35234832764 6433.39109802246 7168.57566070557 7858.08860015869 7581.37316131592 7290.00790405273 6405.96514892578 5490.52191162109 4685.20098114014 4339.03630065918 4148.53779983521 3889.80099105835 4585.93201065063 6455.76326751709 6366.37100219727 5325.87413406372 6174.44111633301 6611.1819152832 6616.80969238281 5596.80841064453 4566.59762573242 4274.74590682983 4080.93631362915 4205.75682449341 4357.95216751099 5536.80693435669 5154.99003601074 3715.65320968628 3188.79746246338 2969.51591491699 3422.93895721436 3276.44667434692 2155.35292053223 2019.20948410034 2383.31748771667 2010.66182327271 1666.32245635986 1637.69590187073 1843.62850761414
14017.0198059082 10145.3605499268 8198.3141784668 7478.46364593506 7706.31629180908 8143.19733428955 7972.00899505615 6831.04462432861 6367.84512329102 7421.45069885254 7416.79259490967 7218.03779602051 7419.92451477051 7393.44091033936 5811.87110137939 4565.4213180542 4179.74834060669 3574.42547988892 3402.50436401367 4823.70907592773 5562.27880859375 3887.53877258301 3573.60673904419 4026.07978820801 5379.4421081543 7562.84798431396 7215.51659393311 6661.64828491211 6017.66542053223 4280.22208023071 4541.58379364014 5072.4892578125 4859.95741653442 4550.92822265625 3859.25749969482 2709.02283096313 2375.41232299805 2683.70595169067 2554.29744338989 1963.76474952698 1813.3110408783 1877.05410575867 1808.26943206787 1725.23779296875 1727.42881202698 1867.70731544495
17509.9090270996 14871.308380127 13286.6753692627 9200.6040802002 8296.67707061768 8306.139793396 7968.11750030518 7196.69715881348 7099.75194549561 6853.82400512695 6563.16952514648 6823.12111663818 7939.80670928955 7503.04461669922 5682.4176864624 4696.95956420898 4223.98152923584 3412.98124313354 3148.48653411865 3052.11144638062 3088.63652801514 3054.83185577393 3168.72060775757 3704.85233688354 4594.52392578125 5415.55099487305 6572.07199859619 6932.8756942749 6133.81884002686 4970.12773132324 5610.5387878418 4990.46579742432 3920.41942214966 4295.23370742798 5312.69570541382 3249.97480773926 2326.15224456787 2283.38828659058 2045.32950401306 1969.58320617676 2001.04883384705 2075.70851325989 1960.51465415955 1905.01982307434 1875.10801124573 1923.81532287598
22536.1972351074 22907.1890563965 22136.1637573242 15006.4997406006 8873.72822570801 7756.87181854248 7695.02743530273 7873.53639221191 8969.13880157471 8483.32628631592 8137.50379943848 8266.76326751709 8181.11750030518 8938.15557098389 8771.68656158447 6771.61309051514 6315.30350494385 4603.59189987183 4201.33824920654 3869.70429992676 3471.24206542969 3449.89208984375 3929.64686584473 5109.7304649353 4708.67761993408 5121.77224731445 5451.72566986084 5414.50889587402 5116.85246276855 4988.92987060547 5734.36386871338 5782.82089233398 4131.9186668396 3235.24092102051 5214.75437927246 4823.13010406494 2524.05381011963 2482.55508422852 2278.55381011963 2183.35440254211 2087.01082801819 2105.41611099243 2035.42762756348 1983.03096389771 1937.22596168518 2110.49404335022
21271.9680786133 19812.0986328125 22241.7489624023 19303.9754486084 10826.6961364746 8471.74433135986 8412.83212280273 8552.24659729004 8561.83093261719 8696.57516479492 8861.67559814453 8841.14421844482 8679.36887359619 10422.5028686523 9585.10000610352 7539.4168548584 9954.53755950928 7690.00263977051 6080.13590240479 5623.76580047607 4793.03657913208 4459.58380508423 5663.28768920898 5165.98640441895 4129.49257659912 4653.97518539429 5288.61590576172 5213.5072555542 4419.26533889771 4926.83234024048 5830.53800964355 5752.25946044922 4230.81893157959 2756.21836090088 3109.59248352051 4321.66816329956 2777.4299697876 2506.80839920044 2513.57352828979 2599.39628601074 2633.66807174683 2214.75537872314 2163.58535766602 2048.67441558838 2155.56055641174 2240.03331184387
