Cases/SDM_Urocitellus_beldingi/westernUsClimate_modern/BIO19.asc
NCOLS 316 
NROWS 299 
XLLCORNER -124.820833001 
YLLCORNER 29.1625003333339 
CELLSIZE 0.0666666666645545 
NODATA_value -3.4e+38 
[rows 0 to 24 of 299, columns 0 to 55 of 316]
-3.4e+38 -3.4e+38 -3.4e+38 -3.4e+38 -3.4e+38 -3.4e+38 -3.4e+38 -3.4e+38 -3.4e+38 -3.4e+38 -3.4e+38 -3.4e+38 -3.4e+38 -3.4e+38 -3.4e+38 -3.4e+38 -3.4e+38 -3.4e+38 -3.4e+38 -3.4e+38 -3.4e+38 -3.4e+38 -3.4e+38 -3.4e+38 -3.4e+38 38393.2142857143 39470.9210526316 40513.3333333333 -3.4e+38 -3.4e+38 47072.6666666667 46548.1176470588 51676.0178571429 54069.75 56948.0178571429 58279.5892857143 59062.9464285714 53931.3392857143 52572.8392857143 56353.625 53345.9464285714 62856.2857142857 61500.875 67580.1071428571 66977.8035714286 66794.75 65242.7678571429 75740.8035714286 85549.6964285714 89026.1428571429 83981.6071428571 75477.8214285714 99639.1785714286 88097.3392857143 76520.4464285714 49311.7142857143
-3.4e+38 -3.4e+38 -3.4e+38 -3.4e+38 -3.4e+38 -3.4e+38 -3.4e+38 -3.4e+38 -3.4e+38 -3.4e+38 -3.4e+38 -3.4e+38 -3.4e+38 -3.4e+38 -3.4e+38 -3.4e+38 -3.4e+38 -3.4e+38 -3.4e+38 -3.4e+38 -3.4e+38 -3.4e+38 -3.4e+38 -3.4e+38 -3.4e+38 36688.3269230769 37500.3125 39174.7777777778 -3.4e+38 41230 40846.1428571429 43195.3125 51549.28125 51440.078125 50271.125 50473.515625 49880.25 44984.59375 41166.578125 48977.140625 57251.125 62882.90625 82849.640625 90443.46875 79010.984375 73446.921875 80148.296875 93119.640625 93149.59375 102267.921875 98243.9375 78484.875 99108.765625 114357 94887.140625 64931.640625
-3.4e+38 -3.4e+38 -3.4e+38 -3.4e+38 -3.4e+38 -3.4e+38 -3.4e+38 -3.4e+38 -3.4e+38 -3.4e+38 -3.4e+38 -3.4e+38 -3.4e+38 -3.4e+38 -3.4e+38 -3.4e+38 -3.4e+38 -3.4e+38 -3.4e+38 -3.4e+38 -3.4e+38 -3.4e+38 -3.4e+38 -3.4e+38 -3.4e+38 37112.1111111111 37645.0333333333 38365 -3.4e+38 41162.5 41165.171875 40516.78125 40448.953125 41729.546875 43433.875 43718.671875 41207.1875 38730.5625 58997.703125 77397.609375 59165.21875 64460.46875 75709 86580.6875 84699.875 82563.09375 93189.84375 101384.78125 105090.21875 104005.171875 100837.09375 89214.6875 116449.515625 108515.5625 88853.4375 75938.390625
-3.4e+38 -3.4e+38 -3.4e+38 -3.4e+38 -3.4e+38 -3.4e+38 -3.4e+38 -3.4e+38 -3.4e+38 -3.4e+38 -3.4e+38 -3.4e+38 -3.4e+38 -3.4e+38 -3.4e+38 -3.4e+38 -3.4e+38 -3.4e+38 -3.4e+38 -3.4e+38 -3.4e+38 -3.4e+38 -3.4e+38 -3.4e+38 -3.4e+38 -3.4e+38 -3.4e+38 30061 31674.8888888889 38916 37646.8548387097 37035.046875 34413.828125 32517.859375 35423.171875 37230.9375 38231.859375 40502.140625 67184.09375 76697.671875 65362.21875 106500.515625 98196.625 78190.265625 86921.78125 81514.5625 95815.078125 95336.859375 106556.875 110230.59375 104150.265625 116657.859375 120011.765625 105540.546875 107194.8125 97724.71875
-3.4e+38 -3.4e+38 -3.4e+38 -3.4e+38 -3.4e+38 -3.4e+38 -3.4e+38 -3.4e+38 -3.4e+38 -3.4e+38 -3.4e+38 -3.4e+38 -3.4e+38 -3.4e+38 -3.4e+38 -3.4e+38 -3.4e+38 -3.4e+38 -3.4e+38 -3.4e+38 -3.4e+38 -3.4e+38 -3.4e+38 -3.4e+38 -3.4e+38 -3.4e+38 25476.619047619 26716.6984126984 29507.796875 31488.3214285714 32763.9206349206 32731.40625 31098.515625 30017.890625 32512.6875 35860.15625 44314.328125 58291.078125 78360 57990.65625 69854.84375 106037.75 125464.015625 141422.484375 147996.8125 137557.953125 108492.796875 94662.984375 106077.296875 95373.84375 90916.6875 109699.59375 125735.28125 116143.015625 102755.09375 92936.03125
-3.4e+38 -3.4e+38 -3.4e+38 -3.4e+38 -3.4e+38 -3.4e+38 -3.4e+38 -3.4e+38 -3.4e+38 -3.4e+38 -3.4e+38 -3.4e+38 -3.4e+38 -3.4e+38 -3.4e+38 -3.4e+38 -3.4e+38 -3.4e+38 -3.4e+38 -3.4e+38 -3.4e+38 -3.4e+38 -3.4e+38 30701.1666666667 29978.68 29008.4722222222 27117.0634920635 27317.9375 28163.90625 29433.53125 29341.71875 30432.859375 31231.5 30581.84375 30888.921875 39377.359375 54084.9375 63787.875 100438.59375 61737.84375 77526.90625 126901 161999.203125 155206.5 190705.84375 166256.03125 128270.65625 102073.421875 105540.015625 123477.390625 122414.390625 109841.578125 100491.953125 112197.859375 99354.125 88248.5625
-3.4e+38 -3.4e+38 -3.4e+38 -3.4e+38 -3.4e+38 -3.4e+38 -3.4e+38 -3.4e+38 -3.4e+38 -3.4e+38 -3.4e+38 -3.4e+38 -3.4e+38 -3.4e+38 -3.4e+38 -3.4e+38 -3.4e+38 -3.4e+38 -3.4e+38 -3.4e+38 -3.4e+38 -3.4e+38 -3.4e+38 33339.5227272727 32153.609375 31045.609375 30090.03125 29853.1875 29229.453125 33262.578125 29699.265625 27304.59375 30430.8125 30301.78125 31218.140625 48443.125 60025.921875 67232.640625 86444.328125 73874.5 85416.765625 132981.796875 169861.796875 159530.21875 150821.40625 145371.796875 112965.8125 116248.375 135280.25 146067.46875 104441.5625 97484.921875 92568.109375 90122.90625 107213.609375 100990.078125
-3.4e+38 -3.4e+38 -3.4e+38 -3.4e+38 -3.4e+38 -3.4e+38 -3.4e+38 -3.4e+38 -3.4e+38 -3.4e+38 -3.4e+38 -3.4e+38 -3.4e+38 -3.4e+38 -3.4e+38 -3.4e+38 -3.4e+38 -3.4e+38 -3.4e+38 -3.4e+38 -3.4e+38 -3.4e+38 -3.4e+38 34728.9411764706 34040.6875 33170.34375 30568.421875 27963.40625 27361.59375 26469.109375 26384.796875 27004.640625 26164.984375 27365.28125 28766.625 33696.46875 45546.1875 48966.125 59828.046875 98211.875 120571 94136.484375 109040.546875 117523.890625 148160.28125 136252.4375 105118.90625 122459.71875 127289.28125 122638.140625 103849.53125 83663.6875 100098.71875 114582.96875 116632.5 115855.5
-3.4e+38 -3.4e+38 -3.4e+38 -3.4e+38 -3.4e+38 -3.4e+38 -3.4e+38 -3.4e+38 -3.4e+38 -3.4e+38 -3.4e+38 -3.4e+38 -3.4e+38 -3.4e+38 -3.4e+38 -3.4e+38 -3.4e+38 -3.4e+38 -3.4e+38 -3.4e+38 -3.4e+38 -3.4e+38 -3.4e+38 34847.7142857143 34181.6825396825 33750.15625 30456.328125 25510.1875 23142.6875 22436.078125 22994.546875 23970.828125 24757.46875 25042.25 25979.921875 28141.6875 30380.765625 35840.25 41036.203125 45712.734375 55547.828125 52868.21875 61458.09375 74217.359375 79538.0625 85611.53125 88763.765625 111598.34375 121236.46875 110619.625 90690.921875 89946.15625 95003.78125 94252.859375 113105.828125 129498.546875
80988 84379.9545454545 90699.8 -3.4e+38 -3.4e+38 -3.4e+38 -3.4e+38 -3.4e+38 -3.4e+38 -3.4e+38 -3.4e+38 -3.4e+38 -3.4e+38 -3.4e+38 -3.4e+38 -3.4e+38 -3.4e+38 -3.4e+38 -3.4e+38 -3.4e+38 -3.4e+38 -3.4e+38 -3.4e+38 -3.4e+38 33672 32842.6393442623 29529.875 23597.6875 19698.078125 18079.40625 18072.25 20104.921875 23379.421875 24749.671875 25107.71875 27022.8125 27611.5625 31858.625 38250.953125 52383.78125 76513.078125 99179.1875 126285.984375 161389.265625 165553.453125 155849.59375 129010.890625 97539.890625 80814.4375 92816.78125 101208.4375 113101.84375 123199.09375 99343.78125 93955.71875 91492.046875
78218.25 83428.015625 101842.75 101280.169491525 97440.8571428571 96833.5416666667 95146 -3.4e+38 -3.4e+38 -3.4e+38 -3.4e+38 -3.4e+38 -3.4e+38 -3.4e+38 -3.4e+38 -3.4e+38 -3.4e+38 -3.4e+38 -3.4e+38 -3.4e+38 -3.4e+38 -3.4e+38 -3.4e+38 -3.4e+38 -3.4e+38 31661.7777777778 28312.1315789474 23359.3272727273 19039.3333333333 17466.796875 17245.34375 17440.734375 18006.546875 20567.8125 23453.96875 25602.8125 26888.90625 31884.34375 40302.21875 49348.640625 99874.859375 130170.515625 118416.15625 133088.453125 138511.875 155260.40625 164089.75 143450.921875 100543.328125 106269.8125 116776.65625 116373.671875 127343.140625 126306.0625 102642.609375 96544.046875
81327 84446.796875 110291.03125 144206.3125 118846.078125 99169.609375 91293.298245614 89567.9268292683 89291.1578947368 89066.5263157895 -3.4e+38 -3.4e+38 -3.4e+38 -3.4e+38 -3.4e+38 -3.4e+38 -3.4e+38 -3.4e+38 -3.4e+38 -3.4e+38 -3.4e+38 -3.4e+38 -3.4e+38 -3.4e+38 -3.4e+38 -3.4e+38 -3.4e+38 -3.4e+38 18667.6 17797.625 17292.9047619048 16796.453125 16851.796875 18994.109375 21062.578125 24198.484375 27036.578125 32889.90625 48218.171875 46404.640625 62789.28125 74855.125 77645.21875 104762.21875 131545.765625 148708.34375 156258.609375 136790.546875 120506.8125 82947.125 102159.65625 112815.671875 121169.265625 115660.734375 109831.890625 100455.4375
89253 90380.734375 101736.109375 128275.75 133095.171875 112307.421875 98140.703125 94240.984375 92635.484375 91538.640625 85263.5 80774.4482758621 74942.3684210526 67901 -3.4e+38 -3.4e+38 -3.4e+38 -3.4e+38 -3.4e+38 -3.4e+38 -3.4e+38 -3.4e+38 -3.4e+38 -3.4e+38 24303.3333333333 22879.2 -3.4e+38 -3.4e+38 -3.4e+38 17398.25 17521.6666666667 17700.625 17458.71875 17795.625 20260.6875 24176.34375 27236.046875 33531.203125 43311.203125 43082.21875 50362.734375 55433.734375 62446 69606.9375 82564.90625 91095.90625 104469.109375 94230.015625 99780.390625 114618.140625 132003.5625 106575.734375 106075.125 106515.21875 98503.546875 93817.53125
88407.9090909091 92445.390625 111334.65625 112837.84375 118213.71875 115877.125 116779.578125 109572.484375 97639.1875 95789.078125 91161.953125 86184.859375 76818.515625 63581.5737704918 56120.6875 49205.0625 43503.6666666667 36672.8333333333 32711.0416666667 30364.7708333333 27151.6 24778.1111111111 24074.8695652174 23266.75 21884.4745762712 19122.2063492063 16445.2666666667 16430.125 17015 16954.4 16930.09375 17329.171875 17637.671875 17768.265625 20501.796875 22930.71875 26163.15625 32125.984375 36803.59375 39959.734375 42169.9375 46954.140625 71361.25 104700.25 131505.96875 140599.96875 163474.953125 160062.234375 133081.53125 116319.90625 126773.90625 130749.8125 118822.5 110239.453125 103216.625 93703.65625
87774.3333333333 90856.5625 94744.953125 101589.59375 109224.296875 114123.765625 113448.140625 116197.390625 105711.109375 99969.921875 97815.640625 95474.046875 91003.828125 78979.09375 63555.703125 58013.34375 55371.953125 44300.515625 35964.0625 31957.75 27678.0625 25418.375 24827.84375 21968.0625 17796.046875 15045.765625 14532.21875 15214.28125 16679.78125 17261.484375 16345.90625 16174.859375 16889.8125 18136.78125 19353.59375 22237.921875 25598.703125 33839.109375 36927.765625 38373.71875 45589.703125 48189.796875 72591.28125 82270.328125 99951.53125 118555.953125 143890.75 156252.8125 154592.8125 158233.796875 129694.25 125284.859375 114623.34375 111323.328125 105565.4375 99292.375
88325.25 90787.921875 97409.5625 108056.21875 110440.75 116556.078125 118996.171875 117226.40625 109711.90625 103655.59375 103910.203125 109639.25 111347.234375 121258.421875 112895.5625 96098.4375 105763.859375 88999.1875 63077.90625 79564.921875 69663.390625 46135.515625 37086.40625 30477.90625 23168.015625 19157.828125 16972.578125 17052.46875 19477.46875 19513.9375 18337.109375 17128.484375 17352.484375 19381.875 20858.671875 23137.234375 25701.59375 30612.921875 33454.28125 34615.09375 41724.8125 45585.65625 51366.96875 68184.921875 98163.28125 132613.71875 123389 124667.90625 141578.1875 146796.765625 152735.1875 135046.140625 117840.125 107275.6875 104193.703125 106284.171875
-3.4e+38 91364.0806451613 105340.515625 108456.3125 107199.15625 115263.09375 121435.8125 132424.71875 131419.5625 121970.515625 122346.28125 125903.375 130936.03125 124704.65625 160399.453125 188219.546875 152313.203125 108228.75 89419.421875 103025.359375 95479 82006.921875 67904.03125 58996.21875 46983.796875 36424.609375 38465 33912.015625 32257.953125 26190.90625 25173.1875 22232.203125 19832.984375 20539.5 22807.015625 25391.90625 30476.59375 31698.8125 32536.8125 32768.875 37953.546875 42894.671875 52331.46875 61160.1875 83728.84375 102538.765625 120930 139059.328125 135197.625 163058.515625 156863.984375 153971.015625 125167 114847 114674.296875 103181.890625
-3.4e+38 92007.0769230769 96720.078125 100048.6875 101732.828125 111777.859375 122284.203125 131127.765625 131202.921875 135087.140625 147344.046875 149791.28125 146661.265625 149286.65625 152158.5625 165776.109375 166557.078125 126996.921875 102643.328125 91294.65625 80463.796875 83370.078125 84587.328125 75554.546875 70032.15625 59340.171875 62861.3125 71980.484375 45908.71875 33010.109375 29183.875 27683.375 24372.578125 25193.5625 27418.890625 29671.90625 31581.34375 31789.140625 32704.96875 33747.640625 36671.0625 42584.96875 50510.453125 53364.96875 62963.625 75192.859375 96058.71875 141577.234375 157464.734375 161186.6875 145254.921875 137205.078125 119852.859375 110983.140625 117323.4375 100312.203125
-3.4e+38 91769.625 92112.224137931 96584.59375 105636.078125 121467.75 125616.0625 125935.46875 127452.84375 132574.84375 147973.09375 163312.90625 155808.953125 154855.203125 156988.859375 171984.140625 179834.109375 143645.328125 116691.75 94381.78125 97717.078125 89123.75 98345.078125 95830.703125 80766.84375 74969.734375 76786.34375 86037.734375 65324.234375 43842.875 37602.40625 36050.515625 33839.921875 33944.265625 36951.0625 36622.484375 34869.421875 33441.65625 35338.96875 37949.265625 40207.453125 42678.328125 44326.328125 46130.484375 49116.265625 56051.75 63220.796875 90480.640625 147714.578125 146423.640625 131054.265625 129412.90625 110217.3125 106289.03125 101828.609375 95051.40625
-3.4e+38 -3.4e+38 91716.9 92038.625 94964.921875 112423.140625 124833.84375 125749.59375 122734.96875 128665.375 135825.21875 143347.296875 149694.9375 156770.703125 176258.1875 209767.078125 259566.515625 206835.71875 184801.078125 153980.84375 125971.46875 102137.234375 117636.328125 103372.203125 98696.28125 100536.234375 88610.328125 83580.9375 79292.296875 52396.359375 47198.984375 44214.109375 44377.796875 44307.796875 43043.265625 39512.890625 37777.25 38020.65625 38962.703125 39692.40625 42669.640625 45130.109375 44806.359375 53057.453125 52845.609375 81524.5 131360.390625 114047.375 119983.5625 115215.328125 138092.1875 126857.328125 109627.5625 104579.234375 93876.796875 93055.734375
-3.4e+38 -3.4e+38 -3.4e+38 -3.4e+38 94745.3636363636 98831.78125 109037.921875 116547.59375 129425.1875 137729.421875 141569.0625 147763.109375 151917.6875 165571.890625 148981.375 170967.53125 160733.21875 176685.5 194413.828125 183965.609375 142416.6875 120989.484375 119958.265625 104849.65625 101487.65625 88288.734375 82381.546875 76290.484375 71325.390625 46687.640625 46368.71875 47515.8125 47107.0625 46514.125 44073.015625 40704.375 38281.109375 37323.328125 37693.046875 39399.640625 41753.984375 44848.765625 44297.046875 47123.609375 53345.875 71376.28125 81424.9375 104452.703125 128902.578125 136030.109375 116070.109375 109591.546875 105914.21875 104823.4375 89814.28125 90715.640625
-3.4e+38 -3.4e+38 -3.4e+38 -3.4e+38 -3.4e+38 98632.3829787234 110967.0625 124736.046875 124205.890625 126671.421875 133272.296875 137665.40625 141753.4375 136427.484375 143877.953125 152807.15625 177698.265625 178996.484375 180882.15625 204863.015625 182014.828125 143411.984375 126234.328125 114471.84375 114361.984375 112301.875 87790.71875 73220.09375 54191.46875 47484.734375 48912.328125 52601.34375 49360.984375 46689.625 44690.5625 41534.71875 38433.484375 37071.0625 36531.875 40222.40625 41085.96875 44301.96875 45794.78125 45697.828125 52522.109375 63655.828125 73408.3125 99632.15625 118436.140625 139996.421875 131620.3125 115432.796875 112650.96875 101054.609375 95614.984375 100451.46875
-3.4e+38 -3.4e+38 -3.4e+38 -3.4e+38 -3.4e+38 99576.8125 103358.5 116408.21875 119685.4375 123906.46875 119130.671875 121271.140625 129150.46875 138360.09375 148222.8125 156294.3125 170206.921875 162293.640625 172777.421875 180543.375 163046.859375 142001 120475.296875 120110.609375 113092.296875 105118.125 99477.1875 66949.375 59249.09375 63772.96875 69307.578125 62552.078125 57530.203125 51936.921875 46775.453125 42659.5625 38585.1875 37293.421875 37341.359375 39529.1875 42456.96875 44039.65625 47592.4375 46042.03125 60687.59375 66292.453125 78162.125 133044.65625 144916.015625 129954.71875 126101.625 122051.390625 121567.84375 120809.84375 114249.890625 93241.140625
-3.4e+38 -3.4e+38 -3.4e+38 -3.4e+38 -3.4e+38 -3.4e+38 99245.359375 107810.96875 113387.609375 115770.59375 120107.109375 129457.53125 138943.28125 152035.90625 148479.328125 136786.078125 154797.0625 178019.59375 232516.734375 239209.34375 182605.265625 132372.859375 121389.4375 122606.015625 115018.109375 107526.796875 84396.75 78100.4375 80665.59375 71485.921875 71712.640625 65536.640625 59537.796875 56340.578125 50257.609375 45203.171875 40877.234375 37868.609375 37689.0625 40970.53125 50721.96875 48354.84375 64034.09375 66468.59375 64585.78125 64351.75 107225.40625 128212.421875 101972.703125 112909.3125 117421.0625 123377.828125 126544.765625 123186.9375 98947.859375 83328.71875
-3.4e+38 -3.4e+38 -3.4e+38 -3.4e+38 -3.4e+38 -3.4e+38 93823.1746031746 102107.328125 110342.96875 116040.421875 121566.234375 128266.21875 130559.6875 134794.265625 144616.296875 165267.8125 209961.890625 241872.796875 243773.0625 247929.25 158659.671875 144890.875 136052.75 128607.140625 123757.578125 103692.640625 86344.09375 86710.140625 79658.140625 65123.390625 61790.140625 62519.3125 58879.125 56317.890625 54299.4375 51569.359375 42122.515625 38575.71875 38680.75 41275.546875 45641.59375 48352.046875 61035.359375 80104.8125 87631.90625 80522 74242.609375 98218.265625 137069.625 133192.0625 131154.8125 124642.5625 140708.96875 109370.1875 91484 76386.40625
