Cases/SDM_Urocitellus_beldingi/westernUsClimate_modern/BIO16.asc
NCOLS 316 
NROWS 299 
XLLCORNER -124.820833001 
YLLCORNER 29.1625003333339 
CELLSIZE 0.0666666666645545 
NODATA_value -3.4e+38 
[rows 0 to 20 of 299, columns 46 to 91 of 316]
74342.4102957589 84577.1958705357 94262.4496372768 98670.0881696429 94793.2878069196 86048.6089564732 117160.152901786 103652.133510045 89337.6824776786 56441.9729352679 55586.392578125 59512.0795898438 61765.7794363839 59288.1847098214 57002.727608817 53873.1508091518 60592.0050920759 38079.962437221 36316.8950544085 47579.8814174107 42237.5140206473 32930.8796037946 32800.2053571429 25706.2222377232 24815.6666434152 21320.1869419643 20097.1025041853 25490.9119001116 28590.6292898996 20572.4588274275 11311.9447893415 14016.5569719587 12977.3211669922 11062.4947684152 12147.7197091239 17758.6573486328 17683.4713309152 15431.2794363839 12478.6393171038 12007.5220772879 11919.1960100446 11617.1380615234 12904.4400809152 16986.9523228237 20216.2236676897 19434.3502022879
89059.9089355469 103015.235595703 102414.501953125 114270.802856445 111953.09765625 89699.66015625 116171.377685547 136471.315551758 111480.098022461 74285.0491943359 52238.6752319336 61656.9456787109 62164.6444091797 67438.6229248047 62496.5649414062 60854.0230102539 62475.4630737305 46108.8040161133 41800.8245239258 50158.4248046875 47162.6429443359 32836.3620300293 31250.317199707 28519.1830444336 27383.7274780273 25755.357421875 25661.2152709961 28425.5495605469 27204.6985473633 23260.5737457275 11677.5339050293 11149.469039917 12537.0474243164 11809.8140869141 10371.4733123779 13136.1960906982 14538.7909393311 14635.7846679688 13727.0737609863 12662.2624359131 12137.5675964355 12786.1280975342 12334.9460601807 12402.9348449707 14110.7063446045 17421.7592926025
103770.364257812 112798.020996094 117094.212646484 116545.89465332 114984.024902344 102585.550048828 137959.033935547 128643.864868164 104180.916748047 84313.8552246094 58387.3236694336 70134.1905517578 63824.6265869141 63557.6416625977 63823.2963256836 64005.8572998047 57553.9420776367 52299.8298339844 49069.9315795898 47785.2330932617 42263.7353515625 30659.4194030762 29388.446105957 29150.4134216309 27929.9335021973 26056.8832092285 27488.4342041016 27264.8885803223 24619.6246337891 24818.6339416504 17304.4134674072 11719.7050018311 13746.2771148682 12400.7783508301 11802.2269592285 13091.7089538574 14069.0706787109 14426.7201538086 15414.0644683838 13274.8293914795 12773.2853240967 14877.1219482422 12638.6665344238 12179.5191650391 12407.8029174805 14110.8457489014
107722.485473633 106648.050537109 120494.717041016 126493.131958008 120006.836791992 137119.404418945 141686.844604492 123921.682617188 125971.87890625 115431.75012207 76642.2615966797 83374.3653564453 72472.7015991211 64846.1411743164 64600.982421875 64652.153503418 62119.6983032227 64212.0264892578 65106.1184082031 41689.3389282227 32981.1357116699 30139.425201416 28267.3521118164 28073.3186645508 27851.2895507812 24914.5370178223 24526.7444458008 25357.8414001465 23165.041809082 20814.33203125 17955.5815124512 12908.9133911133 14288.1495819092 12947.4651184082 11708.2763366699 12167.8046264648 15524.5766906738 16209.7569122314 16707.5709838867 14089.6007995605 12079.3288421631 12269.0652313232 12364.2585449219 12950.7454528809 13299.5590209961 12710.3328094482
124875.002685547 106910.715332031 120813.441650391 108540.877197266 103859.108398438 128374.069335938 149464.08996582 137587.255004883 121211.256103516 110853.875 80041.4184570312 99600.3283691406 89218.9771728516 73777.1290283203 65056.4399414062 64500.6306762695 65284.7091064453 64064.9270019531 61165.9129638672 43271.7102050781 34639.6765136719 31807.9604187012 30406.3088378906 27882.962890625 25828.2868652344 23921.9098510742 24591.579864502 25839.6410217285 23918.2301940918 22545.2206115723 19304.4876556396 13753.1724395752 12939.8920898438 11513.6029815674 10857.2056884766 10482.2451629639 11895.1524810791 16038.6992645264 19315.6408691406 21660.5888061523 14246.724105835 13186.1919403076 12887.857925415 14112.1547698975 14206.8137969971 13439.8373718262
150071.447998047 117838.417114258 122093.932006836 144045.021240234 143646.318847656 128116.700439453 117398.997558594 132890.510131836 120403.959838867 105389.97668457 86339.2257080078 97307.7612304688 100094.08996582 79187.6656494141 67030.5427246094 64228.857421875 64055.4557495117 63673.4880981445 51824.1464233398 42371.5946044922 38114.0319213867 36382.3118591309 31434.4397583008 30110.6826477051 25089.9508666992 25695.9639282227 25381.9682312012 26696.1549072266 24339.116973877 22473.7611083984 18854.7499542236 16031.3661346436 15282.5637359619 12032.3193969727 10742.5091400146 10602.5411071777 11611.8756408691 14342.1210784912 18815.7866668701 17925.2769775391 14057.6335906982 13375.5609741211 14109.679473877 14500.7515563965 14610.988067627 13136.8648986816
130923.017089844 135012.782958984 158959.458984375 173159.357910156 122140.715942383 113248.522094727 108028.776611328 105404.221679688 125198.506958008 119328.100341797 103861.407226562 97105.4924316406 90852.2640380859 74562.4333496094 71086.7263183594 65978.0731201172 60531.7801513672 51171.3012695312 37813.8203430176 41680.0827331543 43449.1146850586 41516.1487731934 34091.4436950684 28855.9719543457 25413.4815673828 25565.8079528809 25664.9206237793 27649.0695800781 22796.1877746582 20468.488861084 17129.3522491455 16197.1496887207 14207.0269317627 11653.8634338379 11170.3439025879 12296.5051879883 12220.8285980225 12804.7752380371 13116.8420257568 13989.3309326172 14498.5430297852 14201.7186737061 13973.2572784424 14029.8008270264 14237.9582214355 14025.6809997559
121220.090209961 142315.887084961 149048.403564453 143739.250610352 121226.899414062 97458.1040039062 117431.889160156 135347.465576172 138632.999023438 137361.537109375 104232.30859375 90728.103515625 86793.7738037109 76661.0460205078 67275.5543823242 68921.2126464844 66445.1689453125 57193.6427612305 44919.0606689453 32695.7937011719 31381.6548461914 36103.2390136719 36296.3641967773 28119.8586120605 26734.5258483887 24309.9781188965 25020.1639709473 24385.4656982422 20797.7392272949 18035.2806091309 15108.7244873047 12924.7972869873 12511.0712127686 11519.740814209 12139.2559661865 12719.1926574707 13446.9706115723 15991.9106750488 13637.8276824951 12189.9755096436 11987.5701293945 13185.2194519043 13557.1425933838 14136.7447814941 14018.7773132324 13925.1573638916
102561.829223633 129284.321899414 141485.522094727 128698.621337891 105173.41015625 104978.634155273 111334.779907227 110693.137451172 133882.695922852 154022.007446289 107789.440307617 92100.4652099609 92323.0334472656 88616.5430908203 76457.4498901367 70183.0096435547 69682.9580688477 71826.1636352539 62844.7661132812 52314.7403564453 37317.6645812988 29810.0061340332 30413.0062866211 24015.4367675781 26946.7238464355 27346.8787841797 24931.7911682129 21721.825378418 17010.9856719971 14007.8939971924 12508.4017181396 12045.6996917725 12303.6742706299 11818.6786499023 13026.19581604 12770.4784240723 13552.7427825928 15966.5508575439 14064.0010528564 12824.2950744629 12378.1542663574 12123.3542175293 12428.9220581055 12775.3520050049 12633.8475646973 13454.2697143555
148777.877563477 112504.964599609 93667.6530761719 107127.843994141 116900.927001953 132563.531738281 145892.568115234 116894.535766602 111334.393554688 107656.09387207 108736.358154297 95287.4193115234 95158.5749511719 87830.9427490234 79561.7312011719 70076.2858886719 72967.0013427734 64063.5952758789 55382.8545532227 52377.9397583008 36306.9541625977 35904.5429992676 25984.6696166992 17997.5878753662 21933.6031188965 25990.1556091309 23038.0916137695 21054.8661193848 18479.9447479248 15397.1304931641 14032.8256988525 12323.1973571777 12205.4213867188 11723.2745056152 12835.7869873047 14814.2215118408 15730.2440032959 16347.7850799561 15765.3923034668 13450.8026123047 12742.3450622559 14067.0309448242 14614.0310974121 12078.0790863037 11978.6914215088 13005.4101104736
189621.240722656 164877.767822266 115123.397705078 122379.075439453 134910.162597656 135961.513061523 150524.268066406 150165.556884766 119913.87487793 111748.41394043 116562.280761719 94646.3020019531 90658.9990234375 78792.6158447266 79806.992980957 75631.7617797852 76631.6738891602 66904.1947631836 43022.3864135742 33260.856842041 30568.3351135254 25527.3995056152 25116.0215148926 21321.052734375 18742.6381530762 20768.8431091309 22059.3786621094 18717.1141052246 16963.4483795166 14526.3985595703 14095.7925872803 12766.708190918 11486.4486541748 11893.0495758057 12536.814743042 14354.806640625 15981.1078338623 14589.1124420166 15042.4364776611 15210.0840454102 17849.4934844971 14669.0220489502 12132.3777313232 12321.9976501465 11917.7647705078 12909.153717041
179466.887451172 155853.954345703 136685.683837891 95539.6138916016 116703.554077148 129597.676391602 142364.879882812 136249.473144531 130078.306152344 116570.521606445 111917.013916016 94811.4573974609 78459.0587158203 72621.514465332 60791.3352661133 57375.6481323242 63329.2052001953 76589.6251220703 65768.7423706055 48581.3963623047 33738.2482910156 28231.8538208008 27408.3627624512 26831.1842651367 22012.8135681152 16193.3140563965 18269.3992767334 17342.4745941162 14876.3255157471 13903.1890869141 13275.5290527344 12109.7429656982 13418.432510376 15770.6454162598 13752.2138061523 15127.765838623 14636.1593780518 14661.9748840332 13869.0590667725 15637.0428924561 17235.5916595459 12589.279006958 12125.0000610352 13218.7656707764 11982.7494354248 12722.3985595703
120419.234130859 108082.911376953 113924.093383789 130475.755859375 152355.784545898 122362.110229492 121667.863891602 124637.079223633 116987.924560547 109865.15637207 96912.529296875 93154.1064453125 83126.3459472656 86726.5972290039 62754.1286621094 60283.3033447266 52755.8518676758 56977.7754211426 65947.7236328125 72104.9844970703 54813.2956542969 37398.8005981445 25978.4550170898 22099.3426208496 18361.5015411377 16795.4229736328 17854.9235992432 16650.5698242188 14719.6492004395 13535.4336242676 12061.4931488037 12843.5892791748 14427.8165283203 15607.1580352783 14557.621887207 12387.703125 13255.6370391846 13705.3857574463 14483.9137573242 14576.692489624 14013.8512420654 12448.3505096436 12646.4869995117 13534.806930542 12938.1246643066 12618.073928833
189169.748535156 183713.9140625 152168.849121094 132763.534057617 145998.208129883 149581.659423828 135778.779296875 126528.734863281 120378.988525391 107611.387817383 97115.4072265625 87263.9368896484 94547.9188232422 84429.5771484375 66605.5472412109 61303.5088500977 54974.8189697266 32872.9634094238 39238.1412963867 61090.3215942383 65631.0060424805 40372.5172119141 22357.7971496582 17541.9662628174 14968.1888580322 16206.1177520752 16570.5039520264 15678.8827056885 15137.9007873535 13167.921081543 12066.5560913086 12275.73046875 13288.9194488525 13889.6145324707 13783.0995178223 12597.8577423096 11889.5494232178 12240.7498931885 12363.5695495605 12490.0047302246 13831.9253234863 12499.3480529785 13049.2933349609 12719.5230712891 13187.2639770508 12312.2653961182
166858.471313477 181051.980712891 178934.695068359 182091.893310547 148498.64074707 143848.41003418 131326.016967773 127872.543457031 120971.130859375 112066.299072266 93744.2099609375 88733.5732421875 89551.9791259766 84592.5748291016 90260.3347167969 73741.6296386719 70552.1662597656 61999.9637145996 26821.3014526367 44660.8153381348 58509.1578979492 38718.3528137207 23085.0175476074 17423.6439971924 14343.6220092773 14086.8427886963 14624.9198150635 15007.347869873 14377.9353790283 12736.6502532959 11694.7268218994 11860.4481201172 12731.4632415771 12672.5363464355 13559.9189910889 12845.610824585 11424.3021087646 11338.8930969238 11072.1895294189 11644.221206665 12244.6006011963 12338.6923217773 12329.1201629639 12912.7452087402 14136.4287567139 12038.0192565918
143199.109130859 144787.71862793 164410.360351562 170066.180175781 175407.87890625 153673.925292969 133498.839477539 123217.356201172 118589.358398438 122669.679443359 103537.335205078 86838.4837646484 88598.3117675781 91191.6998291016 110526.431030273 98621.5350341797 70969.799987793 65457.0818481445 54705.1238861084 27083.780960083 29376.2784576416 23087.2845153809 20760.3095703125 18912.8320922852 16401.2800445557 15325.111114502 15149.4061584473 13230.2342071533 12505.7099761963 13007.4888763428 11731.4122467041 11560.5206604004 12255.4781951904 11786.8069915771 11774.4956207275 11569.0512542725 10878.7043304443 11196.650970459 11330.9800109863 11999.2806854248 12025.6500396729 10706.1421203613 12798.0848083496 14828.9495544434 16038.6910858154 12124.2377624512
140188.720336914 161120.509277344 156782.167480469 189384.232666016 179875.038330078 173571.16796875 140390.796020508 132056.380493164 129166.149902344 115332.512207031 92562.7062988281 82535.8431396484 84690.64453125 88745.6584472656 88270.7652587891 96858.9184570312 68241.4625854492 53035.6795043945 59942.3137817383 60919.7252197266 50373.5859222412 21410.0097045898 14453.3068847656 14080.0426940918 14596.313873291 16243.6499633789 16357.2857513428 13458.7237701416 12787.4585571289 14307.782409668 12388.0908966064 11666.17137146 11999.725112915 12021.2286224365 11584.0639801025 11334.6558074951 11250.7384643555 11277.3420562744 11436.695022583 11739.5571289062 11778.9482116699 9557.60995483398 11781.2308502197 14102.6298065186 13973.7244720459 11426.7131500244
111162.246826172 163426.764404297 181726.365966797 186979.038574219 168057.443603516 156584.044433594 133925.339111328 124842.538330078 131624.682617188 110941.99597168 100225.775268555 90345.3431396484 75143.4765625 84847.374206543 83151.6220092773 64763.5969238281 68116.1283569336 62735.0324707031 48020.9849853516 56721.6820068359 63334.9125366211 32930.415435791 21365.5194854736 11665.1840820312 12582.9412994385 14118.2908782959 15370.876083374 13159.1249237061 12440.4822845459 12641.0207519531 12230.2662200928 12000.3099060059 12043.7922973633 11820.2452392578 11696.1637878418 11427.3237609863 11296.431854248 11276.4586486816 11010.9774780273 10374.6540985107 10284.0249786377 10629.9730072021 10268.2274932861 10197.050994873 9432.67488861084 9618.35289001465
73229.8468017578 104105.849121094 169473.691040039 169398.998535156 151580.459960938 145327.432617188 125945.443725586 118123.354125977 112885.286254883 106708.959960938 98586.9207763672 82094.0641479492 75037.085144043 63156.6163330078 70654.34375 58534.3636474609 55275.3928222656 70730.8490600586 60866.603515625 41080.2630310059 34320.2045593262 40071.4059448242 20244.5781555176 12996.7611694336 12314.5613098145 13492.4430389404 14420.1703491211 13310.4249725342 13498.0811157227 11989.8242492676 12027.6297302246 12279.4042053223 12254.5575256348 12093.0663604736 11772.0422668457 11405.740814209 11261.7861175537 11149.98046875 10281.9189605713 9914.97055053711 11543.3455352783 12892.363494873 13846.3137054443 13714.3106842041 12629.71875 12331.3605651855
151627.562011719 131259.459350586 137985.414306641 133539.481567383 159657.857910156 146767.736816406 130353.483886719 116230.363647461 105467.575561523 106221.556640625 104221.290161133 101288.187866211 84277.66015625 65514.3912963867 60704.5100097656 47412.1196289062 43000.3155517578 55237.9014892578 56938.4566650391 35685.1812133789 19073.6948242188 18190.3143615723 17033.6174621582 14798.4156799316 13987.7356109619 13916.5158081055 13527.9151611328 15870.0568695068 13362.843536377 11752.0432739258 11949.7219238281 12319.0307159424 12264.8071136475 12013.9435882568 11625.1723022461 11411.1846923828 11344.3569946289 10976.1254119873 10421.7467956543 11440.9955749512 11775.9130706787 12361.443069458 11820.0955657959 11374.1900787354 11722.7113189697 11781.1772460938
93471.3647460938 120656.089477539 149643.898681641 157482.506103516 133707.285888672 127055.384033203 117650.459472656 114492.78515625 97911.4659423828 101767.385009766 104479.200195312 103167.822753906 105369.212036133 67327.2829589844 65232.6868896484 52224.3012695312 42991.9001464844 48118.6074829102 63707.798034668 45461.4174499512 23564.9892883301 17466.9551696777 16885.64894104 14447.2421722412 13587.2781524658 13981.6291351318 14162.6810760498 12820.4394683838 11370.1051177979 11386.7922210693 11648.8983612061 11798.8040161133 11797.7646636963 11729.8666534424 11586.5861816406 11493.8813171387 11277.9505004883 10294.1345062256 11071.2017669678 11524.4101104736 10792.3350830078 10559.7455596924 10558.1439056396 10987.1070404053 11281.8260803223 11496.204498291
