Cases/SDM_Urocitellus_beldingi/westernUsClimate_historic/BIO04.asc
NCOLS 316 
NROWS 299 
XLLCORNER -124.820833001 
YLLCORNER 29.1625003333339 
CELLSIZE 0.0666666666645545 
NODATA_value -3.4e+38 
[rows 144 to 167 of 299, columns 220 to 274 of 316]
87555.453125 93187 92741.53125 89316.75 89169.765625 87397.921875 86604.40625 86542.078125 87655.75 86772.90625 85811.890625 86429.90625 86146.296875 86385.734375 87268.140625 88325.546875 90409.28125 92726.9375 92520.296875 91443.5625 93062.125 90206.21875 88637.609375 86866.546875 86551.96875 87195.25 87751.109375 88863.75 87572.53125 83744.546875 87665.15625 91227.625 89147.84375 87074.34375 85544.484375 82753.203125 86813.5 87698.640625 86547.96875 80729.21875 79992.375 78015.375 83344.078125 85904.171875 84084.84375 83647.8125 79493.546875 76501.796875 75543.375 75952.40625 75220.375 76285.265625 74417.875 69924.9375 69693.84375
90456.8125 93369.109375 94051.171875 87749.546875 86821.578125 86130.484375 85474.125 86180.609375 85570.828125 85711.90625 85939.25 87780.390625 89489.390625 89606.671875 89855.796875 92176.921875 95477.125 97157.703125 95034.65625 96041.8125 94676.15625 91444 89114.0625 87589.859375 86852.109375 86550.390625 87549.421875 88945.140625 91564.28125 88728.59375 91308.671875 88673.015625 81197.234375 76028.1875 75259.421875 78390.546875 82342.46875 84038.390625 82659.453125 78545.546875 77437.28125 76349.625 78553.171875 84880.609375 86640.921875 85001.53125 81465.375 78753.703125 79788.484375 76483.65625 75936.40625 75282.34375 77393.6875 72775.4375 68942.3125
96168.65625 98258.375 90673.875 88130.625 85801.765625 85295.5 84623.875 86007.046875 84358.421875 83596.984375 87765.28125 91613.78125 91980.09375 92674.890625 95052.703125 97514.21875 98363.484375 98012.765625 97837.421875 96985.25 96538.484375 95383.8125 93011.734375 89976.1875 88235.15625 87475.921875 87770.65625 89547.828125 92491 92520.859375 88411.9375 83880.59375 81260.171875 78075.28125 77691 76475.5 80090.828125 80800.96875 81651.921875 77088.953125 76034.859375 75852.84375 77775.953125 81364.609375 83533.09375 79515.328125 82336.46875 82248.828125 78274.859375 75700.78125 76296.890625 77751.203125 78549.21875 76508.90625 71338.84375
93314.171875 96900.609375 93797.3125 88988.90625 84544.921875 84707.953125 84767.3125 84698.484375 84866.609375 86380.453125 88766.8125 90730.65625 93604.515625 97321.53125 98406.90625 99409.0625 99397.65625 98703.140625 98100.9375 97270.234375 96676.859375 96751.734375 96481.75 94193.171875 89498.546875 89334.328125 89528.703125 90866.703125 92817.90625 90132.65625 85672.53125 85586.3125 86787.953125 85658.890625 83138.03125 82569.421875 81963.3125 78787.65625 78611.609375 78885.796875 77735.328125 74281.390625 74757.34375 79507.171875 76647.328125 73700.578125 78422.25 80607.90625 81093.96875 79711.03125 74659.203125 73895.125 73267.59375 74469.859375 71390.734375
95476.296875 95734.921875 93412.75 91874.359375 87587.828125 85303.84375 85880.890625 85081.171875 86954.71875 90406.296875 93088.390625 93981.078125 96574.15625 99320.53125 100301.75 100411.78125 99216.359375 97478.296875 96746.328125 96879.328125 96542.4375 96586.0625 96476.5 96481.59375 94688.4375 90537.125 90872.640625 90967.1875 91308.765625 89591.71875 90139.828125 87662.65625 86260.078125 84452.28125 80764 78115.890625 77208.390625 76999.03125 76184.359375 75025.6875 77804.046875 73761.1875 75337.75 77882.171875 74509.75 71424.078125 71459.40625 73626.109375 75789.875 79164.015625 75220.671875 72727.546875 70761.140625 68968.234375 67259.34375
96048.015625 94118.21875 93215.4375 91169.078125 89530.6875 88116.875 87658.890625 89622.453125 89968.453125 90813.640625 94218.28125 98297.65625 99818.609375 100775.078125 100815.328125 98681.828125 97427.328125 96468.84375 95129.796875 94775.453125 95554.296875 96450.921875 96756.9375 97171.484375 97310.46875 94995.03125 92485.203125 92646.171875 86211.75 85208.453125 85380.546875 83268.890625 80566.34375 76235.046875 73177 74551.71875 73342.1875 74154.53125 76421.703125 79329.484375 82448.28125 80916.046875 77519.4375 77674.1875 71583.078125 69662.5625 68288.421875 67172.234375 71054.5 73132.390625 73552.28125 71528.609375 70712.78125 68412.6875 66096.65625
97353.578125 95870.25 94002.203125 91647.046875 90624.703125 90326.296875 90825.8125 90947.375 95505.5625 97556.25 98683.90625 100442.65625 101546.5625 101676.421875 99588.734375 97197.453125 96429.234375 94211.3125 92681.765625 91642.125 91441.609375 92969.53125 95794.921875 96332.734375 95886.921875 95489.390625 95411.359375 90793.96875 81458.046875 77922.21875 78179.8125 74462.453125 73462.03125 73632.671875 75386.953125 76316.140625 74650.015625 73981.96875 75779.796875 78277.96875 81483.140625 84412.6875 77977.109375 74433.40625 74006.875 70408.109375 69074.609375 67026.484375 69170.4375 70143.59375 71966.03125 68307.9375 68607.0625 68021.28125 69018.859375
97592.03125 97458.984375 96050.71875 95292.578125 95260.28125 94793.40625 95775.5625 95896.5 97638.5625 99408.59375 101000.765625 102740.578125 103269.46875 101623.515625 98339.75 95134.703125 91713.328125 90474.125 90477.03125 90431.59375 90019.5625 89040.484375 91325.640625 94188.609375 95467.421875 95349.546875 94542.125 90094.84375 84939.609375 78830.515625 74558.484375 73966.609375 77365.578125 78673.1875 79053.0625 77739.4375 76559.5 74870.765625 76350.53125 80067.734375 76632.671875 80935.515625 81352.6875 75253.75 73532.1875 69095.75 68569.90625 70059.984375 68140.25 68485.65625 70037.421875 71879 71928.6875 68324.96875 67929.109375
97296.578125 97202.21875 97215.3125 97025.296875 97119.203125 98113.28125 98573.96875 98727.796875 99564.359375 100356.0625 101265.921875 102020.9375 101886.421875 100309.640625 97592.71875 92942.203125 88844.03125 87034.4375 86689.25 86826.59375 85632.8125 83542.625 84150.796875 87520.765625 91789.40625 94475.59375 94364.171875 91785 86069.59375 77825.59375 75627.171875 81077.890625 85643.3125 86100.140625 86068.890625 83756.546875 78590.78125 79073.53125 81348.484375 83510.484375 81675.8125 82036.890625 84420.421875 78878.203125 78323.28125 70728.609375 75404.9375 79543.6875 77655.234375 74790.171875 72274.03125 71130.703125 74950.109375 78926.578125 71813.0625
97129.1875 96713.75 96937.15625 97210.921875 97445.765625 97717.3125 96852.921875 97593.78125 98536.140625 98162.59375 97897.09375 97406.640625 98559.640625 98049.796875 96327.171875 92996.53125 85871.828125 77580.6875 75641.765625 77796.90625 78321.59375 77196.953125 78804.796875 83381.171875 87983.609375 90741.703125 93255.265625 92849.65625 88145.484375 83496.5 82850.25 87747.6875 89107.109375 87860.4375 87307.390625 87009.3125 85717.546875 86348.015625 86669.53125 82510.890625 79196 77346.96875 80286.28125 73087.46875 74145.828125 73547.78125 73965.21875 82082.359375 83412.28125 75861.0625 74669.8125 75280.15625 73062.296875 81589.09375 81596.375
97677.578125 96787.34375 95951.34375 96043.9375 96255.484375 96866.515625 96073.375 94407.640625 95043.921875 94947.140625 94408.9375 94498.640625 95369.015625 95751.3125 95234.59375 93373.375 88807.5 80521.671875 76599.796875 81948.140625 76840.890625 80271.40625 83408.0625 84595.25 86542.53125 87356.375 90951.6875 92677.65625 92136.0625 91036.390625 90618.78125 91344.78125 91643.75 91150.34375 90268.234375 89890.859375 89572.703125 88365.515625 83678.40625 77610.203125 77417.703125 74979.84375 79015.71875 77424.515625 72330.234375 76423.890625 78809.359375 75189.8125 78032.71875 78843.5 73440.875 75846.015625 76333.765625 79176.203125 78941.3125
97702.234375 97092.171875 95953.421875 94762.734375 93449.671875 95135.96875 95753.75 94650.875 93977.328125 93827.609375 92902.0625 92739.5 93647.359375 90746.390625 92073.15625 92460.953125 90557.4375 91068.140625 90463.40625 81545.875 79217.265625 79293.5 81884.359375 83523.703125 84103.75 85372.34375 88170.4375 90193.984375 91070.90625 92222.265625 91832.390625 91808.015625 91658 90971.125 87346.046875 86737.296875 87425.25 87213.828125 85400.59375 81826.453125 80686.390625 75123.421875 74769.296875 73589.96875 69820.890625 75595.15625 85382.5625 82995.03125 76377.125 85358.21875 81071.9375 78315.53125 74313.828125 72220.4375 72606.25
95358 96367.265625 94584.296875 93647.953125 93289.390625 93691.203125 94405.703125 94771.390625 94336.109375 93429.203125 92849.828125 92569.6875 90540.8125 87459.203125 85853.90625 83965 84237.09375 89888.21875 86968.46875 84907.65625 83689.140625 77163.15625 78668.375 80008.375 82080.0625 84029.84375 85749.625 87898.109375 88307.25 90172.40625 91603.171875 91367.828125 91052.09375 90012.734375 86609.765625 83482.21875 84061.25 84337.15625 85730.5 82732.484375 77964.546875 74789.96875 78317.84375 74991.34375 71356.90625 74316.25 77862.203125 88428.15625 83694.5625 84737.40625 78609.984375 77223.203125 71037.1875 70846.625 70256.90625
94889.421875 95699.671875 95050.984375 94192.375 93188.40625 93521.015625 94453.296875 94240.71875 94106.515625 93195.75 91970.890625 89086.1875 87863.484375 76575.609375 76852.484375 80698.203125 78915.609375 83178.515625 90279.71875 89094.71875 86912.171875 79429.078125 75427.953125 77848.6875 80544.34375 83802.890625 84777.25 85306.578125 86724.15625 87288.3125 88386.578125 90129.890625 89932.625 89371.5625 86431.375 84018.75 81741.84375 81231.921875 83035.578125 82113.375 79781.6875 76879.375 80538.6875 76742.515625 75880.625 77286.328125 80525.296875 88778.71875 95843.328125 85354.5 78738.25 76910.140625 77673.90625 77817.359375 77518.90625
94257.109375 95520.671875 95456.03125 94631.796875 93798.6875 92663.9375 93601.125 94493.234375 93449.609375 92833.5 92594.375 86257.28125 75594.3125 67058.125 70000.1875 79052.921875 82586.546875 87056.53125 89859.609375 89559.9375 88869.75 84350.90625 76518.46875 75012.703125 78334.1875 81508.734375 82191.125 82683.765625 84522.4375 85596.296875 85073.71875 87416.65625 88506.71875 88758.953125 87940 85666.4375 81830.09375 81017.21875 80756.046875 81537.296875 79618.5 78846.828125 85024.75 83802.859375 82950.71875 84470.984375 92217.625 97106.6875 97075.203125 93551.734375 88968.1875 85644.3125 85239.5625 78673.71875 78630.734375
93949.3125 95592.671875 96192.5625 95032.828125 93945.9375 93994.140625 94789.734375 95008.578125 93958.765625 92998.90625 91767.65625 89711.671875 80248.96875 66261.921875 71680.546875 80930.109375 81377.296875 85879.46875 88412.546875 89607.46875 89433.703125 88891.46875 85439.015625 78316.15625 75023.390625 77386.96875 78180.109375 79458.09375 81210.421875 83057.984375 83015.421875 84432.078125 86348.734375 87773.859375 88305.34375 87070.109375 82716.359375 79908.5 81069.171875 81202.296875 80808.828125 82421 89507.53125 92411.546875 94913.40625 95967.75 93612.078125 94192.328125 90736.71875 86636.484375 90330.609375 91934.34375 91096.421875 87655.015625 80692.3125
93623.15625 95832.25 96671.484375 94500.234375 92759.34375 94539.609375 94808.328125 93171.890625 93038.03125 92751.0625 91378.90625 89331.96875 81324.28125 69722.71875 79292.84375 83399.28125 83914.109375 86138.71875 86938.875 89164.640625 90095.953125 89113.921875 88504.953125 87000.3125 82680.546875 80560.234375 77727.90625 75432.921875 75542.578125 79300.359375 79862.40625 80038.6875 81376 84055.71875 86792.578125 86167.859375 80303.734375 78814.0625 78358.78125 84868.375 80131.96875 80955.203125 83337.671875 88974.859375 89242.171875 88126.890625 88757 87620.5625 85451.453125 83750.359375 86623.453125 85472.59375 86421.796875 86283.34375 84662.046875
93696.546875 94592.640625 95423.078125 95128.59375 93553.875 94291.6875 94204 93591.125 90704.46875 91675.109375 90557.15625 88626.265625 86480.640625 83681.671875 84465.0625 85254.0625 85818.203125 87621.203125 88123.421875 88662.96875 88563.421875 89204.75 88831.390625 87913.15625 86206.78125 83373.1875 79995.09375 77457.46875 72828.640625 73013.296875 75763.875 76831.578125 77056.234375 78471.09375 82393.3125 85486.125 79940.265625 75305.25 76580.328125 76764.953125 76961.765625 77397.5 80349.140625 85043.609375 87350.28125 86316.9375 84108.71875 82031.96875 80972.796875 78415.328125 83646.171875 79889.0625 79665.015625 77401.84375 75304.015625
92558.875 93602.46875 94497.171875 95081.9375 93996.984375 94090.90625 93377.71875 90245.171875 89668.734375 90473.328125 88851.375 87844.03125 86965.65625 86535.859375 86172 86088.703125 85971.265625 87307.984375 88316.90625 88346.96875 88194.0625 88091.25 88509.296875 88272.359375 87484.609375 86318.078125 84535.40625 81004.046875 76719 75787.90625 72952.328125 73151.09375 74306.28125 74839.921875 75874.625 80236.609375 79720.671875 74289 71382.96875 71926.796875 71266.140625 73010.171875 75631.921875 85740.765625 84622.171875 87198.25 84189.015625 78362.71875 78042.6875 74688.21875 84066.5 83733.734375 80510.484375 75269.015625 76534.453125
91540.921875 93209.109375 94254.921875 94445.734375 93706.28125 93408.75 92302.90625 90943.640625 90552.21875 89888.703125 88404.015625 87369.546875 87025.34375 86710.453125 86386.359375 86123.796875 86582.125 86935.171875 86912.171875 86901.390625 86338.453125 85258.953125 87033.546875 87477.046875 87118.5 85777.953125 84229.515625 83289.25 79377.140625 75209.71875 73991.78125 72457.359375 71699.875 72057 73262 76736.375 81207.640625 77265.828125 70906.703125 69805.171875 67729.859375 70619.125 76469.359375 81395.65625 75902.296875 78748.484375 81578.609375 75967.921875 75521.578125 82506.671875 83462.421875 82567.390625 82442.8125 77717.234375 80432.96875
90975.234375 94148.25 94547.890625 94317.609375 93146.25 91971.125 91554.203125 90650.75 89867.1875 89128.5 87610.140625 87103.765625 86819.1875 86492.03125 86177.421875 85586.0625 86123.46875 85783.75 86525.78125 86566.15625 85201.875 86401.625 86132.671875 83764.46875 84996.953125 84160.171875 82977.28125 82388.328125 81775.90625 77879.71875 73641.390625 70839.296875 69418.75 69983.0625 74930.6875 75351.546875 77725.140625 72861.40625 69181.5625 65879.390625 64867.671875 67103.65625 75239.09375 73594.65625 67795.3125 71612.421875 77794.28125 75425.296875 75579.046875 75972.03125 78091.03125 79875.953125 77373.609375 79438.484375 83001.40625
94549.953125 94905.796875 94060.125 92543.25 90878.21875 89649.921875 89804.90625 89984.421875 89639.390625 87786.453125 86333.46875 85965.484375 85578.90625 85875.09375 84976.796875 84036.171875 84453.1875 84834.625 86228.390625 86688.71875 86631.984375 86088.796875 85366.34375 84499.25 83177.0625 79312.0625 76767.640625 76320.3125 75828.765625 76544.90625 74561.40625 72266.25 70719.84375 68330.625 68777.453125 68745.078125 71360.328125 68657.96875 66311.921875 63836.515625 64811.375 65472.0625 74354.703125 70603.171875 68816.8125 72951.5 76253.375 72922.109375 69528.5 72867.421875 74569.921875 74502 75668.34375 81014.109375 82141.859375
93521.03125 93054.921875 90716.140625 88497.421875 86969.046875 87073.53125 87805.34375 87408.9375 87380.421875 85718.5625 84326.171875 83085.609375 83592.5 84178.890625 84089.671875 84249.859375 83162.40625 83113.21875 83829.546875 86137.328125 86915.3125 86437.703125 84770.703125 81800.265625 80101.796875 76984.796875 74557.765625 75842.171875 73327.90625 73413.640625 73144.421875 72981.9375 70392.453125 65676.140625 63412.140625 64045.21875 65696.53125 67324.40625 63942.265625 64484.421875 66980.9375 67702.53125 72507.59375 69714.578125 70592.1875 69662.109375 70476.8125 68967.84375 65523.015625 68784.34375 70541.125 74362.25 75278.828125 72784.625 72365.890625
90775.34375 88856.109375 87212.578125 85789.96875 84862.375 83845.796875 84920.625 85303.71875 79373.515625 78949.625 78917.921875 81856.6875 82832.328125 82976.328125 83497.90625 84302.40625 83933.421875 82838.578125 80127.453125 79927.421875 83124.421875 85240.734375 85830.59375 83708.984375 75872.421875 74269 71886.078125 74286.984375 70285.625 71102.28125 69784.265625 69230.15625 69319.828125 70525.875 68398.578125 66026.96875 64787.6875 65131.390625 62356.765625 62631.78125 64593.09375 65828.65625 71004.921875 68010.703125 68834.875 66840.546875 65811.828125 66439.5 66207.203125 64121.734375 66962.421875 69313.34375 68835.65625 67174.296875 69584.15625
