Cases/SDM_Urocitellus_beldingi/westernUsClimate_historic/BIO05.asc
NCOLS 316 
NROWS 299 
XLLCORNER -124.820833001 
YLLCORNER 29.1625003333339 
CELLSIZE 0.0666666666645545 
NODATA_value -3.4e+38 
[rows 105 to 125 of 299, columns 92 to 137 of 316]
2719.27811813354 3244.89961624146 3271.69687271118 3098.82851409912 2785.61367797852 2589.29218292236 2466.013671875 2695.29765319824 2833.97147369385 2917.29685974121 2883.14609527588 2810.77146911621 2983.35272598267 3203.31366729736 3146.16446685791 3050.50273895264 2741.087890625 2671.78124237061 2769.47615814209 2836.45545578003 2853.27070236206 2892.65351104736 2958.74061965942 2998.63358688354 3038.20232009888 3082.37968444824 3105.44532394409 3047.18710327148 3123.73398971558 3112.86640167236 3147.57772827148 3130.68204498291 3118.8671875 3118.09960174561 3038.90351867676 2964.12930679321 3044.97774887085 3052.82382583618 2961.89413452148 2742.7652053833 2741.31561660767 2843.13827896118 2956.24920654297 3005.4824256897 2990.30585479736 3027.78438568115
3105.23359680176 3297.35234832764 3202.65155410767 2853.13943862915 2830.11484909058 2686.56837081909 2440.06991577148 2689.83711242676 2947.22459030151 3001.17382049561 2948.89296722412 3011.41250610352 3080.54141235352 3199.60820388794 3189.97617340088 3133.94139862061 2974.93984985352 2886.03554153442 2803.767578125 2767.77304840088 2773.14881896973 2853.52578353882 2970.93164825439 3000.091796875 3061.16641235352 3119.75938796997 3094.99219512939 3049.02070236206 3100.85584640503 3145.83204269409 3146.27342605591 3123.69256973267 3092.55467605591 3063.04023361206 3022.33281707764 2957.89101409912 3030.63555908203 3051.12735366821 2989.35272598267 2607.23438644409 2559.97968292236 2758.47461700439 2738.38515853882 2840.57421875 2924.6621055603 3015.24493408203
3214.56562042236 3191.76444244385 3049.06758117676 2683.14881515503 2678.20936584473 2941.41954040527 2954.14178848267 2812.92303466797 2832.96407318115 2821.58710098267 2916.12225723267 3036.56993484497 3101.8554725647 3179.93360519409 3206.3632850647 3152.58826065063 2964.63475799561 2850.88046646118 2698.55194091797 2840.95194244385 2772.67109680176 2845.70976257324 2922.24686813354 3001.90233230591 3074.78554153442 3135.04061126709 3132.47813034058 3053.22615814209 3066.32461166382 3107.82421112061 3185.0976524353 3144.73322296143 3091.39765930176 3078.88436889648 3047.5234413147 3004.22147750854 3040.09648895264 3033.95663833618 3004.54138946533 2821.13790893555 2658.99024581909 2669.23634338379 2612.34414291382 2715.74336242676 2851.43360900879 2966.12536621094
3075.54258728027 3107.58436965942 2951.17499923706 2549.77422332764 2504.19609069824 2999.61367416382 3234.97694778442 2991.27110671997 2724.32382965088 2702.64806365967 2884.68555450439 3006.65977096558 2947.17617797852 3146.35120010376 3220.85820388794 3122.32734298706 2774.38788223267 2592.83865737915 2541.78438949585 2687.87969970703 2571.12342834473 2770.33124923706 2903.51680374146 2979.88280487061 3057.22030639648 3119.11054229736 3126.17616653442 3143.88829040527 3140.01054382324 3124.87969970703 3152.43086242676 3169.27967834473 3105.62029647827 3110.76718521118 3058.64570236206 3037.13787841797 3051.55781555176 2949.8671875 2762.2343788147 2801.96328735352 2846.7499961853 2751.46212005615 2551.42850875854 2643.06954956055 2843.09101104736 2876.67227172852
2654.0991973877 3002.45273971558 3100.85234832764 2777.89181137085 2668.8066368103 2948.24803543091 3244.73203277588 3209.40272521973 2628.37459945679 2676.90116882324 2926.14061355591 3029.58826446533 3156.22423171997 3236.9355430603 3204.70705032349 3070.99922943115 2731.23551177979 2470.29843902588 2615.60976409912 2760.47226333618 2675.52735519409 2751.11641693115 2871.82149124146 2955.04961395264 3044.99568939209 3108.05195617676 3138.03086090088 3145.63632202148 3142.04024505615 3131.77930831909 3143.08477783203 3138.96445083618 3166.32187652588 3155.61210250854 3155.39140319824 3072.3456993103 3067.82110595703 2945.97109222412 2565.84687042236 2609.771484375 2826.39921569824 2890.50706863403 2758.32069015503 2692.14686203003 2698.93593978882 2506.36757659912
2530.2871055603 3036.01366424561 3200.50664520264 3065.32266235352 2865.34571075439 2909.78045272827 3261.56993103027 3305.61054992676 2963.64413070679 2932.77615737915 3131.78750610352 3199.1035194397 3269.49258422852 3203.13164138794 3082.61758804321 2865.34218215942 2505.8730430603 2580.6835899353 2738.01718521118 2697.58984375 2775.72422409058 2820.91289138794 2896.771484375 2955.69337844849 3020.01250076294 3080.18592453003 3134.30585479736 3138.98321151733 3124.23515701294 3108.07188415527 3113.13122940063 3140.46758270264 3144.22930526733 3136.67108917236 3173.53281021118 3135.97734069824 3099.96991348267 2964.17812347412 2576.43007278442 2516.8066368103 2843.36757659912 2823.12185287476 2741.60196304321 2771.79960250854 2692.90154266357 2586.18867111206
2744.18203353882 3182.43008041382 3291.05312347412 3222.66952133179 3107.84413528442 2982.03360366821 3214.91366577148 3311.35468673706 3180.40546417236 2913.1269493103 3136.30389785767 3311.21211624146 3287.36132049561 3182.93046188354 2886.97889328003 2544.84255981445 2221.78634643555 2423.40662384033 2628.47812652588 2790.56328582764 2799.99961090088 2868.390625 2925.13280487061 2941.03436279297 3017.74726486206 3074.64180755615 3119.55233383179 3135.82461166382 3116.58164215088 3119.67617416382 3135.45272445679 3156.42109680176 3145.22967147827 3106.00508117676 3125.13750457764 3126.62851333618 3103.68946075439 2863.63164520264 2647.09297561646 2776.00859451294 2575.57030105591 2557.86407089233 2773.81094360352 2853.59685516357 2736.86172866821 2607.98320388794
2778.04689025879 3167.52073287964 3347.82929229736 3334.46718215942 3312.79958724976 3128.62147521973 3186.28086471558 3281.76248931885 3292.5859375 2963.73790359497 3151.56717681885 3306.93281173706 3306.21014404297 3213.50391769409 2662.24257659912 2361.67576789856 2773.34804153442 2879.77656173706 2644.43669891357 2910.11951828003 2950.11133575439 2851.70976257324 2972.80587005615 3001.07029342651 3044.69375228882 3079.42226409912 3120.65468978882 3129.69296264648 3116.85625839233 3110.04102325439 3123.5527305603 3102.92343139648 3064.84844589233 3066.51523208618 3115.91795349121 3110.77264785767 3090.03085327148 2850.41563796997 2953.0620880127 2707.28515625 2505.87499237061 2635.69021606445 2828.46288299561 2823.41913604736 2636.66759872437 2661.19727706909
2933.42733764648 3184.50820159912 3367.27696228027 3310.97304916382 3341.14180755615 3268.61912536621 3274.31835174561 3304.119140625 3287.96289825439 3042.21797180176 3193.03007125854 3314.29061889648 3310.337890625 3238.78398895264 2796.04803848267 2422.62577438354 3031.47186660767 3180.07772445679 3111.48906326294 3006.47422409058 2898.33672332764 2868.06288146973 3004.02422332764 3083.64064025879 3089.48360443115 3133.56485748291 3125.88945007324 3095.61171340942 3102.7656211853 3095.08750915527 3094.564453125 3081.17147827148 3032.05506896973 3012.82381439209 3029.8730430603 2909.32772827148 3008.70662689209 2933.77656936646 2858.11639022827 2665.93985366821 2202.32462120056 2548.23672294617 2834.3339881897 2768.14531707764 2741.02304458618 2737.20547485352
3350.80546951294 3367.35625839233 3369.13360977173 3073.11561584473 3298.1484375 3344.17343139648 3353.30704498291 3351.52304840088 3320.88985443115 3243.74686813354 3317.9082069397 3319.490234375 3326.20936965942 3203.81250762939 2511.88046646118 2579.63788986206 3136.50115585327 3278.2617149353 3226.52227401733 3132.55897903442 3031.56092453003 3120.75468063354 3172.13243484497 3218.36211013794 3133.77187347412 3085.94492340088 3088.47930526733 3046.72929382324 3047.00624847412 3058.72969818115 3006.28633499146 2989.26407241821 2875.9882850647 2788.69492721558 2924.91172027588 2906.68125534058 2980.75859069824 2956.27070236206 2938.56601715088 2607.59687423706 2315.94649124146 2730.26834487915 2851.03123855591 2823.23476028442 2756.07813262939 2868.42108917236
3401.27069854736 3380.93828582764 3344.47381591797 2889.40272140503 3043.53944778442 3140.35078430176 3316.14765548706 3346.85703277588 3322.29688262939 3331.49883651733 3301.96876525879 3344.81720352173 3329.40078735352 3188.77030944824 2683.74453735352 2800.9589881897 3214.08787918091 3307.62694168091 3212.65585327148 3175.87931060791 3239.83436584473 3257.99297714233 3248.42929077148 3216.58517456055 3065.67734909058 2886.19921112061 2973.25156402588 2966.95663070679 2985.85546112061 3007.11560821533 2904.81678771973 2827.71913909912 2794.39295959473 2790.29806137085 2734.1835975647 2661.3902130127 2751.52032089233 2949.95314025879 2968.33357620239 2828.9511680603 2574.42070388794 2713.90351486206 2882.51797103882 2891.60623550415 2722.90937042236 2886.70428085327
3398.47421264648 3391.38477706909 3098.03595352173 2525.76524353027 2563.56210708618 3091.87888717651 3314.86835479736 3326.62617492676 3333.61680221558 3263.84764862061 3069.75545501709 3291.46406936646 3323.35079574585 3049.72422027588 3082.07462310791 3098.34921646118 3294.96482849121 3301.15468978882 3102.83320236206 3067.57149124146 3238.32108306885 3242.791015625 3138.41329956055 3160.3652381897 2974.13788223267 2723.21913909912 2724.98672866821 2818.11914825439 2781.89530944824 2887.87071228027 3011.72774505615 3025.14531707764 3005.06873321533 2893.61016845703 2656.38711166382 2522.03283309937 2719.77500915527 2938.00117492676 2934.61248779297 2699.19413375854 2519.13126373291 2752.17891311646 2899.00430679321 2948.20780563354 2918.53007125854 2978.21015930176
3404.46015930176 3289.34023666382 2812.90821075439 2797.015625 2701.70546340942 3248.69570159912 3351.73905563354 3348.18478012085 3333.42421340942 3194.73984909058 2972.71990966797 3260.68592834473 3289.67266464233 2941.32851409912 3045.76289749146 3262.28279495239 3284.70663833618 3262.06796646118 3043.53946304321 3122.71563339233 3160.09648132324 3076.80585479736 3110.83478164673 3186.27109146118 3062.26638793945 2776.61017227173 2572.19219589233 2701.55975723267 2835.90467453003 3057.19999694824 3144.23750305176 3072.96562957764 3017.35000610352 2991.77891159058 2798.91366958618 2746.37735748291 2941.47577285767 2961.84921264648 2840.89962005615 2659.97537994385 2719.41443634033 2868.78591918945 2934.623046875 2972.02851867676 2974.8671836853 2919.58554840088
3396.712890625 2954.10116195679 2878.71640777588 3228.76016616821 3289.23671340942 3350.41563034058 3357.0312538147 3362.86291122437 3333.79376983643 3148.86484527588 2935.59102630615 3242.12969207764 3296.68906402588 2891.00077819824 3019.50664901733 3275.79413986206 3282.48594284058 3220.01601791382 2909.29803848267 3085.32617950439 2789.23514556885 2906.4511756897 3217.12577819824 3258.52266311646 3163.11013793945 2976.89493179321 2855.64100646973 3048.46990203857 3148.85780715942 3188.04063034058 3158.17617797852 3047.95313262939 3045.06130981445 3028.61173248291 2961.099193573 2834.10041809082 2831.9136505127 2802.50507736206 2741.36679077148 2804.70701980591 2788.73163223267 2913.42695236206 2926.04609680176 2988.23750305176 2871.80234527588 2722.95858383179
3379.52773284912 3013.43788528442 3074.33828735352 3324.96014404297 3358.77188110352 3360.84686279297 3369.36484909058 3364.48671340942 3352.03672027588 3238.69686508179 3132.05937576294 3311.77734375 3349.88826751709 3148.38047790527 3183.88360595703 3308.67813110352 3326.78866958618 3252.27577590942 3108.23242950439 2952.1660194397 2712.52618026733 3103.36875534058 3275.55663299561 3317.02071380615 3319.505443573 3336.23400115967 3203.22967910767 3136.8570098877 3164.32070159912 3116.03633117676 3040.49335098267 3026.64804458618 3023.64373016357 3056.84920883179 2955.51367950439 2739.12931060791 2713.6738243103 2758.0034866333 2951.52500534058 2856.00702285767 2642.76875686646 2838.13124847412 2973.58476638794 2930.27187728882 2756.93514633179 2845.4726600647
3301.60976409912 3111.76874160767 3020.74099349976 3257.61680984497 3310.04414367676 3263.01681137085 3377.36445236206 3376.82264328003 3365.40858078003 3298.27108001709 3272.62069320679 3339.27772903442 3321.46561431885 3199.55507659912 3268.30742263794 3330.06172561646 3347.87734985352 3341.40195465088 3168.53243255615 3061.81484603882 3260.63048171997 3336.47654342651 3355.21015548706 3380.36524963379 3378.82187271118 3359.39883804321 3231.31171417236 3020.80389785767 3127.01015853882 3219.29726409912 3126.53514862061 3175.93790054321 3124.78985595703 3100.12149047852 3027.68241882324 2764.63007354736 2650.54528808594 2957.23162078857 3030.39414215088 2862.31328582764 2812.61053848267 2944.67851638794 2966.62929534912 2850.56756210327 2771.83358001709 3035.22930908203
3267.67185974121 3081.92109298706 3086.58750534058 3172.72264862061 3344.97381973267 3363.76210403442 3367.99921798706 3369.54063034058 3229.44179916382 3082.43086242676 3247.9960899353 3258.81095504761 3257.56210327148 3141.43905639648 3266.216796875 3270.60078811646 3238.84140014648 3369.06797790527 3252.68046951294 3297.73125457764 3357.18045425415 3385.71367645264 3389.08204269409 3398.24295806885 3400.19413375854 3372.07305145264 3217.03789138794 3067.34883880615 3243.07265853882 3311.67577362061 3290.05000305176 3248.34922027588 3158.78437805176 3172.5625038147 3174.36171340942 2977.39921188354 2985.99923324585 3114.35195541382 2998.57069778442 2826.36210632324 3002.13592529297 2952.85079956055 2938.43242645264 2810.64376068115 2923.55195236206 3137.41365814209
3356.56132888794 3279.03321838379 3242.46406555176 3205.26054382324 3338.17224884033 3364.97930908203 3364.07577896118 3356.75157165527 3326.62812423706 3329.34062957764 3356.55625915527 3336.00859069824 3362.88634109497 3327.40663528442 3216.60625457764 2903.48202896118 2853.23358535767 3260.59648132324 3328.87421417236 3217.25547790527 3305.37577819824 3395.45663833618 3399.63593673706 3404.52773666382 3426.41248703003 3416.45079040527 3325.99256515503 3263.06525039673 3288.12694549561 3316.11367416382 3171.85625839233 3224.98203277588 3176.00662994385 3285.56366348267 3220.30974960327 3009.47616577148 3129.71405792236 3170.01170730591 3047.86288833618 2879.40623474121 3067.50899505615 2965.58633804321 2883.36874771118 2960.46678924561 3163.90975952148 3161.46522521973
3160.46015167236 3228.00859451294 3163.10859298706 3297.33945083618 3353.77069473267 3351.29415512085 3311.56600570679 3064.28281021118 3178.27462387085 3344.30818939209 3358.76797103882 3251.41093444824 3261.82773590088 3346.66641235352 3085.9843788147 2657.84374237061 2610.97967910767 3119.13242340088 3175.06523895264 3250.95820617676 3368.21443939209 3405.69530487061 3413.41756820679 3423.83281326294 3454.32539367676 3454.68243026733 3422.37734603882 3301.14102172852 3250.53202819824 3232.57616043091 3176.03905105591 3229.28828811646 3361.74181365967 3391.43907546997 3359.55352401733 3051.50156021118 3228.98318099976 3201.13828277588 3183.18397521973 3161.25898361206 3142.48046875 3000.22422790527 3088.56483459473 3220.16679000854 3266.41056060791 3029.45858001709
3053.13670730591 3124.55117034912 3058.39335632324 3168.21992111206 3327.61795425415 3313.55742645264 3219.66992950439 2958.39219284058 3224.33241653442 3365.91717910767 3292.94960784912 2949.68125534058 3094.06681060791 3333.67499923706 3224.78945159912 2864.90234375 2780.03203582764 3011.43087387085 3276.73633575439 3327.63320541382 3201.54063796997 3287.76328659058 3367.12265777588 3440.41678619385 3467.70469665527 3478.54529571533 3421.85508728027 3087.4843711853 3121.16132736206 3110.43827438354 3200.14726638794 3413.62732315063 3418.47618103027 3408.90507125854 3372.07734680176 3163.79454040527 3128.30232620239 3240.48945617676 3280.87110519409 3284.08554458618 3161.46212005615 3155.10507965088 3286.12461471558 3232.30782318115 3123.90975952148 3162.24219894409
3131.30194854736 3096.40975952148 3085.89492416382 3188.99021530151 3328.04530715942 3372.92774200439 3307.24921035767 3309.53827667236 3372.49256515503 3376.7421875 3279.06914520264 3124.37656021118 3047.85038757324 3316.75077819824 3313.83045196533 3134.11134338379 2897.03005599976 3169.89021682739 3291.95391082764 3112.45625305176 3169.33164215088 3246.72186279297 3243.10624313354 3324.83514785767 3453.25 3490.54569625854 3480.21366882324 3140.65509414673 3076.48279571533 3308.11991882324 3433.7910194397 3431.84531021118 3415.68124008179 3378.25703048706 3285.6015663147 2969.84257125854 2967.63982391357 3263.85310745239 3314.82109069824 3304.09101486206 3231.38711547852 3234.66990661621 3211.70703887939 3139.85703277588 3204.85000228882 3177.59766769409
