Cases/SDM_Urocitellus_beldingi/westernUsClimate_historic/BIO08.asc
NCOLS 316 
NROWS 299 
XLLCORNER -124.820833001 
YLLCORNER 29.1625003333339 
CELLSIZE 0.0666666666645545 
NODATA_value -3.4e+38 
[rows 208 to 233 of 299, columns 116 to 173 of 316]
905.59375 896.265625 907.484375 904.1875 946.578125 1016.515625 899.21875 888.578125 896.46875 909.6875 925.375 901.65625 830 951.53125 947.640625 1005.21875 1074.375 1029.65625 790.15625 698.953125 588.265625 545.078125 597.25 609.890625 1092.453125 2174.703125 2245.171875 1680.625 1444.859375 738.78125 705.15625 734.4375 803.03125 834.609375 860.8125 937.84375 1214.03125 1257.0625 1100.6875 1158.34375 1075.296875 968.734375 967.890625 967.53125 909.359375 827.109375 728.5 685.703125 1012 2346.9375 2427.9375 2449.265625 2420.15625 2335.421875 2224.109375 2137.765625 2102.328125 2083.5
950.15625 920.375 955.4375 995.3125 936.921875 947.296875 1002.25 990.109375 956.71875 919.546875 930.90625 937 928.125 947.484375 942.96875 935.375 929.25 945.796875 787.8125 706 655.328125 711.53125 730.875 652.34375 1660.109375 2249.765625 2353.265625 1595.828125 1377.25 743.53125 746.828125 764.609375 818.96875 857.390625 913.109375 1038.859375 1262.8125 1289.890625 1133.8125 1175.515625 1091.875 983.984375 1008.640625 1013.734375 968.125 886.578125 797.125 635.34375 1726.0625 2361.359375 2464.9375 2525.796875 2462.453125 2389.25 2293.828125 2223.21875 2173.71875 2135.015625
945.546875 898.671875 969.078125 957.640625 882.703125 879.609375 888.640625 931.3125 952.71875 927.625 936.34375 930.5 940.671875 938.734375 1755.203125 2610.328125 1064.46875 931.21875 923.9375 781.296875 762.65625 870.171875 802.828125 677.125 1083.390625 1404.546875 1277.96875 1408.9375 1351.625 711.59375 766.59375 804.6875 866.59375 908.71875 959.71875 1040.328125 1229.015625 1295.84375 1124.84375 1223.53125 1119.3125 983.421875 1036.703125 1047.625 1004.375 935.875 833.390625 840.8125 1977.609375 2015.03125 2520.46875 2584.078125 2497.3125 2413.28125 2355.34375 2288.75 2230.25 2159.734375
990.875 991.796875 1004.03125 946 918.671875 888.9375 882.921875 882.625 903.03125 917.640625 921.796875 942.828125 945.390625 937.265625 1032.453125 989.421875 926.484375 930.921875 941.34375 932.28125 909.484375 932.84375 871.3125 740.34375 735.390625 742.921875 718.9375 715.96875 735.34375 758.765625 796.03125 837.921875 885.875 955.90625 1000.890625 1084.84375 1224.59375 1240.609375 1159.90625 1134.796875 1162.828125 1015.125 1054.1875 1074.9375 1041.8125 976.28125 843.515625 1595.9375 1630.078125 835.75 1738.21875 2284.796875 2030.0625 2416.515625 2407.234375 2323.171875 2248.0625 2148.671875
978.265625 993.578125 979.84375 929.28125 915.171875 883.828125 885.28125 882.59375 891.125 904.765625 833.421875 893.46875 949.296875 940.34375 877.734375 886.296875 938.78125 914.3125 921.125 925.84375 899.4375 948.71875 794.15625 783.359375 855.90625 799.671875 791.015625 810.171875 824.1875 815.734375 825.671875 872.96875 921.5625 1015.359375 1037.84375 1137.5 1163.890625 1223.171875 1173.984375 1126.21875 1188.75 1122.625 1109.1875 1108.78125 1080.3125 1004.625 868.421875 692.109375 804.109375 787.859375 899.8125 1080.015625 1432.828125 2447.828125 2372.140625 2334.75 2178.09375 2141.59375
964.46875 995.71875 984.34375 894.390625 899.875 892.96875 881.875 880.046875 886.125 897.6875 796.234375 808.265625 942.90625 938.125 941.109375 876.296875 854.84375 894.875 908.578125 884.015625 817.4375 807.96875 752.15625 873.984375 871.4375 871.078125 876.953125 891.609375 878.296875 860.296875 852.21875 907.5625 931.5 977.453125 1049.53125 1142.5 1128.984375 1179.859375 1146.0625 1158.6875 1163.609375 1203.546875 1157.15625 1145.109375 1115 1029.96875 957.890625 797.4375 543.171875 771.375 850.328125 868.703125 979.078125 1636.015625 2289.96875 2109.765625 1335.015625 1006.890625
943.75 942.4375 938.359375 929.5 897.234375 869.953125 886.0625 884.0625 891.4375 901.53125 900.71875 910.78125 915.328125 940.859375 940.484375 854.34375 815.1875 851.140625 852.625 781.28125 683.828125 695.265625 734.078125 858.8125 889.65625 917.15625 948.890625 938.015625 903.640625 874.296875 865.96875 941.34375 980.734375 982.03125 1166.75 1278.421875 1149 1163.5 1175.609375 1147.0625 1188.203125 1159.90625 1168.4375 1164.875 1139.640625 1057.671875 980.6875 896.09375 604.578125 790.453125 944.890625 899.21875 974.46875 946.8125 840.03125 728.625 768.734375 801.78125
875.4375 846.515625 867.3125 832.78125 762.265625 805.46875 847.109375 809.4375 864.1875 890.65625 898.546875 913.84375 931.09375 943.453125 935.109375 870.5 850.46875 787.078125 784.234375 783.078125 765.546875 766.15625 831.8125 917.515625 867.890625 897.5 973.5625 966.640625 925.15625 843.265625 862.703125 971.484375 1019.125 994.421875 1430.09375 1783.625 1109.203125 1128.09375 1136.390625 1141.84375 1151.296875 1114.9375 1096.6875 1061.921875 1144.96875 1086.921875 1016.171875 972.890625 783.03125 865.703125 985.4375 936.859375 941.015625 1002.0625 879.765625 740.140625 802.5 877.296875
755.046875 782.25 699.375 740.578125 631 789.75 634.953125 706.84375 815.46875 851.375 880.09375 903.921875 895.75 853.078125 927 979.21875 980.09375 897.796875 899.0625 957.734375 911.53125 938.84375 930.78125 979.875 1001.9375 1013.328125 1010.734375 969.921875 925.984375 854.375 905.6875 982.859375 1008.78125 975.515625 1058.515625 1512.078125 1234.484375 1138.59375 1125.40625 1151.546875 1269.421875 1217.4375 1157.578125 1146.96875 1123.578125 1098.96875 1049.875 1016.546875 964.75 930.515625 937.53125 996.859375 957.0625 1000.21875 958.34375 873.140625 1214.21875 1075.96875
754.703125 731.109375 752.3125 805.953125 799.828125 852.375 848.4375 819.046875 850.375 873.0625 895.421875 890.453125 908.546875 872.546875 972.78125 1037.21875 1085.921875 1081.890625 1085.3125 1098.75 1032.703125 1058.015625 1072.53125 1057.140625 1098.1875 1074.421875 1026.453125 898.21875 819.328125 863.9375 946.671875 1002.234375 1016.859375 990.109375 1027.921875 1014.890625 1019.328125 1064.359375 1096.265625 1148.375 1171.0625 1121.0625 1158.328125 1123.53125 1135.6875 1101.203125 1070.953125 1048.515625 1014.53125 999.59375 1023.15625 1039.359375 1002.703125 999.609375 1084.21875 1596.953125 2708.84375 1466.03125
793.234375 758.84375 737.140625 729.625 763.21875 894.09375 826.953125 831.421875 839.015625 876.75 878.890625 863.234375 847.09375 841.78125 907.0625 1040.6875 1124.09375 1136.375 1114.671875 1107.90625 1094.15625 1085.28125 1087.71875 1096.265625 1122.796875 1072.3125 1040.71875 908.984375 798.765625 863.703125 992.359375 1034.078125 1051.453125 1050.859375 1076.9375 1061.984375 1028.796875 1052.84375 1069.0625 1142.890625 1191.5625 1141.828125 1225.984375 1093.203125 1166.65625 1151.90625 1097.671875 1077.359375 1060.546875 1071.53125 1103.578125 1291.5 1266.609375 1087.09375 1003.8125 1146.359375 1271.296875 986.140625
800.25 742.359375 732.734375 733.96875 759.75 769.9375 793.421875 820.796875 870.5625 883.921875 878.359375 864.15625 909.875 878.8125 825.109375 893.296875 993.03125 1077.671875 1159.46875 1148.53125 1129.765625 1104.453125 1101.15625 1093.125 1116.9375 1097.515625 1110.96875 993.078125 889.828125 954.625 1041.4375 1085.90625 1057.421875 1041.3125 1078.421875 1091.578125 1066.859375 1059.53125 1097.015625 1142.328125 1178.890625 1180.96875 1156.953125 1226.109375 1201.3125 1207.9375 1158.90625 1133.40625 1104.5 1115.21875 1099 1957.328125 1571.203125 1123.28125 1005.140625 982.765625 997.390625 1430.890625
583.3125 727.578125 757.078125 754.875 820.375 826.40625 817.953125 843.109375 878.390625 885.5625 899.9375 888.15625 945.046875 943.375 891.296875 872.265625 939.671875 984.53125 1064.921875 1009.6875 1156.765625 1129.109375 1155.71875 1130.15625 1125.578125 1149.03125 1175.703125 1096.625 988.3125 1043.203125 1101.515625 1097.578125 1042.796875 2285.59375 1917.5 1075.328125 1085.6875 1085.859375 1096.375 1109.03125 1123.078125 1152.578125 1162.953125 1154.609375 1184.21875 1238.640625 1160.546875 1179.015625 1186.015625 1195.59375 1181.546875 1179.1875 1101.109375 1248.4375 1117.09375 962.125 984.734375 1394.703125
276.03125 247.265625 257.8125 287.046875 472.59375 655.625 742.921875 787.09375 803.5 897.328125 889.234375 901.34375 937.84375 967.390625 955.90625 851.890625 859.921875 895.4375 990.9375 2202.125 1170.09375 1165.421875 1176.828125 1170.3125 1162.34375 1152.40625 1186.53125 1185.171875 1098.546875 1150.40625 1162.421875 1117.9375 1314.625 2831.921875 2664.59375 1105.078125 1057.921875 1063.625 1062.890625 1086.828125 1123 1134.140625 1171.234375 1182.59375 1172.40625 1169.03125 1114.328125 1095.828125 1107.421875 1175.609375 1238.765625 1183.1875 1363.34375 2903.390625 2598.34375 2445.4375 2732.15625 2827.78125
246.765625 110.296875 77.484375 107.875 142.265625 188.90625 438.078125 576.40625 709.625 882.71875 886.03125 892.140625 928.515625 961.9375 994.125 977.578125 1010.671875 1047.1875 1217.625 2680.265625 2063.15625 1202.625 1109.84375 1082.734375 1176.53125 1178.03125 1193.59375 1209.515625 1197.796875 1183.5 1171.171875 1153.75 1079.40625 2359.078125 2979.21875 2149.9375 1044.546875 1072.421875 1062.5625 1113.203125 1102 1118.484375 1160.90625 1196.0625 1188.09375 1181.203125 1125.265625 1107.875 1086.265625 1065 1179.5 1541.625 2772.96875 3071.953125 3035.265625 3010.59375 2985.140625 2934.109375
365.703125 342.1875 280.125 136.125 -14.625 -13.453125 292.625 572.296875 743.546875 846.96875 924.140625 880.390625 911.078125 945.796875 987.796875 1029.140625 1046.6875 1083.140625 1110.375 1155.09375 1582.6875 2110.71875 1163.15625 976.171875 1062.625 1200.8125 1210.203125 1136.53125 1153.796875 1212.265625 1186.0625 1167.515625 1106.46875 1689.21875 3005.765625 3021.859375 2347.53125 1225.671875 1115.296875 1118.8125 1106.71875 1104.359375 1125.609375 1146.75 1153.75 1149.15625 1136.75 1460.546875 1223.734375 1635.578125 2789.375 2912.21875 2914.78125 3006.625 2991.9375 2990.375 2953.890625 2897.5
850.328125 442.640625 -0.203125 -145.0625 -69.171875 93.5625 321.21875 604.234375 791.375 863.390625 898.765625 876.8125 887.1875 890.046875 915.984375 1107.984375 1647.46875 1398.140625 1134.609375 1141.984375 1137.609375 1116.25 1149.375 967.1875 990.390625 1141.375 1205.015625 1183.453125 1060.375 1210.5625 1202.453125 1171.265625 1137.609375 1814.234375 3081.28125 3128.796875 2972.96875 1362.15625 1116.359375 1114.96875 1105.328125 1106.953125 1100.5 1117.046875 1122.703125 1080.625 1821.09375 2663.90625 3033.8125 3020.625 2989.53125 2973.65625 2914.5625 2955.25 2963.484375 2972.8125 2928.109375 2879.140625
1037.890625 678.140625 287.421875 64.875 157.984375 521.421875 728.296875 883.328125 956.125 820.53125 718.546875 694.328125 798.59375 752.453125 687.984375 760.640625 829.484375 2254.53125 2162.828125 1273.859375 1835.109375 1314.453125 986.359375 1020.65625 999.71875 984.359375 1157.84375 1181.46875 1126.984375 1182.15625 1198.28125 1176.4375 1211.59375 1446.375 2399.5 3150.28125 3087.96875 2967.078125 1466.640625 1131.265625 1136.375 1134.421875 1110.609375 1111.546875 1606.4375 2626.796875 3072.359375 3009.765625 3021.296875 2993.765625 2962.46875 2943.609375 2909.78125 2894.03125 2850.40625 2702.640625 2777.765625 2832.640625
1075 927.796875 784.609375 735.578125 687.53125 699.09375 997.53125 1127.28125 1150.984375 939.828125 819.28125 688.21875 607.875 675.90625 692.53125 716.140625 746.703125 1222.0625 2325.53125 2543.6875 1289.515625 1095.46875 1079.625 1137.546875 1083.578125 955.078125 1038.796875 1182.703125 1112.953125 1091.484375 1104.359375 1343.4375 1972.59375 1555.484375 1321.609375 2680.859375 3121.34375 2251.703125 1484.796875 1160.078125 1167.09375 1146.21875 1188.265625 1482.390625 2583.34375 3107.984375 3084.109375 3055.3125 3019.828125 3002.515625 2977.46875 2931.671875 2897.296875 2753.84375 2764.3125 2844.390625 2826.4375 2812.46875
1090.078125 1052.3125 1041.390625 1071.453125 1100.765625 1161.390625 1220.1875 1331.671875 1311.28125 1193.984375 1084.78125 980.46875 833.90625 715.234375 712.765625 744.5 812.328125 971.046875 1038.375 1200.8125 1108.875 1121.359375 1122.59375 1115.96875 1147.015625 1134.90625 1093.859375 1202.671875 1202.4375 1627.140625 1282.515625 2108.53125 2186.921875 2196.265625 1799.5625 2688.671875 3088.96875 1807.421875 1162.8125 1188.25 1217.265625 1886.90625 2593.703125 3103.09375 3109.40625 3093.71875 3091.609375 3060.9375 3040.03125 3010.96875 2968.1875 2900.84375 2846.140625 2872.328125 2858.921875 2850.65625 2835.9375 2809.59375
1148.171875 1095.40625 1013.9375 828.625 803.578125 597.46875 863.625 1220.875 1324.09375 1286.96875 1250.21875 1212.015625 1124.21875 936.421875 809.171875 728.484375 723.625 801.359375 856.84375 967.484375 1027.703125 1026.390625 936.078125 970.078125 1187.453125 1236.28125 1147.59375 1228.140625 1221.4375 1223.515625 1301.296875 1186.515625 1193.828125 1415.140625 2588.40625 2391.734375 2907.6875 1612.09375 1183.984375 1211.640625 1189.40625 2527.953125 2525.078125 3071.46875 2846.640625 3016.640625 3095.515625 3088.640625 3061.046875 3018.921875 2915.828125 2933.09375 2895.515625 2884.5625 2872.546875 2849.359375 2760.921875 2778.265625
1127.9375 1152.078125 1078.390625 995.203125 623.703125 244.171875 70.96875 892.71875 1298.609375 1326.90625 1322.203125 1321.734375 1252.34375 1217.0625 1051.078125 873.75 789.65625 742.828125 765.8125 835.140625 877.734375 865.46875 874.578125 1007.6875 1225.625 1248.125 1240.265625 1233.296875 1228.046875 1128.59375 1799.5625 1190.984375 1197.671875 1243.140625 1244.046875 1173.46875 1854.765625 1434.78125 1213.796875 1229.15625 1232.203125 1323.140625 2001.734375 3034.578125 3077.84375 2826.28125 3081.9375 3101.15625 3080.40625 3034.75 2984.046875 2955.9375 2910.890625 2889.21875 2875.984375 2751.703125 2641.21875 2851.796875
1152.5625 1165.296875 1133.515625 1085.859375 894.3125 575.4375 439.65625 850.203125 1135.59375 1121.578125 1293.1875 1320.53125 1327.5 1319.265625 1277.953125 1077.609375 947.125 814.25 795.9375 799.875 808.640625 896.109375 993.890625 1052.46875 1235.328125 1254.140625 1242.6875 1235.53125 1228.125 1191.6875 1215.390625 1191.234375 1196.734375 1222.296875 1200.203125 1191.46875 1192.796875 1199.8125 1224.546875 1232.890625 1202.78125 2216.796875 2955.359375 3190.6875 3124.671875 2981.421875 2999.1875 3085.5 3079.1875 3050.578125 3014.46875 2977 2902.015625 2258.640625 2167.90625 2875.703125 2869.796875 2887.40625
1130.578125 1115.5625 1070.890625 962.328125 858.953125 683.453125 669.625 533.15625 826.625 865.96875 1168.4375 1237.109375 1296.1875 1292.375 1291.296875 1192.328125 1071.03125 1063.296875 1028.78125 988.890625 1014.875 1085.6875 1107.421875 1122.578125 1019.1875 1081.9375 1169.390625 1255.421875 1238.8125 1228.125 1208.59375 1199.359375 1203.75 1229.53125 1236.265625 1216.921875 1203.125 1201.15625 1228.21875 1235.25 1280.453125 2724.546875 3200.921875 3195.203125 3123.1875 3078.109375 3042.421875 3049.765625 3070.546875 3062.515625 3038.140625 3007.53125 2364.96875 1901.484375 1226.703125 1750.0625 1434.640625 1278.828125
1141 1100.796875 1030.421875 897.21875 768.78125 721.46875 650.59375 635.78125 679.671875 704.78125 777.8125 972.875 1238.953125 1249.625 1257.953125 1256.171875 1207.015625 1168.59375 1042.84375 921.046875 969.1875 1032.265625 1066.015625 1089.5625 1011.984375 887.421875 1011.09375 1178.34375 1254.9375 1237.21875 1230.4375 1224.34375 1226.703125 1228.90625 1229.203125 1226.28125 1206.984375 1193.546875 1219.78125 1230.78125 1210.1875 2624.359375 2846.6875 3152.0625 3088.78125 2996.84375 2996.96875 3042.796875 3043.296875 3041.703125 3039.34375 2963 2206.859375 1178.9375 1232.234375 1199.875 1008.546875 1004.34375
1167.359375 1124.828125 1083.96875 974.03125 820.875 796.03125 783.234375 740.953125 665.703125 400.59375 516.015625 743.75 1028.6875 1192.3125 1237.140625 1253.859375 1266.390625 1260.375 1219.46875 1140.859375 1136.09375 1073.484375 1035.765625 1081.453125 1098.328125 973.03125 963.4375 1117.359375 1244.328125 1284.046875 1256.515625 1244.46875 1228.453125 1245.859375 1242.09375 1230.90625 1212.78125 1208.140625 1211.609375 1222.328125 1251.375 2107.421875 2715.59375 2985.59375 3074.90625 3031.71875 3011.328125 3030.0625 3015.234375 3008.390625 3011.46875 2952.90625 2017.671875 1634.75 1327.828125 1322.984375 1015.203125 1009.140625
