Cases/SDM_Urocitellus_beldingi/westernUsClimate_historic/BIO07.asc
NCOLS 316 
NROWS 299 
XLLCORNER -124.820833001 
YLLCORNER 29.1625003333339 
CELLSIZE 0.0666666666645545 
NODATA_value -3.4e+38 
[rows 168 to 188 of 299, columns 230 to 275 of 316]
3169.49140167236 3562.18553161621 3769.31523513794 3839.8081817627 3979.59887695312 4109.28555679321 4238.86952972412 4210.90236282349 3913.79178619385 3620.83633041382 3666.96677017212 3566.96053695679 3768.72421264648 4054.18435668945 4038.21680450439 3901.39726257324 3839.93672180176 3708.99765014648 3331.16367340088 3459.14764785767 3327.53281784058 3355.86991882324 3146.11133575439 3391.08787536621 3335.19219970703 3180.01641464233 3317.46408462524 3313.53710174561 3420.0097694397 3223.08749008179 3244.14375305176 3249.98164367676 3261.92929840088 3433.39023590088 3569.35899353027 3521.28007125854 3312.28711700439 3658.49764251709 3776.79766082764 3533.2929649353 3419.16172409058 3326.99606323242 3267.087890625 3392.814453125 3514.75779724121 3743.50979232788
3264.85977935791 3611.23633956909 3784.4492149353 3914.89415359497 3962.85038375854 4047.94296264648 4189.60313034058 4222.92420959473 4081.76250457764 3799.22230148315 3759.48360824585 3515.28985595703 3518.52342605591 3652.83125305176 3922.99648284912 3590.00858688354 3692.30741500854 3700.58085632324 3576.29532623291 3412.50583267212 3522.51171112061 3468.49141693115 3358.35076141357 3331.44802856445 3158.40857315063 3204.71678161621 3371.38477325439 3558.73748016357 3278.85041809082 3247.79648208618 3257.69883346558 3398.63358306885 3386.6406288147 3557.72189712524 3791.95115280151 4206.81872940063 3486.51757049561 4014.64373779297 3942.85429000854 4238.90504837036 3775.55544281006 3453.7300567627 3324.15118408203 3848.15270614624 4047.67184066772 3771.93517303467
3754.93204498291 3777.62460708618 3854.71175003052 4029.30782699585 4006.58240127563 4038.23439025879 4077.69142532349 4180.43865203857 4182.25312423706 4055.42772674561 3846.45662307739 3807.37812423706 3607.48086547852 3573.0664100647 3647.40470123291 3791.43477630615 3660.38827133179 3618.71445083618 3653.7734336853 3582.84335708618 3403.54062271118 3337.68633651733 3328.50315475464 3223.72423553467 3204.18592071533 3174.23827362061 3289.36445236206 3412.88122177124 3227.44998931885 3260.28904724121 3349.80157089233 3440.69258117676 3618.396068573 3723.32731628418 3668.42499923706 3740.290599823 4224.26133346558 3936.6527671814 3364.56912994385 3972.46172714233 3801.27889633179 4007.62657546997 3829.59727096558 3840.16253662109 4240.76171112061 4174.7484588623
3947.88322067261 3923.56327819824 4012.27421951294 4110.09101486206 4057.82189178467 4070.70237731934 4037.90975952148 4073.75159072876 4138.34412765503 4196.96521759033 4142.86835479736 4014.47732925415 3712.08123397827 3590.63478469849 3648.16170501709 3906.56561660767 3798.21015548706 3663.55743408203 3603.86289215088 3331.49493026733 3255.12031936646 3544.15153121948 3336.54999542236 3502.81563186646 3320.39060974121 3492.81875610352 3207.26329421997 3324.49063873291 3117.38866043091 3288.94961547852 3243.44491958618 3183.10427093506 3273.02187347412 3256.646068573 3236.6152305603 3331.67224121094 3774.96366119385 3685.34691238403 3388.19647598267 3693.619140625 3381.4956741333 3879.89531326294 4212.44960784912 4099.05039215088 4179.50899505615 4209.52538299561
3998.16758728027 3985.56837463379 4010.71408081055 4170.41561508179 4158.64415359497 4065.32498550415 4050.13984680176 4001.9628944397 4010.86090087891 4048.00430297852 4094.65197753906 4053.45508575439 3929.71878433228 3792.15233230591 3807.41128921509 3888.38123321533 3705.81405258179 3736.60858535767 3599.83009338379 3535.60391235352 3643.98517227173 3515.60233688354 3456.13396072388 3591.83085632324 3291.97382736206 3719.10466384888 3303.32148361206 3106.7640914917 3036.16053390503 3295.18008041382 3105.64842605591 3251.17185974121 3364.26483917236 3192.07190322876 3292.67184829712 3301.44103240967 3407.86835098267 3371.55117034912 3348.78357696533 3274.76678466797 3483.69765090942 3899.65586471558 3765.45468521118 3369.55351638794 3503.76250839233 3997.83591842651
4088.44296646118 4057.71173858643 4071.1425819397 4241.82500457764 4289.9296875 4146.83631896973 4127.68087005615 4077.08671951294 3981.46369171143 3999.53280258179 4008.53593826294 4031.9468536377 4048.62031936646 3984.59648132324 4001.4609375 3894.60352325439 3832.328125 3645.04336547852 3541.73516845703 3444.78283691406 3336.89765930176 3176.14883422852 3485.82656478882 3667.96757507324 3386.08750152588 3794.77029800415 3160.21991348267 3062.39296340942 3026.62733840942 3295.1640586853 3186.14413070679 3311.41016387939 3264.02384567261 3973.72659301758 3737.52304458618 3379.02499389648 3292.49297332764 3272.10507583618 3304.16953659058 3227.06643295288 3617.60350036621 3556.32929992676 3565.41564559937 3321.08476638794 3646.19103622437 3472.25625228882
4189.51558685303 4191.00899505615 4189.0620880127 4289.75939941406 4379.52500915527 4373.80466461182 4320.86404800415 4101.53671264648 4018.32183837891 4082.43984603882 4018.59061431885 4033.28045654297 4150.15272521973 4108.71913528442 4000.96410369873 3929.64492034912 3875.15000534058 3762.74723815918 3649.25155258179 3502.61641693115 3258.85079193115 3070.14923095703 3284.57148361206 3516.55469512939 3714.37265777588 3909.23478317261 3257.40235137939 3332.966796875 3340.08866500854 3661.65703201294 3396.90977478027 3188.28866577148 3526.85741424561 3892.42384338379 4208.79572677612 3893.90935897827 3153.74962234497 3174.86521530151 3605.79103469849 3436.50076675415 3357.82423782349 3399.10390853882 3342.24921417236 3342.13710403442 3354.49375915527 3329.73044586182
4274.42691040039 4232.50666046143 4233.73164367676 4336.03868865967 4390.66679382324 4395.87030792236 4377.71134185791 4313.98516082764 4221.07458877563 3984.13553619385 3877.33477401733 3948.12575531006 4143.05118560791 4209.12966918945 4158.60315322876 4029.74140930176 3964.13475799561 3945.91563796997 3877.12496948242 3564.404296875 3214.68984603882 3150.06405639648 3297.51678848267 3383.83671569824 3906.22501754761 3679.78126525879 3411.76326370239 3686.11093139648 3852.78630828857 3790.65037918091 3314.46795654297 3613.05117416382 3694.09494018555 3942.44258117676 4143.57735824585 3871.00583648682 3563.05589675903 3691.32112121582 3939.86720275879 3785.95315933228 3731.23474121094 3460.67111968994 3308.78827667236 3516.13283538818 3562.39608764648 3597.39570236206
4290.96053314209 4269.53829193115 4247.25391387939 4328.7359085083 4336.09650421143 4376.11247253418 4422.40704345703 4393.8828125 4301.81093597412 4152.51873016357 4052.6332244873 4057.67654800415 4179.73048400879 4220.04104614258 4172.01328277588 4006.98048019409 3959.06406402588 3976.18281555176 3743.33396530151 3832.08946990967 3645.94881057739 3500.75820159912 3690.88632965088 3789.99726486206 3898.62616729736 3638.70078277588 3855.21369171143 3983.96483612061 3932.95697402954 3770.47812271118 3449.82109069824 3490.16213607788 3816.83869171143 3497.685962677 3952.84217453003 4114.53515625 4160.01836013794 4196.92341995239 4124.96443557739 3474.88123321533 3385.67500686646 3336.09296035767 3315.28045654297 3569.9691619873 3660.1132774353 3473.71445846558
4294.94692230225 4306.36403656006 4297.92420196533 4324.65428924561 4336.90544128418 4372.3355255127 4383.40664672852 4346.22658538818 4112.53241348267 3795.35664367676 3627.61796569824 3950.79221343994 4133.4116859436 3822.13631057739 3648.68984603882 3508.32928085327 3658.29648590088 3851.23597717285 3729.77421188354 3860.93479537964 3864.3902130127 3850.6171836853 3904.67539215088 3927.0351524353 3973.426197052 3980.57307434082 4046.18673706055 4069.37618255615 4221.93479919434 4158.7437171936 3811.07931518555 3742.40393447876 3777.26209640503 3775.32424545288 4078.65156173706 4211.65314102173 4298.890625 4414.37457275391 4133.73513793945 3715.15313339233 3554.55897903442 3556.92498016357 3296.68280792236 3304.27618026733 3406.19063568115 3583.06407165527
4196.51053619385 4282.27657318115 4235.35703277588 4282.48904418945 4336.32499694824 4327.11016082764 4330.75624847412 4331.46675109863 4231.82929992676 3983.28555297852 3844.63985061646 4139.49689865112 3911.64023971558 3745.46252059937 3769.48009872437 3750.533203125 3759.97813415527 3882.35896682739 3874.60896682739 4031.330078125 4034.45585632324 3946.23316955566 3807.31092834473 3950.01327896118 4116.0902671814 4124.23008346558 4229.61645507812 4322.37618255615 4346.9125289917 4059.31404495239 3571.59218215942 3975.91757965088 4243.417137146 4242.72850799561 4143.73202896118 3856.67226791382 4309.26915740967 4306.24375915527 4215.39806747437 4040.20233154297 3821.61172485352 3496.423828125 3385.11406326294 3232.13750076294 3413.79375457764 3605.9609336853
4155.26369476318 4260.43320465088 4097.86600494385 4147.43905258179 4228.95585250854 4334.00196075439 4343.70704650879 4333.78793334961 4297.84648895264 4236.3550491333 4230.37069702148 4236.50038528442 3980.18123245239 3914.3027381897 3915.27227401733 3937.60431289673 3956.79257202148 3974.72577285767 4048.60078811646 4108.10080718994 4071.61447525024 4025.92808914185 3800.65392303467 4129.79141235352 4178.03121185303 4194.28008270264 4273.5848236084 4396.40738677979 4374.95192718506 4036.05118560791 3609.50077819824 4213.35899353027 3977.5312538147 3751.22186660767 4039.70352554321 4006.08047485352 4255.82149124146 4272.4476852417 4101.84372329712 3903.70429611206 3472.93592071533 3577.38006973267 3582.45389938354 3231.06600570679 3247.01133728027 3361.30701828003
4255.73203277588 4241.31134796143 4110.96563720703 4130.2734375 4215.5625038147 4281.13205718994 4302.14140319824 4323.66129302979 4310.39765167236 4283.71092987061 4304.77501678467 4270.56991195679 4060.10193634033 4065.59645843506 4028.04100036621 4018.54099273682 3958.82070159912 3936.23167800903 3998.45505142212 4127.78946685791 4133.20349884033 4124.64611816406 3990.72227096558 4066.70938873291 4159.86719894409 3860.7109375 3878.91521835327 4253.61633682251 4317.92696380615 4242.43358230591 4001.23633956909 4093.81834411621 3823.95743560791 3987.59180450439 4289.1210899353 4230.59768295288 4182.75664520264 4028.25190734863 4145.93320465088 4080.21559143066 3973.13750839233 3849.42303848267 3490.28045654297 3438.01602172852 3425.48788833618 3319.88591003418
4189.71527099609 4186.03589630127 4165.32890319824 4221.25429534912 4154.11832046509 4236.26482772827 4298.95314025879 4336.37422180176 4338.42301940918 4314.33592224121 4316.81559753418 4227.61874008179 4064.49764251709 3931.00977706909 3973.33591842651 3945.23788833618 3895.51055526733 3946.21485137939 3922.01874160767 4183.15158462524 4206.73049163818 4143.24644470215 4051.30195617676 4112.19570922852 4071.93163299561 3941.94648361206 4082.14260482788 4069.86991882324 4250.20624160767 4240.88710021973 4267.36915588379 4155.51092910767 3971.91953659058 4221.98049926758 4220.74802780151 4281.71133422852 3954.28670883179 3803.64336013794 4324.82971191406 3989.40000152588 4057.62227630615 3760.89491271973 3682.67302703857 3550.30974197388 3668.07421875 3464.38240432739
4102.88710021973 4052.06837844849 4126.89220046997 4137.23009872437 4101.9414100647 4185.95854949951 4131.86208343506 4306.13399505615 4340.87969970703 4343.08159637451 4320.44022369385 4289.32186889648 4253.57851028442 4211.73950195312 4128.785987854 3888.25273132324 4016.44257354736 4018.78788757324 4118.455493927 4219.27422332764 4216.58399963379 4105.13319015503 4151.62189865112 4221.01013946533 4110.97265625 4037.27188110352 4142.0562286377 4071.5546836853 4175.32187652588 4192.63592529297 4278.31873321533 4238.43162918091 4180.36134338379 4132.15900802612 4259.50157165527 4256.20584487915 4418.62224578857 4540.3570098877 4462.60116195679 4128.85821914673 4159.50819778442 3892.33203887939 3879.66249084473 3933.40662384033 3638.21327209473 3429.13750457764
4192.13982772827 4101.87303924561 4018.15233612061 3833.39022064209 3755.35077285767 3794.06642532349 3979.14567947388 4202.05741500854 4339.24847412109 4368.48164367676 4398.91133117676 4383.97029876709 4356.140625 4244.04531097412 4204.79415130615 4211.07778167725 4202.17695617676 4186.90237426758 4177.16445922852 4189.27109527588 4155.65314102173 4203.65194702148 4248.65935516357 4194.82697677612 4055.49411392212 4122.45508956909 4138.43637084961 4104.41835784912 4156.88087081909 4217.80660247803 4251.82580566406 4293.43124389648 4317.15739440918 4292.65589904785 4367.88359069824 4263.18202590942 4177.58242034912 4278.29180908203 4141.33555603027 4206.29959869385 3912.78008270264 4175.20468521118 4161.94021224976 4131.96051025391 3709.03907012939 3385.95271682739
4180.5258026123 4143.73594665527 4003.05585479736 3726.1543006897 3523.94063186646 3603.62889099121 3883.26873779297 4154.02381515503 4279.82029724121 4330.60427856445 4344.505859375 4414.76132965088 4388.93283843994 4342.79528808594 4257.49689483643 4252.92581176758 4236.94921875 4160.64958572388 4143.3012008667 4154.58123779297 4200.92614746094 4244.52620697021 4219.57889556885 4126.07225799561 4084.61796188354 4165.51602935791 4170.79177093506 4135.77226638794 4125.67699432373 4154.01914596558 4220.77149581909 4274.84176635742 4158.24612808228 3979.53867340088 4255.03399658203 4301.0996131897 4167.67658233643 4063.53749465942 3975.79451370239 4047.32382202148 3977.43674087524 3959.11521911621 4227.14024734497 4244.38901519775 3954.14645767212 3404.57264709473
3961.49728012085 4050.58981323242 4013.359375 3755.06091308594 3639.87929534912 3859.75156784058 4037.65701675415 4149.88827896118 4267.93438720703 4303.42501831055 4290.18279266357 4353.55078125 4374.0394744873 4357.5757522583 4318.15118408203 4258.55432128906 4248.37071990967 4216.12816619873 4199.47852325439 4225.92498779297 4234.55428314209 4249.84177398682 4293.04021453857 4280.88359069824 4262.66717529297 4245.57653808594 4114.82146072388 4086.70855712891 4114.50548934937 4178.75779724121 4217.01057434082 4231.29146575928 4114.08869552612 4128.68161010742 4356.23126983643 4368.89371490479 4310.69881057739 4252.13985824585 4171.43396759033 4090.84061050415 4207.90231704712 4135.59494400024 4231.17967605591 4283.86445617676 4192.97308349609 3748.49766921997
4000.12424468994 3870.53204345703 3911.14100265503 3802.61719512939 3916.4765586853 4024.70820617676 4162.22146987915 4086.55976486206 4225.17893218994 4211.90776824951 4256.50624847412 4311.00235748291 4326.43870544434 4273.83824920654 4288.28044891357 4224.84490966797 4173.93948364258 4142.76720428467 4096.8066444397 4174.7011680603 4286.33517456055 4311.1953125 4338.10973358154 4300.16444396973 4292.75040435791 4160.73006439209 4226.96798706055 4155.56328964233 4125.91951370239 4102.56715393066 4219.57383728027 4247.06639862061 4077.55389785767 4101.52031326294 4247.70584869385 4302.4507598877 4346.99024200439 4298.65118026733 4235.74883270264 4222.30466461182 4249.3535194397 4344.28707885742 4297.20819854736 4231.5746307373 4047.85432434082 3576.10546875
4114.67422866821 4031.32418823242 3869.36014175415 3756.72732543945 3987.43007659912 4044.77030944824 4077.46677017212 4000.48712539673 4139.44453048706 4233.77968597412 4280.47303771973 4279.04022979736 4291.58787536621 4266.93553924561 4251.49412536621 4179.80115509033 4149.236328125 4158.02462005615 4149.38008117676 4197.25311279297 4254.01875305176 4188.115234375 4227.62774658203 4261.91719055176 4215.92544174194 4136.65230560303 4152.70470046997 4143.65002059937 4074.77810668945 4156.4554977417 4217.91951751709 4237.70704269409 4149.05547714233 4211.85074234009 4254.28479003906 4313.98513793945 4339.44610595703 4374.32543945312 4344.265625 4290.00158309937 4090.88400650024 4377.35075378418 4310.64765167236 4271.76132965088 4228.10469436646 4033.63202667236
4175.04609298706 4121.50663375854 3899.55310821533 3652.56915283203 3660.66247940063 3742.21326828003 3871.64841079712 3777.09218215942 3937.71132659912 4173.75547790527 4220.51442718506 4272.42538452148 4281.48245239258 4309.544921875 4269.88983917236 4228.68283081055 4150.54497528076 4112.58988189697 4091.63827896118 4177.45746231079 4230.896484375 4179.57576751709 4104.45585632324 4142.05507659912 4130.55467605591 4157.40665054321 4175.4628944397 4128.75196075439 4101.47110366821 4086.896484375 4167.92264938354 4228.31093978882 4189.49568939209 4151.13983535767 4190.35200500488 4274.74806976318 4340.79138946533 4341.21527862549 4113.16249465942 4328.13514709473 4242.27693939209 4320.86524200439 4270.17928314209 4222.93671417236 4156.80860900879 3918.97615814209
