Cases/SDM_Urocitellus_beldingi/westernUsClimate_historic/BIO07.asc
NCOLS 316 
NROWS 299 
XLLCORNER -124.820833001 
YLLCORNER 29.1625003333339 
CELLSIZE 0.0666666666645545 
NODATA_value -3.4e+38 
[rows 84 to 104 of 299, columns 0 to 45 of 316]
-3.4e+38 -3.4e+38 -3.4e+38 -3.4e+38 -3.4e+38 -3.4e+38 1717.67504882812 1708.39465114049 1725.80742073059 1885.97654724121 2248.30821037292 2250.17928314209 2215.65427970886 2213.75741577148 2271.64726638794 2432.81095123291 2557.32225799561 2632.4804649353 2686.84608459473 2658.07499694824 2595.63947296143 2671.375 2689.13907623291 2706.42460250854 2696.67698287964 2740.12498092651 2775.71015548706 2726.06759643555 2747.54607009888 2757.91718673706 2804.4203338623 2776.29218292236 2801.82071304321 2963.71873855591 2866.37265777588 2918.93632507324 3006.29453659058 3028.46483230591 3098.2246131897 3071.01013946533 2977.4453163147 3050.41367340088 3312.23552322388 3424.73125076294 3370.89998626709 3575.35939407349
-3.4e+38 -3.4e+38 -3.4e+38 -3.4e+38 -3.4e+38 1689.52490234375 1701.95347417787 1718.56405258179 1762.3300743103 1876.88632392883 2209.02423095703 2259.35899353027 2235.32072639465 2214.44140434265 2364.02185821533 2406.22969055176 2410.70471191406 2548.48631668091 2669.58987045288 2658.02736282349 2646.21719741821 2735.17932891846 2753.62500762939 2749.81641387939 2744.58553695679 2763.82223892212 2732.0023651123 2763.83399200439 2854.97499465942 2826.44139480591 2861.6039276123 2837.12070083618 2995.56564331055 2979.65586471558 2889.10779953003 2894.06330108643 2955.40702056885 2999.4277305603 3042.28123092651 3047.70038986206 3008.10664749146 3014.76094436646 3208.54493331909 3368.30150985718 3533.85155105591 3623.06131362915
-3.4e+38 -3.4e+38 -3.4e+38 -3.4e+38 -3.4e+38 1680.11250813802 1708.56875228882 1717.97343254089 1860.07813453674 1899.39415168762 2157.52890586853 2268.14608764648 2329.06288909912 2376.23945236206 2435.23201751709 2515.6875 2549.64258956909 2578.15508651733 2632.1855430603 2721.80000305176 2789.06250762939 2769.15507888794 2752.5546875 2764.71171188354 2814.49566650391 2838.63435745239 2808.72852325439 2841.36017227173 2812.57851409912 2804.8984375 2908.86601638794 2982.83361053467 2945.05118942261 2943.54609298706 2979.71796035767 2954.49179077148 3000.32579803467 3081.539478302 3105.68437194824 3135.77265548706 3177.62068939209 3164.33126068115 3157.50663375854 3159.34842300415 3561.96326828003 3711.94804763794
-3.4e+38 -3.4e+38 -3.4e+38 -3.4e+38 -3.4e+38 1665.43939208984 1735.17461013794 1876.28320884705 2040.25430107117 2136.08088684082 2260.791015625 2255.474609375 2383.19609832764 2426.83477783203 2421.05742263794 2446.40977859497 2452.44337081909 2446.85000228882 2445.5195350647 2723.46368026733 2797.69569778442 2794.30350875854 2779.9663772583 2809.23635482788 2845.83361434937 2858.11250686646 2845.79608535767 2812.38752365112 2842.03749847412 2802.99922561646 2791.25624465942 2882.78791427612 2971.05587005615 2993.20236968994 3021.61211013794 3045.39607620239 3071.58750152588 3073.99997711182 3155.69688796997 3265.55038833618 3248.19101333618 3103.17421722412 3094.01329421997 3189.04413986206 3391.82927703857 3738.09023284912
-3.4e+38 -3.4e+38 -3.4e+38 -3.4e+38 1637.42504882812 1642.12408558239 1641.90899467468 1978.21482276917 2083.34804344177 2161.45703125 2314.20193862915 2298.30392837524 2344.45820617676 2341.48007583618 2275.11171340942 2299.48826599121 2267.23553848267 2319.67774200439 2571.83632659912 2816.21720123291 2810.92343902588 2806.25896835327 2778.60586166382 2822.17497253418 2838.76524353027 2720.720703125 2848.51287460327 2821.04531478882 2784.37148666382 2861.59607696533 2920.11796569824 2870.06798171997 2862.79063034058 2949.55234527588 2999.31016540527 3023.53125762939 3068.15037155151 3109.84375762939 3103.92422485352 3117.2656211853 3127.6152305603 2936.70158004761 3051.45273971558 3288.46991729736 3668.95195770264 3750.98906707764
-3.4e+38 -3.4e+38 -3.4e+38 -3.4e+38 1613.28394426618 1593.98281669617 1576.04100990295 1926.94999694824 2189.85820007324 2156.49138641357 2299.18357467651 2327.47423171997 2313.46562957764 2364.69337463379 2330.96836090088 2335.06835174561 2244.84725952148 2407.54178237915 2724.95193862915 2790.01874542236 2796.14373397827 2806.98710250854 2811.0136680603 2771.95702362061 2813.76016235352 2909.34412384033 2817.96407318115 2804.15350723267 2776.59999847412 2820.69217300415 2911.07426452637 2951.88515090942 2971.31289291382 3053.96796798706 3011.54455184937 3011.28398895264 3049.93870544434 3052.05314254761 2975.03085327148 3073.45780181885 3129.71015930176 2947.49844360352 3231.31328201294 3555.23749923706 3745.81954193115 3772.13122940063
-3.4e+38 -3.4e+38 -3.4e+38 -3.4e+38 1576.98625488281 1515.87149238586 1660.89296531677 2072.12733650208 2144.40233802795 2117.2636680603 2194.17694854736 2171.03788375854 2308.99296760559 2391.68631362915 2364.46249771118 2234.88904190063 2453.78788757324 2561.78594970703 2748.05351257324 2781.1640663147 2795.77146148682 2819.94845962524 2808.39098739624 2818.87616348267 2949.67617416382 2999.90548706055 3028.68281936646 2860.78242111206 2812.17106628418 2945.69335174561 3122.68124008179 3134.43788146973 3160.32697677612 3037.56093978882 3013.33553314209 3029.283203125 3080.28284835815 3215.62150192261 3076.94022369385 3097.07461547852 3097.44847488403 3127.41483306885 3546.77501678467 3699.12268066406 3754.02342605591 3741.42225265503
-3.4e+38 -3.4e+38 -3.4e+38 -3.4e+38 1575.58801778158 1572.65195846558 1972.19923782349 2059.60939598083 1820.36914634705 1931.47890853882 2112.32576370239 2235.04139518738 2307.38125610352 2378.88867950439 2471.0078163147 2305.76408004761 2504.873046875 2397.63204574585 2591.40391159058 2659.63671875 2597.99102401733 2652.771484375 2821.87073516846 2972.97382736206 2977.28008270264 3027.31524276733 3017.94686126709 3003.75231933594 3030.65938949585 3115.36407470703 2971.91523361206 3128.05899429321 3135.04685974121 3006.38593673706 3031.4589805603 3018.99689102173 3237.49062347412 3082.79182815552 3015.59921264648 2976.50469970703 3014.38161468506 3132.8710899353 3344.2773475647 3630.07968139648 3748.62187576294 3754.98865890503
-3.4e+38 -3.4e+38 -3.4e+38 1510.48069069602 1533.34140396118 1744.52775001526 2065.60156059265 1978.18827438354 1861.29062080383 2207.91327095032 2185.79061508179 2372.34804725647 2385.75704574585 2338.263671875 2315.79335784912 2395.61288833618 2476.74064254761 2405.52577590942 2579.65663146973 2822.73710250854 2827.92698669434 2900.65858840942 2921.52890014648 3009.42774581909 3029.65315246582 3033.83478546143 3121.54062652588 3124.21209335327 3132.23165893555 3022.28868484497 3020.55975723267 2975.38986206055 2920.36795425415 2918.2187538147 3013.71056365967 3093.26445388794 3161.55860137939 3131.68045043945 3041.49921798706 2921.86209487915 2981.21406173706 2933.85860443115 3001.93086242676 3549.71133804321 3778.93085479736 3770.27030563354
-3.4e+38 -3.4e+38 -3.4e+38 1443.03790676978 1430.89141082764 1847.89101791382 1847.24139785767 1858.65431404114 2217.49765968323 2365.03046798706 2338.04023361206 2405.05701065063 2297.39260101318 2272.61444854736 2236.96446228027 2326.47658920288 2403.40313720703 2476.31990432739 2830.35664367676 2867.94764709473 2802.96758270264 2721.66602706909 2811.20506668091 3045.09803771973 2901.18789672852 2856.65897369385 3014.23554611206 2944.83633422852 3130.08086395264 3061.18555450439 2722.45821380615 2826.00859069824 2905.47616958618 2917.8789100647 3150.12186813354 3188.96287536621 3009.1898651123 2994.33712387085 2955.47615814209 2922.06757354736 2973.45937347412 3044.10469818115 3184.88515472412 3651.576171875 3784.65350723267 3772.71482849121
-3.4e+38 -3.4e+38 -3.4e+38 1456.36976517078 1475.25119018555 1889.39882850647 1965.03203582764 1932.10704803467 2405.6281337738 2505.90622711182 2421.09806060791 2413.16367721558 2364.03358459473 2353.06014251709 2352.10626983643 2388.29376983643 2492.69962310791 2837.11445236206 3013.21952438354 2839.27030563354 2686.24217987061 2806.06407546997 2933.22616958618 2965.92226409912 2967.71485137939 2804.14099502563 2950.22733306885 2764.92070770264 2683.08125686646 2889.35702896118 2812.76290130615 3017.58594512939 3175.91172409058 3087.12774276733 3106.46091461182 3203.13243484497 3094.52696228027 3075.22304916382 3025.92500305176 2964.25937271118 3153.88396453857 3463.65230941772 3294.20858764648 3424.13007354736 3735.90196228027 3753.19490432739
-3.4e+38 -3.4e+38 -3.4e+38 1514.6181751598 1551.56843741995 1849.43007469177 1927.26055145264 2165.79805183411 2531.58240890503 2594.92618179321 2515.51484680176 2475.47031784058 2343.00235748291 2523.75156402588 2844.41249847412 2723.60234832764 2564.31954574585 2638.10898590088 2711.28047180176 2905.09258651733 2937.86992645264 3075.45274353027 2904.5566368103 2792.48789596558 2556.08203887939 2679.93943405151 2709.16523361206 2653.89335632324 2842.03675079346 3003.12421798706 2903.57303237915 3167.05115127563 3139.9492225647 3112.52774047852 3220.42734527588 3136.66445541382 3095.85041427612 3101.97500610352 3096.95351409912 3059.13710784912 3304.26094436646 3596.60469055176 3576.04804229736 3434.50039291382 3609.03516387939 3558.74802017212
-3.4e+38 -3.4e+38 -3.4e+38 -3.4e+38 1569.29002278646 1630.09475806452 2068.9875087738 2296.97773933411 2450.42185592651 2551.82109069824 2462.27113342285 2561.81287765503 2528.46446228027 2601.63830184937 2684.45351028442 2699.14060592651 3024.43087387085 2931.37618255615 2941.66913986206 3086.10779953003 3069.48045730591 3079.45349502563 2850.27501296997 2562.70080947876 2691.13673400879 2846.41718292236 2935.37424087524 2770.19567871094 2926.20743942261 3105.13551712036 3176.15742874146 3250.44881820679 3235.11561584473 3058.72618103027 3039.5156211853 2983.08320617676 3059.96602249146 3135.25857925415 3037.18984222412 3048.75743484497 3143.44923019409 3550.59491348267 3630.08670425415 3589.40314483643 3643.87031173706 3600.54920578003
-3.4e+38 -3.4e+38 -3.4e+38 -3.4e+38 -3.4e+38 1608.64167131696 1933.96172142029 2341.21250915527 2541.25350570679 2593.61132049561 2580.22267532349 2700.021484375 2479.28476333618 2426.25745010376 2554.83163452148 2607.43280792236 2812.93712234497 2678.70701980591 3096.93670272827 2858.93321990967 3063.25897216797 3025.86679840088 2940.25509262085 2546.76602935791 2984.28395080566 2897.85820007324 2942.43321228027 3016.65311813354 3060.98396682739 3215.30117416382 3192.60078430176 3175.73707580566 3228.66877365112 3130.487865448 3123.66638183594 3083.98554992676 3129.20154953003 3134.21326828003 3029.31327819824 3046.0585975647 3205.15781402588 3536.28084182739 3578.47071838379 3628.16523361206 3682.82930755615 3623.59493255615
-3.4e+38 -3.4e+38 -3.4e+38 -3.4e+38 1532.05004882812 1578.64090909091 2003.96370315552 2362.28751564026 2391.80429077148 2556.85975265503 2655.76914215088 2862.12928009033 2541.96875762939 2523.90467834473 2794.4882774353 2599.72146987915 2584.134765625 2948.55508422852 3049.99922943115 3035.55741119385 3192.72500228882 3198.04178237915 2879.39531707764 2639.30898284912 3169.78591537476 3030.24333572388 2942.70392227173 3063.90391540527 3274.55973815918 3328.28319168091 3292.29375076294 3251.25896835327 3234.12343215942 3192.86756896973 3182.02537918091 3171.71056747437 3156.36913299561 3075.37069320679 3016.41209793091 3038.84141540527 3138.69063186646 3567.2480430603 3575.36014556885 3658.86092376709 3561.0000038147 3451.42343139648
-3.4e+38 -3.4e+38 -3.4e+38 -3.4e+38 1526.55712890625 1562.24765586853 2079.98513793945 2221.9855594635 2362.99570465088 2581.84412765503 2783.64141464233 2667.26990890503 2601.25975418091 2695.38595962524 2883.14259719849 2702.56523513794 2638.88787460327 2760.21640396118 2655.43124389648 3108.50625228882 3207.448802948 3217.44218063354 3141.82381057739 2864.12266540527 3092.90391159058 3068.84023284912 3122.86485290527 3252.31680297852 3339.85194396973 3379.68868255615 3340.82656478882 3279.24768066406 3252.43320465088 3226.97303771973 3184.42852020264 3166.72618865967 3176.89649581909 3032.47733688354 2986.57030105591 3243.72188949585 3385.2246131897 3564.95000076294 3615.39920806885 3653.2269744873 3430.51250076294 3246.98166275024
-3.4e+38 -3.4e+38 -3.4e+38 -3.4e+38 1509.81874847412 1543.31523704529 2043.30078315735 2115.13944244385 2480.79022979736 2547.91326141357 2693.68633651733 2745.56406784058 2740.88477325439 2906.34531784058 2943.83240890503 2864.7148399353 2809.9960975647 2665.80310058594 2870.77890777588 3186.23788452148 3241.48946762085 3236.68203353882 3205.87811660767 2970.06212615967 3049.25508880615 3150.76445388794 3152.65506744385 3227.45273208618 3302.44607543945 3326.76993560791 3279.55391311646 3255.62576293945 3272.11640930176 3227.26482772827 3196.58205413818 3207.2539100647 3179.50937652588 3123.24802780151 3127.66836166382 3251.61913299561 3155.02576446533 3377.24103927612 3514.25821304321 3575.11874389648 3614.60818099976 3485.6835899353
-3.4e+38 -3.4e+38 -3.4e+38 -3.4e+38 1481.91250610352 1531.33594322205 2219.85351371765 2122.90234375 2490.86211013794 2556.63710784912 2694.70819854736 2631.08631515503 2663.82772445679 2694.78750610352 2756.02265930176 3028.93398284912 2855.23398208618 2775.47966766357 3200.32696151733 3180.84922790527 2984.07459640503 3019.2734336853 3123.41794586182 3053.63396835327 2882.74607086182 2896.49610900879 2927.2593536377 3180.29921722412 3208.34140777588 3280.28318405151 3265.18827056885 3167.78555679321 3259.76874160767 3094.51211547852 3164.33633804321 3204.8183631897 3158.15897750854 3186.62614440918 3144.66522979736 3092.35744094849 2946.34450149536 3135.90740203857 3415.43673706055 3557.20784378052 3655.69687271118 3538.22500228882
-3.4e+38 -3.4e+38 -3.4e+38 -3.4e+38 1449.64999728733 1481.2128944397 1864.1218662262 2249.38591766357 2382.26563644409 2497.05743408203 2714.09962081909 2723.05741500854 2725.99961090088 2961.35116577148 2862.45976638794 2828.25508880615 3011.92032241821 3145.50896835327 3258.09218597412 3201.44764709473 2926.41055297852 2685.37851333618 2721.00662612915 3144.24490737915 3067.3027305603 3025.15703964233 3213.87031555176 3197.06015777588 3264.99300384521 3292.26134109497 3277.60665130615 3158.20389175415 2974.94921875 2983.22420883179 2916.52773284912 3129.83475112915 3225.52421951294 3100.29022216797 3148.36014556885 3200.07069778442 3230.35274124146 3260.48594284058 3441.82849502563 3531.75936889648 3638.66720962524 3534.47655105591
-3.4e+38 -3.4e+38 -3.4e+38 -3.4e+38 -3.4e+38 1453.05332438151 1646.33086776733 2179.09959793091 2172.69843292236 2451.07772827148 2733.93828582764 2618.8023223877 2568.14413452148 2777.35232543945 2772.75584793091 2770.39492034912 3076.77382659912 3191.17381668091 3177.82734680176 3083.74726867676 2738.43631362915 2667.12267684937 2947.86837005615 2971.98240661621 2825.02108383179 2850.46954727173 3207.06756973267 3189.82108688354 3026.0253868103 2984.57656478882 3220.41876983643 3166.74219894409 3236.096118927 3224.70823287964 3008.39490127563 3043.16563796997 3207.57033157349 3311.20509338379 3354.66990661621 3109.28242111206 3279.88670349121 3508.54609680176 3463.48008346558 3512.41603851318 3577.96719360352 3634.13436126709
-3.4e+38 -3.4e+38 -3.4e+38 -3.4e+38 -3.4e+38 1463.47509765625 1470.90555245536 2020.76836395264 2255.30154418945 2335.27539825439 2493.20586395264 2597.08085632324 2562.26250457764 2545.35743331909 2737.35233688354 2752.7484703064 3010.08399200439 3245.43983459473 3230.98826980591 3151.81015014648 3024.07851409912 2760.76756668091 2616.99022293091 2744.52578735352 2693.63203430176 2950.09063720703 3157.17695236206 3106.07147979736 3200.29647064209 3051.88477325439 2694.46836090088 2824.71096420288 3053.32773971558 3298.724609375 3236.40781784058 3112.11288452148 3324.06248855591 3336.64178848267 3353.58709716797 3352.05546951294 3265.08869934082 3498.00154876709 3470.39649200439 3563.08205032349 3624.39100646973 3622.09337234497
