Cases/SDM_Urocitellus_beldingi/westernUsClimate_historic/BIO08.asc
NCOLS 316 
NROWS 299 
XLLCORNER -124.820833001 
YLLCORNER 29.1625003333339 
CELLSIZE 0.0666666666645545 
NODATA_value -3.4e+38 
[rows 234 to 259 of 299, columns 232 to 289 of 316]
1846.59375 1986.640625 2086.265625 1987.328125 1934.703125 2059.71875 2119.8125 2069.328125 1916.140625 1685.234375 1517.171875 1591.34375 1616.78125 1651.796875 1673.953125 1717.09375 1755.640625 1712.546875 1713.609375 1711.4375 1704.078125 1714.390625 1747.84375 1795.28125 1849.5625 1859.5625 1891.796875 2060.296875 2060.25 2059.1875 2139.390625 2259.390625 2361.375 2350.65625 2380.953125 2376 2360.671875 2355.34375 2362.0625 2366.78125 2364.3125 2357.1875 2231.828125 2266.046875 2398.46875 2429.234375 2432.71875 2431.515625 2366.203125 2301.984375 2116.984375 1991.90625 1612.46875 1507.40625 1606.671875 1741.078125 1802.453125 1856.34375
1930.25 2063.296875 2143.90625 2048.140625 2022.734375 2112.125 2186.28125 2124.90625 1874.09375 1646.078125 1519.9375 1581.609375 1666.515625 1724.046875 1723.609375 1777.625 1716.96875 1741.03125 1778.015625 1768.421875 1764.171875 1780.609375 1766.796875 1801.5625 1865.984375 1914.828125 1930.53125 2051.890625 2172.3125 2204.421875 2265.015625 2351.6875 2394.828125 2276.6875 2352.75 2384.90625 2359.078125 2348.734375 2326.9375 2316.921875 2305.734375 2292.734375 2284.203125 2278.25 2444.234375 2477.953125 2465.703125 2452.546875 2411.21875 2324.578125 2139.609375 2061.40625 1578.1875 1304.859375 1548.8125 1683.8125 1759.140625 1872.0625
2060.25 2133.984375 2203.828125 1974.265625 1995.703125 2086.90625 2153.515625 2157.578125 1739.1875 1623.25 1433.78125 1530.921875 1710.625 1774.515625 1813.40625 1844.3125 1800.671875 1822.796875 1871.984375 1823.859375 1802.4375 1787.5625 1754.96875 1807.234375 1876.78125 1957.578125 1953.734375 2084.0625 2203.109375 2276.84375 2325.34375 2382.578125 2422.78125 2357.421875 2353.03125 2380.1875 2349.140625 2312.75 2243.765625 2190.71875 2177.09375 2142.375 2060.8125 2292.203125 2499.828125 2494.34375 2479.1875 2464.953125 2441.953125 2372.96875 2251.78125 2028.65625 1660.234375 1476.265625 1632.9375 1749.90625 1786.140625 1752.1875
2123.890625 2224.53125 2292.484375 2187.953125 2222.21875 2155.25 2135.78125 2215.25 1909.359375 1720.28125 1637.34375 1578.671875 1727.40625 1829.0625 1849.84375 1927.734375 1995.140625 1943.3125 1921.046875 1861.015625 1832.28125 1755.3125 1633.25 1808.921875 1901.875 1990.46875 2044.1875 2160.03125 2244.421875 2310.40625 2363.703125 2413.734375 2439.203125 2400.234375 2352.59375 2353.546875 2325.78125 2269.046875 2132.453125 2052.921875 2077.8125 2123.953125 2296.359375 2486.0625 2510.78125 2498.1875 2487.1875 2476.9375 2461.5625 2396.90625 2226.015625 1931.34375 1872.203125 1675.34375 1639.828125 1632.46875 1618.171875 1659.109375
2147.328125 2393.84375 2388.421875 2330.03125 2204.359375 2223.53125 2241.390625 2229.703125 2174.171875 2076.78125 1980.546875 1922.03125 1795.5 1777.515625 1805.421875 1893.453125 1979.8125 1994.671875 1924.40625 1861.375 1829.9375 1725.828125 1643.515625 1854.703125 1951.296875 2026.359375 2089.453125 2192.984375 2281.703125 2341.890625 2395 2455.171875 2465.46875 2417.96875 2377.09375 2353.390625 2324.4375 2274.84375 2147.390625 2002.140625 2168.578125 2349.828125 2489 2516.3125 2511.578125 2506.265625 2501.703125 2499.828125 2481.015625 2414.265625 2237.0625 2068.46875 1889.546875 1718.28125 1623.15625 1533.546875 1558.3125 1660.609375
2300.015625 2411.015625 2188.546875 2172.515625 2153.78125 2192.5625 2188.40625 2190.0625 2199.734375 2195.375 2170.890625 2150.9375 1921.390625 2001.046875 1916.296875 1902.0625 1949.390625 1903.984375 1913.140625 1864.171875 1767.765625 1703.09375 1577.5 1836.390625 1948.140625 2033.5 2114.328125 2163.21875 2301.96875 2384.03125 2441 2483.109375 2455.859375 2406.875 2389.5 2366.3125 2343.390625 2302.515625 2196.5 2144.765625 2245.328125 2419.265625 2527.5 2521.6875 2522.578125 2524.9375 2522.375 2514.921875 2496.828125 2445.375 2336.671875 2166.28125 1904.171875 1699.890625 1609.765625 1518.953125 1534.421875 1627.453125
2637.609375 2516.640625 2363.0625 2175.390625 2062.203125 2134.296875 2152.296875 2169.546875 2195.828125 2246.328125 2235.765625 2234.671875 2172.1875 2066.65625 2025.3125 2083.65625 2019.5625 1969.671875 1890.6875 1885.5 1844.296875 1756.84375 1548.28125 1814.578125 1905.53125 2022.890625 2125.78125 2231.390625 2318.4375 2402.421875 2471.5625 2452 2387.28125 2371.359375 2374.5625 2373.828125 2357.0625 2324.671875 2247.09375 2153 2163.09375 2392.328125 2534.515625 2516.984375 2520.171875 2524.90625 2522.09375 2517.4375 2501.625 2466.84375 2381.328125 2183.65625 1830.375 1577.234375 1524.421875 1502.59375 1593.734375 1657.09375
2724.171875 2636.375 2539.171875 2368.59375 2160.65625 2034.453125 1999.890625 2102.640625 2123.1875 2185.65625 2291.59375 2305.390625 2254.34375 2158.9375 2017.921875 1895.109375 1915.203125 1915.15625 1944.90625 1923.671875 1896.3125 1831.171875 1623.203125 1706.921875 1876.03125 2024.578125 2133.375 2239.515625 2346.640625 2415.65625 2477.03125 2376.34375 2308.34375 2341.296875 2361.296875 2362.328125 2352.59375 2339.546875 2307.4375 2219.015625 2257.234375 2375.890625 2534.359375 2520.96875 2521.5 2520.796875 2518.515625 2518.21875 2508.0625 2481.375 2418.59375 2251.8125 2024.40625 1627.296875 1429.46875 1487.078125 1554.40625 1647.203125
2491.140625 2597.21875 2610.484375 2468.71875 2329.171875 2135.625 2101.828125 2114 2154.78125 2169.375 2254.375 2316.515625 2234.765625 2156.78125 2134.109375 2024 1854.078125 1782.328125 1829.171875 1932.546875 1951.9375 1885.125 1785.234375 1673.765625 1886.46875 2061.359375 2180.828125 2257.25 2360.5 2427.40625 2488.15625 2360.640625 2261.6875 2351.890625 2367.046875 2361.140625 2357.5625 2341.0625 2338.21875 2302.078125 2275.28125 2279.84375 2518.359375 2526.859375 2525.359375 2521.171875 2518.953125 2516.765625 2511.3125 2495.703125 2455.78125 2289.171875 1918.328125 1586.203125 1424.09375 1474.625 1581.234375 1674.5
2295.65625 2442.046875 2575 2476.5 2339.75 2217.734375 2181.578125 2239.6875 2177.53125 2148.125 2221.5625 2294.578125 2247.828125 2142.796875 2034.390625 1977.015625 1938.734375 1920.96875 1912.578125 1938.921875 2028.921875 1999.390625 1942.625 1736.171875 1909.0625 2080.4375 2188.734375 2285.046875 2370.375 2438.328125 2492.328125 2444.796875 2387.265625 2379.71875 2386.671875 2385.3125 2382.0625 2364.09375 2359.671875 2358.3125 2307.9375 2287.84375 2489.328125 2533.71875 2529.328125 2525.53125 2514.390625 2507.390625 2513.796875 2515.171875 2497.5625 2306.03125 1889.46875 1459.1875 1419.640625 1507.484375 1602.671875 1709.46875
2408.015625 2429.359375 2537.40625 2493.1875 2409.953125 2320.78125 2265.015625 2297.53125 2293.171875 2254.1875 2228.4375 2258.15625 2185.078125 2205.484375 2055.953125 1994 2068.859375 2076.3125 2060.421875 1993.15625 2024.640625 2097.4375 2056.28125 1928.953125 1932.125 2067.34375 2204.8125 2291.640625 2383.609375 2435.34375 2468.171875 2452.515625 2420.390625 2391.78125 2414.3125 2397.328125 2406.703125 2392.5625 2374.265625 2381.359375 2371.328125 2271.4375 2470.640625 2532.28125 2528.6875 2520.28125 2508.203125 2502.75 2510.96875 2522.625 2523.828125 2271.171875 1842.890625 1505.6875 1423.484375 1491.328125 1565.296875 1684.078125
2489.625 2452.828125 2478.640625 2519.125 2482.640625 2430.671875 2367.640625 2355.734375 2360.4375 2372.3125 2319.734375 2134.125 2106.359375 2181.34375 2122.5 2100.3125 2143.203125 2140.65625 2112.71875 2068.484375 2089.53125 2082.296875 2144.40625 2075.953125 2007.953125 2136.359375 2209.734375 2316.28125 2381.703125 2422.53125 2437.9375 2453.984375 2440.75 2424.859375 2431.515625 2423.546875 2416.40625 2413.875 2402.109375 2392.71875 2403.703125 2338.859375 2409.75 2534.765625 2536.609375 2523.46875 2518.203125 2512.671875 2512.453125 2525.4375 2530.4375 2455.140625 1982.1875 1704.671875 1517.375 1488.15625 1567.5 1664.84375
2546.5 2521.515625 2373.921875 2503.84375 2508.1875 2490.328125 2460.828125 2397.578125 2434.875 2382.53125 2306.5 2177.34375 2019.484375 2085.171875 2105.609375 2092.03125 2184.359375 2221.4375 2217.296875 2194.140625 2145.296875 2123.75 2203.265625 2152.875 2104.671875 2175.828125 2267.5625 2332.546875 2369.375 2402.890625 2419.9375 2433.453125 2435.4375 2433.796875 2446.921875 2445.6875 2427.6875 2417.453125 2412.734375 2404.46875 2401.3125 2363.21875 2304.96875 2527.15625 2543.203125 2538.71875 2536.203125 2528.953125 2525.5 2527.265625 2527.703125 2507.34375 2257.9375 2017.78125 1793.546875 1641.4375 1644.953125 1708.265625
2575.59375 2479.453125 2269.625 2436.46875 2494.9375 2460.921875 2463.84375 2444.46875 2410.515625 2358.8125 2290.203125 2200.671875 2119.34375 1950.46875 2008.734375 2119.578125 2195.046875 2263.828125 2281.859375 2280.015625 2256.828125 2262.5 2235.8125 2203.84375 2125.171875 2250.625 2318.390625 2352.515625 2368.15625 2394.25 2410.84375 2439.953125 2437.078125 2462.8125 2459.640625 2459.0625 2441.6875 2424.640625 2414.15625 2412.375 2404.546875 2390.53125 2286.5 2464.9375 2548.09375 2546.375 2547.5 2547.265625 2540.375 2536.78125 2529.65625 2494.609375 2386.890625 2168.421875 1924.3125 1892.359375 1888.65625 1830.96875
2600.171875 2522.59375 2383.890625 2437.5 2466.734375 2458.96875 2448.34375 2446.875 2428.4375 2374.765625 2314.421875 2246.71875 2121.265625 2044.9375 2084.984375 2148.515625 2205.546875 2263.578125 2306.46875 2328.71875 2320.265625 2311.46875 2289.171875 2218.234375 2055.390625 2307.28125 2360.296875 2377.96875 2377.015625 2404.953125 2406.640625 2415.90625 2348.828125 2459.15625 2485.453125 2460.53125 2459.6875 2447.25 2427.640625 2425.484375 2408.75 2363.5 2235.65625 2402.71875 2546.453125 2549.6875 2556.9375 2559.546875 2545.75 2550.859375 2544.921875 2511.96875 2403.359375 2220.25 2111.5 2075.140625 2072.25 2001.1875
2629.65625 2569.703125 2420.421875 2349.609375 2414.484375 2450.90625 2461.609375 2467.078125 2460.6875 2425.1875 2371.53125 2232.0625 2058.03125 2107.265625 2163.515625 2192.203125 2245.421875 2280.484375 2316.078125 2348.015625 2366.546875 2358.359375 2330.34375 2309.40625 2311.84375 2344.09375 2391.796875 2401.875 2387.359375 2400.515625 2401.640625 2416.515625 2413.703125 2434.953125 2465.5625 2471.03125 2464.203125 2470.3125 2428.59375 2427.046875 2406.265625 2348.109375 2352.375 2532.015625 2538.296875 2540.890625 2556.765625 2563.15625 2530.484375 2550.359375 2553.34375 2511.375 2398.921875 2347.8125 2299.984375 2276.390625 2268.5 2196.953125
2628.6875 2575.59375 2483.328125 2326.53125 2285.84375 2442.3125 2481.71875 2487.4375 2495.25 2491.0625 2462.484375 2338.453125 2150.78125 2123.71875 2218.265625 2246.6875 2289.328125 2317.25 2338.5625 2365.46875 2390.90625 2396.25 2389.234375 2385.40625 2382.203125 2383.234375 2422.6875 2436.53125 2424.109375 2405.046875 2406.125 2400.625 2413.109375 2405.84375 2421.03125 2447.109375 2447.5 2477.453125 2459.34375 2433.484375 2406.96875 2305.109375 2485.734375 2552.53125 2535.4375 2531.15625 2548.703125 2561.65625 2534.734375 2555.15625 2547.71875 2474.125 2319.375 2350.921875 2358.828125 2356.15625 2363.921875 2386.796875
2611.140625 2599.828125 2552.953125 2427.125 2311.15625 2409.203125 2487.421875 2501.03125 2470.875 2479.1875 2513.78125 2473.390625 2369.578125 2288.640625 2299.671875 2311.71875 2333.40625 2354.15625 2362.828125 2391.640625 2411 2420.859375 2425.859375 2437.015625 2443.453125 2450.8125 2468.140625 2470.109375 2467.453125 2437.796875 2430.765625 2424.15625 2428.984375 2414.21875 2403.5 2416.8125 2442.03125 2470.21875 2465.78125 2430.953125 2419.234375 2225.15625 2191.21875 2530.578125 2536.046875 2533.375 2544.90625 2555.015625 2561.6875 2557.65625 2527.65625 2459.0625 2348.125 2318.5625 2315.890625 2322.78125 2363.15625 2411.71875
2577.890625 2577.265625 2569.9375 2526.515625 2448.765625 2425.96875 2492.96875 2500.640625 2449.5625 2402.78125 2490.75 2512.015625 2473.265625 2409.296875 2385.15625 2373.609375 2383.234375 2397.375 2416 2431.6875 2443.140625 2445.21875 2450.5625 2461.15625 2472.046875 2480.859375 2485.34375 2491.546875 2491.546875 2482.46875 2473.796875 2470.78125 2464.5625 2449.578125 2431.046875 2420.21875 2442.421875 2471.59375 2479.75 2452.21875 2450.546875 2336.421875 2328.1875 2536.9375 2535.03125 2533.453125 2538.84375 2544.734375 2548.375 2528.078125 2494.171875 2447.1875 2356.65625 2321.890625 2319.8125 2340.734375 2356.3125 2382.984375
2509 2532.984375 2565.078125 2577.4375 2524.421875 2396 2479.578125 2492.390625 2441.6875 2347.390625 2432.4375 2482.1875 2474.09375 2444.4375 2425.109375 2414.09375 2420.296875 2430.703125 2430.65625 2459.53125 2465.828125 2460.921875 2465.21875 2473.390625 2480.96875 2466.609375 2425.96875 2500.265625 2504.265625 2500.703125 2503.78125 2492.625 2476.734375 2455.15625 2447.109375 2450.9375 2458.421875 2473.125 2490.0625 2498.71875 2479.078125 2458.453125 2475.4375 2513.75 2529.390625 2531.40625 2529.828125 2533.140625 2533.203125 2509.375 2455 2412.671875 2344.484375 2333.359375 2341.796875 2359.90625 2368.6875 2370.40625
2222.40625 2387.484375 2509.578125 2543.390625 2535.6875 2371.3125 2454.8125 2477.6875 2383.171875 2274.375 2376.546875 2449.078125 2467.015625 2461.5625 2450.015625 2441.46875 2435.296875 2435.609375 2453.84375 2470.03125 2480.03125 2481.65625 2483.046875 2484.453125 2483.078125 2363.828125 2402.40625 2501.65625 2512.421875 2511.703125 2505.8125 2494.578125 2473.25 2457.9375 2464.125 2467.359375 2467.359375 2472.890625 2495.875 2524.265625 2521.96875 2498.328125 2499.359375 2516.40625 2533.984375 2536.46875 2531.015625 2529.328125 2521.96875 2493.265625 2451.453125 2401.734375 2339.640625 2353.0625 2350.234375 2351.625 2340.875 2335.046875
1962.75 2235.21875 2414.8125 2476.453125 2523.46875 2437.875 2446.28125 2461.703125 2400 2313.671875 2367.96875 2441.75 2418.609375 2439.5 2447.3125 2426.765625 2387.28125 2376.5 2411.046875 2439.28125 2458.0625 2481.421875 2494.75 2495.78125 2489.40625 2351.8125 2394.3125 2509.46875 2524.78125 2518.625 2505.6875 2478.328125 2434.828125 2449.5625 2471.515625 2473.34375 2476.203125 2475.109375 2496.859375 2532.328125 2561.078125 2534.125 2495.140625 2518.046875 2544.234375 2554.546875 2544.515625 2531.5 2518.25 2457.578125 2394.75 2351.5 2359.65625 2365.71875 2349.828125 2319.625 2297.375 2327.5625
2011.96875 2070.328125 2283.234375 2420.671875 2492.9375 2404.34375 2385.65625 2454.890625 2430.640625 2408.6875 2423.015625 2454.8125 2407.75 2383.078125 2419.0625 2403.234375 2339.5625 2293.578125 2352.828125 2385.0625 2427.703125 2464.015625 2494.078125 2503.578125 2504.1875 2483.4375 2489.046875 2531.34375 2539.34375 2528.15625 2500.78125 2454.453125 2447.46875 2450.96875 2472.828125 2490.859375 2490.8125 2488.53125 2502.59375 2533.6875 2579.734375 2557.953125 2477.875 2517.921875 2557.875 2571.84375 2560.390625 2537.59375 2512.1875 2433 2337.71875 2341.765625 2349.65625 2330.953125 2334.90625 2325.125 2321.171875 2299.6875
1815.84375 1765.5625 2075.859375 2337.71875 2453.375 2459.8125 2372.578125 2422.640625 2425.9375 2379.78125 2428.078125 2462.46875 2397.4375 2321.84375 2406.609375 2418.046875 2377.6875 2355.09375 2277.53125 2297.875 2389.5 2452.390625 2477.953125 2457.265625 2440.71875 2512.203125 2531.71875 2542.859375 2544.5625 2538.578125 2501 2460.984375 2465.328125 2464.875 2466.9375 2503.046875 2506.796875 2499.515625 2509.609375 2536.34375 2581.734375 2568.171875 2441.125 2512.109375 2570.28125 2585.140625 2573.1875 2545.21875 2492.46875 2477.1875 2366.453125 2324.765625 2325.578125 2327.015625 2341.734375 2354.453125 2341.625 2361.3125
1647.8125 1549.75 1852.640625 2185.84375 2475.40625 2380.625 2139.890625 2322.953125 2395.671875 2289.375 2392.1875 2462.234375 2389.5 2251.09375 2410.296875 2398.8125 2329.984375 2385.328125 2377.9375 2345.484375 2402.546875 2459.796875 2474.359375 2432.453125 2430.171875 2514.4375 2546.203125 2548.15625 2545.5 2539.578125 2514.453125 2481.078125 2470.125 2490.578125 2494.53125 2503.984375 2512.328125 2508 2518.34375 2540.140625 2575.171875 2575.515625 2480.203125 2517.703125 2581.9375 2594.9375 2578.84375 2550.421875 2505.03125 2469.984375 2370.734375 2342.796875 2325.109375 2328.34375 2346.140625 2369.078125 2371.4375 2387.71875
1736.609375 1635.265625 1928.671875 2225.078125 2458.3125 2257.59375 2208.171875 2297.921875 2369.5625 2312.25 2360.53125 2442.59375 2445.515625 2310.140625 2429.765625 2409.5 2344.546875 2346.96875 2416.84375 2421.953125 2408.1875 2452.25 2490.3125 2480.515625 2494.96875 2539.203125 2549.125 2548.84375 2547.890625 2527.5625 2520.296875 2522.765625 2516.453125 2524.46875 2523.546875 2515.53125 2518.671875 2522.59375 2532.0625 2543.84375 2568.703125 2574.71875 2553.625 2559.90625 2588.40625 2592.046875 2570.109375 2544.6875 2520.1875 2472.125 2386.421875 2366.59375 2358.140625 2335.125 2340.15625 2364.453125 2391.765625 2409.578125
