Cases/SDM_Urocitellus_beldingi/westernUsClimate_historic/BIO08.asc
NCOLS 316 
NROWS 299 
XLLCORNER -124.820833001 
YLLCORNER 29.1625003333339 
CELLSIZE 0.0666666666645545 
NODATA_value -3.4e+38 
[rows 130 to 155 of 299, columns 174 to 231 of 316]
976.34375 971.65625 908.453125 780.984375 882.296875 872.453125 878.265625 863.328125 227.671875 -320.140625 33.984375 785.625 794.21875 445.515625 -293.109375 -380.40625 187.359375 436.25 612.25 860.21875 731.328125 402.984375 -98.21875 -488.921875 -436.421875 -340.3125 -227.265625 -301.390625 -409.125 -528.609375 -664.3125 -709.53125 -739.375 -693.625 -548.921875 -549.921875 -137.796875 731.328125 -394.203125 -668.40625 664.078125 1318.6875 985.578125 1665.984375 1435.546875 1330.296875 1384.796875 1411.15625 1421.921875 1440.578125 1454.1875 1444.109375 1450.421875 1452.453125 1439.609375 1448.796875 1501.359375 1507.6875
980.390625 978.25 923.71875 848.578125 862.25 859.15625 823.265625 818.359375 807.640625 105.796875 307.171875 759.5625 767.78125 624.25 63.9375 -259.8125 134.1875 390.78125 431.265625 556.25 933 950.34375 445.71875 -55.09375 -317.96875 -356.96875 -362.15625 -333.6875 -484.390625 -520.140625 -553.875 -689.296875 -692.078125 -603.921875 -583.109375 -545.1875 -603.15625 470.640625 896.296875 65 1014.265625 823.5 1340.890625 1374.90625 1374.359375 1392.53125 1428.109375 1466.09375 1485.734375 1472.015625 1472.953125 1474.671875 1482.28125 1511.765625 1502.5 1522.421875 1529.109375 1513.625
975.5625 979.3125 973.1875 948.359375 903.046875 883.515625 847.328125 804.390625 819.125 232.015625 0.546875 708.484375 763.46875 625.34375 378.203125 142.328125 140.609375 384.046875 258.390625 -74.09375 946.515625 986.890625 735.15625 73.296875 -352.328125 -427.265625 -293.15625 -392.015625 -457.890625 -534.9375 -682.109375 -623.03125 -542.859375 -588.140625 -512.0625 -230.6875 70.6875 730.625 837.96875 399.875 1126.5 1370.84375 1389.796875 1382.609375 1426.375 1447.15625 1460.125 1495.734375 1523.453125 1509.984375 1496.953125 1495.75 1513.609375 1536.984375 1565.34375 1558.078125 1551.765625 1561.46875
976.1875 976.65625 979.6875 981.03125 965.640625 920 861.5 823.28125 820.328125 288.9375 59.15625 760.90625 762.5625 772.84375 743.546875 319.359375 258.703125 416.515625 412.203125 556.78125 961.25 977.046875 962.171875 462.171875 -181.4375 -224.34375 -225.484375 -315.625 -353.796875 -445.140625 -677.5 -702.734375 105.640625 101.96875 -515.40625 398.9375 944.984375 584.84375 950.25 1338.640625 1544.21875 1732.171875 1745.0625 1647.078125 1563.8125 1475.1875 1625.125 1653.390625 1517.484375 1531.25 1538.53125 1558.953125 1567.4375 1565.9375 1575.96875 1567.8125 1586.375 1604.34375
973.21875 973.46875 973.578125 961.375 964.765625 958.84375 902.25 837.8125 802.984375 420.46875 579.828125 737.78125 739.59375 752.359375 773.90625 625.359375 477.515625 556.34375 859.734375 963.359375 886.546875 903.78125 988.09375 983.015625 495.96875 -167.609375 -259.890625 -290.234375 -278.375 -404.796875 -657.859375 -692.703125 -349.015625 670.328125 -481.5 -423.859375 -122.71875 738.96875 1054 1273.8125 1251.640625 1751.453125 1777.125 1810.8125 1853.125 1837.640625 1831.125 1697.484375 1535.390625 1569.703125 1580 1583.796875 1597.046875 1586.40625 1587.578125 1570.5625 1575.828125 1581.984375
967.65625 967.28125 961.15625 956.703125 945.5 928.265625 867.75 795.796875 783.84375 41.640625 410.625 697.46875 653.28125 722.125 709.546875 213.921875 353.1875 502.28125 833.34375 965.953125 617.890625 772.203125 960.78125 781.984375 37.125 -250.90625 -206.75 -258.890625 -290.484375 -382.140625 -487.4375 -494.234375 -517.0625 -512.953125 -473.6875 -423.78125 -402.1875 -366.8125 -361.90625 -414.40625 67.515625 790.5625 1526.3125 1771.265625 1762.234375 1723.953125 1792.328125 1788.890625 1579.015625 1610.15625 1651.71875 1644.734375 1617.171875 1594.46875 1587.59375 1578.4375 1570.171875 1562.25
950 932.125 946.25 950.765625 941 915.46875 622.984375 82.5 412.171875 -86.28125 -181.34375 112.84375 58.453125 204.984375 250.546875 -150.03125 -102.625 140.4375 661.5 976.984375 965.015625 916.390625 507.9375 -73.78125 -325.359375 -265.78125 -277.765625 -351.4375 -300.046875 -335.6875 -395.609375 -440.390625 -501.34375 -487.15625 -492.84375 -527.421875 -478.09375 -414.421875 -463.78125 -434.984375 -378.296875 -200.1875 480.9375 1559.796875 1803.71875 1807.84375 1816.828125 1765.03125 1570.4375 1581.96875 1622.53125 1634.828125 1609.234375 1583.8125 1573.53125 1573.234375 1577.96875 1580.40625
940.5 865.953125 887.375 928.453125 908.765625 888.203125 719.71875 25.9375 175.109375 452.375 -64.21875 -229.3125 -159.765625 -115.515625 150.59375 198.421875 -69.3125 69.375 473.28125 832.171875 748.171875 446.9375 -245.15625 -274.1875 -215.515625 -311.546875 -314.75 -287.828125 -310.40625 -338.28125 -400.9375 -451.0625 -549.828125 -488.625 -474.359375 -472.328125 -506.09375 -456.421875 -523.453125 -461.65625 -474.265625 -331.421875 -288.3125 1262.921875 1792.359375 1806.15625 1849.609375 1881.0625 1829.671875 1633.421875 1652.28125 1632.328125 1622.84375 1583.609375 1582.84375 1583.203125 1599.859375 1601.96875
930.46875 923.671875 870.375 877.8125 859.140625 868.421875 875.09375 803.375 789.171875 803.734375 664.25 44.671875 -103.59375 -101.46875 124.34375 299.109375 86.53125 25.421875 450.5625 449.234375 759.015625 -110.828125 -417.0625 -281.25 -212.90625 -256.828125 -307.171875 -361.828125 -422.15625 -423.296875 -438.515625 -452.421875 -551.8125 -513.46875 -458.25 -442.375 -452.90625 -448.09375 -457.515625 -456 -448.59375 135.953125 630.140625 1107.90625 1761.625 1863.953125 1903.578125 1918.4375 1776.53125 1572.875 1621.453125 1604.765625 1598.078125 1586.25 1587.828125 1582.515625 1575.671875 1676.984375
827.15625 417.1875 842.75 844.046875 622.59375 363.828125 800.46875 885.5 857.265625 831.6875 810.34375 722.671875 476.78125 251.90625 466.9375 546.375 88.625 -57.75 48.09375 501.640625 736.234375 -359.546875 -323.6875 -310.453125 -317.265625 -273.515625 -310.984375 -361.171875 -468.5 -515.65625 -560.1875 -568.75 -538.03125 -486.75 -437.484375 -386.171875 -470.234375 -477.25 -434.46875 -444.6875 -100.828125 595.5625 1562.796875 1469.5 1735 1882.640625 1926.609375 1897.15625 1825.703125 1623.4375 1616.703125 1598.59375 1619.46875 1611.921875 1650.109375 1675.875 1799.046875 1621.1875
926.25 421.140625 779.640625 822.828125 672.71875 730.03125 873.125 908.34375 893.25 869.625 844.859375 815.625 802.4375 781.578125 791.109375 771.140625 367.84375 517.671875 639.109375 826.890625 844.609375 258.109375 158.140625 -282.359375 -323.65625 -287.171875 -288.328125 -358.40625 -477.484375 -509.953125 -568.328125 -493.25 -455.6875 -416.625 -325 -158.734375 -334.609375 -343.40625 -313.15625 -316.96875 228.390625 517.375 -38.328125 221.546875 1233.828125 1809.421875 1930.5 2002.40625 1836.9375 1785.40625 1865.921875 1855.609375 1807.53125 1748.875 1605.71875 1798 1893.671875 1793.703125
884.96875 816.390625 783.71875 835.375 851.859375 868.71875 886.28125 917.359375 922.796875 917.15625 894.140625 870.46875 856.171875 842.3125 758.09375 765.8125 763.9375 753.109375 736.9375 630.21875 839.0625 193.53125 -311.96875 -193.125 -265.875 -279.984375 -252.59375 -344.328125 -464 -538.78125 -524.203125 -478.21875 -414.578125 37.25 1050.84375 1807.109375 1345.015625 1415.796875 1797.109375 1557 1689.640625 1633.484375 1080.59375 350.078125 9.40625 273.1875 1382.390625 1994.484375 1938.578125 1948.90625 1891.046875 1886.015625 1905.875 1899.125 1908.171875 1859.15625 1873.9375 1885.078125
881.21875 641.890625 617.578125 785.15625 878.625 890.84375 888.171875 930.203125 939.625 935.609375 922.046875 909.8125 892.8125 875.5 600.21875 739.40625 826.96875 797.59375 778.828125 724.25 806.8125 117.578125 -390.53125 -33.375 -114.21875 -190.484375 -84.15625 -303.046875 -503.4375 -599.96875 -599.265625 -485.703125 31.65625 1619.1875 1813.265625 1934.328125 1946.25 1948.0625 1914.796875 1895.765625 1894.0625 1867.625 1717.140625 1475.59375 154.234375 48.359375 938.046875 1910.421875 1488.15625 762.625 1654.953125 1818.71875 1818.4375 1814.78125 1869.703125 1856.5 1830.640625 1820.078125
841.609375 692.296875 427.640625 512.515625 897.234375 930.78125 944.625 953.609375 948.59375 937.40625 921.9375 917.5 919.03125 918.875 899.0625 751.515625 747.0625 771.703125 803.875 754.453125 515.296875 -116.46875 -295.890625 -95.015625 226.640625 235.859375 56.125 -294.671875 -542.84375 -594.53125 -559.125 -523.59375 -455.40625 1707.328125 1833.046875 1938.5 1979.40625 2002.84375 1972.6875 1959.65625 1959.921875 1980.203125 1912.40625 1644.71875 1215.53125 141.921875 1473.171875 1911.4375 1037.53125 707.703125 1671.6875 1791.875 1785.875 1759.3125 1798.09375 1773.171875 1779.546875 1651.96875
746.59375 826.046875 552.796875 812.546875 909.4375 938.453125 951.40625 951.09375 946.921875 940.609375 927.140625 932 940.8125 938.09375 876.125 512.984375 415.875 474.890625 731.890625 410.96875 193.546875 -281.234375 -293.625 19.828125 336.75 316.671875 -101.796875 -409.265625 -654.5 -519.09375 -537.046875 -472.4375 -419.6875 1740.015625 1836.109375 1920.375 1960.484375 1988.0625 2007.390625 2007.890625 2025.546875 2019.390625 1988.078125 1796.40625 1799.359375 1290.71875 1192.359375 1979.6875 1842.140625 1675.1875 1829.578125 1736.65625 1728.59375 1743.28125 1774.46875 1744.390625 1710.59375 1610.6875
730.6875 881.859375 871.25 893.640625 921.0625 936.578125 942.9375 939.96875 932.71875 930.640625 930.34375 938.671875 957.25 950.296875 364.15625 265.859375 402.046875 445.1875 646.6875 419.6875 147.4375 -278.75 -87.171875 572.75 565.765625 269.140625 -410.078125 -618.484375 -576.859375 -481.71875 -525.375 0.921875 881.765625 1810.90625 1861.34375 1919.953125 1961.328125 1989.390625 2013.875 2062.078125 2103.625 1974.546875 1859 1975.4375 1837.078125 1977.5625 1881.203125 1963.546875 1783.75 511.484375 1013.109375 1687.515625 1626.828125 1693.234375 1683.46875 1692.640625 1698.96875 1771.921875
708.78125 899.875 912.234375 919.3125 935.640625 940.84375 938.375 931.109375 917.375 926.609375 934.921875 937.21875 955.625 850.96875 258.6875 319.75 396.046875 410.375 321.46875 500.875 641.9375 -94.734375 500.859375 591.671875 670.65625 -132.8125 -543.25 -615.8125 -464.453125 -446.90625 -436.3125 -256.71875 1451.171875 1878.71875 1906.09375 1915.984375 1947.03125 1961.578125 2028.34375 2100.796875 2035.140625 1779.59375 1669.734375 1933.8125 2025.984375 2082.109375 1984.78125 1799.640625 1892.609375 1721.34375 756.109375 1029.609375 1575.078125 1681.359375 1589.125 1543.515625 1779.609375 1781.421875
858.828125 902.40625 915.78125 930.125 939.046875 939.921875 935.125 925.640625 916.75 923.984375 934.453125 937.125 937.6875 894 461.28125 444.359375 385.296875 189.703125 26.734375 610.8125 815.078125 722.296875 733.8125 775.5 28.671875 -422.984375 -634.5625 -585.5625 -454.703125 -367.828125 -85.328125 1542 1821.921875 1875.4375 1912.015625 1907.546875 1922.40625 1539.765625 919.8125 1453.109375 2080.140625 2057.53125 1699.890625 1732.03125 2006.625 2062.25 1968.359375 1784.421875 1904.1875 1914.859375 429.71875 -316.53125 1126.390625 1604.28125 1597.59375 1724.59375 1854.640625 1717.6875
922.984375 913.9375 919.140625 937.96875 945.109375 941.671875 931.71875 923.484375 929 931.859375 935.46875 938.28125 933.171875 927.6875 873.25 728.71875 439.03125 85.375 248.515625 685.359375 845.6875 809.078125 813.5 400.8125 -315 -561.28125 -578.59375 -486.421875 -409.703125 -368.171875 -151.375 1434.984375 1862.671875 1878.671875 1908.890625 1915.109375 1947 1464.625 359.734375 622.015625 2055.890625 2124.140625 1902.578125 1879.328125 2092.46875 1952.15625 1817.15625 1792.953125 1865.625 1998.84375 1554.84375 -132.703125 647.484375 1638.75 1761.140625 1809 1678.765625 1677.953125
938.15625 940.765625 943.84375 947.4375 948.8125 937.140625 936.3125 934.46875 933.546875 931.296875 933.203125 940.578125 942 909.8125 592.3125 730.46875 234.8125 301.671875 466.78125 721.0625 844.3125 836.9375 808.125 256.515625 -130.234375 -418.328125 -608.734375 -535.078125 -414.28125 588.390625 764.4375 1885.1875 1902.515625 1900.5 1919.09375 1952.03125 1964.3125 1985.53125 2005.828125 2009.296875 2073.578125 2141.5625 1997.640625 1750.109375 2125.828125 2058.203125 1816.859375 1796.890625 1879.546875 1737.46875 1910.78125 1639.125 1664.703125 1885.421875 1832.0625 1775.546875 1688.359375 1810.875
946.375 950.3125 955.796875 948.28125 948.171875 946.328125 935.078125 933.5625 933.9375 932.609375 934.75 947.953125 957.796875 774.0625 821.3125 669.4375 158.921875 396.78125 378.984375 731.453125 863.46875 845.734375 716.109375 109.765625 -102.546875 -476.75 -451.484375 -400.5 -458.703125 -230.578125 1548.859375 1915.0625 1909.15625 1901.09375 1913.953125 1936.90625 1968.890625 2012.03125 2039.078125 2033.140625 2057.875 2182.765625 2088.609375 1737.359375 1966.78125 1849.5625 1770.09375 1804.125 1757.421875 1768.46875 1816.140625 1687.984375 1516.734375 1584.734375 1726.703125 1795 1804.984375 1808.28125
1636.640625 980.09375 1184.609375 912.859375 805.6875 926.609375 923.1875 931.6875 934.515625 937.90625 902.015625 957.171875 984.1875 989.609375 855.84375 434.984375 -7.65625 385.78125 674.125 831.359375 879.8125 769.859375 319.34375 51.390625 -69.890625 -317.40625 -486.34375 -301.5 -277.71875 1216.609375 1706.515625 1839.296875 1860.625 1897.328125 1912.390625 1900.03125 1912.5625 1962.125 2025.03125 2074.171875 2148.953125 2204.984375 1867.171875 1934.484375 1777.203125 1815.109375 1870.28125 1764.625 1789.84375 1785.21875 1765.609375 1734.140625 1732.703125 1745.5625 1801.90625 1818.546875 1805.609375 1794.75
2119.984375 1820.953125 1420.359375 627.484375 589.90625 910.265625 918.609375 927.03125 935.65625 906.375 936.53125 945.3125 968.625 906.671875 609.5 211.84375 -93.9375 167.28125 1493.25 900.640625 844.375 595.1875 477.734375 86.765625 -7.921875 -256.796875 7.265625 1294.828125 1377.34375 1699.96875 1794.390625 1810.53125 1858.640625 1894.296875 1857.125 1844.375 1852.953125 1897.671875 1953.046875 1977.734375 2079.296875 2179.90625 1760.625 2091.046875 1999.75 1949.71875 1906.71875 1769.9375 1786.9375 1800.0625 1814.921875 1818.59375 1820.375 1819.265625 1818.03125 1812.296875 1807.046875 1802.40625
2119.53125 2032.5625 923.21875 515.90625 573.109375 895.03125 916.6875 923.8125 930.875 939.84375 953.4375 957.953125 851.296875 397.71875 -123.28125 -45.390625 9.921875 966.1875 1351.390625 829.65625 725.21875 363.3125 239.96875 33.640625 38.515625 -48.078125 986.8125 1565.515625 1767.1875 1816.8125 1808.71875 1865.53125 1919.53125 1858.25 1782.984375 1764.90625 1741.828125 1797.203125 1870.671875 1958.671875 2064.828125 2059.921875 1945.5625 1979.0625 2047.078125 2006.640625 1858.5625 1812.359375 1810.65625 1791.921875 1787 1796.640625 1802.09375 1813.046875 1817.515625 1818.6875 1826.140625 1824.84375
2117.28125 1893.734375 918.578125 846.015625 905.765625 911.25 907.4375 914.953125 913.90625 859.421875 760.21875 621.296875 523.484375 155.3125 -26.90625 262.78125 1306.90625 1278.9375 916.75 860.03125 365.9375 111.8125 -16.375 -131.53125 -65.15625 685.953125 1312.375 1569.046875 1763.265625 1814.1875 1903 1954.203125 1935.359375 1792.03125 1714 1720.921875 1735.3125 1807.671875 1891.296875 2004.5625 2145.71875 2026.5 2235.046875 2162 2207.4375 2056.8125 2011.21875 1853.609375 1832.5625 1810.359375 1803.4375 1803.734375 1811.015625 1793.59375 1805.078125 1821.3125 1795.765625 1794.359375
2118.046875 1764.9375 909.09375 889.984375 888.625 828.703125 860.828125 613.734375 594.71875 490.84375 605.6875 645.1875 432.171875 497.640625 1043.09375 1829.84375 1442.3125 1016.34375 1594.609375 472.421875 124.625 0.09375 -190.546875 -417.25 -400.546875 -90.8125 702.171875 1483.234375 1720.375 1855.015625 1947.828125 1995.375 1945.84375 1900.5625 1909.4375 1781.28125 1808.515625 1890.28125 2011.8125 2113.53125 2222.3125 2253.390625 2253.5 2208.34375 1983.03125 2125.234375 1907.78125 1836.28125 1859.375 1937.359375 2051.359375 1822.40625 1843.1875 1840.0625 1821.078125 1831.234375 1794.890625 1766.125
