Cases/SDM_Urocitellus_beldingi/westernUsClimate_historic/BIO01.asc
NCOLS 316 
NROWS 299 
XLLCORNER -124.820833001 
YLLCORNER 29.1625003333339 
CELLSIZE 0.0666666666645545 
NODATA_value -3.4e+38 
[rows 26 to 51 of 299, columns 118 to 176 of 316]
735.1875 750.0625 743.078125 767.296875 776.90625 765.609375 745.03125 711.828125 690.671875 708.46875 662.578125 578.9375 608.859375 547.734375 486.296875 543.625 451.515625 519.65625 488.78125 486.84375 434.90625 399.640625 469.28125 471.3125 502.421875 576.078125 577.515625 607.578125 650.9375 633.640625 651.90625 604.984375 692.3125 601.265625 655.4375 629.71875 701.375 702.9375 727.21875 774.484375 707 695.09375 746.046875 708.015625 529.703125 143.265625 148.8125 301.53125 338.234375 399.796875 468.4375 363.890625 222.921875 201.125 235.453125 227.796875 176.125 191.140625 296
762.328125 714.546875 713.0625 696.96875 679.625 716.6875 693.9375 659.765625 628.890625 649.515625 687.90625 687.828125 689.53125 674.703125 640.03125 615.203125 613.296875 609.25 517.453125 527.0625 532.078125 428.5 401.390625 348.109375 429.578125 516.5625 566.734375 584.734375 649.84375 648.25 605.15625 529 484.765625 496.3125 473.40625 390.578125 418.765625 513.59375 591.953125 602.625 679.734375 702.671875 641.6875 591.78125 555.515625 414.21875 243.96875 243.53125 175.9375 358.9375 467.453125 471.9375 435.125 252.640625 240.625 197.125 274.015625 173.375 233.609375
781.90625 704.53125 653.15625 653.96875 691.03125 707.5625 684.625 664.859375 600.75 548.765625 579.515625 578.25 552.859375 569.171875 524.953125 562.734375 600.109375 536.984375 546.5 441.046875 514.921875 538.125 487.296875 487.203125 424.734375 418.15625 406.140625 449.046875 530.25 621.109375 660.625 645.578125 550.84375 448.25 445.109375 525.28125 455.703125 371.1875 299.703125 390.90625 597.09375 651.5 699 591.984375 527.046875 506.984375 431.25 393.640625 325.203125 446.140625 474.734375 481.21875 472.21875 377.359375 282.546875 264.328125 374.21875 250.8125 222.421875
770.0625 769.140625 690.3125 633.15625 662.328125 674.8125 654.375 694.8125 674.3125 574.078125 533.453125 560.3125 570.9375 498.953125 387.40625 486.09375 534.890625 515.328125 490.28125 410.90625 459.734375 457.890625 455.078125 529.71875 431.234375 385.515625 286.40625 341.53125 444.453125 506.53125 549.65625 629.5625 663.03125 587.828125 404.84375 434.28125 601.578125 587.953125 447.25 355.484375 440.765625 497.703125 556 660.015625 539.0625 251.015625 240.21875 334.859375 363.34375 444.765625 460.78125 469.015625 478.03125 436.015625 437.28125 419.578125 421.1875 361.296875 266.109375
679.8125 701.109375 676.703125 634.4375 632.640625 620.375 603.1875 615.109375 668.890625 680.171875 599.265625 580.171875 491.90625 431.390625 411.796875 412.09375 502.6875 493.96875 525.640625 464.296875 443.265625 446.65625 442.953125 491.78125 451.84375 370.46875 355.96875 286.875 351.390625 373.578125 497.921875 493.890625 659.390625 626.03125 579.71875 430.875 540.140625 601.90625 652.28125 634.953125 569.0625 530.15625 489.65625 549.203125 302.59375 230.125 245.203125 307.328125 331.28125 410.609375 426.703125 496.890625 498.34375 471.046875 453.515625 411.09375 420.953125 424.5 391.71875
765.125 714.390625 645.90625 699.203125 688.1875 617.6875 603.65625 584.78125 587.140625 618.921875 643.46875 598.265625 546.90625 501.375 495.65625 563.984375 452.71875 456.1875 546.65625 612.125 523.015625 463.90625 394.390625 477.53125 483.171875 379.765625 304.03125 340.546875 276.5 353.109375 240.0625 377.109375 560.8125 633.40625 629.5 612.265625 593.765625 616.734375 622.46875 608.046875 675.0625 674.609375 616.78125 549.421875 454.109375 303.109375 387.015625 349.421875 495.46875 533.375 513.96875 513.78125 527.640625 484.953125 488.890625 461.9375 435.5625 417.546875 427.296875
788.125 778.96875 743.875 760.53125 697.890625 622.375 594.75 626.359375 611.765625 561.125 582.34375 567.515625 573.59375 606.96875 658.265625 672.265625 674.78125 619.859375 606.171875 504.421875 461.125 432.828125 561.46875 547.484375 508.328125 366.78125 389.296875 450.5 403.96875 306.125 292.1875 404.328125 523.375 577.375 529.328125 426.234375 501.203125 541.125 415.265625 511.625 591.171875 691.78125 699 666.84375 617.890625 549.125 421.046875 409.140625 559.6875 547.3125 539.046875 548.59375 525.921875 521.734375 489.828125 392.890625 425.25 419.609375 413.703125
734.46875 741.09375 711.078125 708.828125 704.296875 663.734375 655.34375 674.578125 653.375 599.203125 584.796875 590.359375 565.328125 628.140625 707.15625 818.140625 781.703125 726.140625 736.078125 702.78125 647.4375 503.53125 642.859375 597.515625 541.0625 431.765625 475.96875 483.390625 453.921875 377.21875 248.71875 329.453125 390.203125 504.125 498.90625 402.109375 394.359375 498.765625 337.96875 429.09375 507.15625 575.96875 684.5 723.03125 686.390625 611.5625 617.109375 502.109375 490.109375 544.359375 512.78125 515.875 547.609375 511.546875 494.375 337.1875 384.59375 444.734375 426.84375
747.140625 728.828125 725.75 735.40625 758.078125 738.015625 701.515625 701.078125 663.9375 635.296875 636.4375 646.796875 641.390625 680.59375 761.8125 795.234375 688.53125 600.3125 603.203125 655.9375 573.3125 626.046875 710.71875 606.109375 439.4375 459.328125 482.015625 480.5 461.734375 410.984375 327.15625 291.265625 274.46875 389.875 463.859375 445.5625 396.78125 446.84375 474.25 466.046875 456.65625 452.015625 621.75 683.875 572.6875 517.921875 451.71875 603.96875 575.546875 502.265625 526.5625 538.828125 479.5 428.453125 413.1875 358.84375 427.40625 468.859375 457.375
798.515625 782.828125 795.84375 802.125 804.296875 773.90625 773.09375 706.03125 661.546875 696.15625 723.859375 730.546875 686.5625 731.9375 818.21875 712.296875 669.546875 611.140625 618.203125 620.515625 666.296875 658.8125 537.046875 466.34375 576.625 544.78125 465.71875 502.21875 523.125 478.828125 420.90625 404.484375 269.1875 222.546875 267.734375 388.5625 431.578125 352.765625 349.390625 440.25 437.625 485.171875 615.796875 688.703125 546.609375 498.046875 411.234375 530.3125 536.390625 568.046875 572.09375 531.203125 433.21875 525.046875 531.078125 502.390625 463.34375 473.453125 442.890625
775.109375 805.109375 840.734375 872.484375 895.765625 868.703125 835.3125 726 704.75 729.296875 809.484375 769.0625 723.53125 783.75 852.15625 703.75 648.46875 586.90625 578.875 581.796875 578.25 643.25 585.703125 632.59375 585.265625 499.234375 478.1875 476.015625 504.59375 443.625 378.453125 256.8125 197.390625 272.671875 290.078125 323.578125 330.1875 296.59375 259.0625 256.6875 174.9375 209.6875 538.578125 711.171875 618.171875 515.328125 411.75 422.125 470.828125 528.625 459.59375 473.75 499.03125 535.8125 529.4375 513.671875 542.6875 545.546875 488.046875
788.96875 822.4375 888.875 957.65625 929.5 854.78125 826.515625 774.015625 750.078125 811.03125 896.84375 834.1875 794.203125 783.28125 716.765625 685.140625 635.4375 595.453125 581.171875 590.3125 609.578125 640.0625 665.875 592.921875 387.140625 394.78125 399.296875 434.296875 406.765625 370.78125 353.71875 346.40625 296.53125 350.546875 389.328125 386.453125 325.78125 275.109375 243.875 193.296875 181.5625 325.5 633.53125 708.625 666.125 575.09375 426.703125 367.28125 421.296875 529.4375 430.125 338.609375 416.640625 468.8125 503.546875 493.5625 519.59375 535.5 533.53125
837.890625 872.328125 944.9375 1029.671875 1003.859375 977.828125 938.359375 860.984375 860.171875 902.4375 886.171875 824.359375 764.78125 750.5625 727.265625 700.5625 639.015625 580.46875 560.734375 559.6875 534.59375 567.703125 632.109375 604.140625 512.703125 443.3125 377.96875 411.984375 347.90625 371.421875 460.15625 513.6875 527.703125 494.25 477.171875 337.03125 305.609375 273.25 224.296875 196.8125 231.40625 416.828125 690.5625 692.515625 638.671875 528.65625 414.5625 446.84375 442.890625 375.6875 356.296875 328.375 286.703125 418.984375 481.84375 509.59375 511.890625 494.234375 475.234375
1022.375 1032.015625 1074.953125 1032.546875 1017.625 864.671875 872.734375 883.40625 920.625 863.84375 934.984375 944.15625 844.1875 787.90625 748.828125 706 629.78125 567.46875 590.171875 518.703125 467.15625 465.40625 494.1875 543.875 493.21875 457.4375 420.140625 510.484375 578.6875 590.125 515.484375 502.109375 319.953125 294.203125 320.0625 368.59375 346.671875 236.546875 193.3125 241.84375 349.140625 547.765625 700.984375 683.796875 602.703125 472.703125 378.96875 448.578125 345.5625 289.03125 297.28125 371.21875 309.671875 360.203125 412.734375 481.53125 443.546875 290.484375 246.046875
1085.296875 1046.34375 1066.421875 1006.890625 956.421875 801.703125 765.4375 776.859375 848.109375 823.25 803.109375 925.4375 822.4375 806.046875 761.84375 711.125 646.5 592.609375 582.515625 586.171875 495.765625 504.09375 521.953125 533.296875 451.953125 590.21875 573.5625 453.953125 377.421875 397.9375 274.828125 361.375 269.015625 190.015625 282.25 326.421875 333.328125 287.265625 204.859375 277.890625 472.421875 691.65625 719.09375 688.4375 495.703125 386.546875 321.859375 302.921875 400.109375 409.671875 341.90625 422.75 345.265625 407.03125 473.484375 376.40625 342.0625 253.953125 104.734375
996.0625 1001.125 950.21875 954.5 806.6875 768.609375 737.84375 754.65625 793.296875 778.578125 787.859375 851.8125 884.796875 797.28125 783.015625 743.84375 704.40625 659.34375 637.703125 631.84375 562.890625 585.90625 599.21875 679.265625 689.34375 543.328125 346.796875 238.140625 251.15625 233.625 354.453125 317.796875 265.265625 278.453125 277.828125 315.71875 284.71875 233.625 207.125 278.234375 464.09375 705.015625 734.546875 689.921875 490.328125 345.765625 265.796875 225.765625 270.171875 373.4375 418.15625 470.875 419.21875 402.421875 516.875 331.296875 188.140625 160.15625 112.703125
921.515625 869.25 812.75 772.515625 720.703125 703.765625 681.5625 680.875 706.53125 731.40625 755.84375 788.578125 876 913.640625 844.796875 781.9375 748.734375 717.5 689.15625 639.15625 622.265625 695.515625 636.71875 711.453125 505.28125 347.265625 249.578125 250.046875 376.25 423.734375 484.46875 353.421875 292.15625 456.234375 401.5 330.796875 294.515625 204.65625 210.25 214.3125 417.25 727.515625 748.4375 675.25 486.53125 367.765625 242.765625 158.90625 194.21875 281.390625 347.296875 440.0625 378.09375 412.078125 464.1875 291.296875 168.4375 132.375 132.296875
941.671875 756.140625 681.65625 701.296875 677.546875 648.046875 621.5625 641.84375 668.46875 706.5 752.65625 808.1875 860.5625 922.734375 931.78125 823.609375 795.078125 695.625 722.9375 732.140625 797.71875 753.390625 649.546875 612.796875 364.828125 311.46875 239.984375 346.78125 378.3125 542.90625 671.640625 652.375 499.234375 459.203125 255.015625 252.109375 269.9375 210.71875 206.625 239.828125 383.484375 716.546875 710.28125 609.328125 460.625 408.171875 295.546875 191.9375 227.34375 187.125 329.359375 427.640625 382 413.671875 345.125 292.46875 277.1875 261.8125 238.203125
983.34375 731.46875 647.234375 676.640625 659.8125 666.40625 650.015625 624.125 660.515625 706.171875 764.5 791.109375 799.859375 851.328125 945.15625 926.671875 895.609375 877.78125 804.0625 767.40625 858.875 658.96875 523.53125 467.09375 543.390625 437.125 354.734375 560.28125 647.765625 671.109375 702.84375 495.703125 292.796875 299.046875 318.21875 338.1875 255.40625 224.34375 280.34375 325.84375 447.9375 695.921875 586.671875 476.046875 430.96875 357.46875 316.984375 201.109375 186.5625 253.546875 317.6875 340 352.515625 318.265625 226.375 213.234375 202.71875 233.84375 305.84375
938.734375 670.234375 662.96875 723.375 784.578125 758.78125 674.8125 660.4375 720.234375 722.53125 746.34375 797.5 840.8125 869.171875 955.578125 897.140625 870.671875 766.0625 645.390625 515 645.53125 807.796875 697.453125 718.21875 740.234375 612.875 658.765625 542.6875 522.09375 424.828125 448.703125 625 538.453125 510.453125 407.0625 314.109375 244.125 202.390625 242.640625 331.46875 550.546875 675.875 475.015625 395.875 354.21875 295.9375 228.546875 157.75 172.703125 180.03125 251.3125 300.03125 207.796875 150.546875 99.984375 47.21875 -23.5625 16.90625 121.828125
1017.75 814.09375 760.8125 960.1875 957.578125 872.359375 788.890625 785.6875 747.921875 767.296875 775.4375 804.75 817.71875 838.65625 906.6875 857.4375 696.5 639.140625 549.84375 486.21875 451.296875 541.953125 445.015625 463.703125 551.828125 491.359375 362.75 225.8125 248.703125 235.421875 366.28125 662.546875 485.203125 424.015625 329.71875 239.671875 251.234375 240.34375 178.25 263.390625 414.078125 653.578125 556.15625 472.203125 393.796875 303.40625 241.34375 220.671875 242.046875 194.59375 211.328125 197.875 58.453125 7.6875 30.75 101.359375 173.84375 258.078125 306.03125
824.421875 976.84375 876.75 934.0625 735.25 593.296875 621.140625 837.375 884.71875 803.953125 788.296875 783.78125 775.140625 804.015625 839.375 740.078125 561.046875 424.90625 344.28125 567.125 426.625 406.34375 529.484375 399.671875 423.765625 613.5625 418.421875 237.0625 161.375 198.734375 359.65625 634.78125 519.96875 421.375 302.78125 337.625 306.5 225.859375 171.296875 178.734375 357.375 587.1875 617.453125 456.828125 467.671875 422.671875 333.421875 339.140625 350.4375 277.640625 194.8125 97.78125 73.0625 78.09375 184.734375 264.53125 300.109375 331.421875 320.140625
761.34375 908.703125 993.53125 942.671875 750.1875 695.515625 691.640625 707.5 790.890625 871.1875 687.1875 560.15625 423.59375 614.75 673.40625 678.53125 607.75 520.421875 368.15625 511.265625 517.1875 457.9375 530.046875 436.671875 334.8125 467.140625 461.0625 386.09375 217.34375 331.53125 473.171875 415.3125 477.34375 538.359375 410.546875 377.921875 296 218.03125 143.15625 147.703125 408.953125 566.796875 447.953125 516.84375 487.203125 463.84375 379.0625 312.6875 230.65625 208.6875 131.59375 132.21875 203.359375 242.265625 297.21875 307.109375 256.421875 297.671875 316.109375
675.421875 695.6875 921.625 1014.203125 982.09375 956.546875 843.53125 681.765625 675.921875 911.671875 865.734375 667.5625 494.265625 403.546875 562.21875 673.890625 594.6875 600.890625 484.953125 542.921875 514.53125 509.59375 500.671875 506.734375 447.546875 369.109375 324.203125 246.15625 188.390625 306.859375 226.3125 228.046875 450.078125 428.828125 330.671875 245.484375 197.59375 238.78125 316.078125 456.109375 552.25 411.890625 304.484375 389.171875 410.078125 409.609375 310.625 192.21875 134.921875 187.765625 225.765625 247.53125 263.78125 280.453125 293.140625 279.953125 191.859375 188.359375 273.125
692.9375 648.421875 951.546875 947.921875 792.140625 832.921875 967.296875 693.65625 657.5 1015.703125 843.4375 622.96875 462.46875 324.71875 449.765625 454.703125 361.96875 281.140625 287.09375 386.21875 306.59375 428.453125 360.6875 493.890625 463.6875 321.25 197.03125 167.359375 314.65625 193.484375 203.125 353.078125 421.640625 389.25 366.71875 273.953125 225.875 272.90625 355.5625 459.71875 427.859375 230.171875 251.484375 275.40625 297.734375 307.6875 229.703125 153.390625 188.921875 239.8125 246.75 241.453125 241.765625 269.375 238.921875 174.21875 113.84375 54.34375 186.671875
705.578125 822 897.453125 808.28125 676.984375 660.5625 999.75 911.125 755.53125 948 896.328125 666.125 561.03125 423.796875 282.546875 206.875 275.609375 169.484375 121.234375 46.28125 183.796875 176.9375 207.609375 384.921875 335.0625 186.09375 74.4375 299.640625 231.140625 126.90625 132.203125 183.15625 173.84375 376.203125 250.75 182.5625 185.859375 177.296875 244.125 439.84375 341.109375 273.984375 223.625 185.34375 245.53125 260.1875 229.421875 192.40625 209.890625 227.453125 212.296875 212.625 228.203125 246.8125 195.34375 115.4375 157.8125 179.4375 235.15625
