Cases/SDM_Urocitellus_beldingi/westernUsClimate_historic/BIO07.asc
NCOLS 316 
NROWS 299 
XLLCORNER -124.820833001 
YLLCORNER 29.1625003333339 
CELLSIZE 0.0666666666645545 
NODATA_value -3.4e+38 
[rows 231 to 251 of 299, columns 138 to 183 of 316]
3680.35899734497 3656.75430297852 3571.15039825439 3511.56560897827 3535.7484588623 3615.38045501709 3773.30465698242 3862.70310974121 3937.69533157349 3964.02849578857 3923.13750839233 3632.04025268555 3763.46367263794 3917.03007125854 3971.49766159058 3993.4296913147 3952.61486434937 3893.67501449585 3800.06489181519 3801.72889328003 4065.01600265503 4107.56211853027 3939.00434112549 3688.64216995239 3913.9711151123 3960.41954040527 4048.79763793945 4051.89376831055 4055.17770767212 3985.23008346558 3906.52891540527 3968.65235900879 4008.66367721558 3999.95429992676 3983.76678466797 3942.17928314209 3811.7988243103 3693.83359527588 3598.06251525879 3656.74140548706 3758.88671112061 3888.62187576294 3914.77265548706 3895.86446380615 3874.64103317261 3819.27067565918
3656.35039520264 3627.06055831909 3505.99805831909 3514.0371131897 3481.75977325439 3490.37421798706 3608.60858535767 3782.02928543091 3856.00276565552 3887.8574256897 3885.57188415527 3861.28437423706 3853.427734375 3911.03750610352 3983.36521530151 4016.49608230591 3961.30587387085 3871.12186050415 3699.29841995239 3730.87618637085 4049.84533691406 4080.76171875 3801.08515548706 3514.09177398682 3527.55389404297 3638.615234375 3972.36603164673 4033.14027023315 4033.86875915527 4021.62501144409 4017.57771682739 4014.394947052 4010.38203048706 4004.47384262085 4000.19300079346 3998.26638412476 3965.06951522827 3813.24998855591 3886.77225494385 3912.81055831909 3926.99375534058 3908.66600036621 3926.81795883179 3895.10115432739 3831.07889556885 3378.19805908203
3545.2949256897 3486.38555145264 3421.09925079346 3417.69763183594 3422.94494247437 3431.96640014648 3454.8335647583 3560.79140090942 3701.32424163818 3752.95858001709 3827.41791152954 3767.38673400879 3781.97146224976 3924.77346420288 3981.57228851318 3994.23517227173 3952.13477706909 3847.13125991821 3668.32616043091 3644.480884552 3980.93439865112 4026.63988113403 3804.39646911621 3616.18592453003 3517.36484527588 3535.17889785767 3733.54061508179 3963.18514633179 4012.83007049561 4024.5878868103 4017.03087234497 3998.96524047852 3965.06991195679 3997.42460250854 4008.73358154297 4020.77304077148 4036.34646987915 4011.53946304321 3949.73907852173 3982.34844589233 3986.49765014648 3972.98867034912 3942.46366500854 3913.31328201294 3880.07266998291 3489.09023666382
3399.00859069824 3430.86092758179 3422.43671798706 3413.25194168091 3351.97344970703 3319.49454498291 3301.90310668945 3321.62187576294 3386.82616424561 3579.39920806885 3764.02927780151 3739.57772064209 3854.73396682739 3920.2304725647 3966.70899200439 3964.07306289673 3898.21875 3796.85780715942 3689.41949462891 3826.58514785767 3965.69176483154 3953.74569320679 3630.69062042236 3532.92461395264 3464.48789215088 3460.5703125 3585.13122558594 3887.3300819397 3966.56486129761 3981.68865585327 3993.75391387939 3968.92693710327 3853.08709335327 3777.14960861206 3933.77969741821 4005.1488494873 4004.86368560791 3999.89177322388 3936.78630065918 3954.91681289673 3957.65077972412 3961.1957244873 3950.82419967651 3951.46015930176 3923.54764556885 3817.0312461853
3573.93316650391 3463.73280334473 3421.57536697388 3389.49100112915 3359.72694778442 3285.82892990112 3313.3964805603 3367.34764480591 3394.1542930603 3626.31677246094 3641.10468673706 3608.39687728882 3798.14332580566 3888.91331100464 3942.71090698242 3915.56055831909 3758.19804000854 3726.87187194824 3743.47108840942 3788.47068786621 3918.498046875 3839.18711853027 3432.48711395264 3169.96368026733 3160.49765396118 3233.47146224976 3337.97773742676 3503.8085899353 3599.83046340942 3770.46249008179 3827.81364440918 3938.48749923706 3942.24608612061 3909.57265090942 3792.04570007324 3944.91212081909 3972.69608688354 3980.69881439209 3921.43046569824 3939.71284484863 3951.01873779297 3964.37691116333 3984.02658462524 4008.29607009888 4033.028881073 4040.10468292236
3799.0121307373 3703.12421417236 3582.80937957764 3438.45391845703 3348.40664672852 3298.17850112915 3380.90427398682 3477.36680984497 3561.22227478027 3664.90311431885 3671.90351486206 3541.28086853027 3568.75235748291 3833.34762954712 3906.67656707764 3681.16757202148 3540.29647827148 3600.4570350647 3713.7050819397 3713.10783004761 3762.3613243103 3711.64531326294 3399.01017379761 3127.96798706055 3064.0664100647 3124.86679077148 3235.48669052124 3459.11719512939 3639.20663070679 3643.71447753906 3736.90079116821 3938.26601028442 3963.77731704712 3952.03358840942 3930.87186813354 3894.82540130615 3926.70664215088 3947.9769821167 3953.77618408203 3949.62341308594 3950.12029266357 3954.1675453186 3978.46446609497 4019.10276031494 4063.60039138794 4054.69766235352
3801.73863601685 3782.03946685791 3728.29415893555 3575.63788604736 3359.80896759033 3273.38360595703 3306.80311584473 3363.2578163147 3444.93475723267 3483.90937805176 3502.08905792236 3579.78827285767 3656.01641082764 3788.67579650879 3869.11680603027 3496.34259796143 3417.13320922852 3452.92502593994 3479.66367340088 3392.95546722412 3566.22968292236 3474.86132049561 3560.5820350647 3528.09532165527 3431.05234909058 3216.23318099976 3270.56874847412 3502.67810821533 3696.167552948 3857.57107543945 3932.44647216797 3951.28318786621 3950.01875305176 3906.36329650879 3900.46445846558 3807.65546417236 3823.86406326294 3904.30313491821 3930.92501449585 3927.97696685791 3933.71757888794 3945.28087997437 3957.80348205566 3917.12385559082 3946.17734909058 3942.66988754272
3801.59725570679 3819.57848358154 3792.23204421997 3708.08513259888 3518.44334411621 3309.14607620239 3236.78046035767 3200.62619400024 3217.21445465088 3230.82342147827 3290.56366729736 3279.02032470703 3355.23243331909 3582.66561126709 3778.79532623291 3522.93438339233 3460.75861358643 3450.92615509033 3610.09882736206 3563.80311965942 3489.92110824585 3346.12460708618 3627.57111740112 3724.19491577148 3750.67226791382 3678.07422637939 3502.27151870728 3490.48010253906 3647.11874771118 3802.55192947388 3897.94883728027 3927.25783157349 3927.83672714233 3927.76875305176 3922.05000305176 3883.66638565063 3893.59412384033 3893.82146072388 3903.46212768555 3902.51404190063 3875.91759109497 3857.07733917236 3920.29220199585 3956.88633346558 3941.35116577148 3831.77736663818
3809.31600189209 3831.51288604736 3816.75156784058 3784.67497634888 3693.42694473267 3584.74999237061 3454.48165130615 3331.88126373291 3209.62342834473 3139.7660446167 3179.86601638794 3216.45822143555 3178.169506073 3452.94611358643 3575.86131286621 3437.2206993103 3502.3144493103 3561.45738983154 3678.40549087524 3615.66680526733 3515.45937728882 3328.47538757324 3443.25274276733 3630.24689102173 3761.65623092651 3876.72577285767 3841.32891464233 3728.57501602173 3695.37379837036 3762.6191368103 3877.89804840088 3908.37381362915 3911.65784072876 3905.93355560303 3899.13945007324 3898.88981628418 3832.76719284058 3922.51052856445 3926.91989135742 3775.14413452148 3846.29651260376 3844.84806442261 3842.69769287109 3945.44688034058 3939.81916046143 3811.01249313354
3815.38553237915 3835.31679153442 3816.44062423706 3794.60001754761 3755.57929611206 3688.89960861206 3657.44532394409 3602.67189788818 3461.41800308228 3292.61485671997 3242.52616882324 3162.26873779297 3122.42266082764 3443.7929725647 3640.84648132324 3495.49179840088 3584.3359375 3619.13904953003 3630.94492721558 3561.22109603882 3570.41328811646 3413.42733001709 3350.59883499146 3432.01988983154 3656.60314178467 3845.31448745728 3862.1019821167 3868.36329650879 3830.70936203003 3843.87030792236 3871.21991348267 3872.07810211182 3874.25235748291 3884.69882965088 3884.22151565552 3901.49022293091 3895.60665893555 3889.68518066406 3946.01675796509 3903.72538375854 3934.04768371582 3948.32071685791 3938.29727554321 3879.3159828186 3945.1820602417 3859.31834793091
3818.49648284912 3836.98983001709 3816.09762954712 3786.15427017212 3766.03360748291 3747.7734336853 3694.57303237915 3639.84880828857 3584.26876068115 3479.71170806885 3411.39884185791 3291.52655410767 3153.04922103882 3211.95467758179 3368.13125228882 3427.78514480591 3547.30466842651 3645.54764556885 3611.22889709473 3581.18045806885 3627.08868026733 3464.02931213379 3354.16446304321 3389.3144493103 3533.09295272827 3808.66798019409 3823.19101333618 3847.65506744385 3840.580078125 3746.84453964233 3773.61563873291 3832.50196838379 3851.41481781006 3874.07931137085 3879.86601638794 3908.91679763794 3920.92153930664 3924.72149276733 3920.63084793091 3930.97774124146 3935.1722946167 3951.48127365112 3953.60897064209 3947.9702796936 3942.75465011597 3900.52657318115
3794.46878051758 3826.44610214233 3801.19807434082 3775.28400421143 3762.62424087524 3758.24845123291 3749.92147445679 3668.4242515564 3593.39337539673 3568.39336013794 3495.1777381897 3409.10348892212 3195.29570770264 3166.05665969849 3190.91603088379 3263.08165740967 3487.02462005615 3600.18593978882 3588.46249771118 3615.35429763794 3678.77774429321 3625.33438491821 3495.78205490112 3472.45233917236 3541.38244247437 3789.78477478027 3801.58435058594 3826.65587615967 3831.97967910767 3845.91993331909 3852.36915588379 3846.16603469849 3851.15506744385 3879.23047637939 3901.03792953491 3909.80584335327 3925.95858764648 3927.48165512085 3918.57966995239 3938.44761657715 3945.48277282715 3946.6289024353 3955.67303085327 3953.90115737915 3940.00859069824 3868.96562194824
3740.31525421143 3768.31210327148 3770.70501708984 3754.1152305603 3746.81993865967 3743.82539749146 3726.27070617676 3715.85189819336 3641.39841079712 3588.33987045288 3562.77733230591 3484.13085174561 3227.83867645264 3250.07068252563 3399.69261550903 3413.03397750854 3527.09803390503 3592.05625152588 3582.43946456909 3624.51681900024 3683.27110671997 3725.07032394409 3712.01328659058 3668.97890090942 3712.78827285767 3802.18008422852 3828.27149200439 3851.41521835327 3877.65041351318 3895.92224884033 3915.90546417236 3911.55154418945 3890.89416503906 3890.023021698 3917.11834716797 3925.71794891357 3937.72501373291 3934.24061203003 3944.80824279785 3948.91563415527 3957.27698135376 3950.9320640564 3953.19064712524 3951.55742263794 3928.167552948 3818.78044128418
3766.30665969849 3777.91874694824 3752.36444854736 3730.17812728882 3733.15354919434 3732.08478546143 3707.66328811646 3694.95740890503 3686.55899429321 3635.88006973267 3614.28593444824 3589.65584564209 3496.63161468506 3475.59259414673 3544.89921951294 3610.06325531006 3621.61368179321 3584.05745315552 3599.42151641846 3582.46250534058 3481.70275115967 3559.92541122437 3632.47032546997 3748.23905563354 3804.07344055176 3846.49884414673 3873.39334106445 3886.48358917236 3901.46324920654 3915.8480796814 3941.13633346558 3952.38398361206 3943.44061660767 3917.97537231445 3926.03949356079 3932.41794967651 3943.62382888794 3952.02305603027 3952.24062347412 3948.5273475647 3952.20663452148 3917.21133422852 3942.3515625 3923.68518066406 3898.53946304321 3697.68126296997
3749.98476409912 3754.77030563354 3725.28475189209 3708.96877670288 3715.16795349121 3718.16680908203 3702.44179153442 3681.98987579346 3684.79257583618 3678.23783493042 3644.32932662964 3632.32697296143 3620.54376220703 3632.56991577148 3632.82657241821 3609.37658691406 3619.65469741821 3631.72577667236 3557.60936355591 3680.29650115967 3623.58945083618 3678.85157775879 3783.18712997437 3833.02225875854 3876.54963684082 3888.59920883179 3883.24024963379 3850.42539978027 3845.90389633179 3915.83709716797 3947.48595809937 3955.10779953003 3941.13475418091 3926.80503845215 3927.43591308594 3929.68673706055 3949.12342834473 3953.66486740112 3950.8050994873 3953.36251449585 3948.44961166382 3937.09764099121 3798.62069320679 3782.74216461182 3809.73163223267 3723.92069625854
3710.93871307373 3723.58513259888 3705.87852478027 3693.99805831909 3692.65938568115 3698.61289596558 3687.32776260376 3677.54452133179 3688.77579879761 3685.45820617676 3681.48862838745 3667.41172409058 3671.05587768555 3681.55233383179 3659.96989822388 3624.54024124146 3630.57225799561 3664.52108383179 3591.30116653442 3543.17186355591 3735.62147140503 3771.02344512939 3811.54845809937 3826.38007354736 3819.4648475647 3862.12578201294 3872.20820999146 3871.40390396118 3808.13593673706 3852.39374542236 3925.80544662476 3935.61051177979 3927.94961547852 3877.07535552979 3899.97615814209 3928.36682510376 3943.54690170288 3907.5835609436 3931.99534225464 3905.73707580566 3927.85115814209 3919.22343444824 3655.80739593506 3514.07968139648 3675.33047103882 3705.8148651123
3667.57758076986 3685.90154520671 3687.40313212077 3681.79633908155 3674.02333984375 3681.16256713867 3672.84063720703 3664.84368896484 3682.71871948242 3684.60311889648 3676.20749511719 3685.15126373808 3702.85116195679 3701.37031173706 3672.68671417236 3647.01210021973 3638.35623550415 3668.26326370239 3586.5097618103 3351.21053695679 3606.78827667236 3684.87579345703 3723.49026107788 3755.56052780151 3710.68594741821 3776.44606781006 3821.40742111206 3838.19844055176 3849.15077972412 3738.41054534912 3880.49647140503 3918.533618927 3929.06246948242 3918.18909835815 3892.88514328003 3938.58478546143 3949.46020507812 3935.48204421997 3822.51327133179 3725.955078125 3869.44801330566 3902.53512573242 3782.42774200439 3578.33241271973 3515.93008804321 3580.14961242676
-3.4e+38 -3.4e+38 -3.4e+38 -3.4e+38 -3.4e+38 -3.4e+38 -3.4e+38 -3.4e+38 -3.4e+38 -3.4e+38 -3.4e+38 3700.13066129864 3715.2890663147 3694.9277381897 3681.52498245239 3658.06288146973 3650.56211853027 3663.29533004761 3645.40859603882 3446.78087234497 3360.38047409058 3527.78398513794 3653.04767227173 3674.57774734497 3552.96915817261 3733.52851486206 3807.92459869385 3826.27773666382 3841.1289100647 3846.37617492676 3841.5874671936 3857.19763946533 3912.96092224121 3913.92266845703 3918.4652671814 3936.56017303467 3924.30741119385 3857.88363265991 3897.36679077148 3884.56169509888 3843.78316879272 3840.44451522827 3774.80195617676 3635.48513793945 3480.9140625 3398.02345275879
-3.4e+38 -3.4e+38 -3.4e+38 -3.4e+38 -3.4e+38 -3.4e+38 -3.4e+38 -3.4e+38 -3.4e+38 -3.4e+38 -3.4e+38 3705.00621337891 3700.67935035342 3697.84101486206 3688.06250762939 3683.61482620239 3668.21327209473 3659.53359603882 3677.39337158203 3607.08752059937 3390.44021987915 3411.35195922852 3636.9605255127 3700.94375228882 3598.10976409912 3752.67499160767 3816.84061431885 3832.86288452148 3842.2269744873 3845.55743789673 3855.6074256897 3831.41875076294 3870.52186203003 3883.75937652588 3812.35277175903 3919.34022140503 3942.85703659058 3727.8207244873 3726.45269393921 3710.55665588379 3545.205078125 3704.38437271118 3567.079662323 3341.94139862061 3463.69647979736 3270.08006668091
-3.4e+38 -3.4e+38 -3.4e+38 -3.4e+38 -3.4e+38 -3.4e+38 -3.4e+38 -3.4e+38 -3.4e+38 -3.4e+38 -3.4e+38 -3.4e+38 3686.41975483141 3682.7712448408 3671.76992021981 3683.72188186646 3685.80192565918 3667.26017379761 3676.02849578857 3668.57265472412 3581.46207046509 3569.22188568115 3549.20391845703 3706.6597442627 3743.80389404297 3634.38907623291 3648.04412841797 3721.10508728027 3840.48751449585 3809.89181518555 3842.80470275879 3865.13788223267 3774.3847618103 3883.18712234497 3776.61952590942 3898.24492263794 3935.47067642212 3729.51016998291 3640.23398590088 3670.91289138794 3436.4218711853 3496.99843978882 3619.20153045654 3585.21873092651 3579.26992797852 3347.15740966797
-3.4e+38 -3.4e+38 -3.4e+38 -3.4e+38 -3.4e+38 -3.4e+38 -3.4e+38 -3.4e+38 -3.4e+38 -3.4e+38 -3.4e+38 -3.4e+38 -3.4e+38 -3.4e+38 -3.4e+38 3671.99475740132 3667.50812262458 3678.3399617513 3659.43046951294 3679.97616958618 3691.56093215942 3678.25235748291 3601.80822753906 3584.64103317261 3743.32693481445 3698.16641998291 3477.67771530151 3536.56169891357 3792.62812042236 3818.56917190552 3684.14609909058 3870.08009719849 3874.47734451294 3850.16758728027 3855.48125457764 3834.58201217651 3932.08358383179 3879.09059524536 3508.17733001709 3551.00428771973 3384.89414596558 3423.03085708618 3638.24102401733 3550.24570083618 3532.08279418945 3445.27030944824
