Cases/SDM_Urocitellus_beldingi/westernUsClimate_historic/BIO05.asc
NCOLS 316 
NROWS 299 
XLLCORNER -124.820833001 
YLLCORNER 29.1625003333339 
CELLSIZE 0.0666666666645545 
NODATA_value -3.4e+38 
[rows 147 to 167 of 299, columns 184 to 229 of 316]
3366.57969665527 3364.78322601318 3328.40587234497 3179.88122940063 2830.18672180176 2902.36095046997 3169.10741424561 2909.57928848267 2860.03008651733 3207.00392150879 3140.06601333618 2878.24687194824 2939.36797332764 3000.02266693115 2610.54610443115 2213.23984718323 1850.88593482971 1974.83319091797 2263.61445617676 2463.72694396973 2487.68827819824 2847.91327285767 2958.49571228027 3057.92071151733 3106.66326522827 3081.291015625 3046.43437576294 2980.60859680176 2954.45586776733 3041.37578201294 3239.44727325439 3351.63085174561 3450.85272216797 3436.1503944397 3319.7070274353 3221.05078887939 3205.01288986206 3363.03554534912 3188.865234375 2929.34101867676 2625.40468215942 2500.47773742676 2505.33281326294 2538.17851638794 2559.9437713623 2709.72264862061
3378.21170425415 3376.57460403442 3350.044921875 3282.43125534058 3143.50859069824 3032.97383499146 2971.93124771118 2883.60038375854 2951.56092071533 3169.18009567261 3232.71210479736 3084.62970352173 3098.76056671143 2764.30936050415 2293.27500915527 2005.45000839233 1982.74571228027 2287.92889595032 2361.94646072388 2386.66913032532 2396.4121055603 2824.39687728882 3031.38242340088 3080.07461929321 3111.33552932739 3090.66560745239 3096.11912536621 2980.53399276733 2791.5234413147 2858.44842147827 3202.53047561646 3292.60039901733 3358.29727172852 3354.84883499146 3173.66679763794 3284.87851333618 3341.78712081909 3345.13008117676 3193.22029495239 3063.76602172852 2826.57304000854 2555.96875762939 2561.28829956055 2519.67969512939 2722.74139785767 2985.99922943115
3367.05858612061 3388.75897979736 3373.78593826294 3339.01718139648 3253.76913070679 3008.63906478882 2620.44415664673 2977.16250228882 2890.85821151733 3144.42031860352 3253.35781097412 3210.36640167236 3089.20430755615 2720.68946838379 2407.79217910767 2084.88594245911 1930.99608612061 2066.82851028442 2288.73125267029 2613.02110671997 2666.88008117676 2980.52266311646 3050.63360977173 3087.21015548706 3126.62070083618 3151.16561126709 3093.767578125 3067.07500076294 3053.6679725647 3029.41874694824 3137.18826675415 3288.81797409058 3373.50234985352 3451.23359298706 3171.14493179321 3246.59725952148 3433.14686965942 3261.24845123291 3192.53476715088 3063.83866882324 2947.00975799561 2832.80978012085 2769.28866958618 2911.83007049561 2914.91642379761 3006.75741577148
3366.18827819824 3398.54767227173 3390.0195350647 3335.45350265503 3231.9179725647 2871.46601104736 2533.88827896118 3015.2363319397 2767.84960174561 3101.18437957764 3258.58631134033 3176.42148590088 2977.458984375 2552.48867416382 2245.09649276733 2009.25781059265 2216.62461280823 2347.23476028442 2187.509765625 2372.2890625 2826.35899353027 3010.33515167236 3032.02149581909 3049.26405715942 3094.09374237061 3106.72187805176 3019.96249389648 3119.71368408203 3192.45233917236 3101.10116958618 3067.4429473877 3271.29608917236 3402.20000457764 3466.86993789673 3367.71680831909 3482.84531784058 3527.60586547852 3402.4394493103 3254.26134109497 3101.78477859497 3015.94217681885 3006.22811126709 3029.83632278442 2999.46717453003 3275.27735900879 3395.96405792236
3391.43594360352 3409.13047790527 3394.34764099121 3341.96014785767 3122.32186508179 2594.31718063354 2435.11093139648 2944.42811203003 3004.70663452148 3182.49294662476 3256.06873321533 3064.60115814209 2780.52265167236 2505.30858612061 2318.91291427612 2181.41014862061 2166.88868331909 2334.08672714233 2370.03748703003 2620.30197143555 2792.63554000854 2933.37735748291 2968.90976715088 3033.62969207764 3063.60038757324 2990.02658843994 2966.11054611206 3084.60469055176 3117.46327209473 3159.80037689209 3251.12186050415 3358.40312194824 3442.45937728882 3480.66914749146 3510.46914672852 3529.08749389648 3530.32694625854 3509.47969055176 3391.82696151733 3304.81601715088 3269.18400192261 3235.90664291382 3264.61210632324 3281.75468063354 3389.08751296997 3491.97931289673
3382.40743255615 3406.11757659912 3386.0722618103 3247.20038604736 2951.82655715942 2582.65663146973 2473.42343139648 2731.73944091797 3066.48711776733 3259.50818634033 3170.33750152588 2952.72421646118 2859.12149047852 2615.64844512939 2523.87499237061 2484.68515777588 2365.60820007324 2426.6835899353 2602.11952209473 2805.56446456909 2889.20078659058 2868.88358306885 2973.33749008179 3016.97305679321 2929.33632278442 2922.28123474121 2881.76836013794 2959.46756744385 2948.05311203003 2938.20977783203 3054.45235443115 3308.90623855591 3486.53359603882 3471.43243026733 3505.36600875854 3530.23162460327 3520.80039596558 3507.11095046997 3479.30742263794 3428.62226867676 3413.57695007324 3441.3105430603 3421.78553771973 3432.87499237061 3505.95625305176 3553.65742111206
3371.36405563354 3368.84062576294 3298.08320236206 2821.12850189209 2385.15390777588 2514.00352478027 2696.10272979736 2921.28359222412 3242.79609680176 3178.13515853882 3029.03788375854 2831.81053161621 2772.03164672852 2574.12696456909 2588.23593902588 2528.15587615967 2369.45505905151 2544.11639022827 2861.53788757324 2922.91329193115 2881.67265701294 2952.41133499146 3039.45742034912 2933.38047027588 2776.88593292236 2760.05741882324 2718.10001373291 2781.31992340088 2851.35859680176 2912.11289596558 2993.701171875 3374.65975189209 3495.08554840088 3479.349609375 3490.60938644409 3520.40586090088 3532.796875 3505.32852554321 3495.99258804321 3469.08554458618 3472.07929229736 3458.12539672852 3395.66132354736 3433.70349884033 3490.53009033203 3488.6000213623
3334.67304611206 3305.07109451294 3162.48357772827 2645.14217376709 2491.59218597412 2695.89806747437 2990.88397979736 3222.89961624146 3242.6152305603 3015.99960708618 2870.47344207764 2681.36563110352 2494.50859832764 2264.49297332764 2357.20076751709 2439.5878944397 2424.53631591797 2758.62264633179 2865.44216537476 2913.65468978882 3035.50312423706 3117.91952133179 3039.30547332764 2802.37499237061 2730.51407241821 2731.14647293091 2735.45273971558 2813.79802322388 2885.01641464233 2995.8359413147 3166.13634872437 3477.03359603882 3508.44453048706 3508.78047561646 3490.20118713379 3535.85506820679 3568.01094436646 3535.19141387939 3484.48906326294 3483.55937576294 3473.05743408203 3459.78046035767 3406.85743713379 3345.10117340088 3397.77578735352 3427.0238494873
3116.42460250854 2941.90390396118 2969.67615127563 2834.00704956055 2680.89842224121 2885.69842910767 3177.45896530151 3227.25625228882 3059.37265014648 2752.62421035767 2720.95743179321 2544.64297866821 2184.40782356262 1932.32735443115 2057.11328315735 2271.60585403442 2403.72498703003 2592.67930603027 2806.65507507324 2971.8945274353 3095.25038909912 3152.38594436646 3027.51524353027 2944.32266616821 2967.09883117676 2807.6206817627 2842.03982925415 2908.55390930176 3046.67928695679 3174.97657775879 3373.197265625 3448.94022369385 3494.49807357788 3529.39024353027 3545.8671836853 3518.92148208618 3564.98905944824 3551.33750152588 3508.44454193115 3430.99844741821 3324.23710250854 3433.76092529297 3472.57500076294 3431.62811660767 3384.41564178467 3413.46092987061
2860.76874923706 2767.35313034058 2643.9531288147 2524.70703125 2835.53438186646 3172.35624313354 3220.83476638794 2857.62735748291 2397.04884719849 2485.39336013794 2670.77341842651 2446.3691368103 2011.92852210999 2106.22930908203 2196.11718559265 2119.45976638794 2369.47538375854 2559.34139633179 2893.23087310791 3017.65858840942 3108.37384033203 3064.17814254761 2997.27616119385 3165.21327209473 2970.02227783203 2914.52108764648 3041.56795120239 3099.13827133179 3206.04532623291 3303.06404495239 3386.98751449585 3436.61016082764 3471.95196151733 3484.45624160767 3468.86601257324 3466.52967834473 3489.94765472412 3541.92070388794 3438.18045043945 3354.18282699585 3316.79608917236 3323.03202819824 3391.04843521118 3464.7304649353 3459.39920425415 3348.99452590942
2804.56797790527 2826.6914024353 2850.29257965088 2987.68397140503 3163.55546569824 3200.69492721558 3070.42069244385 2568.29962539673 2158.31016159058 2388.10194015503 2733.30899429321 2348.89492416382 1955.10195922852 2238.0406036377 2286.90507125854 2247.0488243103 2436.87110900879 2771.86600494385 2996.17499542236 3066.17539596558 3141.32186889648 3044.80781173706 2996.36796569824 3182.75349807739 3135.09025192261 3171.01406097412 3218.3769569397 3285.35507583618 3307.19062805176 3315.0078086853 3342.70272827148 3377.9355430603 3420.87774276733 3401.27265167236 3404.02576828003 3422.17031097412 3458.43045043945 3521.52030944824 3466.85780334473 3335.39493179321 3253.94804000854 3233.0703086853 3335.74102020264 3442.54726028442 3508.15585327148 3441.7226524353
2405.40585327148 2686.64609146118 2729.24063491821 2653.72929763794 2996.53632354736 2989.94608688354 2584.12502670288 2204.36289787292 2346.05508422852 2607.67030715942 2764.30155181885 2276.36407279968 2239.1339931488 2287.42422485352 2435.82771682739 2376.29726028442 2351.46796798706 2746.48398590088 2985.64842605591 3043.22304153442 3078.37616348267 3158.04414749146 3015.70040130615 3088.03281402588 3358.78788375854 3395.82774734497 3391.6171836853 3370.26913452148 3429.60196685791 3343.17694473267 3298.42577362061 3297.85508346558 3323.77225494385 3324.95977401733 3367.02694702148 3372.12303924561 3386.9121055603 3452.02460479736 3456.21212768555 3352.6328125 3232.97148132324 3147.85508346558 3225.36054992676 3528.65274047852 3473.25234603882 3366.66131591797
2336.80352210999 2365.82773208618 2041.08750152588 2468.06056213379 2963.74689102173 2944.33401489258 2474.47696113586 2295.78475952148 2508.98358154297 2796.29569625854 2666.90390014648 2442.29805374146 2464.76795959473 2566.27695465088 2613.74570846558 2292.82851791382 2142.52462768555 2639.86757659912 2943.74726486206 3026.0078163147 3180.66914749146 3255.96718215942 3254.86563873291 3327.02653884888 3352.33476638794 3447.18751144409 3531.63947677612 3530.45740509033 3496.76758575439 3406.9589881897 3347.30624389648 3309.96640014648 3283.20195007324 3260.82735443115 3295.02851104736 3333.76252365112 3328.07539749146 3461.86445617676 3516.31134033203 3414.30781173706 3268.10311508179 3371.62071228027 3494.35040664673 3536.80469894409 3385.09608459473 3259.63670349121
2510.34257125854 2099.04180145264 1765.56523704529 2182.39021682739 2969.97811126709 3052.75233078003 2781.57344818115 2338.71952438354 2535.47186279297 2836.43125915527 2510.03789138794 2508.8101348877 2589.45235061646 2758.39805221558 2702.70781326294 2256.58516120911 2190.3019618988 2568.52851486206 2830.72462081909 3036.36483001709 3144.97150039673 3244.81173324585 3317.64764785767 3291.62381744385 3399.84453582764 3462.10310745239 3541.75546646118 3581.52655410767 3580.21523284912 3503.33164215088 3452.67226409912 3408.95860290527 3344.80586242676 3249.1328125 3284.345703125 3269.95352172852 3269.16249847412 3510.12733840942 3565.13438034058 3388.59451675415 3238.54374694824 3478.97186660767 3524.07852554321 3264.60703277588 3221.57070159912 3288.20195388794
2539.18943023682 2257.70937538147 2016.10507965088 2162.95624351501 2778.26991653442 3006.33671188354 2872.33712005615 2421.86991119385 2753.67108154297 2695.87031936646 2351.80348968506 2480.06758117676 2554.50584793091 2638.36483383179 2750.06093215942 2689.52147674561 2667.97344207764 2813.89179992676 2890.12266159058 2963.97147369385 3169.31953430176 3317.46603012085 3392.51210403442 3340.9726600647 3438.29531097412 3463.07186508179 3519.92657089233 3536.7949180603 3545.33906173706 3527.35273742676 3525.92343521118 3444.81990432739 3314.39960098267 3216.18124771118 3238.55860137939 3228.96992492676 3332.64336776733 3431.32539749146 3556.04140853882 3503.24805831909 3328.05703353882 3530.05820083618 3542.83828353882 3424.10155487061 3108.93985748291 3175.50509643555
2593.15625 2327.73750686646 2066.96325683594 2400.81367492676 2888.33439254761 2941.28398132324 2614.384765625 2458.27578353882 2865.54727554321 2598.30662918091 2310.06092071533 2443.84141159058 2483.98750305176 2552.54062271118 2635.6953163147 2501.23282241821 2668.09138870239 2815.49452590942 2820.84375762939 3023.01328277588 3111.8261680603 3315.86717987061 3384.46836090088 3315.80429077148 3403.52265548706 3385.54882049561 3411.61797714233 3443.94998931885 3463.44453811646 3469.64492034912 3475.81133270264 3458.63204956055 3343.76718521118 3206.85078430176 3159.76054000854 3143.62461090088 3234.11367416382 3335.49803924561 3454.64414596558 3525.83085250854 3450.61875534058 3552.31875991821 3469.72383499146 3185.39101791382 3068.75391387939 3114.03789138794
2625.52850341797 2173.89998817444 2087.68634033203 2756.26874923706 3020.51717376709 2962.52304458618 2794.85819625854 2753.29374694824 2891.10469436646 2517.41875076294 2318.17929077148 2394.6367149353 2391.34100723267 2392.66016387939 2370.56523323059 1966.54842376709 2103.74454307556 2453.98711776733 2625.20468139648 2744.21053314209 3005.64921569824 3198.75076293945 3309.38124084473 3221.67657089233 3275.12969207764 3156.01524353027 3148.58672332764 3261.63751220703 3398.57733917236 3402.86796188354 3327.62773895264 3458.98633575439 3376.72382354736 3278.77616119385 3273.81485748291 3191.99297332764 3211.46015548706 3339.14218139648 3408.72187805176 3493.39960861206 3468.44491958618 3461.47967910767 3450.93281936646 3431.83084487915 3233.64179611206 3139.50469970703
2679.53712844849 2389.96718215942 2569.51564025879 2854.37382507324 2952.68281936646 2635.17498779297 2353.46992874146 2708.27109909058 2866.62421798706 2608.92539596558 2348.88515090942 2296.7910194397 2237.05899810791 2197.15116882324 2160.2038974762 1834.36015701294 1851.1777305603 1964.39101791382 2469.65859985352 2782.84141159058 2867.84648513794 3052.49882888794 3272.98556137085 3169.14921569824 3066.57344818115 2622.19961166382 2407.12498855591 2936.48672103882 3287.17304229736 3391.06914901733 3401.72225952148 3440.12773513794 3497.73556137085 3370.62538909912 3295.06680679321 3239.29961013794 3159.61484527588 3359.88906478882 3436.20586395264 3455.46250534058 3340.77499771118 3375.21328353882 3356.09999847412 3361.0488319397 3219.60780715942 3081.23632049561
2572.48711776733 2602.6640663147 2711.33241653442 2721.93906021118 2566.8789100647 2198.76757621765 2320.23671340942 2609.03984451294 2807.08944702148 2606.02499389648 2297.25702285767 2164.36407470703 2088.66757774353 2069.63633537292 1977.71405792236 1902.00390434265 2034.14882469177 1990.87422370911 2321.59454154968 2711.52420425415 2834.44414138794 3065.0293006897 3194.9668006897 3107.53984069824 3025.13201141357 2612.9394569397 2266.10975646973 2921.79571533203 3269.92538070679 3373.86600494385 3341.09101486206 3326.48125076294 3549.65508270264 3442.20505905151 3311.99180221558 3213.00820541382 3296.0664100647 3416.26132583618 3302.52421951294 3212.798828125 3200.65546417236 3226.40468978882 3238.93825912476 3250.64022445679 3231.78398895264 3039.19023513794
2670.541015625 2713.07185745239 2874.63985824585 2667.11288452148 2229.58633804321 2123.53398323059 2378.37694549561 2571.07695770264 2702.06602478027 2462.46640396118 2122.94532585144 2140.9265460968 2119.80194473267 2248.24959945679 2200.8293056488 2251.9375038147 2467.83514404297 2400.87850952148 2546.77423858643 2767.19218826294 2866.87619018555 2898.70819473267 3100.55039215088 2993.82733154297 2958.83203887939 2851.17813110352 2559.13515853882 2996.83555603027 3261.2168006897 3395.05156326294 3433.08476257324 3394.03436660767 3520.68671798706 3340.02694320679 3228.28945159912 3287.20818710327 3357.67774581909 3353.52891159058 3152.30702209473 3084.18711853027 3026.74139022827 3053.73826980591 3098.34103393555 3072.10467910767 3043.20038223267 2957.29454421997
2581.88048171997 2827.3378868103 2858.196849823 2651.248046875 2378.74062347412 2271.93827629089 2430.98595809937 2623.49883270264 2668.10157012939 2300.28711891174 2061.02226257324 2223.61056137085 2219.49452018738 2530.65470123291 2605.24765396118 2667.76913452148 2719.78085327148 2818.17305374146 2852.19766616821 2913.72188186646 2976.77304077148 2862.07304382324 3058.63047790527 3081.71523666382 3085.91212463379 2992.30352020264 2547.00311851501 2810.77421188354 2980.15469360352 3343.09022521973 3443.19766235352 3472.05274200439 3541.34257888794 3456.81016159058 3356.47344589233 3378.25038528442 3171.83282089233 3067.24453353882 3007.78748703003 3005.22462844849 2959.63007354736 2815.60898971558 2879.56290054321 2941.74412536621 2639.68007278442 2592.15117645264
