Cases/SDM_Urocitellus_beldingi/westernUsClimate_historic/BIO09.asc
NCOLS 316 
NROWS 299 
XLLCORNER -124.820833001 
YLLCORNER 29.1625003333339 
CELLSIZE 0.0666666666645545 
NODATA_value -3.4e+38 
[rows 0 to 24 of 299, columns 116 to 173 of 316]
962.232142857143 1019.5 1055.71428571429 1055.55357142857 1164.14285714286 1249.28571428571 1367.5 1587.53571428571 1638.53571428571 1609.92857142857 1219.60714285714 1226.08928571429 1319.70454545455 1368.86956521739 1213.0625 1260.41176470588 1316.72727272727 1270.39622641509 1201.67857142857 1144.5 1207.58928571429 1199.55357142857 1167.17857142857 1140 1115.35714285714 1113.55357142857 984.517857142857 142.892857142857 192.678571428571 187.928571428571 361.517857142857 962.071428571429 1034.58928571429 1068.48214285714 990.285714285714 870.160714285714 923.821428571429 1087.58928571429 1266.35714285714 1256.96428571429 1084.73214285714 980.160714285714 987.142857142857 940.982142857143 904.303571428571 812.017857142857 917.428571428571 1110.5 992.857142857143 921.285714285714 1137.91489361702 1161.44 919.125 0.5 5.25 -152.0625 -395.6875 -637.277777777778
1122.171875 1075.84375 1241.96875 1231.359375 1194.90625 1244.53125 1324.4375 1517.484375 1645.984375 1623.75 1341.703125 1289.953125 1311.8125 1437.078125 1243.34375 1247.203125 1152.828125 1140.296875 1212.953125 1227.90625 1179.625 1273.40625 1209.21875 1139.859375 1083.3125 1072.453125 1242.1875 388.03125 187.40625 178.359375 91.53125 957.578125 890.21875 972.6875 1031.078125 927.65625 994.609375 977.484375 1138.53125 1316.359375 1256.421875 1132.890625 949.84375 909.234375 927.859375 888.234375 925.1875 1109.09375 918.515625 882.203125 1098.015625 1206.9375 984.984375 87.734375 -374.296875 -471.765625 -492.765625 -629.1875
1121.96875 1317.890625 1164.4375 1190.5 1130.453125 1206.765625 1253.3125 1369.96875 1495.984375 1640.78125 1578.03125 1432.703125 1349.09375 1435.953125 1291.296875 1156.65625 1078.296875 1107.328125 1214.921875 1186.265625 1229.71875 1312.71875 1257.171875 1196.734375 1138.03125 1124.390625 1212.109375 841.28125 328.703125 178.4375 144.375 571.984375 970.5 958.15625 1009.84375 955.09375 948.703125 1016.40625 1025.875 1276.59375 1331.671875 1201.28125 912.03125 743.234375 947.109375 917.390625 844.40625 1117.921875 829.03125 908.375 1110.96875 958.09375 926.046875 889.40625 -231.015625 -595.28125 -656.703125 -660.4375
1201.84375 1434.046875 1343.453125 1240.90625 1197.625 1195.4375 1128.9375 1097.421875 1152.609375 1435.5 1653.109375 1505.8125 1341.8125 1398.234375 1372.875 1236.828125 1215.3125 1214.515625 1273.109375 1323.359375 1270.859375 1370.703125 1227.4375 1112.125 1110.53125 1132.421875 1222.265625 715.0625 189.546875 69.546875 122.1875 99.375 546.796875 1107.828125 1062.71875 910.984375 903.5 1001.0625 1025.984375 1200.359375 1342.421875 1324.71875 1201.53125 1144.5 954.5625 895.359375 881.109375 988.921875 830.0625 831.375 965.953125 797.203125 928.5625 1109.8125 279.640625 -460.59375 -646.125 -681.34375
1313.578125 1327.625 1442.6875 1454.3125 1295.8125 1134.296875 1090.515625 1079.203125 1185.3125 1364.359375 1652.65625 1585.609375 1453.1875 1432.546875 1475.40625 1274.0625 1302.75 1371.359375 1324.109375 1323.671875 1333.234375 1350.390625 1205.109375 1145.390625 1181.828125 1245.421875 1375.328125 1110.921875 1081.03125 879.09375 752.140625 87.78125 79.890625 616.234375 987.671875 925.953125 904.765625 887.1875 959.453125 1036.421875 1226.546875 1342.671875 1303.296875 1207.296875 1167.5625 971.578125 987.75 1038.953125 1053.53125 976.3125 1003.234375 1024.140625 878.71875 1045.859375 936.25 628.109375 1072.21875 -183.125
1373.03125 1277.390625 1369.703125 1525.90625 1351.4375 1178.765625 1088.5 1131.765625 1219.703125 1396.015625 1671.40625 1626.8125 1589.453125 1568.375 1539.8125 1451.59375 1287.640625 1377.84375 1415.4375 1312.40625 1222.546875 1251.609375 1160.71875 1192.546875 1291.59375 1334.265625 1456.59375 1309.171875 1214.734375 1158.921875 1179.171875 833.4375 30.484375 123.265625 837.359375 1075.25 965.09375 964.5625 936.546875 999.84375 998.796875 1193.15625 1335.53125 1326.078125 1271.375 1209.96875 991.75 979.90625 988.546875 1071.953125 933.25 776.390625 611.546875 922.0625 789.421875 1205.203125 1193.453125 558.71875
1410.046875 1465.203125 1484.296875 1542.90625 1352.34375 1180.234375 1086.859375 1129.8125 1264.875 1429.234375 1644.5 1635.6875 1601.46875 1457.953125 1526.90625 1573.9375 1473.296875 1419.703125 1433.328125 1346.203125 1268.296875 1202.578125 1192.375 1180.5625 1218.328125 1293.234375 1486.03125 1297.96875 1142.171875 1165.078125 1128.921875 1183.625 665.859375 743.765625 743.390625 1270.578125 1049.359375 1113.96875 985.984375 999.4375 1073.875 1147.984375 1229.9375 1332.734375 1390.203125 1314.8125 1241.53125 1208.671875 1200.34375 1044.296875 915.390625 1064.46875 1043.59375 1160.125 1088.4375 1042.265625 1169.703125 1061.96875
1465.625 1529.859375 1522.421875 1545.65625 1345.96875 1157.546875 1233.5625 1254.265625 1336.984375 1530.453125 1602.578125 1493.90625 1334.34375 1333.03125 1434.390625 1515.21875 1561.5625 1517.96875 1380.125 1260.6875 1262.671875 1256.03125 1294.5625 1243.484375 1231.859375 1292.25 1323.75 1436.28125 1344.9375 1237.234375 1220.578125 1244.21875 1261.046875 1152.546875 1176.8125 1241.90625 1417.484375 1325.40625 1255.09375 1100.28125 1106.25 1153.046875 1170.265625 1263.703125 1234.40625 1277.171875 1304.03125 1422.59375 1244.15625 1001.109375 916.546875 910.703125 990.921875 967.421875 953.984375 1056.0625 1172.15625 440.796875
1489.921875 1511.40625 1541.21875 1544.65625 1379.21875 1229.71875 1238.90625 1441.828125 1352.890625 1583.65625 1516.75 1391.421875 1291.71875 1270.703125 1300.203125 1382.296875 1512.640625 1553.875 1436.46875 1293.765625 1268.046875 1331.953125 1336.578125 1382.984375 1291.3125 1332.046875 1415.671875 1501.984375 1386.578125 1311.328125 1248.984375 1208.640625 1189.8125 1099.15625 1114.5625 1164.203125 1323 1445.984375 1431.390625 1380.359375 1169.734375 1113.546875 1086.59375 1189.640625 1325.75 1217.78125 1428.75 1243.875 1279.515625 1195.078125 1078.828125 1103.0625 1085.90625 1095.96875 914.078125 922.4375 1169.625 788.8125
1521 1529.765625 1541.0625 1538.828125 1421.671875 1268.171875 1274.859375 1418.734375 1497.140625 1574.421875 1564.59375 1453.890625 1337.328125 1259.15625 1246.90625 1298.96875 1430.75 1531.328125 1561.3125 1455.28125 1409.609375 1474.15625 1519.421875 1443.4375 1364.3125 1359.03125 1468.5625 1445.53125 1320.6875 1264.015625 1245.234375 1245.21875 1201.15625 1162.234375 1163.21875 1171.734375 1279.53125 1429.453125 1482.21875 1414.96875 1249.640625 1280.421875 1270.203125 1291.828125 1390.328125 1360.9375 1401.296875 1124.421875 1241.953125 1330.671875 1276.9375 1133.953125 936.171875 1060.6875 959.8125 1049.8125 1034.71875 1137.03125
1559.46875 1564.5 1571.1875 1558.53125 1489.6875 1349.765625 1261.828125 1395.46875 1580.03125 1593.328125 1591.5625 1538.71875 1382.25 1220.96875 1203.796875 1276.96875 1369 1438.640625 1569.40625 1331.03125 1239.875 1400.203125 1584.59375 1586.125 1491.78125 1420.765625 1482.421875 1376.75 1287.3125 1271.375 1334.265625 1335.296875 1219.890625 1096.125 1140.546875 1105.328125 1179.015625 1121.515625 1389.265625 697.71875 1138.828125 1461.890625 966.296875 659.5 1167.0625 850.0625 1326.796875 1172.40625 1093.09375 1146.203125 1333.65625 1313.40625 1198.953125 999.65625 1087.765625 1054.515625 1082.53125 1206.46875
1520.859375 1575.96875 1541.390625 1554.84375 1461.484375 1354.609375 1367.953125 1471.234375 1603.375 1607.4375 1612.921875 1566.984375 1383.71875 1295.8125 1215.703125 1256.75 1321.9375 1424.703125 1508.5625 1273.4375 1125.78125 1261.984375 1446.71875 1567.546875 1400.484375 1412.5625 1459.34375 1345.015625 1293.828125 1288.40625 1431.625 1360.015625 1259.734375 1190.765625 1175.0625 1065.21875 935.265625 879.640625 1254.484375 686.03125 296.515625 437.90625 109.609375 117.21875 966.3125 1164.734375 1340.578125 1351.8125 1242.65625 1074.6875 1119.828125 1313.390625 1262.671875 1193.390625 1104.296875 1098.03125 1171.640625 1177.796875
1489.671875 1536.4375 1589.34375 1592.90625 1521.875 1537.3125 1586.53125 1611.796875 1591.921875 1605.203125 1611.09375 1552.875 1383.875 1340.15625 1365.609375 1299.03125 1269.640625 1387.25 1480.8125 1245.28125 1147.734375 1161.765625 1388.375 1486.75 1414.234375 1342.234375 1444.625 1393.515625 1370.28125 1370.109375 1338.640625 1330.40625 1256.953125 1214.125 1183.890625 1152.53125 1063.03125 985.8125 1397.59375 605.6875 111.765625 121.140625 121.25 113.609375 655.8125 1174.1875 1203.75 1293.71875 1411.21875 1323.078125 1062.53125 1160.46875 1322.953125 1161.328125 1230.609375 1190.921875 1150.84375 1094.34375
1633.796875 1587.546875 1620.421875 1582.1875 1512.203125 1613.15625 1568.046875 1595.1875 1583.609375 1580.96875 1604.90625 1611.953125 1573.890625 1491.015625 1426.21875 1247.71875 1262.40625 1353.625 1495.015625 1386.21875 1107.125 1137.671875 1345.5 1349.828125 1381.53125 1314.171875 1375.4375 1432.078125 1299.671875 1249.40625 1262.765625 1349.34375 1317.328125 1302.046875 1260.40625 1204.578125 1333.53125 1393.09375 1291.65625 585.234375 113.71875 152.65625 144.265625 127.453125 116.5 757.640625 1294.734375 1155.53125 1255.796875 1406.90625 1265.828125 1159.71875 1270.46875 1198.359375 1111.171875 1143.578125 1187.34375 1093.40625
1668.359375 1622.625 1493.09375 1601.8125 1623.453125 1524.078125 1560.609375 1572.890625 1504.03125 1606.796875 1582.84375 1572.21875 1565.609375 1555.40625 1528.515625 1492.375 1357.96875 1350.75 1451.4375 1435.6875 1306.484375 1151.609375 1223.65625 1319.625 1324.609375 1374.171875 1394.265625 1341.578125 1274.015625 1316.84375 1216.578125 1274.453125 1292.640625 1342.203125 1334.828125 1358.625 1329.015625 1335.140625 1095.15625 78.65625 424.609375 445.765625 136.625 134.8125 124.15625 127.265625 919.109375 1204.078125 1221.265625 1331.671875 1426.546875 1147.734375 1179.671875 1254.140625 1192.828125 1192.859375 1178 1192.875
1668.90625 1586 1504.515625 1626.921875 1634.328125 1558.703125 1565.09375 1581.015625 1569.734375 1589.34375 1519.0625 1511 1426.890625 1422.4375 1511.125 1520.515625 1556.71875 1501.015625 1448.84375 1415.328125 1307.5 1151.796875 1111.078125 1293.34375 1349.78125 1404.28125 1340.203125 1360.109375 1338.546875 1383.953125 1292.359375 1219.78125 1269.296875 1355.21875 1370.375 1430.4375 1479.359375 1221.546875 568.921875 567.921875 991.8125 1034.078125 240.765625 142.65625 139.796875 101.28125 158 1277.515625 1158.5 1220.90625 1312.828125 1391.578125 1215.75 1202.5625 1183.3125 1159.1875 1156.8125 1219.75
1660.046875 1615.859375 1614.40625 1654.8125 1654.40625 1638.796875 1605.609375 1580.90625 1572.140625 1563.96875 1439 1350.515625 1363.828125 1366.8125 1370.21875 1389.609375 1470.25 1406.203125 1469.65625 1551.640625 1518.671875 1316.25 1211.6875 1252.921875 1318.203125 1363 1368.234375 1322 1293.140625 1272.53125 1320.921875 1390 1221.578125 1270.359375 1366.578125 1473.59375 1404.34375 1106.96875 1305.234375 1001.71875 952.1875 813.546875 563.125 148.921875 155.359375 207.90625 1136.65625 1485.734375 1125.53125 1136.9375 1287.78125 1275.375 1364.109375 1324.359375 1259.015625 1159.703125 1137.953125 1101.234375
1535.859375 1543.84375 1584.34375 1661.546875 1667.96875 1652.234375 1610.875 1578.8125 1496.484375 1464.203125 1396.640625 1397.75 1419.578125 1384.828125 1411.3125 1367.234375 1330.1875 1344.90625 1386.0625 1426.03125 1572.390625 1497.890625 1404.828125 1285.234375 1339.796875 1289.75 1303.65625 1286.578125 1283.6875 1309.453125 1374.859375 1385.984375 1230.9375 1179.453125 1381.359375 1344.046875 1057.296875 1131.734375 831.828125 772 -98.8125 381.53125 927.390625 155.84375 165.78125 205.25 1327.328125 1384.046875 1502.109375 1195.921875 941.0625 1196.015625 1234.53125 1397.1875 1304.96875 1289.140625 1231.03125 1226.796875
1555.515625 1555.921875 1559.421875 1691.671875 1707.1875 1656.875 1596.421875 1464.6875 1433.234375 1404.15625 1377.90625 1413.765625 1470.359375 1415.515625 1490.265625 1337.0625 1389.046875 1327.234375 1379.15625 1474.4375 1536.75 1585.609375 1497.328125 1445.109375 1426.03125 1352.34375 1326.359375 1254.4375 1318.6875 1317.5625 1388.984375 1411.6875 1232.828125 1200.8125 1299.4375 1145.703125 250.171875 235.28125 362.71875 948.875 53.71875 155.40625 160.265625 178.9375 178.3125 266.0625 1306.578125 1318.53125 1545.1875 1470.921875 1063.515625 958.390625 1176.0625 1215.90625 1342.140625 1317.1875 1164.984375 1197.65625
1686.8125 1671.515625 1705.21875 1731.875 1731.046875 1689.0625 1617.265625 1442.828125 1492.265625 1441.890625 1377.703125 1424.984375 1434.78125 1373.59375 1448.96875 1484.390625 1429.546875 1408.265625 1347.515625 1377.6875 1420.484375 1432.796875 1510.734375 1591.1875 1442.03125 1319.8125 1297.71875 1243.734375 1295.953125 1378.4375 1423.15625 1509.453125 1312.578125 1214.515625 1382.671875 1302 187.15625 181.21875 528.03125 821.546875 188.953125 175.53125 168.09375 271.671875 189.328125 189.421875 1366.5625 1289.25 1545.25 1510.171875 1216.71875 977.171875 1096.859375 1215.59375 1272.65625 1314.296875 1183.640625 1018.890625
1762.6875 1755.015625 1754.59375 1749.75 1758.71875 1669.984375 1543.296875 1481.734375 1439.75 1469.09375 1485.078125 1448.265625 1450.875 1503.59375 1414.078125 1457.671875 1538.5625 1504.765625 1386.25 1327.453125 1304.984375 1386.96875 1473.765625 1571.859375 1650.234375 1451.53125 1282.390625 1219.953125 1243.71875 1442.515625 1549.4375 1551.046875 1425.90625 1309.96875 1429.609375 1297.75 208.15625 364.96875 473.5 586.484375 192.859375 160.6875 189.828125 110.78125 196.46875 503.46875 1338.609375 1250.40625 1533.796875 1526.671875 1201.90625 977.5 1095.046875 1208.9375 1109.78125 1372.25 1238.34375 1019.0625
1749.65625 1641.71875 1684.96875 1735.28125 1805.03125 1738.140625 1657.25 1630.828125 1480.140625 1443.953125 1566.453125 1500.640625 1533.15625 1571.09375 1557.640625 1560.5625 1550.328125 1538.84375 1440.5625 1367.125 1297.359375 1376.96875 1407.515625 1503.578125 1602.921875 1654.71875 1364.96875 1278.21875 1471.296875 1514.125 1532.890625 1528.90625 1511.046875 1488.5 1513.15625 1553.3125 744.65625 327.75 364 680.0625 222.046875 231.703125 188.0625 -107.234375 541.25 1067.046875 1230.359375 1172.40625 1448.859375 1539.40625 1350.5625 1108.65625 1088.96875 1117.109375 1140.75 1286.875 1307.046875 1087.375
1630.796875 1577.203125 1700.46875 1714.828125 1769.203125 1652.640625 1605.078125 1558.796875 1570.515625 1624.671875 1616.171875 1574.609375 1654.34375 1573.4375 1450.671875 1465.625 1483.640625 1553.9375 1411.34375 1389.8125 1286.671875 1271.90625 1359.375 1468.03125 1531.390625 1665.59375 1675.015625 1588.203125 1609.53125 1435.375 1412.203125 1567.6875 1577.734375 1568.5 1488.09375 1601.1875 1540.890625 1114.828125 447.390625 269.265625 226.671875 239.515625 198.015625 108.546875 189.3125 851.578125 1224.234375 1151.828125 1320.96875 1541.140625 1508.46875 1126 1053.421875 1061.21875 1148.75 1232.078125 1369.203125 1219
1691.015625 1665.46875 1703.40625 1741.96875 1716.90625 1635.578125 1557.5625 1657.34375 1665.140625 1669.625 1653.796875 1630.53125 1654.21875 1578.234375 1549.703125 1575.125 1527.515625 1471.390625 1356.921875 1283.734375 1258.328125 1349 1431.328125 1471.25 1484.78125 1503.296875 1531.203125 1555.3125 1376.703125 1587.9375 1592.421875 1638.15625 1440.671875 1630.875 1594.921875 1603.984375 1556.875 1490.40625 1194.09375 237.3125 160.859375 226.9375 208.828125 172.1875 135.96875 400.75 1328.25 1109.203125 1284.546875 1511.59375 1511.859375 1408.359375 1066.09375 1155.046875 1039.28125 1095.234375 1269.875 1299.15625
1710.125 1714.59375 1720.609375 1749.5625 1735.609375 1682.46875 1686.703125 1690.078125 1550.546875 1524.46875 1404.453125 1408 1549.078125 1483.171875 1364.15625 1432.65625 1430.09375 1505.4375 1432.9375 1405.578125 1381.578125 1339.09375 1349.15625 1375.296875 1402.78125 1437.59375 1420.359375 1489.875 1396.015625 1409.96875 1525.53125 1625.140625 744.046875 1309.796875 1586.21875 1603.390625 1306.21875 1217.25 1495.0625 446.109375 168.15625 74.09375 175.109375 -107.59375 -162.09375 -54.4375 1359.96875 1137.3125 1198.375 1398.125 1491.578125 1475.234375 1307.15625 1065.265625 1081.140625 1102.984375 1119.015625 1247.71875
