Cases/SDM_Urocitellus_beldingi/westernUsClimate_historic/BIO02.asc
NCOLS 316 
NROWS 299 
XLLCORNER -124.820833001 
YLLCORNER 29.1625003333339 
CELLSIZE 0.0666666666645545 
NODATA_value -3.4e+38 
[rows 200 to 224 of 299, columns 171 to 227 of 316]
1578.03125 1526.15625 1477.75 1399.734375 1586.328125 1826.078125 1568.875 1871.71875 1889.8125 1803.265625 1913.046875 1923.859375 1922.375 1919.078125 1925.921875 1931.859375 1918.875 1910.109375 1918.984375 1913.140625 1885.234375 1858.890625 1836 1785.953125 1759.234375 1762.359375 1787.59375 1774.796875 1743.640625 1706.5625 1732.9375 1772.53125 1756.25 1750.59375 1730.859375 1685.8125 1684 1711.421875 1670 1676.875 1724.015625 1724.90625 1712.1875 1747.75 1765.515625 1717.515625 1691.71875 1715.875 1763.015625 1774.8125 1756.921875 1759.78125 1723.953125 1723.984375 1650.953125 1617.1875 1679.859375
1488.265625 1495.796875 1522.15625 1573.65625 1641.046875 1909.953125 1599.6875 1792.21875 1916.125 1812.703125 1735.359375 1924.828125 1933.453125 1954.75 1944.8125 1939.28125 1934.546875 1934.390625 1946.609375 1945.234375 1923.75 1879.625 1835.34375 1783.1875 1741.890625 1759.4375 1770.65625 1758.25 1745.015625 1716.5 1692.390625 1759.90625 1740.296875 1667.96875 1726.6875 1704.296875 1717.78125 1733.8125 1687.28125 1724.3125 1738.328125 1699.15625 1762.046875 1765.59375 1757.359375 1759.28125 1769.984375 1765.328125 1745.515625 1728.328125 1745.859375 1727.15625 1716.4375 1665.625 1622.21875 1646.328125 1742.953125
1528.4375 1583.1875 1646.578125 1771.921875 1911.8125 1857.78125 1667.140625 1852.828125 1923.515625 1668.328125 1727.8125 1916.3125 1933.796875 1960.375 1944.59375 1934.96875 1930.515625 1932.65625 1933 1927.96875 1905.421875 1862.53125 1823 1794.828125 1772.71875 1782.65625 1766.734375 1749.546875 1741.515625 1700.765625 1665.84375 1765 1785.890625 1694.546875 1699.578125 1780.828125 1832.015625 1817.515625 1763.265625 1795 1735.015625 1780.453125 1758.203125 1747.78125 1762.96875 1743.203125 1735.15625 1769.671875 1766.21875 1772.125 1780.5 1804.90625 1795.671875 1701.453125 1658.828125 1650.671875 1616.890625
1663.078125 1771.421875 1831.296875 1918.25 1980.828125 1919.25 1793.734375 1898.015625 1950.296875 1720.171875 1873.9375 1948.421875 1952.28125 1958.71875 1933.640625 1928.53125 1922.34375 1925.71875 1910.40625 1887.046875 1845.296875 1758.671875 1768 1757.8125 1763.328125 1763.0625 1752.421875 1730.984375 1733.125 1695.28125 1666.203125 1704.75 1772.875 1730.046875 1772.484375 1817.328125 1844.28125 1855.9375 1824.25 1819.0625 1806.03125 1774.546875 1751.21875 1770.578125 1720.859375 1685.9375 1697.28125 1709.28125 1725.734375 1751.546875 1767.421875 1799.5 1799.140625 1790.21875 1647.828125 1542.53125 1577.984375
1834.6875 1894.875 1915.734375 1955.875 1995.765625 2000.171875 1883.96875 1854.5 1976.703125 1758.828125 1756.859375 1900.78125 1950.9375 1938.453125 1926.03125 1911.125 1889.84375 1900.203125 1873.09375 1816.3125 1790.390625 1766.1875 1753.078125 1711.09375 1719.9375 1694.546875 1741.796875 1752.09375 1738.640625 1724.203125 1693.703125 1681.109375 1723.484375 1772.8125 1805.59375 1867.40625 1806.421875 1816.796875 1843.28125 1838.46875 1829.53125 1815.578125 1810.078125 1724.171875 1671.59375 1681.3125 1693.8125 1704 1694.75 1762.046875 1780.265625 1742.984375 1826.375 1804.03125 1705.125 1653.65625 1663.265625
1807.75 1909.59375 1956.671875 1982.046875 1981.71875 1997.734375 1960.34375 1771.875 1978.125 1928.4375 1699.109375 1894.71875 1936.671875 1950.328125 1913.09375 1892.25 1846.875 1865.75 1836.515625 1784.796875 1766.875 1763.6875 1770.40625 1656.625 1681.375 1589.34375 1574.515625 1707.640625 1724.109375 1739.1875 1717.484375 1716.34375 1710.734375 1742.828125 1816.609375 1890.796875 1909.484375 1816.453125 1810.890625 1831.265625 1812.25 1806.984375 1816.40625 1745.046875 1707.609375 1720.0625 1748.078125 1723.65625 1732.1875 1771.53125 1817.046875 1736.75 1785.078125 1828.3125 1787.4375 1690.015625 1659.609375
1914.609375 1968.546875 1977.015625 1979.9375 1901.375 1911.640625 1972.09375 1981.796875 1996.203125 1965.203125 1841.609375 1913.640625 1936.34375 1942.171875 1867.90625 1836.796875 1827.546875 1823.75 1804.0625 1800.65625 1774.03125 1722.96875 1777.75 1801.015625 1746.59375 1506.859375 1386.046875 1629.828125 1750.546875 1718.46875 1738.75 1724.9375 1701.40625 1688.5 1737.515625 1880.96875 1948.375 1921.75 1884.15625 1869.4375 1826.84375 1748.15625 1772.890625 1801.921875 1766.84375 1746.328125 1717.796875 1726.5625 1773.4375 1807.671875 1842.296875 1820.5 1821.078125 1810.3125 1780.46875 1782.796875 1765.25
1943.0625 1937.703125 1954.609375 1950.53125 1910.84375 1880 1979 1991.28125 1984.515625 1866.46875 1818.1875 1940.21875 1939.125 1928.828125 1899.515625 1870.546875 1772.390625 1756.375 1765.53125 1782.953125 1792.96875 1785.578125 1775.5 1820.46875 1804.75 1748.25 1614.71875 1621.234375 1729.453125 1733.984375 1719.6875 1704.140625 1699.015625 1683.8125 1665.015625 1779.078125 1930.15625 1943.328125 1896.578125 1892.90625 1877.203125 1799.828125 1753.578125 1755.640625 1743.21875 1745.671875 1720.21875 1752.890625 1842.734375 1846.015625 1753.59375 1771.265625 1792.125 1847.140625 1843.6875 1839.90625 1809.4375
1894 1922.859375 1830.84375 1912.625 1859.453125 1849.078125 1936.96875 1997.578125 1975.203125 1867.828125 1850.078125 1944.703125 1931.5625 1922.40625 1910.015625 1856.09375 1717.59375 1746.828125 1788.234375 1807.609375 1794.25 1754.5 1744.765625 1788.234375 1794.171875 1740.15625 1725.265625 1695.0625 1688.859375 1689.296875 1693.640625 1675.171875 1670.609375 1656.578125 1632.40625 1665.34375 1808.78125 1911.546875 1884.09375 1851.921875 1853.15625 1849.046875 1852.96875 1813.671875 1740.15625 1728.171875 1749.484375 1842.6875 1875.359375 1855.296875 1810.3125 1854.265625 1838.828125 1830.609375 1813.640625 1829.296875 1824.703125
1653.625 1877.515625 1865.046875 1920.515625 1967.234375 1927.21875 1901.578125 2011.125 1886.34375 1932.59375 1959.203125 1899.046875 1857 1873.453125 1904.984375 1836.375 1683.015625 1706.5625 1777.75 1779.609375 1775.4375 1734.515625 1750.671875 1753.140625 1735.84375 1707.921875 1682.421875 1673.65625 1673.015625 1681.296875 1680.625 1663.5625 1650.4375 1630.84375 1607.171875 1576.421875 1637.765625 1780.953125 1823.796875 1809.6875 1816.25 1820.9375 1830.1875 1802.28125 1782.40625 1805.75 1853.859375 1864.40625 1858.9375 1866.9375 1873.609375 1844.65625 1792.703125 1788.15625 1823.984375 1801.125 1832.09375
1639.25 1833.28125 1860.875 1905.703125 1977.5 1968.921875 1840.765625 1875.53125 1835.9375 1948.515625 1952.6875 1941.3125 1780.3125 1728.53125 1822.34375 1854.46875 1732.15625 1695.46875 1704.734375 1676.734375 1671.640625 1647.078125 1698.109375 1762.453125 1737.375 1688.40625 1663.984375 1677.75 1679.96875 1663.546875 1665.828125 1668.078125 1641.84375 1615.3125 1576.9375 1532.84375 1528.609375 1649.734375 1751.890625 1799.453125 1801.640625 1811.1875 1802.640625 1819.65625 1857.3125 1869.09375 1840.015625 1784.28125 1819.703125 1878.828125 1842.4375 1761.84375 1770.78125 1846.078125 1776.046875 1851.265625 1887.484375
1758.859375 1636.25 1712.71875 1806.921875 1900.109375 1924.09375 1707 1615.140625 1798.5625 1982.859375 1962.765625 1965.328125 1929.515625 1778.953125 1747.828125 1866.34375 1838.78125 1742.03125 1665.71875 1602.8125 1619.1875 1656.328125 1609.03125 1639.3125 1611.578125 1595.515625 1660.28125 1631.734375 1613.46875 1664.53125 1652.078125 1631.140625 1636.453125 1602.359375 1569.625 1531.453125 1533.828125 1613.4375 1731.1875 1780.453125 1792.34375 1803.5625 1818.265625 1831.96875 1857.46875 1877.03125 1864.1875 1862.4375 1885.53125 1885.171875 1856.953125 1856.1875 1862.21875 1845.28125 1861.65625 1888.796875 1890.984375
1647.578125 1486.84375 1492.15625 1613.796875 1665.6875 1789.734375 1642.3125 1760.3125 1922.140625 1992.40625 1984.0625 1961.9375 1946.078125 1920.65625 1846.84375 1841.21875 1857.96875 1848.390625 1754.578125 1632.96875 1638.765625 1607.046875 1619.625 1590.5 1571.859375 1581.265625 1606.046875 1636.8125 1548.265625 1670.015625 1674.03125 1632.625 1620.546875 1622.203125 1599.515625 1572.8125 1580.8125 1623.359375 1686.796875 1746.4375 1778.96875 1776.390625 1788.5 1826.65625 1843.8125 1870.09375 1890.484375 1895.9375 1905.34375 1895.546875 1889.609375 1875.421875 1851.84375 1843 1857 1849.796875 1821.890625
1659.203125 1625.8125 1495.1875 1483.9375 1613.703125 1668.546875 1619.390625 1672.75 1894.21875 1968.359375 1974.671875 1958.71875 1899.796875 1918.34375 1916.390625 1850.46875 1804.765625 1746.578125 1755.96875 1608.515625 1687.578125 1634.28125 1671.28125 1650.984375 1632.765625 1568.75 1559.453125 1617.765625 1600.40625 1628.65625 1627.8125 1620.890625 1609.671875 1624.390625 1622.125 1623.84375 1636.828125 1645.3125 1663.3125 1717.703125 1773.078125 1757.609375 1756.640625 1783.0625 1788.875 1807.375 1847.359375 1866.03125 1881.546875 1889.921875 1875.671875 1838.5625 1804.3125 1770.921875 1805.625 1820.796875 1816.4375
1563.40625 1584.625 1560.15625 1628.65625 1549.140625 1584.625 1584.859375 1580.53125 1631.328125 1814.59375 1928.15625 1934.78125 1895.515625 1887.796875 1937.765625 1852.6875 1709.40625 1607.03125 1466.4375 1430.078125 1736.34375 1690.671875 1722.15625 1654.46875 1639.734375 1587.75 1605.90625 1616.125 1612.625 1569.46875 1545.640625 1630.859375 1634.390625 1621.5625 1638.09375 1665.875 1667.234375 1667.1875 1676.796875 1711.3125 1745.53125 1751.703125 1727.40625 1729.078125 1729.703125 1760.171875 1783.78125 1807.796875 1834.171875 1863.671875 1868.140625 1830.65625 1804.21875 1794.390625 1797.90625 1829.5625 1841.671875
1497 1508.75 1591.71875 1522.234375 1551.984375 1564.078125 1490.484375 1559.515625 1509.703125 1577.71875 1838.421875 1892.828125 1884.078125 1893.53125 1918.8125 1852.53125 1790.03125 1650.65625 1422.625 1316.5 1648.53125 1813.984375 1832.078125 1693.1875 1680.046875 1637.734375 1612.203125 1588.40625 1613 1570.890625 1575.15625 1635.75 1646.84375 1657.390625 1684.1875 1705.0625 1694.203125 1692.484375 1700.34375 1699.359375 1718.15625 1741.375 1748.640625 1736.53125 1733.46875 1746.5625 1750.546875 1806.921875 1845.625 1852.171875 1854.5 1839.46875 1835.5 1836.359375 1839.90625 1818.4375 1853.125
1492.875 1534.5 1578.390625 1563.75 1589.390625 1592.28125 1537.109375 1593 1532.859375 1582.15625 1685.6875 1859.5 1706.828125 1791.203125 1801.921875 1797 1797.171875 1720.703125 1504.078125 1433.015625 1568.484375 1798.28125 1887.265625 1804.328125 1747.578125 1689.71875 1580.546875 1528.984375 1610.34375 1597.21875 1625.953125 1667.421875 1678.046875 1679.0625 1692.53125 1693.90625 1698.265625 1694.859375 1704.59375 1720.28125 1731.84375 1738.078125 1754 1766 1750.71875 1741.09375 1735.9375 1781.984375 1831.640625 1836.375 1856.203125 1848.515625 1858.765625 1864.46875 1858.421875 1861.875 1870.671875
1630.34375 1767.046875 1608.953125 1563.140625 1548.546875 1581.25 1635.453125 1678.515625 1528.046875 1628.078125 1800.625 1865.28125 1595.671875 1692.421875 1822.671875 1766.828125 1811.984375 1775.140625 1586.0625 1532.53125 1556.75 1684.953125 1841.046875 1943.796875 1725.65625 1645.328125 1496.4375 1524.484375 1594.59375 1616.59375 1638.75 1657.796875 1640.09375 1666.65625 1683.421875 1661.3125 1669.5625 1655.1875 1692.765625 1724.078125 1739.359375 1739.984375 1751.703125 1764.515625 1764.0625 1766.046875 1756.703125 1762.1875 1817.328125 1879.984375 1887.765625 1850.546875 1865.96875 1865.578125 1873.125 1867.390625 1875.734375
1709.0625 1601.046875 1545.359375 1553.921875 1580.671875 1801.515625 1752.09375 1666.1875 1580.265625 1471.125 1727.75 1822.265625 1549.640625 1635.34375 1764.046875 1655.75 1622.046875 1782.71875 1634.171875 1650.984375 1642.21875 1565.4375 1597.703125 1875.859375 1836.453125 1683.515625 1555.8125 1445.03125 1473.390625 1513.53125 1583.359375 1573.71875 1589.796875 1623.03125 1602.609375 1569.484375 1588.359375 1579.625 1649.140625 1679.140625 1726.90625 1737.484375 1767.234375 1771.71875 1742.1875 1709.328125 1682 1741.859375 1840.515625 1927.6875 1940.71875 1870.40625 1841.734375 1821.5 1849.984375 1859.21875 1853.140625
1580.03125 1564.28125 1628.640625 1591.40625 1719.515625 1799.65625 1595.5625 1690.71875 1847.796875 1846.8125 1803.84375 1839.46875 1572.71875 1580.5625 1615 1508.78125 1519.875 1648.453125 1664.078125 1712.359375 1730.390625 1556.6875 1433.6875 1601.96875 1822.90625 1647.09375 1525.625 1471.0625 1470.34375 1273.03125 1236.640625 1257.734375 1314.296875 1309.578125 1416.84375 1444.296875 1502.28125 1550.5625 1611.828125 1629.609375 1698.4375 1755 1790 1784.046875 1760.609375 1723.953125 1715.8125 1763.046875 1832.359375 1905.90625 1931.9375 1865.578125 1824.84375 1775.40625 1800.40625 1802.359375 1804.34375
1504.390625 1525.09375 1608.3125 1818.28125 1806.984375 1552.875 1544.53125 1647.140625 1599.5625 1692.046875 1855.296875 1837.6875 1591.59375 1578.375 1453.40625 1442.703125 1477.4375 1529.03125 1591.28125 1745.96875 1741.796875 1628.578125 1554.015625 1422.28125 1659.359375 1644.25 1608.109375 1564.078125 1392.9375 1458.921875 1431.6875 1595.6875 1664.84375 1349.765625 1255.75 1183.546875 1206.28125 1367.125 1504.4375 1525.921875 1640.28125 1736.4375 1787.921875 1793.65625 1758.125 1734.734375 1747.921875 1759.5 1779 1831.59375 1845.234375 1831.515625 1807.84375 1768.359375 1728.34375 1747.90625 1761.46875
1768.3125 1798.40625 1716.921875 1689.703125 1756.34375 1584.828125 1577.59375 1776.484375 1514.609375 1445.859375 1553.125 1630.328125 1682.28125 1612.671875 1518.6875 1463.921875 1473.296875 1498.359375 1522.0625 1610.171875 1638.53125 1582.734375 1560.828125 1411.796875 1409.1875 1716.734375 1706.109375 1549.625 1483.375 1536.546875 1640.46875 1772.46875 1726.296875 1637.625 1659.875 1519.28125 1374.453125 1226.734375 1252.828125 1351.484375 1456.59375 1610.375 1657.078125 1642.15625 1638.78125 1674.40625 1728.625 1753.421875 1755.84375 1782.875 1767.984375 1767.515625 1769.84375 1748.609375 1712.984375 1754.40625 1767.40625
1875.15625 1693.140625 1618.109375 1547.984375 1634.546875 1639.734375 1648.609375 1684.421875 1543.953125 1370.5625 1407.109375 1410.640625 1592.109375 1739.703125 1575.265625 1478.703125 1479.453125 1484.03125 1557.390625 1533.21875 1587.484375 1588.265625 1592.703125 1462.671875 1491.578125 1665.5 1753.453125 1694.34375 1678.6875 1670.078125 1720.5 1710.296875 1705.109375 1647.15625 1652.34375 1605.578125 1543.4375 1590.828125 1293.53125 1562.625 1447.4375 1321.8125 1521.953125 1591.40625 1648.9375 1611.125 1580.09375 1659.53125 1702.609375 1754.5 1738.609375 1720.234375 1728.8125 1722.484375 1718.625 1715.875 1735.25
1856.46875 1780.90625 1762.609375 1761.109375 1745.296875 1723.984375 1599.203125 1514.796875 1530.859375 1445.734375 1310.734375 1325.171875 1482.15625 1609.8125 1523.453125 1507.484375 1489.328125 1419.09375 1529.765625 1469.234375 1539.25 1593.890625 1527.609375 1615.625 1672.703125 1749.65625 1704.84375 1611.1875 1605.484375 1750.625 1762.0625 1721.53125 1706.1875 1744.53125 1756.15625 1757.828125 1771.640625 1638.6875 1487.828125 1501.3125 1682.96875 1305.59375 1447.484375 1691.390625 1731.828125 1650.65625 1489.21875 1492.0625 1741.140625 1722.53125 1735.171875 1714.296875 1691.9375 1697 1709.078125 1713.703125 1705.125
1622.3125 1609.3125 1729.96875 1808.859375 1814.703125 1783.078125 1708.078125 1642.0625 1599.703125 1598.046875 1423.796875 1331.125 1479.578125 1476.234375 1462.5625 1391.75 1268.25 1217.171875 1503 1505.703125 1532.84375 1591.625 1589.015625 1606.171875 1592.984375 1713.34375 1652.09375 1577.796875 1511.9375 1543.34375 1766.734375 1766.234375 1760.234375 1762.296875 1675.4375 1727.078125 1758.875 1838.8125 1544.703125 1517.28125 1754.125 1495.359375 1557.34375 1822.765625 1641.875 1722 1613.875 1626.421875 1795.890625 1902.015625 1828.515625 1705.515625 1680.390625 1710.46875 1717.03125 1694.609375 1683.515625
