Cases/SDM_Urocitellus_beldingi/westernUsClimate_historic/BIO09.asc
NCOLS 316 
NROWS 299 
XLLCORNER -124.820833001 
YLLCORNER 29.1625003333339 
CELLSIZE 0.0666666666645545 
NODATA_value -3.4e+38 
[rows 125 to 149 of 299, columns 232 to 289 of 316]
-523.609375 -497.03125 -463.578125 -439.25 -538.8125 -441.78125 -441.578125 -413.203125 -425.3125 -327.90625 -314.078125 -314.21875 -371.0625 -446.21875 -461.109375 -406.484375 -375.75 -477.375 -445.796875 -428.34375 -407.96875 -409.421875 -391.96875 -411.671875 -414.140625 62.375 -320 495.53125 1548.25 1464.859375 1389.640625 1461.734375 1418.921875 1378.59375 1272.234375 1410.671875 1460.75 1402.40625 1256.21875 1093.34375 990.625 1002.6875 -16.3125 -609.15625 -613.78125 -624.53125 -637.8125 -642.125 -613.140625 -408.859375 832.828125 590.5 -642.796875 -344.546875 -448.96875 -518.3125 -345.59375 -261.859375
-492.4375 -462.265625 -467.109375 -495.296875 -471.6875 -421.234375 -417.34375 -369.203125 -343.109375 -323.421875 -318.9375 -303.375 -316.03125 -379.40625 -447.734375 -429.546875 -428.5625 -392.453125 -406.484375 -431.78125 -436.265625 -420.09375 -435.296875 -447.453125 -439.34375 -431.3125 -461.296875 -502.703125 -171.71875 1400.875 1651.390625 1619.65625 1516.5 1320.984375 1416.40625 1482.03125 1472.125 1388.796875 1197.625 957.84375 925.3125 960.828125 -18.578125 -554.640625 -630.59375 -627.75 -630.109375 -639.890625 -643.25 -638.609375 476.5625 807.125 -324.046875 -565.78125 -641.859375 -580.265625 -410.625 -273.390625
-401.265625 -457.78125 -399.90625 -403.28125 -441.4375 -431.09375 -468.734375 -516.375 -409.875 -330.59375 -283.90625 -291.859375 -333.5 -396.5 -593.703125 -595.40625 -415.296875 -417.171875 -465.421875 -466.734375 -446.4375 -418.765625 -454.609375 -440.671875 -443.453125 -451.890625 -452.078125 -499.171875 -499.015625 -389.9375 1271.125 1655.734375 1626.484375 1450.15625 1514.3125 1514.703125 1504.515625 1434.15625 1222.859375 1030.640625 1068.5625 1056.375 50.8125 -452.546875 -614.28125 -622.359375 -643.421875 -651.75 -670.296875 -684.625 494.15625 725.515625 508.90625 457.203125 190.203125 -674.015625 -495.953125 -400.0625
-350.75 -179.734375 -407.125 -313.5625 -403.28125 -348 -323.015625 -366.515625 -397.40625 -358.15625 -309.765625 -326.578125 -304.8125 -430.609375 -458.46875 -585.375 -619.046875 -534.03125 -514.25 -520.234375 -476.921875 -465.96875 -466.734375 -466.3125 -463.796875 -456.921875 -487.984375 -488.953125 -485.765625 -115.96875 1318.078125 1169.046875 1156.421875 1591.765625 1516.625 1540.171875 1540.171875 1496.671875 1411.609375 1131.3125 1087.078125 1220.765625 662.078125 -516.015625 -625.890625 -634.046875 -643.65625 -651.59375 -516.203125 -68.3125 1061.671875 924.921875 817.015625 935.109375 677.328125 -153.953125 -563.875 -647.75
62.3125 7.46875 -388.84375 -483.234375 -437.3125 -390.890625 -361.34375 -320.734375 -323.234375 -305.953125 -300.78125 -306.140625 -380.359375 -537.421875 -475.828125 -561.90625 -600.90625 -498.328125 -468.671875 -416.796875 -435.21875 -481.25 -444.4375 -477.109375 -485.546875 -494.78125 -488.90625 -467.9375 -429.0625 -466.46875 -487.5 -494.171875 -463.546875 333.328125 779.734375 1581.234375 1527.984375 1485.78125 1433.421875 1147.59375 1094.421875 1174.46875 1094.59375 -268.09375 -652.9375 -659.46875 -686.828125 -662.875 -533.46875 561.234375 1017.96875 795.875 855.5 784.6875 699.421875 75.53125 -231.671875 -467.171875
1112.859375 1866.75 297.578125 -463.75 -529.578125 -520.734375 -474.09375 -459.09375 -436.25 -399.328125 -301.796875 -301.40625 -345.65625 -355.59375 -445.921875 -457.96875 -360.328125 -380.484375 -420.96875 -353.953125 -406.453125 -471.265625 -465.671875 -440.953125 -448.03125 -438.078125 -378.765625 -377.703125 -370.15625 161.0625 -414.78125 -349.28125 -337.75 -492.96875 -181.125 1435.765625 1495.9375 1515.21875 1426.953125 1211.984375 1132.078125 1207.546875 1256.4375 1023.40625 205.234375 887.21875 -215.171875 -584.015625 -672.84375 -575.46875 743.5625 730.1875 508.421875 706.515625 760.859375 123.8125 -385.765625 -251.375
1006.046875 1955.953125 186.90625 -372.21875 -355.5625 -412.765625 -490.859375 -447.53125 -404.828125 -333.828125 -324.984375 -358.359375 -372.484375 -360.078125 -360.546875 -507.09375 -422.609375 -302.203125 -311.84375 -315.125 -329.09375 -375.828125 -417.578125 -455.25 -455.03125 -435.828125 -413.953125 -437.828125 -418.921875 -334.34375 300.015625 1158.96875 660.625 -503.625 -520.140625 40.078125 1245 560.671875 985.890625 1177.109375 1142.78125 1061.21875 750.796875 1102.671875 953.03125 988.453125 771.03125 157.1875 100.203125 -464.234375 388.96875 679.71875 63.671875 597.859375 668.109375 291.359375 -257.953125 -317.921875
2141.21875 1637.59375 -115.5 -382.875 -365.265625 -350.703125 -350.515625 -338.484375 -352.65625 -392.1875 -399.140625 -401.65625 -435.359375 -505.0625 -380 -574.09375 -555.3125 -362.546875 -344.71875 -349.1875 -363.203125 -335.703125 -322.390625 -365.796875 -408.4375 -452 43.171875 825.203125 -144.296875 206.796875 1083.40625 782.390625 778.953125 -126.8125 -102.9375 -315.3125 135.875 237.375 1080.65625 1182.828125 1112.75 1070.21875 410.921875 30.78125 -506.9375 -201.859375 -186.15625 -697.59375 -596.28125 -103.28125 703.4375 482.4375 -309.921875 59.875 727.984375 561.5625 -7.8125 -429.25
-168.203125 -360.328125 -349.03125 -344.96875 -342.640625 -362 -376.96875 -378.859375 -353.265625 -421.390625 -448.46875 -436.375 -487.890625 -456 -494.453125 -592.125 -526.84375 -369.453125 -286.421875 -338.515625 -288.4375 -198.625 -142.125 160.109375 -358.875 -408.46875 738.375 1309.890625 595.4375 1271.90625 1257.984375 1212.3125 1211.828125 1152.703125 1102.421875 -342.171875 -260.15625 389.359375 708.9375 1084.90625 1051.890625 1094.5 810.609375 -627.6875 -681.5 -631.578125 -596.125 -403.4375 71.171875 132.875 -8.46875 -304.90625 -670.390625 -49.578125 717.984375 202.984375 -286.90625 -343.484375
-520.265625 -580.71875 -517.046875 -446.546875 -382.78125 -360.53125 -432.984375 -563.125 -470.0625 -413.75 -388.8125 -353.90625 -298.28125 -273.578125 -361 -505.46875 -547.046875 -482.875 -384.515625 -312.640625 -395.15625 -321.34375 -49.1875 -16.40625 226.578125 990.859375 1225.96875 1155.203125 1346.46875 1182.765625 1131.6875 1195.96875 1145.765625 1035.4375 1137.171875 285.4375 -153.609375 215.0625 843.75 462.5625 794.140625 1086.359375 347.875 -584.703125 -670.140625 -705 -693.28125 -589.921875 -208.921875 -222.8125 -564.328125 -722.140625 -633.65625 -138.453125 318.84375 236.3125 -125.234375 -416.625
-645.078125 -649.390625 -605.984375 -415.8125 -344.34375 -417.671875 -531.3125 -573.65625 -495.125 -368.25 -297.796875 -208.203125 -294.390625 -269.5625 -317.984375 -417.421875 -483.5625 -457.328125 -431.859375 -409.671875 -458.15625 -342.078125 -392.1875 -390.609375 -330.15625 752.578125 1216.34375 580.703125 1067.4375 1266.203125 1232.765625 1097.28125 1013.0625 909.046875 1042.9375 601.96875 304.0625 327.203125 380 291.171875 249 766.75 1094.546875 -239.625 -707.328125 -726.703125 -750.140625 -740.8125 -712.09375 -558.515625 -596.328125 -699.890625 -183.578125 278.15625 164.078125 -37.203125 -97.421875 -419.40625
-613.171875 -590.46875 -587.453125 -435.171875 -331.34375 -333.0625 -326.59375 -327.515625 -354.484375 -289.6875 -115.46875 901.328125 -178.859375 -296.25 -358.421875 -407.15625 -540.3125 -398.71875 -367.9375 -368.78125 -407.515625 -357.765625 -360.21875 -386.375 -392.296875 -417.296875 -106.703125 570.765625 1038.0625 1190.5625 1022.328125 1063.0625 945.015625 917.328125 952.53125 1040.90625 873.671875 803.5625 466.453125 109.9375 317.125 151.625 -294.625 -154.515625 -672.21875 -681.328125 -703.453125 -732.609375 -704.59375 -437.03125 -268.640625 -269.5 -287.921875 -47.421875 103.53125 -41.984375 -139.9375 -356.53125
-597.03125 -606.765625 -565.140625 -375.53125 -281.0625 -281.234375 -288.78125 -276.3125 -306.734375 -304.125 294.40625 1110 -288.796875 -324.359375 -336.234375 -375.296875 -390.359375 -269.703125 -281.0625 -318.421875 -369.34375 -321.046875 184.328125 -366.015625 -125.375 325.578125 846.171875 1170.75 1073.921875 1054.390625 982.234375 967.6875 901.59375 988.578125 1025.8125 408.53125 -79.5625 -57.046875 -378.59375 -503.484375 -316.796875 -510.390625 -567.890625 -214.921875 -522.140625 -644.90625 -511.328125 -665.96875 -671.171875 -350.9375 211.546875 98.390625 -151.390625 11.078125 159.53125 119.6875 -137.46875 -334.46875
-299.03125 -420.171875 -332.8125 -324.5625 -276.546875 -271.6875 -262.984375 -259.203125 -267.90625 -325.34375 -254.71875 1126.421875 -203.015625 -278.65625 -312.265625 -350.359375 -346.796875 -300.859375 -313.9375 -325.890625 -258.984375 101.25 1379.578125 957.625 1371.8125 1424.234375 1212.484375 1267.28125 1195.90625 1120.84375 1081.59375 1043.984375 1000.5625 885.3125 809.875 -1.75 -412.34375 -408.3125 -498.640625 -483.8125 -536.8125 -283.375 28.96875 -5.140625 -94.203125 -603.8125 -628.015625 -325.171875 -385.15625 -132.71875 57.796875 -240.4375 -93.8125 126.890625 24.0625 55.765625 -356.375 -397.703125
-284 -293.25 -292.8125 -292.15625 -299.796875 -307.515625 -284.546875 -247.46875 -284.109375 -269.671875 -285.21875 496.875 1430.296875 -133.140625 -258.921875 -270.140625 -290.03125 -325.671875 -330.140625 -365.375 -333.265625 894.1875 1326.796875 1253.703125 1338.9375 1302.453125 1245.5 1199.1875 1028.078125 1043.171875 1023.6875 1078.84375 763.71875 297.703125 -125.921875 -396.921875 -169.640625 257.125 -52.65625 -401.5625 -553.921875 -532.5625 -192.921875 161.921875 50.609375 109.03125 16.78125 -595.984375 -226.828125 -14.15625 -183.71875 -330.96875 -477.984375 -126.375 -305.0625 -481.234375 -396.25 -290.625
-301.75 -274.078125 -264.46875 -262.90625 -284.734375 -281.609375 -90.71875 226.3125 -197.15625 666.375 301.28125 534.65625 1376.34375 1535.265625 933.875 819.90625 652.390625 -267.625 -187.40625 137.515625 931.46875 1429.828125 1506.3125 1491.78125 1489.640625 1460.984375 1242.75 1324.15625 1113.296875 1028 1023.84375 1091.34375 1029.875 -1.96875 -360.03125 -393.3125 -210.296875 -268.140625 -240.234375 -532.25 -570.9375 125.28125 112.953125 67.90625 145.015625 -69.296875 15.90625 150.421875 -221.625 3.296875 -116.4375 -176.5625 -545.359375 -632.703125 -591.015625 -569.1875 -371.546875 -257.734375
-279.625 -268.703125 -256.421875 -182.171875 166.1875 -197 868.234375 1407.71875 1190.015625 1123.859375 1311.671875 1451.859375 1513.734375 1546.03125 1667.953125 1670.25 1615.171875 1426.890625 1592.59375 1595.6875 1593 1646.21875 1768.796875 1043.75 410.453125 89.203125 -244.328125 677.015625 1212.578125 1294.625 1170.15625 1267.953125 912.203125 -67.59375 -329.21875 -392.390625 -473.703125 -488.515625 -490 -451.34375 -524.28125 -376.75 -133.828125 239.109375 34.421875 81.0625 -13.546875 -25.671875 -169.34375 -430.546875 -122.390625 -84.421875 -211.6875 -775.328125 -737.21875 -685.15625 -607.921875 -469.28125
-262.125 -249.796875 -262.4375 362.796875 1401.734375 1411.171875 1522 1521.84375 1620.65625 1526.328125 1530.625 1671.90625 1112.96875 1195.5 730.15625 1403.1875 1621.296875 1664.734375 1775.390625 1720.015625 1563.625 1498.3125 1096.21875 -185.953125 -214.609375 -204.1875 -232.5 -175.09375 -174.546875 680.890625 826.5 1131.5625 853.375 90.640625 -122.265625 -384.890625 -419.125 -384.71875 -485.40625 -433.421875 -127.71875 -222.34375 -78.59375 -260.5 663.765625 491.40625 157.265625 10.1875 -189.265625 -714.96875 -587.140625 -274 -80.53125 -618.265625 -869.265625 -1011.03125 -745.984375 -405.5
1003.15625 649.15625 636.578125 466.5 1207.734375 1539.984375 1904.125 1881.84375 1984.53125 1957.125 1689.109375 1580 235.328125 -2.1875 302.3125 159.25 1671.90625 1633.765625 1396.90625 1683.859375 1699.484375 998.703125 5.0625 -207.296875 -201.875 -192.59375 -205.765625 -250.6875 -233.765625 256.21875 85.65625 522.65625 405.484375 142.46875 144.046875 10.90625 -44.984375 -96.625 -92.9375 19.453125 203.59375 92.234375 -17.84375 102.8125 -158.46875 114.890625 70.640625 63.3125 67.890625 -554.640625 -417.96875 -257.953125 -241.703125 -544.53125 -682.609375 -776.90625 -684.15625 -431.53125
1055.34375 1010.5625 1033.625 1183.828125 1706.296875 1910.9375 2066.609375 2017.203125 2081.109375 1980.546875 1743.03125 1624.046875 1287.5625 -220.234375 -200.21875 -181.375 36.6875 1410.140625 976.515625 1770.53125 537.3125 210.90625 271.515625 293.375 -149.34375 -166.5 -248.765625 306.453125 678.015625 1144.25 53.015625 -101.375 -107.5625 -137.390625 58.859375 290.9375 -67.75 -195.90625 -102.15625 173.84375 141.390625 389.859375 46.1875 -79.234375 -168.140625 -210.171875 -1.65625 -1.59375 49.171875 -300.78125 -264.703125 -454.46875 -746.28125 -657.859375 -606.96875 -558.4375 -465.390625 -347.859375
874.625 1306.765625 1632.828125 1823.296875 1778.5 1091.140625 1655.578125 753.890625 456.296875 1763.96875 1712.875 1576.65625 858.90625 -247.640625 -186.203125 -176.71875 -167.578125 342.796875 1063.65625 517.546875 67.46875 1007.796875 1131.453125 1164.890625 -259.3125 -215.40625 32.015625 1195.078125 1231.734375 1152.6875 598.90625 -157.609375 -221.25 -287.25 -179.125 -67.234375 -185.03125 -297.09375 -374.59375 -228.3125 176 197.78125 252.453125 84.46875 -106.28125 -300.828125 -2.40625 -17.28125 -194.484375 27.34375 -155.421875 -461.65625 -664 -611.640625 -615.234375 -640.796875 -536.40625 -332.625
1801.796875 1853.34375 1378.453125 346.0625 -45.59375 -152.25 -155.625 -191.390625 -181.734375 38.90625 976.40625 1742.28125 1602.921875 484.40625 345.921875 26.484375 -170.484375 -166.796875 -78.875 -223.6875 19.984375 742.03125 1034.46875 1215.359375 -274.8125 595.96875 852.03125 1165.75 1112.984375 1076.703125 954.953125 -147.046875 -95.078125 186.671875 -206.515625 -333.03125 -129.953125 -48.515625 -267.328125 -150.859375 243.71875 216.75 496.375 -26.375 -90.265625 -289.609375 6.625 -86.703125 -78.53125 -335.203125 -364.71875 -663.40625 -600.984375 -570.390625 -580.953125 -512.40625 -572.1875 -508.640625
1608.859375 98.5625 -40.265625 -85.859375 -162.46875 -187.234375 -135.71875 -199.09375 -199.453125 -210.328125 -173.109375 982.84375 1734.078125 1804.59375 1838.515625 949.484375 -178.140625 -109.125 -108.96875 -201.921875 -233.625 -262.765625 -309.5 -28.203125 -113.078125 642.515625 1264.96875 1345.15625 1150.625 939.046875 1059.671875 288.21875 740.140625 799.5 182.640625 -181.46875 -282.59375 -251.90625 -225.671875 -18.265625 106.796875 283.296875 406.4375 171.765625 -315.203125 -422.296875 -134.03125 -79.921875 -318.1875 -708.125 -677.203125 -625.984375 -578.40625 -574.828125 -560.65625 -530.65625 -492.71875 -528.203125
321.90625 -65.84375 -106.734375 -124.96875 -179.0625 -149.3125 -118.640625 -108.6875 448.640625 6.0625 -183.25 -166.5625 758.734375 1822.296875 1879.796875 1187.875 -61.953125 -101.609375 -153.3125 -145.21875 -193.71875 -151.640625 540.1875 1168.625 1084.6875 1066.3125 988.671875 1009.140625 1199.765625 960.875 1051.046875 838.375 1027.8125 881.65625 829.625 309.625 -40.953125 -222.28125 -284.34375 56.515625 -24.359375 65.84375 470.28125 306.40625 -526.84375 -546.8125 -211.578125 118.15625 -465.703125 -686.828125 -667 -606.171875 -583.734375 -587.078125 -563.453125 -528.859375 -458.765625 -433.3125
-84.9375 -106.3125 -121.390625 -103.828125 -89.828125 -118.40625 -147.59375 -125.328125 22.515625 336.5 -152.390625 -181.296875 -104.734375 301.34375 605.640625 -40.203125 513.046875 -75.03125 -67.984375 192.953125 620.65625 991.109375 860.421875 901.40625 737.046875 460.9375 918.265625 691.390625 127.671875 583.390625 1102.9375 1234.46875 975.75 892.546875 717.046875 738.625 493.0625 -273.671875 -260.765625 -85.421875 -275.828125 -348.640625 -36.40625 -21.4375 -597.296875 -637.03125 -260.921875 -2.90625 -512.140625 -667.109375 -628.09375 -599.421875 -590.34375 -565.546875 -539.375 -499.359375 -435.515625 -363.390625
