Cases/SDM_Urocitellus_beldingi/westernUsClimate_historic/BIO08.asc
NCOLS 316 
NROWS 299 
XLLCORNER -124.820833001 
YLLCORNER 29.1625003333339 
CELLSIZE 0.0666666666645545 
NODATA_value -3.4e+38 
[rows 0 to 25 of 299, columns 58 to 115 of 316]
-497.089285714286 -563.375 -558.660714285714 -554.625 -529.5 -555.875 -566.035714285714 -562.875 -571.607142857143 -595.571428571429 -629.821428571429 -685.946428571429 -671.589285714286 -541.464285714286 -544.589285714286 -610.839285714286 -726.25 -464.464285714286 -204.160714285714 -363.928571428571 -316.410714285714 -136.392857142857 -166.089285714286 -498.535714285714 -554.178571428571 -500.785714285714 442 1337.53571428571 1364.57142857143 468.660714285714 -289.982142857143 -373.75 -387.410714285714 -391.392857142857 -412.517857142857 -387.25 -365.196428571429 -302.25 -373.321428571429 -435.357142857143 -330.410714285714 -326.125 -404.214285714286 -548.160714285714 -412.017857142857 -432.857142857143 -463.446428571429 -420.071428571429 -424.821428571429 -316.660714285714 -266.375 -364.75 -375.964285714286 -408.125 -400.428571428571 -351.178571428571 -565.071428571429 -688.089285714286
-483.375 -571.890625 -556.921875 -550.53125 -536.640625 -568.078125 -590.40625 -578.125 -585.609375 -599.46875 -553.75 -484.046875 -512.328125 -454.3125 -581.109375 -623.453125 -576.6875 -540.421875 -187.953125 -195.015625 -284.96875 -213.9375 -73.5 -226.953125 -394.1875 -454.265625 -379.78125 1283.46875 1343.125 1369.875 1196.75 35.984375 -334.546875 -362.140625 -405.875 -363.28125 -313.5 -327.8125 -334.5 -341.265625 -330.5625 -300.640625 -385.875 -426.34375 -385.46875 -353.28125 -347.8125 -391.84375 -326.421875 -249.203125 -259.96875 -355.90625 -392.34375 -354.09375 -355.3125 -469.359375 -502.234375 -603.5
-399.484375 -514.46875 -545.15625 -571.484375 -575.984375 -581.421875 -598.03125 -571.84375 -599.578125 -530.6875 -321.84375 -318.765625 -411.546875 -557.703125 -605.1875 -657.703125 -622.40625 -582 -370.421875 -196.59375 -357.703125 -235.375 -115.171875 -238.765625 -399.40625 -455.234375 -511.65625 925.96875 1356.875 1275.34375 1348.953125 1419.59375 396.25 -276.671875 -380.234375 -312.40625 -338.3125 -383.828125 -474.96875 -377.203125 -355.734375 -281.234375 -347.5 -392.421875 -368.328125 -352.6875 -341.875 -205.640625 -232.828125 -383.4375 -319.75 -443.28125 -637.6875 -427.59375 -331.921875 -433.453125 -677.59375 -686.609375
-406.28125 -455.03125 -540.796875 -572.703125 -597.296875 -597.796875 -626.640625 -612.375 -585.28125 -404.5625 -423.90625 -445.140625 -402.203125 -547 -565.515625 -639.5625 -654.28125 -518.546875 -400.703125 -249.328125 -343.6875 -251.6875 -166.421875 -245.890625 -448.703125 -450.171875 -507.90625 -287.609375 899.84375 1222.53125 1339.109375 1203.828125 1010.15625 57.359375 -327.78125 -313.21875 -380.46875 -431.25 -449.734375 -418.09375 -352.40625 -252.640625 -329.0625 -378.1875 -298.3125 -234.703125 -236.859375 -316.203125 -293.796875 -342.3125 -334.765625 -574.109375 -574.015625 -324.1875 -355.015625 -486.015625 -513.75 -565.921875
-364.8125 -467.5625 -478.734375 -552.8125 -609.234375 -613.84375 -631.234375 -606.9375 -569.96875 -596.796875 -533.3125 -526.0625 -510.34375 -536 -563.109375 -658.296875 -660.953125 -558.375 -448.6875 -270.90625 -237.828125 -170.796875 -157.046875 -159.078125 -269.296875 -421.40625 -515.296875 -592.828125 527.484375 1061.90625 1024.296875 928.1875 849.703125 -216.71875 -352.015625 -345.734375 -411.328125 -463.34375 -463.171875 -426.421875 -348.515625 -268.125 -234.21875 -290.03125 -219.34375 -278.796875 -319.8125 -319.03125 -350.6875 -297.84375 -368.421875 -495.609375 -370.578125 -333.1875 -454.5 -497.421875 -603.15625 -640.40625
-306.671875 -367.03125 -440.375 -538.75 -571 -586.796875 -503.328125 -504.40625 -587.609375 -578.484375 -508.6875 -506.671875 -473.28125 -550.03125 -578.0625 -681.21875 -676.1875 -534.515625 -447.109375 -362.796875 -313.5625 -178.328125 -136.875 -169.3125 -248.328125 -369.453125 -503.046875 -512.171875 -452.546875 347.53125 652.765625 227.5625 -248.984375 -379.359375 -354.59375 -396 -431.90625 -501.828125 -460.875 -428.578125 -385.0625 -314.8125 -209.3125 -213.546875 -234.921875 -286.390625 -365.84375 -432.5625 -409.9375 -330.046875 -424.140625 -422.5625 -305.1875 -304.453125 -497.28125 -615.65625 -566.640625 -558.046875
-403.46875 -379.53125 -511.8125 -529.484375 -487.375 -430.140625 -392 -413.546875 -476.390625 -434.1875 -457.1875 -435.375 -440.921875 -492.3125 -581.75 -659.15625 -611.609375 -532.0625 -399.234375 -364.40625 -229.453125 -187.84375 -146.765625 -245.796875 -285.484375 -336.34375 -375.5625 -417.03125 -475.671875 -464.484375 -466.40625 -438.8125 -399.359375 -368.84375 -366.125 -425.5 -469.703125 -498.984375 -470.75 -418.609375 -372.359375 -337.875 -162.046875 -180.34375 -239.59375 -261.6875 -401.828125 -379.5625 -374.296875 -435.109375 -437.75 -411.46875 -374.53125 -281.453125 -417.40625 -452.9375 -494.328125 -396.046875
-469.484375 -475.53125 -500.90625 -541.375 -509.046875 -451.4375 -384.953125 -368.71875 -375.234375 -387.265625 -389.375 -411.25 -416.8125 -494.09375 -568.640625 -593.15625 -542.875 -464.15625 -375.71875 -267.0625 -211.90625 -163.328125 -188.5625 -276 -361.9375 -455.703125 -413.421875 -408.078125 -407.578125 -433.03125 -402.921875 -420.90625 -383.640625 -359.53125 -402.96875 -464.53125 -497.0625 -483.1875 -431.671875 -389.078125 -335.921875 -293.296875 -137.359375 -185.515625 -225.53125 -234.25 -276.8125 -333.703125 -379.328125 -378.0625 -395.078125 -406.4375 -434.21875 -312.578125 -292.015625 -350.09375 -413.390625 -449.75
-482.3125 -476.765625 -518.078125 -528.265625 -530.84375 -547.953125 -518.484375 -477.71875 -366.59375 -350.84375 -377.703125 -375.671875 -376.6875 -463.6875 -538.53125 -553.390625 -457.640625 -374.140625 -309.109375 -244.171875 -190.90625 -157.390625 -220.375 -267.671875 -339.4375 -459.015625 -490.859375 -427.671875 -129.375 -21.734375 -355.671875 -333.46875 -370.140625 -357.625 -428.390625 -479.96875 -505.140625 -493.75 -403.9375 -362.21875 -317.34375 -183.03125 -210.09375 -355.703125 -283.375 -196.625 -235.484375 -294.09375 -322.96875 -341.75 -385.625 -443.609375 -411.65625 -293.609375 -254.203125 -292.59375 -415.40625 -458.8125
-416.203125 -342.46875 -401.90625 -450.28125 -516.734375 -495.515625 -510.5625 -502.75 -372.296875 -319.703125 -346.046875 -399.8125 -361.875 -417.4375 -461.875 -508.875 -492.546875 -405.984375 -358.078125 -221.3125 -186.984375 -172.6875 -179.40625 -335.125 -413.078125 -480.515625 -527.03125 -490.328125 -143.140625 -132.265625 -410.171875 -352.890625 -337.15625 -328.46875 -424.59375 -478.578125 -474.515625 -425.734375 -387.0625 -280.453125 -232.953125 -165.484375 -235.875 -348.453125 -220.59375 -208.125 -207.328125 -230.4375 -240.234375 -286.328125 -404.734375 -548.328125 -412.09375 -285.84375 -237.71875 -286.703125 -402.875 -445.109375
-371.484375 -264.3125 -360.59375 -426.40625 -486.203125 -502.671875 -453.609375 -415.390625 -375.734375 -344.546875 -325.53125 -354.84375 -330.09375 -307.203125 -379.375 -459.46875 -447.90625 -330.5625 -327.609375 -224.875 -145.0625 -124.515625 -155.609375 -214.703125 -348.390625 -384.4375 -433.671875 -452.5625 -489.1875 -438.71875 -408.953125 -378.546875 -346.78125 -297.921875 -386.859375 -455.71875 -448.59375 -414.015625 -355.734375 -270.78125 -226.125 -156.578125 -209.546875 -332.28125 -278.203125 -212.28125 -203.015625 -315.828125 -276 -271.984375 -354.25 -450.25 -444.15625 -288.28125 -206.71875 -283.71875 -375.9375 -391.96875
-307.78125 -377.796875 -386.9375 -232.53125 -253.015625 -501.6875 -497.125 -447.75 -422.640625 -363.109375 -323.34375 -322.296875 -316.453125 -294.453125 -319.96875 -410.390625 -318.296875 -236.640625 -185.078125 -151.75 -141.265625 -196.859375 -162.484375 -233.5 -278.25 -344.921875 -359.875 -402.453125 -418.015625 -371.25 -353.9375 -366.078125 -298.5 -262.765625 -341.078125 -402.9375 -430.015625 -409.53125 -333.90625 -261.265625 -196.03125 -145.796875 -183.546875 -288.46875 -325.875 -262.09375 -184.53125 -216.71875 -201.265625 -269.09375 -379.078125 -462.59375 -409.8125 -251.71875 -178.546875 -198.640625 -296.328125 -338.546875
-383.3125 -478.296875 -506.75 -494.015625 -235.046875 -313.578125 -462.1875 -572.828125 -530.6875 -490.421875 -353.546875 -288.140625 -266.390625 -257.84375 -319.375 -361.171875 -274.828125 -194.84375 -154.953125 -142.625 -178.1875 -226.078125 -233.796875 -152.625 -215.140625 -248.828125 -332.078125 -359.234375 -330.203125 -245.046875 -266.59375 -327.71875 -309.71875 -246.40625 -266.53125 -360.421875 -399.25 -358.546875 -276.109375 -236.125 -182.390625 -149.703125 -166.6875 -294.59375 -253.109375 -293.140625 -205.765625 -190.984375 -173.125 -226.671875 -361.375 -419.90625 -322.421875 -224.859375 -165.609375 -169.453125 -178.609375 -231.421875
-478.3125 -486.078125 -451.921875 -414.390625 -305.453125 -190.4375 -286.34375 -418.28125 -514.609375 -512.796875 -382.4375 -284.1875 -245.390625 -241.96875 -276.859375 -292.078125 -273.109375 -174 -158.671875 -141.265625 -182.5625 -220.390625 -229.6875 -183.265625 -158.09375 -226.953125 -212.328125 -229.75 -256.375 -189.21875 -250.28125 -263.515625 -309.703125 -206.78125 -276.703125 -308.34375 -288.5625 -317.09375 -281.828125 -232.703125 -167.703125 -132 -180.09375 -259.921875 -379.390625 -310.515625 -195.421875 -155.953125 -156.703125 -171.328125 -235.09375 -385.640625 -385.359375 -320.546875 -187.59375 -203.625 -200.984375 -192.125
-452.5 -422.984375 -497.703125 -433.546875 -505.171875 -425.328125 -205.375 -343.390625 -491.0625 -492.84375 -432.390625 -301.4375 -244.9375 -215.265625 -207.703125 -204.03125 -198.265625 -171.0625 -152.015625 -127.640625 -181.078125 -201.296875 -175.96875 -178.15625 -134.9375 -152.140625 -133.203125 -161.0625 -151.734375 -167.34375 -205.125 -260.65625 -323.046875 -194.921875 -231.53125 -282.46875 -244.59375 -243.46875 -197.15625 -189.078125 -125.375 -135.046875 -172.421875 -261.015625 -326.90625 -243.6875 -186.09375 -140.46875 -150.59375 -179.515625 -239.34375 -248.046875 -211.65625 -183.75 -189.0625 -177.28125 -170.953125 -171.359375
-443.8125 -342 -398.953125 -421.84375 -455.265625 -464.796875 -384.40625 -213.90625 -273.09375 -303.25 -368.546875 -411.265625 -334.046875 -224.890625 -221.4375 -164.015625 -152.109375 -160.828125 -140.359375 -116.359375 -154.265625 -138.15625 -148.5625 -144.984375 -135.9375 -188.265625 -192.046875 -219.1875 -167.171875 -127.25 -190.265625 -252.6875 -292.796875 -177.09375 -132.421875 -243.25 -217.796875 -160.890625 -129.640625 -122.34375 -105.984375 -132.078125 -208.9375 -283.109375 -213.21875 -181.078125 -158.796875 -138.84375 -144.4375 -165.296875 -193.203125 -193.015625 -185.078125 -145.796875 -150 -159.40625 -159.046875 -235.359375
-323.359375 -341.171875 -305.3125 -379.71875 -389.59375 -350.671875 -412.1875 -388.90625 -376.9375 -248.25 -185.515625 -222.859375 -326.90625 -366.671875 -283.65625 -156.71875 -139.625 -231.453125 -191.296875 -113.703125 -138.3125 -176.890625 -193.015625 -201.828125 -211.234375 -228.671875 -241.328125 -214.03125 -163.875 -101.171875 -149.421875 -205.40625 -202.03125 -143.515625 -130.5625 -228.546875 -220.53125 -191.34375 -98.578125 -116.625 -115.640625 -124.546875 -211.703125 -202.671875 -179.96875 -150.625 -151.296875 -144.5 -141.609375 -192.296875 -151.734375 -148.875 -155.734375 -134.3125 -110.65625 -112.96875 -162.34375 -243.359375
-206.109375 -260.90625 -278.125 -260.828125 -381.890625 -397.375 -300.46875 -361.296875 -393.328125 -334.21875 -299.0625 -148.25 -169.25 -238.078125 -220.484375 -115.828125 -129.8125 -211.859375 -180.375 -145.625 -153.9375 -164 -171.921875 -181.40625 -194.546875 -229.8125 -204.96875 -141.125 -105.53125 -97.515625 -96.65625 -117.15625 -110.921875 -94.40625 -98.46875 -108.765625 -96.046875 -198.09375 -101.765625 -79.515625 -105.640625 -106.25 -119.171875 -124.8125 -139.515625 -143.984375 -134.453125 -137.84375 -160.875 -170.203125 -139.890625 -132.4375 -142.484375 -117.75 -95.4375 -114.6875 -216.15625 -324.59375
-197.765625 -185.765625 -230.984375 -216.109375 -239.875 -345.40625 -363.5 -278.421875 -267.53125 -377.0625 -238.921875 -141.734375 -106.375 -108.78125 -129.640625 -91.984375 -225.328125 -229.671875 -210.734375 -179.890625 -169.234375 -176.34375 -174.53125 -169.828125 -168.640625 -177.984375 -139.125 -123.609375 -157.078125 -167.140625 -172.296875 -172.0625 -172.203125 -163.625 -177.15625 -157.578125 -102.53125 -88.671875 -77.171875 -82.15625 -101.828125 -109.609375 -92.875 -141.703125 -150.03125 -139.390625 -116.203125 -113.84375 -117.25 -93.640625 -111.921875 -107.234375 -97.734375 -59.34375 -65.5625 -95.6875 -165.140625 -240.75
-243.65625 -227.234375 -199.390625 -182.28125 -176.171875 -258.96875 -327.71875 -217.859375 -179.84375 -190.953125 -193.796875 -132.640625 -103.796875 -117.46875 -78.28125 -214.46875 -251.34375 -241.9375 -200.53125 -177.578125 -169.890625 -174 -173.09375 -171.609375 -183.078125 -190.078125 -154.484375 -208.703125 -199.828125 -204.015625 -197.21875 -186.421875 -194.578125 -192.859375 -195.9375 -174.078125 -145.734375 -127.78125 -110.859375 -97.734375 -113.046875 -120.109375 -106.671875 -85.390625 -120.15625 -103.28125 -127.5625 -113.90625 -109.59375 -98.375 -55.34375 -61.53125 -45.921875 -8.9375 -30.234375 -62.15625 -107.03125 -104.046875
-396.09375 -308.28125 -232.171875 -187.109375 -164.234375 -202.09375 -301.734375 -237.40625 -182.984375 -148.421875 -161.125 -69.3125 -189.9375 -201.78125 -228.890625 -250.578125 -259.796875 -232.046875 -198.84375 -166.796875 -155.390625 -177.15625 -174.390625 -188.21875 -214.046875 -146.484375 -198.34375 -217.265625 -184.328125 -171.59375 -159.9375 -165.859375 -174.984375 -186.125 -201.75 -195.390625 -166.296875 -139.8125 -132.0625 -120.328125 -123.765625 -145.859375 -142.390625 -129.625 -136.171875 -136.90625 -128.828125 -118.34375 -94.921875 -75.015625 -38.671875 10.265625 -4.90625 14.453125 -20.859375 -39.96875 -86.890625 -69.671875
-497.203125 -475.015625 -414.609375 -170.859375 -128.6875 -145.015625 -188.3125 -293.65625 -239.640625 -158.28125 -112.625 -102.75 -236.265625 -272.421875 -259.40625 -238.046875 -230.125 -224.59375 -196.421875 -157.46875 -169.40625 -192.28125 -196.21875 -220.375 -163.5625 -124.4375 -142.796875 -140.21875 -142.296875 -142.5625 -136.421875 -148.78125 -169.09375 -172.765625 -170.515625 -169.6875 -165.609375 -159.984375 -147 -140.4375 -155.046875 -178.671875 -176.9375 -157.4375 -147.5 -143.234375 -131.640625 -118.609375 -97.09375 -73.96875 -40.59375 4.015625 39.96875 22.921875 2.890625 -1.921875 -6.546875 -20.75
-290.671875 -371.96875 -351.71875 -246.8125 -116.6875 -113.90625 -157.515625 -185.875 -244.625 -205.921875 -86.9375 -212.109375 -275.078125 -273.71875 -212.484375 -201.59375 -197.453125 -222.8125 -203.859375 -169.328125 -224.234375 -231.484375 -194.125 -100.8125 -73.484375 -104.265625 -117.03125 -123.5625 -123.515625 -105.90625 -116.328125 -132.4375 -142.828125 -142.71875 -147.15625 -150.75 -146.890625 -145.6875 -147.78125 -162.640625 -163.734375 -163.6875 -169.984375 -167.515625 -150.671875 -131.03125 -127.3125 -111.765625 -95.390625 -73.3125 -43.734375 -7.78125 10.75 0.515625 -65.390625 -39.859375 -49.84375 -100.1875
-465.890625 -478.59375 -399.53125 -259.484375 -131.796875 -115.109375 -77.890625 -71.09375 -143.84375 -97.890625 -118.03125 -233.640625 -243.21875 -243.578125 -207.25 -166.21875 -177.21875 -179.140625 -118.296875 -148.390625 -185.296875 -157.390625 -76.1875 -75.390625 -75.046875 -84.734375 -97.578125 -100 -91.71875 -84.1875 -93 -101.828125 -110.796875 -117.09375 -127.609375 -130.90625 -128.5625 -137.140625 -148.703125 -158.1875 -157.75 -163.28125 -155.671875 -143.921875 -131.21875 -130.46875 -123.078125 -104.375 -84.3125 -76.890625 -69.453125 -43.328125 -29.5625 -16.625 -26.46875 -44.90625 -71.890625 -104.515625
-506 -483.46875 -485.328125 -315.5625 -159 -161.09375 -114.3125 -110.34375 -73.90625 -28.71875 -108.40625 -179.328125 -165.3125 -175.484375 -169.90625 -141.6875 -114.46875 -82.25 -89.4375 -105.4375 -174.078125 -96.8125 -75.25 -66.203125 -84.171875 -62.96875 -67.265625 -69.171875 -69.9375 -67.03125 -70.53125 -78.515625 -87.609375 -97.484375 -102.828125 -108.828125 -120.453125 -126.84375 -132.34375 -140.34375 -138.515625 -146.375 -137.8125 -119.171875 -116.875 -118.40625 -110.421875 -94.046875 -75.71875 -74.53125 -66.984375 -61.734375 -61.703125 -49.53125 -38.046875 -40.703125 -48.9375 -49.359375
-324.34375 -341.015625 -353.453125 -304.015625 -220 -223.828125 -174.421875 -199.4375 -137.9375 -58.84375 -41.921875 -56.796875 -97.03125 -113.125 -133.421875 -108.8125 -173.90625 -196.359375 -168.90625 -176.765625 -185.875 -48.796875 -39.703125 -42.53125 -46.828125 -46.46875 -59.125 -64.75 -60.625 -54.171875 -50.015625 -55.15625 -65.140625 -75.40625 -87.546875 -94.125 -98.265625 -102.28125 -108.140625 -110.59375 -120.65625 -118.609375 -106.015625 -101.390625 -105.015625 -96.453125 -91.359375 -80.640625 -71.390625 -68.90625 -62.265625 -59.703125 -68.1875 -63.6875 -49.671875 -35.8125 -37.453125 -48.078125
