Cases/SDM_Urocitellus_beldingi/westernUsClimate_historic/BIO01.asc
NCOLS 316 
NROWS 299 
XLLCORNER -124.820833001 
YLLCORNER 29.1625003333339 
CELLSIZE 0.0666666666645545 
NODATA_value -3.4e+38 
[rows 234 to 259 of 299, columns 118 to 176 of 316]
1685.671875 1618.375 1483.953125 1367.765625 1371.71875 1434.046875 1543.234375 1479.953125 1553.4375 1476.421875 1572.75 1965.296875 2182.53125 2207.015625 2219 2226 2212.421875 2201.4375 2172.453125 1945.09375 1867.328125 1917.140625 1971.078125 1957.921875 1979.21875 2046.84375 2112.71875 2208.421875 2242.265625 2226.4375 2206.1875 2218.484375 2200.65625 2192.890625 2178.390625 2178.125 2194.625 2193.203125 2181.375 2122.03125 2093.8125 2070.171875 2117.203125 2098.125 2066.84375 2072.75 2067.15625 1996.421875 1992.265625 1997.265625 1996.515625 1987 2006.75 2014.484375 1988.734375 1977.734375 1985.40625 1993.34375 2000.96875
1494.3125 1495.5625 1510.984375 1435.234375 1348.46875 1315.046875 1570.765625 1814.0625 1848.375 1952.96875 1760.609375 1657.328125 2025.71875 2154.140625 2209.140625 2219.015625 2224.703125 2217.09375 2204.3125 2171.125 2147.234375 2149.359375 2130.875 2101.34375 2055.140625 2094.765625 2153.9375 2188.421875 2215.53125 2209.3125 2225.765625 2234.640625 2213.0625 2198.828125 2186.34375 2186.265625 2197 2176.5 2140.375 2103.625 2072.078125 2068.984375 2144.203125 2043.421875 2007.75 2069.6875 2106.40625 2096.109375 2083.15625 2052.921875 2043.46875 2010.09375 1999.640625 2000.90625 2003.0625 1997.796875 2013.03125 2022.34375 2030.234375
1474.484375 1355.875 1404.59375 1438.640625 1401.0625 1280.109375 1379.625 1718.4375 2032.609375 1996.6875 2066.015625 1844.984375 1942.046875 2153.015625 2195.46875 2215.921875 2223.75 2224.296875 2219.828125 2213.046875 2203.359375 2214.015625 2235.0625 2216.046875 2140.71875 2156.78125 2176.125 2170.203125 2180.5 2203.3125 2213.40625 2233.71875 2245.96875 2207.71875 2192.3125 2215.75 2206.78125 2168.84375 2118.984375 2099.46875 2077.921875 2078.3125 2150.875 2074.765625 2080.25 2138.78125 2167.171875 2137.765625 2096.21875 2079.15625 2088.765625 2044.28125 2016.453125 2016.015625 2010.625 2016.109375 2023.4375 2045.96875 2072.859375
1585.390625 1517.0625 1440.546875 1465.34375 1451.625 1360 1308.921875 1640.375 2093.6875 2098.25 2091.078125 2093.484375 2123.03125 2166.46875 2193.140625 2217 2224.46875 2223.640625 2222.15625 2216.359375 2216.140625 2211.09375 2214.640625 2243.625 2237.125 2195.4375 2192.265625 2195.953125 2200.65625 2214.515625 2222.1875 2222.78125 2229.046875 2212.234375 2198.65625 2217.5625 2195.015625 2186.203125 2178.109375 2168.90625 2133.59375 2149.515625 2128.546875 2156.4375 2202.21875 2204.203125 2206.8125 2155.734375 2099.546875 2071.671875 2071 2076.828125 2058.03125 2050.53125 2052.484375 2057.203125 2068.125 2064.203125 2073.390625
1553.375 1543.953125 1472.515625 1433.40625 1370.75 1400.78125 1471.546875 1592.234375 1949.140625 2077.078125 2106.234375 2138.796875 2156.03125 2180.296875 2199.8125 2211.515625 2219.328125 2221.34375 2219.234375 2216.96875 2214.609375 2206.921875 2206.359375 2218.21875 2260.59375 2255.296875 2175.765625 2176.015625 2190.71875 2213.515625 2237.5625 2253.375 2259.15625 2239.453125 2206.75 2221.84375 2220 2216.40625 2178.78125 2182.921875 2166.21875 2167.546875 2115.671875 2114.1875 2148.640625 2182.015625 2208 2194.296875 2142.90625 2114.359375 2097.71875 2106.390625 2099.09375 2092.59375 2090.6875 2100.359375 2101.453125 2103.46875 2119.3125
1600.546875 1627.59375 1536.546875 1480.671875 1392.953125 1351.796875 1612.125 1687.984375 1786.390625 1908.828125 1973.265625 2096.734375 2165.40625 2179.53125 2193.828125 2205.59375 2217.734375 2219.609375 2217.765625 2212.71875 2207.640625 2199.78125 2199.578125 2205.9375 2229.953125 2251.78125 2274.09375 2271.953125 2210.375 2169.109375 2224.359375 2251.140625 2267 2245.203125 2234.234375 2224.875 2220.453125 2199.703125 2164.3125 2155.25 2175.78125 2169.65625 2152.796875 2145.140625 2146.453125 2149.15625 2154.78125 2164.453125 2167.75 2152.125 2112.296875 2111.71875 2126.234375 2132.640625 2139.578125 2132.375 2134.921875 2151.734375 2170.703125
1638.921875 1601.109375 1565.953125 1526 1442.765625 1358.125 1512.15625 1597.5625 1644.640625 1613.265625 1729.453125 1811.1875 2117.6875 2158.21875 2172.34375 2187.125 2197.71875 2206.734375 2216.140625 2210.328125 2202.4375 2195.34375 2197.609375 2204.65625 2221.765625 2247.390625 2253.609375 2253.25 2258.140625 2261.890625 2242.921875 2217.5625 2246.5 2242.390625 2220.625 2234.875 2234.46875 2223.359375 2190.515625 2167.828125 2151.484375 2187.609375 2120.75 2181.84375 2175.171875 2170.328125 2165.296875 2138.578125 2145.203125 2139.40625 2127.140625 2136.75 2146.125 2158.8125 2168.171875 2168.125 2170.703125 2179.3125 2186.921875
1618.546875 1622.03125 1610.484375 1611.78125 1446.328125 1178.125 1312.828125 1628.703125 1695.59375 1692.71875 1764.1875 1927.578125 2040.90625 2024.65625 2045.765625 2161.0625 2177 2189.75 2206.578125 2207.65625 2197.390625 2193.734375 2195.828125 2202.609375 2219.890625 2239.53125 2260.15625 2265.703125 2257.65625 2257.625 2252.390625 2251.375 2257.03125 2247.9375 2238.1875 2247.484375 2256.34375 2244.078125 2226.421875 2195.984375 2162.3125 2182 2175.265625 2173.484375 2192.9375 2186.15625 2193.921875 2188.84375 2180.53125 2176.625 2156.703125 2162.265625 2174.265625 2188.09375 2190.53125 2184.625 2179.734375 2177.46875 2176.234375
1662.234375 1637.125 1637.609375 1593.421875 1468.890625 1239.875 1195.28125 1393.90625 1692.703125 1724.296875 1907.96875 1997.234375 2047.484375 2056.65625 2074.5625 2143 2161.4375 2183.5 2203.765625 2203.09375 2193.9375 2190.296875 2194.203125 2203.5 2217.359375 2231.484375 2238.28125 2253.078125 2255.875 2249.59375 2257.921875 2252.984375 2244.4375 2239.671875 2238.25 2247.75 2265.484375 2259.171875 2243.015625 2214.03125 2187.3125 2177.25 2184.640625 2208.640625 2222.765625 2193.25 2211.421875 2210.765625 2203.640625 2194.9375 2187.671875 2191.046875 2198.96875 2204.65625 2196.53125 2185.703125 2175.1875 2166.5625 2162.796875
1684.84375 1683.5625 1672.9375 1566.296875 1496.28125 1381.921875 1288.78125 1094.203125 1273.125 1559.078125 1815.90625 2019.34375 2054.328125 2084.46875 2105.671875 2141.296875 2164.125 2187.046875 2207.046875 2207.578125 2191.3125 2194.265625 2197.015625 2204.65625 2214.421875 2221.0625 2226.265625 2224.1875 2235.390625 2241.71875 2242.578125 2252.859375 2234.25 2235.578125 2233.78125 2227.265625 2244.890625 2240.734375 2237.8125 2224.984375 2199.765625 2185.8125 2185.03125 2210.1875 2210.09375 2196.875 2215.234375 2225.984375 2224.984375 2221.46875 2216.0625 2213.3125 2211.703125 2207.84375 2196.015625 2182.9375 2170.171875 2161.640625 2162.40625
1676.390625 1668.0625 1652.59375 1586.578125 1521.546875 1412.546875 1339.203125 1218.359375 1198.421875 1386.296875 1681.96875 1891.765625 1954.546875 2026.8125 2065.84375 2136.34375 2162.390625 2186.921875 2205.234375 2209.40625 2201.28125 2199.640625 2202.171875 2209.453125 2212.96875 2214.578125 2218.6875 2217.71875 2218.53125 2224.765625 2225.03125 2223.6875 2228.390625 2226.9375 2224.140625 2215.390625 2215.796875 2228.234375 2227.515625 2232.078125 2217.625 2210.9375 2205.5 2187.671875 2182.515625 2186.375 2217 2248.78125 2248.671875 2236.71875 2228.328125 2216.84375 2208.46875 2206.375 2196.03125 2182.625 2171.421875 2164.59375 2160.65625
1661.375 1643 1604.21875 1560.78125 1544.21875 1427.484375 1414.421875 1376.28125 1347.234375 1382.875 1490.5625 1656.96875 1821.28125 1988.15625 2092.3125 2126.375 2156.625 2177.484375 2194.140625 2203.609375 2204.203125 2203.59375 2207.28125 2213.375 2213.984375 2212.859375 2213.875 2214.171875 2212.515625 2210 2214.359375 2208.6875 2200.453125 2191.640625 2198.609375 2216.46875 2216.234375 2213.71875 2225.390625 2203.78125 2210.421875 2179.171875 2140.53125 2141.203125 2153.671875 2164.46875 2209.515625 2265 2267.46875 2241.296875 2229.5 2220.96875 2210.953125 2203.6875 2195.71875 2185.78125 2175.625 2168.734375 2165.703125
1635.625 1663.703125 1652.703125 1568.484375 1579.53125 1509.96875 1457.515625 1425.859375 1395.109375 1387.078125 1417.90625 1490.796875 1557.421875 1737.59375 1970.453125 2080.296875 2133.625 2161.640625 2173 2200.671875 2205.453125 2203.390625 2208.828125 2215.03125 2218.203125 2214.8125 2213.3125 2211.71875 2205.40625 2199.984375 2193.609375 2190.15625 2183.3125 2172.359375 2188.65625 2211.765625 2217.703125 2207.875 2219.515625 2212.71875 2162.203125 2137.84375 2124.4375 2139.75 2170.8125 2171.21875 2199.09375 2237.796875 2235 2225.046875 2226.5625 2219.640625 2212.3125 2200.671875 2190.046875 2179.8125 2168.671875 2167.78125 2156.46875
1612.90625 1591.96875 1642.859375 1640.375 1594.890625 1528.984375 1484.265625 1441.171875 1399.453125 1377.109375 1386.671875 1440.671875 1439.5625 1516.890625 1879.875 2028.33898305085 2100.14583333333 2145 2119.10416666667 2199.5 2207.9375 2204.1875 2207.10416666667 2211.53658536585 2214.13333333333 2210.5 2207.25 2202.75 2193.5 2189.25 2180.2 2175.03389830508 2170.671875 2165.875 2187.578125 2202.328125 2214.671875 2206.734375 2219.84375 2190.84375 2213.578125 2185.703125 2164.34375 2169.984375 2207.25 2202.671875 2208.640625 2222.53125 2221.765625 2193.0625 2214.1875 2214.359375 2210.09375 2205.265625 2188.609375 2179.796875 2164.125 2151.65625 2139.625
1587.953125 1630.578125 1630.015625 1638.59375 1612.5 1543.859375 1496.984375 1449.78431372549 1389.48148148148 1358.5 1345.45833333333 1374.5 1372.70833333333 1413 1737.61904761905 1955 -3.4e+38 -3.4e+38 -3.4e+38 -3.4e+38 -3.4e+38 -3.4e+38 -3.4e+38 -3.4e+38 -3.4e+38 -3.4e+38 -3.4e+38 -3.4e+38 -3.4e+38 -3.4e+38 -3.4e+38 2174.49056603774 2171.59375 2175.28125 2182.640625 2196.859375 2209.265625 2210.125 2210.96875 2219.46875 2155.5 2215.25 2207.28125 2205.453125 2205.609375 2203.46875 2198.65625 2206.921875 2207.75 2204.875 2205.65625 2202.21875 2197.65625 2199.1875 2189.3125 2182.046875 2167.328125 2144.234375 2120.78125
1571 -3.4e+38 -3.4e+38 -3.4e+38 -3.4e+38 -3.4e+38 -3.4e+38 -3.4e+38 -3.4e+38 -3.4e+38 -3.4e+38 -3.4e+38 -3.4e+38 -3.4e+38 -3.4e+38 -3.4e+38 -3.4e+38 -3.4e+38 -3.4e+38 -3.4e+38 -3.4e+38 -3.4e+38 -3.4e+38 -3.4e+38 -3.4e+38 -3.4e+38 -3.4e+38 -3.4e+38 -3.4e+38 -3.4e+38 -3.4e+38 2175.5 2179.55555555556 2183.859375 2188.046875 2194.828125 2204.0625 2210.703125 2206.59375 2216.8125 2236.828125 2190.875 2204.03125 2199.875 2193.015625 2185.515625 2169.34375 2176.53125 2186.953125 2192.953125 2195.4375 2185.109375 2189.90625 2188.59375 2178.6875 2172.703125 2166.0625 2157.625 2135.765625
-3.4e+38 -3.4e+38 -3.4e+38 -3.4e+38 -3.4e+38 -3.4e+38 -3.4e+38 -3.4e+38 -3.4e+38 -3.4e+38 -3.4e+38 -3.4e+38 -3.4e+38 -3.4e+38 -3.4e+38 -3.4e+38 -3.4e+38 -3.4e+38 -3.4e+38 -3.4e+38 -3.4e+38 -3.4e+38 -3.4e+38 -3.4e+38 -3.4e+38 -3.4e+38 -3.4e+38 -3.4e+38 -3.4e+38 -3.4e+38 -3.4e+38 -3.4e+38 2184.36842105263 2187.05660377358 2190.33898305085 2194.46875 2201.21875 2208.46875 2210.046875 2206.828125 2217.921875 2211.515625 2183.625 2189.34375 2191.0625 2169.796875 2175.71875 2162.015625 2161.9375 2171.484375 2170.6875 2163.078125 2174.921875 2180.78125 2173.109375 2163.59375 2158.46875 2147.234375 2155.71875
-3.4e+38 -3.4e+38 -3.4e+38 -3.4e+38 -3.4e+38 -3.4e+38 -3.4e+38 -3.4e+38 -3.4e+38 -3.4e+38 -3.4e+38 -3.4e+38 -3.4e+38 -3.4e+38 -3.4e+38 -3.4e+38 -3.4e+38 -3.4e+38 -3.4e+38 -3.4e+38 -3.4e+38 -3.4e+38 -3.4e+38 -3.4e+38 -3.4e+38 -3.4e+38 -3.4e+38 -3.4e+38 -3.4e+38 -3.4e+38 -3.4e+38 -3.4e+38 -3.4e+38 -3.4e+38 -3.4e+38 2193.15789473684 2194.2972972973 2202 2204.828125 2208.28125 2198.6875 2190.625 2184.71875 2185.046875 2164.046875 2141.84375 2163.15625 2168.46875 2134.28125 2146.78125 2163.109375 2149.28125 2169.75 2176.25 2168.109375 2159.8125 2151.109375 2141.671875 2149.109375
-3.4e+38 -3.4e+38 -3.4e+38 -3.4e+38 -3.4e+38 -3.4e+38 -3.4e+38 -3.4e+38 -3.4e+38 -3.4e+38 -3.4e+38 -3.4e+38 -3.4e+38 -3.4e+38 -3.4e+38 -3.4e+38 -3.4e+38 -3.4e+38 -3.4e+38 -3.4e+38 -3.4e+38 -3.4e+38 -3.4e+38 -3.4e+38 -3.4e+38 -3.4e+38 -3.4e+38 -3.4e+38 -3.4e+38 -3.4e+38 -3.4e+38 -3.4e+38 -3.4e+38 -3.4e+38 -3.4e+38 -3.4e+38 -3.4e+38 2192.5 2194.06666666667 2199.60975609756 2186.04081632653 2183.79032258065 2187.25 2189.3125 2162.46875 2132.96875 2152.328125 2166.78125 2149.828125 2143.25 2143.890625 2138.453125 2163.578125 2169.3125 2164.421875 2157.859375 2145.203125 2133.984375 2131.734375
-3.4e+38 -3.4e+38 -3.4e+38 -3.4e+38 -3.4e+38 -3.4e+38 -3.4e+38 -3.4e+38 -3.4e+38 -3.4e+38 -3.4e+38 -3.4e+38 -3.4e+38 -3.4e+38 -3.4e+38 -3.4e+38 -3.4e+38 -3.4e+38 -3.4e+38 -3.4e+38 -3.4e+38 -3.4e+38 -3.4e+38 -3.4e+38 -3.4e+38 -3.4e+38 -3.4e+38 -3.4e+38 -3.4e+38 -3.4e+38 -3.4e+38 -3.4e+38 -3.4e+38 -3.4e+38 -3.4e+38 -3.4e+38 -3.4e+38 -3.4e+38 -3.4e+38 -3.4e+38 -3.4e+38 2181.16666666667 2163.76 2184.04255319149 2176.296875 2171.671875 2156.53125 2159.890625 2140.6875 2135.828125 2158.1875 2164.6875 2174.75 2170.34375 2163.3125 2156.375 2146.34375 2128.28125 2125.53125
-3.4e+38 -3.4e+38 -3.4e+38 -3.4e+38 -3.4e+38 -3.4e+38 -3.4e+38 -3.4e+38 -3.4e+38 -3.4e+38 -3.4e+38 -3.4e+38 -3.4e+38 -3.4e+38 -3.4e+38 -3.4e+38 -3.4e+38 -3.4e+38 -3.4e+38 -3.4e+38 -3.4e+38 -3.4e+38 -3.4e+38 -3.4e+38 -3.4e+38 -3.4e+38 -3.4e+38 -3.4e+38 -3.4e+38 -3.4e+38 -3.4e+38 -3.4e+38 -3.4e+38 -3.4e+38 -3.4e+38 -3.4e+38 -3.4e+38 -3.4e+38 -3.4e+38 -3.4e+38 -3.4e+38 -3.4e+38 -3.4e+38 -3.4e+38 2152.66666666667 2162.18518518519 2162.3 2167.22641509434 2144 2157.1875 2151.46875 2168.28125 2180.109375 2175.671875 2169.609375 2158.09375 2144.546875 2124.515625 2114.78125
-3.4e+38 -3.4e+38 -3.4e+38 -3.4e+38 -3.4e+38 -3.4e+38 -3.4e+38 -3.4e+38 -3.4e+38 -3.4e+38 -3.4e+38 -3.4e+38 -3.4e+38 -3.4e+38 -3.4e+38 -3.4e+38 -3.4e+38 -3.4e+38 -3.4e+38 -3.4e+38 -3.4e+38 -3.4e+38 -3.4e+38 -3.4e+38 -3.4e+38 -3.4e+38 -3.4e+38 -3.4e+38 -3.4e+38 -3.4e+38 -3.4e+38 -3.4e+38 -3.4e+38 -3.4e+38 -3.4e+38 -3.4e+38 -3.4e+38 -3.4e+38 -3.4e+38 -3.4e+38 -3.4e+38 -3.4e+38 -3.4e+38 -3.4e+38 -3.4e+38 -3.4e+38 -3.4e+38 -3.4e+38 2176.23076923077 2171.45454545455 2156.12962962963 2159.96666666667 2175.4375 2174.203125 2174.21875 2165.09375 2167.4375 2132.171875 2113.359375
-3.4e+38 -3.4e+38 -3.4e+38 -3.4e+38 -3.4e+38 -3.4e+38 -3.4e+38 -3.4e+38 -3.4e+38 -3.4e+38 -3.4e+38 -3.4e+38 -3.4e+38 -3.4e+38 -3.4e+38 -3.4e+38 -3.4e+38 -3.4e+38 -3.4e+38 -3.4e+38 -3.4e+38 -3.4e+38 -3.4e+38 -3.4e+38 -3.4e+38 -3.4e+38 -3.4e+38 -3.4e+38 -3.4e+38 -3.4e+38 -3.4e+38 -3.4e+38 -3.4e+38 -3.4e+38 -3.4e+38 -3.4e+38 -3.4e+38 -3.4e+38 -3.4e+38 -3.4e+38 -3.4e+38 -3.4e+38 -3.4e+38 -3.4e+38 -3.4e+38 -3.4e+38 -3.4e+38 -3.4e+38 -3.4e+38 -3.4e+38 -3.4e+38 2159 2166.68181818182 2167.58974358974 2176.77419354839 2166.921875 2165.515625 2152.359375 2131.265625
-3.4e+38 -3.4e+38 -3.4e+38 -3.4e+38 -3.4e+38 -3.4e+38 -3.4e+38 -3.4e+38 -3.4e+38 -3.4e+38 -3.4e+38 -3.4e+38 -3.4e+38 -3.4e+38 -3.4e+38 -3.4e+38 -3.4e+38 -3.4e+38 -3.4e+38 -3.4e+38 -3.4e+38 -3.4e+38 -3.4e+38 -3.4e+38 -3.4e+38 -3.4e+38 -3.4e+38 -3.4e+38 -3.4e+38 -3.4e+38 -3.4e+38 -3.4e+38 -3.4e+38 -3.4e+38 -3.4e+38 -3.4e+38 -3.4e+38 -3.4e+38 -3.4e+38 -3.4e+38 -3.4e+38 -3.4e+38 -3.4e+38 -3.4e+38 -3.4e+38 -3.4e+38 -3.4e+38 -3.4e+38 -3.4e+38 -3.4e+38 -3.4e+38 -3.4e+38 -3.4e+38 -3.4e+38 2167.33333333333 2166.11111111111 2167.39534883721 2158.54237288136 2143.4375
-3.4e+38 -3.4e+38 -3.4e+38 -3.4e+38 -3.4e+38 -3.4e+38 -3.4e+38 -3.4e+38 -3.4e+38 -3.4e+38 -3.4e+38 -3.4e+38 -3.4e+38 -3.4e+38 -3.4e+38 -3.4e+38 -3.4e+38 -3.4e+38 -3.4e+38 -3.4e+38 -3.4e+38 -3.4e+38 -3.4e+38 -3.4e+38 -3.4e+38 -3.4e+38 -3.4e+38 -3.4e+38 -3.4e+38 -3.4e+38 -3.4e+38 -3.4e+38 -3.4e+38 -3.4e+38 -3.4e+38 -3.4e+38 -3.4e+38 -3.4e+38 -3.4e+38 -3.4e+38 -3.4e+38 -3.4e+38 -3.4e+38 -3.4e+38 -3.4e+38 -3.4e+38 -3.4e+38 -3.4e+38 -3.4e+38 -3.4e+38 -3.4e+38 -3.4e+38 -3.4e+38 -3.4e+38 -3.4e+38 -3.4e+38 -3.4e+38 2151.5 2137.28571428571
-3.4e+38 -3.4e+38 -3.4e+38 -3.4e+38 -3.4e+38 -3.4e+38 -3.4e+38 -3.4e+38 -3.4e+38 -3.4e+38 -3.4e+38 -3.4e+38 -3.4e+38 -3.4e+38 -3.4e+38 -3.4e+38 -3.4e+38 -3.4e+38 -3.4e+38 -3.4e+38 -3.4e+38 -3.4e+38 -3.4e+38 -3.4e+38 -3.4e+38 -3.4e+38 -3.4e+38 -3.4e+38 -3.4e+38 -3.4e+38 -3.4e+38 -3.4e+38 -3.4e+38 -3.4e+38 -3.4e+38 -3.4e+38 -3.4e+38 -3.4e+38 -3.4e+38 -3.4e+38 -3.4e+38 -3.4e+38 -3.4e+38 -3.4e+38 -3.4e+38 -3.4e+38 -3.4e+38 -3.4e+38 -3.4e+38 -3.4e+38 -3.4e+38 -3.4e+38 -3.4e+38 -3.4e+38 -3.4e+38 -3.4e+38 -3.4e+38 -3.4e+38 -3.4e+38
