Cases/SDM_Urocitellus_beldingi/westernUsClimate_historic/BIO03.asc
NCOLS 316 
NROWS 299 
XLLCORNER -124.820833001 
YLLCORNER 29.1625003333339 
CELLSIZE 0.0666666666645545 
NODATA_value -3.4e+38 
[rows 84 to 111 of 299, columns 128 to 191 of 316]
37.9375 37.109375 36.6875 36.90625 36.921875 37.0625 37.109375 37.234375 36.34375 37.609375 38.71875 36.484375 35.25 37.640625 38.203125 36.984375 35.125 37.703125 35.6875 34.53125 34.59375 36.28125 36.171875 33.453125 35.6875 37.34375 35.921875 36.265625 37.046875 36.515625 37.03125 36.671875 36.5625 36.875 36.265625 35.8125 35.125 35.90625 36.28125 36.171875 35.0625 35.0625 35.515625 35.984375 36 35.984375 35.734375 36.03125 36 36 36 36 35.765625 34.859375 34.359375 34.015625 33.734375 33.1875 33.578125 33.90625 34.984375 35.6875 35.984375 35.984375
38.046875 37.984375 37.734375 37.671875 37.703125 37.390625 37.296875 36.859375 35.453125 34.375 37.828125 35.65625 35.21875 38.109375 37.46875 36.171875 37.0625 36.515625 35.453125 36.890625 38 37.984375 37.96875 37.765625 37.453125 37.0625 36.671875 36.671875 36.828125 36.6875 36.609375 36.59375 36.15625 35.859375 35.53125 34.5 34.96875 35.234375 35.859375 35.671875 35 35.03125 35.703125 36 36 35.625 35.640625 36 35.265625 35.84375 35.140625 35.171875 34.9375 35 34.9375 35 34.5 34.40625 34.984375 35.046875 35.46875 36 36 36.046875
37.609375 37.875 38.28125 39.1875 39.3125 38.65625 37.8125 37.296875 37.265625 36 35.765625 36.59375 36.4375 37.484375 35.875 36.296875 37.046875 37.703125 37.15625 37.203125 37.875 38.015625 38.140625 38 37.734375 37 37 36.21875 35.953125 35.9375 36 36 36.5625 36.53125 36.484375 36.03125 35.9375 35.5625 35.828125 35.09375 34.96875 34.84375 35.140625 35.53125 35.953125 35.984375 35.921875 36 35.421875 35.046875 35.46875 35.546875 35.609375 35.6875 35.65625 35.75 35.875 35.640625 35.9375 36 36 36 36.015625 36
37.09375 37.390625 37.75 38.953125 39.15625 38.984375 38.15625 37.90625 37.296875 37.71875 35.546875 33.671875 33.078125 34.390625 34.9375 35.328125 35.78125 36.15625 36.703125 36.703125 36.828125 37.75 37.796875 37.03125 37 36.25 35.828125 35.8125 35.84375 35.40625 35.71875 35.734375 35.671875 36.984375 36.71875 36 35.96875 35.4375 35 34.734375 34.078125 34.09375 34.75 35 35.75 36 36 35.59375 35.53125 35 35.1875 35.71875 36 36 36.078125 36.265625 36.515625 36.484375 36 36.015625 36 36.015625 36 35.953125
37.4375 37.765625 37.734375 38.3125 38.859375 38.953125 38.4375 38.59375 38.6875 38.15625 37.984375 36.65625 35.578125 33.75 32.484375 31.234375 30.78125 30.671875 32.03125 32.09375 32.234375 32.5625 34.515625 34.40625 34.546875 33.015625 33.109375 34.5625 36.40625 36.09375 36 36 36.09375 36.8125 36.484375 36 36 35.953125 35.40625 34.953125 34.640625 34.484375 35.03125 35.4375 35.921875 36 35.625 34.984375 35 35.265625 35.703125 36 36.421875 36.78125 36.90625 37 37 36.96875 36.21875 36 36 36.03125 33.390625 32.8125
38.53125 37.953125 37.984375 37.96875 37.96875 37.90625 37.875 38.84375 39.953125 39.265625 38.21875 37.6875 37.296875 36.8125 34.953125 32.375 31.515625 31.4375 32.0625 33.125 34.5625 34.71875 35.28125 34.765625 35.703125 34.703125 35.921875 36.734375 37 36.890625 36.34375 36.0625 36.78125 37 36.4375 35.96875 35.890625 36 36 36.015625 35.96875 35.78125 35.96875 36 36 35.859375 35 34.75 34.953125 35.90625 36.078125 36.609375 36.984375 37.078125 37.171875 37 36.9375 36.96875 36.671875 35.96875 35.984375 35.90625 33.984375 32.015625
39.984375 39.640625 38.890625 37.5 37.03125 36.53125 36.484375 37.6875 38.859375 39.078125 38.078125 37.84375 37.5 37.734375 38 37.859375 37.453125 37.234375 36.84375 37.484375 37.296875 37.8125 37.546875 37.046875 37 37 37.015625 37.015625 37 37 36.9375 36.921875 37 37 36.609375 36 36.0625 36.15625 36.90625 36.96875 36.875 36.6875 36.078125 35.96875 35.96875 35.3125 34.5625 34.21875 34.796875 35.828125 36.765625 37.03125 37.0625 37.921875 37.765625 37 37 37 36.890625 36.515625 35.890625 33.109375 34.484375 33.46875
39.796875 40.34375 40.84375 39.765625 38.109375 37.390625 37.15625 37.640625 38.03125 38.171875 38.171875 38.890625 38.5 38.375 38.875 38.984375 38.703125 38.5625 38.90625 38.703125 38.578125 38.03125 37.46875 37 37 37 37 37 37 37 37 37 36.765625 36.171875 36.015625 36.328125 36.953125 37.015625 37.46875 37.859375 37.5 37 36.609375 36 35.640625 34.859375 33.765625 33.921875 34.625 36.359375 37.0625 37.640625 37.890625 37.46875 37.109375 36.953125 36.84375 36.90625 35.859375 35.703125 36.390625 33.40625 32.9375 32.25
39.03125 39.15625 40.078125 40.890625 40.546875 39.609375 39.9375 39.9375 40.390625 39.78125 40.046875 40.046875 40.15625 39.328125 40.203125 39.5625 39.484375 39.53125 39.8125 39.546875 39.125 38.453125 37.546875 36.796875 36.875 37 37 37 37 37 37 37 36.34375 36.0625 36.5625 37 37.203125 37.828125 38 38 38 37.515625 36.953125 36.203125 35.75 34.96875 34.59375 35.203125 35.8125 36.25 37 37.515625 37.40625 37 36.921875 36.0625 36.078125 36.421875 34.359375 32.203125 35.59375 31.875 31.125 33.125
39.6875 39.125 39.5 39.625 40 40.34375 40.953125 40.640625 39.828125 38.78125 39.546875 39.59375 39.171875 38.578125 38.734375 39.359375 39.0625 39.046875 39.140625 39.234375 40.328125 39.28125 38.515625 37.59375 37.171875 37 37 37 37 37.03125 37 37 37 37 37.03125 37.5625 38 38.15625 38.40625 38.859375 38.328125 38.015625 37.15625 36.859375 36.0625 35.578125 35.40625 36.015625 36.296875 36.875 37 37.09375 37.390625 37.015625 36.984375 36.234375 34.9375 36.375 34.46875 32.1875 34.6875 32.765625 30.3125 33.125
40.203125 39.578125 39.046875 39.109375 39.671875 40.0625 39.765625 39.703125 39.796875 38.171875 38.109375 38.40625 39.046875 39.046875 39.046875 38.90625 38.953125 38.984375 39.015625 39.5 41.765625 40.28125 39 38.328125 38 37.546875 37.578125 37.4375 37.71875 37.625 37.4375 37.203125 37.234375 37.296875 37.671875 38.15625 38.140625 38.953125 39 39 38.796875 38.015625 37.984375 37.625 37.296875 37.109375 36.9375 36.984375 37.015625 36.625 37 37.0625 37.921875 37.421875 36.96875 36.265625 33.0625 33.671875 36.15625 35.15625 36.15625 34.171875 31.125 31.71875
38.875 39.25 39.53125 39.515625 39.28125 39.0625 38.6875 38.328125 38.296875 37.703125 38 38 38.078125 38.296875 38.5 38.703125 39 39 38.859375 39.046875 39.921875 40.25 39.046875 39 38.546875 38 37.90625 37.734375 37.953125 37.84375 37.59375 37.90625 38.1875 38.15625 38 38.109375 38.796875 38.71875 39 38.921875 38.265625 37.828125 37.90625 38 38 38 37.953125 37.96875 37.859375 37.640625 37.765625 37.46875 35.890625 36.234375 36.859375 37.09375 34.046875 32.84375 33.4375 31.84375 36.125 34.890625 31.6875 31.9375
38.34375 38.625 39.1875 39.796875 39.453125 38.859375 38.84375 38.40625 37.84375 38 38 37.984375 37.96875 37.484375 37.4375 37.953125 38.3125 38.640625 38.046875 38.0625 38.28125 39.140625 39.28125 38.578125 38.734375 38.140625 38.046875 38 38 38 37.875 37.984375 38 38 38 38 38.09375 38.484375 38.609375 38.078125 38 37.375 37.71875 38.046875 38.359375 38.328125 38.453125 38.265625 38.375 38.203125 38 36.25 31.375 35.921875 36.921875 36.484375 35.09375 32.34375 30.609375 31.4375 36.15625 36.5625 32.921875 33.359375
40.34375 39.828125 39.296875 39.78125 39.375 38.6875 38.828125 38.96875 38.09375 38.15625 38.015625 38.265625 38.328125 38.078125 37.671875 37.421875 37.140625 37.265625 37.796875 38 38.265625 38.234375 37.25 36.921875 37.6875 38.078125 38.828125 38.921875 38.71875 38 38 38 38.015625 38 38 38.015625 38.046875 38.21875 38.4375 38.09375 38 38.1875 38.578125 38.96875 39.109375 39 38.890625 38.984375 37.9375 36.5 37.546875 37.703125 32.4375 31.390625 32.328125 36.59375 36.109375 34.140625 31.03125 32.25 37.21875 37.078125 34.734375 34
41.375 41.234375 40.671875 40.109375 40.609375 40.203125 39.78125 39.734375 38.859375 38.0625 38.1875 38.390625 39 38.609375 37.78125 37.203125 37 37 37.53125 38 38.875 38.953125 37.953125 37.765625 38 38.015625 38.828125 39 38.796875 38.015625 38 38.015625 38.03125 38 38.046875 38.328125 38.140625 38 38 38.21875 38.765625 39.140625 39.203125 39.796875 39.8125 39.234375 38.828125 38.765625 31.75 31.296875 36.59375 37.546875 35.625 30.53125 31.046875 36.75 35.46875 29.875 32.328125 34.609375 37.109375 37.34375 34.5 31.078125
41.953125 41.9375 41.4375 41.015625 41.25 41.640625 40.984375 40.21875 39.703125 38.171875 38.15625 38 38.703125 39 38.40625 37.203125 37.140625 37.59375 37.96875 38 38.390625 38.546875 38.015625 38 38 38.015625 38.578125 38.796875 38.234375 38 38.09375 38.046875 38 38.21875 38.875 39.0625 38.984375 38.828125 38.671875 39.15625 38.5 38.6875 36.390625 40.171875 39.875 39.734375 38.46875 36.859375 30.328125 29.8125 33.015625 37.265625 35.734375 30.484375 30.328125 36.09375 33.59375 31.453125 31.171875 31.015625 35.421875 37.546875 36.671875 32.21875
41.140625 41.59375 41.9375 41.796875 41.765625 42 41.5 40.578125 39.203125 38.40625 38.09375 38.78125 38.765625 38.765625 38.96875 38.265625 38.03125 38 38.515625 38.625 38.21875 38.078125 38.0625 38.046875 38.234375 38.6875 38.40625 38.5 37.890625 37.3125 36.609375 37.625 37.640625 38.828125 38.984375 39 39 39 38.875 35.34375 39.390625 38.328125 34.421875 40.484375 40.296875 40.25 38.953125 31.578125 29.234375 29.84375 31.140625 36.9375 34.828125 30.03125 30.453125 36.359375 31.765625 35.1875 33.375 31.65625 32.453125 37.375 36.84375 35.671875
40.90625 41.125 41.59375 41.671875 41.796875 42 41.625 40.171875 39.53125 38.921875 38.359375 39.484375 40.03125 39.640625 39.8125 39.84375 39.671875 39.359375 39.5625 39.546875 39.5 39 38.796875 38.90625 39 38.9375 38.703125 36.765625 34.28125 33.5625 33.46875 34.015625 33.421875 37.484375 39.03125 39 39 38.984375 35.375 33.765625 33.640625 33.703125 32.84375 40.296875 41.09375 40.84375 39.4375 35.59375 32.625 31.09375 30.375 35.859375 31.78125 29.515625 31.96875 35.203125 29.8125 35.203125 33.078125 32.171875 31.765625 32.6875 32.1875 34.71875
40.96875 41.546875 42 41.640625 41.875 41.546875 41.765625 40.5625 40.265625 39.734375 39.28125 39.828125 40.734375 40.828125 40.546875 41.046875 41.125 40.65625 40.734375 40.65625 40.296875 40.1875 39.59375 39.640625 39.5 39.484375 39.609375 35.28125 33.34375 32.5625 34.421875 33.640625 33.640625 34.6875 37.265625 39 38.921875 38.3125 33.453125 33.296875 34.90625 35.703125 38.09375 40.71875 41.15625 40.40625 37.546875 37.140625 33.5 30.21875 29.328125 30.921875 34.140625 33.53125 33.578125 33.234375 29.6875 29.921875 34.625 34.5625 33.8125 34.25 31.5 33.546875
41 41.625 42 41.03125 41.40625 41.203125 41.015625 40.375 40.0625 40.734375 40.546875 40.390625 40.9375 41.71875 41.984375 42.046875 42.28125 42.109375 42.171875 41.75 41.5625 40.9375 40.453125 40.625 40.203125 39.71875 40.140625 38.578125 37.328125 35.296875 35.5 34.703125 34.390625 33.96875 36.21875 38.65625 37.65625 35.28125 33.828125 33.75 33.90625 33.078125 33.796875 39.09375 40.6875 38.6875 30.84375 30.796875 34.03125 33.359375 31.390625 29.578125 33 34.390625 37.203125 35.75 30.1875 30.28125 33.859375 37.625 36.765625 32.046875 31.1875 32.515625
40.9375 41.65625 41.515625 39.9375 41.46875 41.625 41.28125 40.84375 40.171875 40.75 41.265625 41.421875 41.765625 42.5625 43 43.34375 43.5625 43.703125 43.25 41.890625 39.09375 36.9375 39.203125 41.015625 39.390625 36.03125 39.296875 40.796875 41.015625 37.296875 36.0625 34.921875 36.140625 36.046875 36.28125 37.25 33.484375 33.796875 33.484375 34.015625 36.03125 32.734375 33.8125 38.40625 39.65625 37.390625 31.203125 29.984375 29.8125 35.84375 37 31.546875 31.0625 35.53125 37.359375 31.9375 32.828125 32.0625 33.78125 37.59375 37.265625 31.703125 30.640625 31.296875
40.875 41.46875 40.8125 38.828125 39.09375 40.078125 41.328125 41.171875 41.015625 41.15625 42.015625 42.5 42.75 43.234375 43.515625 43.75 44.484375 43.515625 40.921875 38.171875 36.734375 36.375 41.515625 41.046875 38.953125 37.625 41.578125 41.984375 41.96875 38.59375 37.078125 35.359375 35.265625 35.8125 36.015625 37 33.28125 34.140625 33.46875 35.125 37.84375 36.6875 36.484375 38.0625 38.328125 37 31.484375 28.359375 29.875 37.09375 38.109375 37.296875 34.921875 38.71875 36.421875 28.5625 34.3125 35.21875 30.171875 32 35.875 32.265625 30.59375 33.578125
40.734375 41.015625 40.59375 37.15625 37.609375 39.25 38.765625 39.90625 40.71875 41.6875 41.53125 42.234375 42.53125 42.484375 42.15625 41.953125 41.875 39.1875 37.234375 36.71875 37.3125 37.125 41.03125 40.8125 40.015625 40.71875 41.265625 41.390625 41.703125 37.71875 37.296875 36.296875 37.21875 39.6875 39.234375 35.546875 33.28125 36.703125 34.234375 36.59375 35.796875 34.15625 33.578125 33.53125 34.28125 35.3125 34.6875 34.046875 35.6875 38.203125 38.96875 38.578125 36.6875 38.875 36.921875 28.828125 34.109375 35.28125 30.640625 30 34.734375 33.5 30.578125 32.84375
41.234375 40.984375 40.46875 39.34375 37.890625 38.53125 38.046875 38.546875 39.703125 41.828125 39.0625 38.921875 39.9375 39.328125 39.21875 38.25 37.890625 37.328125 37.046875 38.65625 39.359375 37.46875 39.65625 41.984375 41.875 41.484375 38.546875 37.34375 40.0625 37.5625 37.578125 38.59375 39.6875 39.5625 36.484375 33.28125 33.5 34.828125 36.28125 34.890625 34.046875 33.21875 34.078125 35.015625 33.328125 31.859375 31.8125 36.640625 37.9375 38.0625 38.015625 38.078125 38.234375 36.921875 33.171875 31.390625 34.234375 34.46875 29.21875 29.359375 32.765625 35.203125 31.625 33.796875
41.65625 40.390625 38.984375 39.78125 41.375 39.90625 37.890625 38.265625 40.21875 40.828125 40.75 38.421875 38.203125 37.40625 37.96875 35.375 36.984375 37.1875 37.8125 40.609375 38.796875 37.328125 39.609375 43.265625 42.234375 42.203125 37.8125 35.671875 37.390625 40.421875 39.953125 40.9375 40.1875 38.125 34.796875 34.671875 33.921875 34.234375 35.40625 33.109375 33.5 33.640625 34.34375 34.140625 32.984375 31.984375 33.53125 36.90625 36.890625 36.484375 36.84375 35.8125 36.859375 33.203125 32.25 35.671875 32.390625 36.046875 30.734375 30.34375 30.796875 34.671875 34.046875 32.546875
41.875 40.53125 36.90625 37.78125 41.25 42.640625 40.046875 38.484375 38.21875 37.234375 39.578125 36.15625 35.234375 35.640625 36.140625 36.046875 37.609375 39.28125 40.609375 41.515625 39.21875 37.15625 40.453125 42.96875 37.640625 39.984375 36.6875 37.046875 39.296875 40.53125 39.8125 39.84375 37.6875 34.84375 33.90625 35.90625 37.71875 34.515625 33.75 33.3125 35.09375 35.65625 36 35.46875 34.96875 34.96875 36.1875 36.984375 36.515625 35.96875 35.8125 35.65625 33.796875 35 35.640625 32.96875 31.03125 36.09375 33.3125 31.984375 33.203125 33.84375 33.96875 33.609375
41.796875 40.1875 37.203125 37.015625 41.21875 40.359375 38.953125 40.171875 38.828125 37.703125 40.34375 39.125 36.828125 36.5 35.625 37.3125 39.40625 40.9375 41.296875 38.40625 39.140625 40.890625 41.84375 39.5625 37.109375 39.203125 37.609375 39.25 40.796875 39.515625 38.25 36.484375 36.328125 35.359375 37.046875 38.4375 39.09375 35.0625 34.171875 35.75 36.234375 36.984375 36.9375 37.359375 37.125 35.515625 35.75 36.125 35.75 35.609375 35.796875 34.734375 34.296875 35 35.578125 32.9375 32.28125 35.90625 33.765625 33.59375 34.34375 33.859375 34 34.6875
41.4375 38.6875 37.796875 39.21875 37.859375 37.46875 40.21875 42.421875 40.578125 38.453125 39.09375 43.625 37.640625 36.71875 36.984375 38.046875 39.96875 40.78125 39.421875 37.875 39.109375 42 40.90625 38.484375 37.15625 37.1875 39.4375 41.359375 40.234375 36.71875 37.109375 38.453125 36.3125 36.0625 38.875 40 38.640625 34.09375 34.3125 36.40625 36.265625 35.515625 34.421875 34.390625 35.578125 35.03125 34.453125 35.09375 35.03125 35 35 35 34.84375 34.015625 33.390625 31.359375 32.359375 34.53125 33.59375 33.8125 34 33.859375 33.921875 33.40625
