Cases/SDM_Urocitellus_beldingi/westernUsClimate_historic/BIO02.asc
NCOLS 316 
NROWS 299 
XLLCORNER -124.820833001 
YLLCORNER 29.1625003333339 
CELLSIZE 0.0666666666645545 
NODATA_value -3.4e+38 
[rows 250 to 274 of 299, columns 171 to 227 of 316]
1848.484375 1752.015625 1867.609375 1894.90625 1712.25 1638.375 1676.625 1455.40625 1520.125 1651.640625 1639.875 1651.03125 1439.1875 1759.59375 1793.359375 1564.78125 1806.265625 1788.59375 1752.9375 1690.375 1849.328125 1863.734375 1726.15625 1562.328125 1780.234375 1822.234375 1776.578125 1642.203125 1387.84375 1553.65625 1731.9375 1764.6875 1782.9375 1802.609375 1809.078125 1710.453125 1702.484375 1550.703125 1370.03125 1340.875 1259.84375 1329.5 1567.09375 1738.40625 1875.1875 1729.375 1542.796875 1473.53125 1471.703125 1427.359375 1635.53125 1869.6875 1889.171875 1814.984375 1707.71875 1733.546875 1786.578125
1821.859375 1835.921875 1820.03125 1896.125 1851.3125 1521.234375 1566.78125 1409.859375 1454.53125 1673.015625 1615.171875 1622.78125 1535.671875 1834.96875 1940.578125 1928.78125 1983.40625 1884.421875 1877.859375 1893.890625 1904.265625 1903.359375 1814.578125 1672.8125 1817.046875 1837.5 1796.984375 1716.859375 1632.328125 1619.015625 1735.0625 1768.453125 1775.640625 1718.65625 1747.15625 1815.15625 1764.3125 1624.046875 1549.9375 1543.640625 1447.84375 1396.984375 1449.09375 1566.40625 1844.609375 1911.359375 1701.734375 1570.921875 1579 1530.546875 1567.859375 1782.5625 1931.890625 1932.34375 1859.265625 1763.921875 1800.5625
1837.65625 1864.046875 1870.078125 1895.21875 1884.375 1638 1474.875 1588.125 1682.34375 1738.65625 1730.921875 1780.546875 1817.671875 1898.328125 1990.734375 2034.109375 2019.984375 1830.25 1788.34375 1827.578125 1898.453125 1899.390625 1851.3125 1803.6875 1813.078125 1799.109375 1808.1875 1774.5625 1749.703125 1679.171875 1778.15625 1772.421875 1759.0625 1574.890625 1506.25 1753.28125 1808.265625 1794.09375 1783.90625 1788.703125 1714.453125 1493.1875 1412.5625 1385.109375 1517.5625 1779.125 1880.859375 1607.328125 1563.640625 1600.703125 1629.109375 1738.421875 1938.828125 1962.625 1928 1742.25 1675.21875
1848.578125 1866.546875 1863.09375 1882.859375 1879.3125 1820.578125 1577.625 1730.046875 1818.84375 1800.59375 1759 1801 1852.125 1915 2004.921875 2040.75 2000.46875 1768.03125 1683.203125 1715.09375 1833.09375 1835.125 1779.0625 1707.75 1695.71875 1784.875 1792.375 1788.75 1766.671875 1701.78125 1562.578125 1743.53125 1770.234375 1752.71875 1654.796875 1645 1750.4375 1690.15625 1680.546875 1724.34375 1662.15625 1397.78125 1332.484375 1313.359375 1503.421875 1541.5625 1845.6875 1672.421875 1569.34375 1691.328125 1720.703125 1836.8125 1919.921875 1916.578125 1899.40625 1841.015625 1670.234375
1855.375 1864.65625 1836.046875 1847.78125 1878.421875 1863.296875 1737.40625 1661.171875 1847.859375 1810.96875 1736.9375 1741.140625 1811.3125 1923.828125 1987.46875 1989.703125 1957.109375 1819.6875 1666.015625 1713.046875 1824.109375 1794.046875 1714.703125 1542.5625 1512.828125 1733.59375 1781.71875 1780.140625 1795.609375 1752.375 1669.296875 1778.390625 1783.40625 1774.515625 1765.078125 1752.578125 1725.484375 1670.921875 1641.5 1687.390625 1698.140625 1650.9375 1577.515625 1371.703125 1526.9375 1538.546875 1852.484375 1651.421875 1613.96875 1601.4375 1686.546875 1769.859375 1871.40625 1868.90625 1862.125 1840.890625 1720.203125
1879.28125 1852.078125 1790.34375 1655.53125 1790.09375 1854.09375 1680.71875 1690.890625 1819.78125 1776.59375 1537.109375 1638.8125 1830.671875 1911.921875 1938.234375 1933.15625 1920.375 1847.875 1710.796875 1749.703125 1840.25 1772.53125 1673.734375 1569.984375 1563.0625 1746.71875 1736.65625 1678.203125 1750.265625 1761.15625 1819.1875 1806.59375 1731.328125 1659.09375 1656.40625 1710.296875 1788.5 1750.1875 1714.46875 1726.703125 1742.484375 1687.40625 1595.375 1523.859375 1636.125 1846.609375 1917.28125 1811.78125 1715.5625 1580.734375 1687.453125 1758.0625 1831.21875 1852.8125 1843.59375 1826.859375 1792.703125
1851.84615384615 1857.40322580645 1846.6875 1737.625 1724 1816.328125 1768.953125 1741.125 1676.9375 1792.390625 1633.5625 1549.140625 1774.421875 1833.03125 1875.609375 1897.84375 1902.296875 1891.15625 1837.71875 1805.546875 1858.953125 1804.171875 1706.5625 1563.734375 1697.59375 1780.5625 1594.53125 1443.890625 1417.125 1783.390625 1858.75 1676.453125 1515.5625 1445.640625 1516.21875 1638.65625 1827.609375 1851.09375 1781.09375 1750.296875 1718.359375 1748.875 1776.78125 1761.265625 1736.265625 1805.09375 1899.453125 1905.4375 1780.65625 1701.484375 1669.25 1629.125 1793.015625 1847.9375 1850.796875 1823.28125 1809.421875
-3.4e+38 1833.66666666667 1840.83333333333 1831.16279069767 1839.72881355932 1840.3125 1850.828125 1832.015625 1788.390625 1815.421875 1808.171875 1690.8125 1686.265625 1817.296875 1741.390625 1890.046875 1889.390625 1881.5625 1896.078125 1885.671875 1849.234375 1808.78125 1777.0625 1770.984375 1778.609375 1737.6875 1451.265625 1303.40625 1621.46875 1805.59375 1838.453125 1634.1875 1407.53125 1337.375 1440.234375 1603.015625 1773.703125 1833.546875 1754 1581.625 1470.03125 1616.40625 1610.0625 1727.421875 1629.171875 1600 1782.390625 1993.03125 1889.96875 1730.109375 1614.15625 1531.796875 1702.640625 1801.703125 1838.453125 1824.046875 1811.75
-3.4e+38 -3.4e+38 -3.4e+38 -3.4e+38 1803.5 1801.47619047619 1837.85185185185 1846.01960784314 1838.296875 1844.78125 1847.75 1812.296875 1731.78125 1838.109375 1763.5625 1870.203125 1882.546875 1891.25 1900.421875 1871.3125 1844.296875 1818.4375 1785.015625 1754.015625 1787.65625 1752.21875 1604.71875 1366.75 1783.328125 1883.46875 1851.703125 1674.25 1435.015625 1364.234375 1529.75 1652.59375 1786.53125 1768.65625 1609.203125 1337.546875 1391.609375 1571.828125 1662.5625 1658.125 1462.515625 1468.609375 1695.59375 1964.8125 1938.609375 1700.734375 1627.78125 1519.703125 1580.34375 1715.96875 1785.125 1823.265625 1806.328125
-3.4e+38 -3.4e+38 -3.4e+38 -3.4e+38 -3.4e+38 -3.4e+38 -3.4e+38 -3.4e+38 1826.2 1831.93333333333 1855.76595744681 1840.328125 1769.453125 1736.109375 1864.65625 1891.84375 1883.5 1896.140625 1877.609375 1855.3125 1849.546875 1836.28125 1828.203125 1813.078125 1807.765625 1804.28125 1703.609375 1306.140625 1631.65625 1912.828125 1892.5625 1821 1707.40625 1631.3125 1696.21875 1776.265625 1818.9375 1694.0625 1489.078125 1354.796875 1445.25 1702.84375 1779.28125 1630.640625 1472.28125 1518.078125 1738.28125 1893.234375 1912.890625 1727.75 1630.203125 1599.34375 1518.859375 1608.609375 1720.359375 1815.5625 1797.390625
-3.4e+38 -3.4e+38 -3.4e+38 -3.4e+38 -3.4e+38 -3.4e+38 -3.4e+38 -3.4e+38 -3.4e+38 -3.4e+38 -3.4e+38 1865.88888888889 1851.30769230769 1705.37254901961 1818.51724137931 1902.1875 1905.0625 1876.109375 1818.53125 1826.65625 1829.65625 1754.8125 1836.390625 1847.640625 1836.296875 1819.21875 1599 1391.984375 1776.5625 1937.640625 1918.75 1865.765625 1615.828125 1830.875 1849.859375 1863.484375 1759.96875 1475.5625 1390.921875 1407.03125 1536.28125 1740.46875 1757.171875 1654.84375 1575.09375 1631.546875 1755.828125 1812.890625 1872.6875 1702.328125 1622.609375 1607.28125 1556.828125 1550.5625 1698.390625 1824.0625 1804.828125
-3.4e+38 -3.4e+38 -3.4e+38 -3.4e+38 -3.4e+38 -3.4e+38 -3.4e+38 -3.4e+38 -3.4e+38 -3.4e+38 -3.4e+38 -3.4e+38 -3.4e+38 -3.4e+38 -3.4e+38 1911.26666666667 1907.74285714286 1863.87931034483 1682.859375 1774 1833.046875 1833.15625 1838.0625 1863.6875 1866.0625 1847.109375 1494.875 1607.046875 1900.46875 1952.203125 1821.875 1805.0625 1845.953125 1836.1875 1719.578125 1884.96875 1702.265625 1407.875 1449.375 1478.4375 1627.859375 1666.4375 1728.671875 1735.828125 1617.171875 1700.640625 1761.703125 1777.765625 1839.34375 1700.828125 1555.75 1641.609375 1638.734375 1651.953125 1756.6875 1828.046875 1806.171875
-3.4e+38 -3.4e+38 -3.4e+38 -3.4e+38 -3.4e+38 -3.4e+38 -3.4e+38 -3.4e+38 -3.4e+38 -3.4e+38 -3.4e+38 -3.4e+38 -3.4e+38 -3.4e+38 -3.4e+38 -3.4e+38 -3.4e+38 1810 1705.84615384615 1706.73684210526 1765.76363636364 1836.84375 1705.703125 1731.859375 1874.703125 1875.375 1561.921875 1718.125 1950.578125 1944.09375 1804.65625 1831 1862.015625 1754.46875 1551.578125 1869.921875 1805.65625 1593.375 1473.484375 1579 1740.90625 1512.75 1631.328125 1774.171875 1701.59375 1619.796875 1614.546875 1695.953125 1784.15625 1807.046875 1720.875 1627.515625 1618.953125 1719.890625 1803.875 1826.84375 1791.390625
-3.4e+38 -3.4e+38 -3.4e+38 -3.4e+38 -3.4e+38 -3.4e+38 -3.4e+38 -3.4e+38 -3.4e+38 -3.4e+38 -3.4e+38 -3.4e+38 -3.4e+38 -3.4e+38 -3.4e+38 -3.4e+38 -3.4e+38 -3.4e+38 -3.4e+38 -3.4e+38 -3.4e+38 1840.94117647059 1667.8 1741.38636363636 1876.88888888889 1875.1875 1753.625 1605.03125 1896.796875 1832.953125 1623.921875 1761.8125 1806.96875 1574.65625 1486.859375 1828.03125 1732.328125 1659.171875 1698.15625 1809.671875 1706.71875 1671.71875 1546.34375 1716.546875 1587.140625 1508.71875 1545.890625 1640.96875 1733.5625 1805.046875 1688.734375 1532.625 1458.515625 1620.5 1804.15625 1830.1875 1795.71875
-3.4e+38 -3.4e+38 -3.4e+38 -3.4e+38 -3.4e+38 -3.4e+38 -3.4e+38 -3.4e+38 -3.4e+38 -3.4e+38 -3.4e+38 -3.4e+38 -3.4e+38 -3.4e+38 -3.4e+38 -3.4e+38 -3.4e+38 -3.4e+38 -3.4e+38 -3.4e+38 -3.4e+38 -3.4e+38 -3.4e+38 -3.4e+38 1869 1873 1825.79069767442 1671.29032258065 1789.578125 1759.28125 1647.359375 1572.453125 1528.453125 1527.5625 1560.28125 1828.96875 1930.828125 1913.234375 1819.125 1640.25 1504.203125 1625.5625 1770.328125 1631.25 1496.484375 1507.375 1489.984375 1584.1875 1706.90625 1800.9375 1677.015625 1465.875 1469.46875 1511.4375 1768.515625 1841.671875 1813.875
-3.4e+38 -3.4e+38 -3.4e+38 -3.4e+38 -3.4e+38 -3.4e+38 -3.4e+38 -3.4e+38 -3.4e+38 -3.4e+38 -3.4e+38 -3.4e+38 -3.4e+38 -3.4e+38 -3.4e+38 -3.4e+38 -3.4e+38 -3.4e+38 -3.4e+38 -3.4e+38 -3.4e+38 -3.4e+38 -3.4e+38 -3.4e+38 -3.4e+38 -3.4e+38 -3.4e+38 1724.2 1803.38095238095 1806.19565217391 1732.31147540984 1730 1732.828125 1562.703125 1525.640625 1772.359375 1870.609375 1910.34375 1899.96875 1659.4375 1475.671875 1641.96875 1884.40625 1796.46875 1622.53125 1496.234375 1503.734375 1486.140625 1667.421875 1801.171875 1764.5 1596.546875 1518.3125 1494.234375 1691.09375 1819.78125 1817.75
-3.4e+38 -3.4e+38 -3.4e+38 -3.4e+38 -3.4e+38 -3.4e+38 -3.4e+38 -3.4e+38 -3.4e+38 -3.4e+38 -3.4e+38 -3.4e+38 -3.4e+38 -3.4e+38 -3.4e+38 -3.4e+38 -3.4e+38 -3.4e+38 -3.4e+38 -3.4e+38 -3.4e+38 -3.4e+38 -3.4e+38 -3.4e+38 -3.4e+38 -3.4e+38 -3.4e+38 -3.4e+38 -3.4e+38 -3.4e+38 1744.5 1798.8 1796 1643.80952380952 1451.234375 1466.984375 1726.640625 1836.5625 1896.59375 1801.890625 1500.34375 1678.875 1942.78125 1794.265625 1721.34375 1637.234375 1511.09375 1539.53125 1710.453125 1766.171875 1713.96875 1707.421875 1684.890625 1665.21875 1689.890625 1755.296875 1810.59375
-3.4e+38 -3.4e+38 -3.4e+38 -3.4e+38 -3.4e+38 -3.4e+38 -3.4e+38 -3.4e+38 -3.4e+38 -3.4e+38 -3.4e+38 -3.4e+38 -3.4e+38 -3.4e+38 -3.4e+38 -3.4e+38 -3.4e+38 -3.4e+38 -3.4e+38 -3.4e+38 -3.4e+38 -3.4e+38 -3.4e+38 -3.4e+38 -3.4e+38 -3.4e+38 -3.4e+38 -3.4e+38 -3.4e+38 -3.4e+38 -3.4e+38 -3.4e+38 -3.4e+38 1671.75 1568.09523809524 1552.95555555556 1611.39583333333 1692.8125 1761.29166666667 1900.66666666667 1612.1875 1554.66666666667 1871.47916666667 1517.8125 1635.83333333333 1724.3125 1586.5625 1648.85416666667 1758.47916666667 1627.77083333333 1464.8125 1482.3125 1592.53191489362 1703.5 1653.77777777778 1708.25 1794.625
-3.4e+38 -3.4e+38 -3.4e+38 -3.4e+38 -3.4e+38 -3.4e+38 -3.4e+38 -3.4e+38 -3.4e+38 -3.4e+38 -3.4e+38 -3.4e+38 -3.4e+38 -3.4e+38 -3.4e+38 -3.4e+38 -3.4e+38 -3.4e+38 -3.4e+38 -3.4e+38 -3.4e+38 -3.4e+38 -3.4e+38 -3.4e+38 -3.4e+38 -3.4e+38 -3.4e+38 -3.4e+38 -3.4e+38 -3.4e+38 -3.4e+38 -3.4e+38 -3.4e+38 -3.4e+38 -3.4e+38 -3.4e+38 -3.4e+38 -3.4e+38 -3.4e+38 -3.4e+38 -3.4e+38 -3.4e+38 -3.4e+38 -3.4e+38 -3.4e+38 -3.4e+38 -3.4e+38 -3.4e+38 -3.4e+38 -3.4e+38 -3.4e+38 -3.4e+38 -3.4e+38 -3.4e+38 -3.4e+38 -3.4e+38 -3.4e+38
-3.4e+38 -3.4e+38 -3.4e+38 -3.4e+38 -3.4e+38 -3.4e+38 -3.4e+38 -3.4e+38 -3.4e+38 -3.4e+38 -3.4e+38 -3.4e+38 -3.4e+38 -3.4e+38 -3.4e+38 -3.4e+38 -3.4e+38 -3.4e+38 -3.4e+38 -3.4e+38 -3.4e+38 -3.4e+38 -3.4e+38 -3.4e+38 -3.4e+38 -3.4e+38 -3.4e+38 -3.4e+38 -3.4e+38 -3.4e+38 -3.4e+38 -3.4e+38 -3.4e+38 -3.4e+38 -3.4e+38 -3.4e+38 -3.4e+38 -3.4e+38 -3.4e+38 -3.4e+38 -3.4e+38 -3.4e+38 -3.4e+38 -3.4e+38 -3.4e+38 -3.4e+38 -3.4e+38 -3.4e+38 -3.4e+38 -3.4e+38 -3.4e+38 -3.4e+38 -3.4e+38 -3.4e+38 -3.4e+38 -3.4e+38 -3.4e+38
-3.4e+38 -3.4e+38 -3.4e+38 -3.4e+38 -3.4e+38 -3.4e+38 -3.4e+38 -3.4e+38 -3.4e+38 -3.4e+38 -3.4e+38 -3.4e+38 -3.4e+38 -3.4e+38 -3.4e+38 -3.4e+38 -3.4e+38 -3.4e+38 -3.4e+38 -3.4e+38 -3.4e+38 -3.4e+38 -3.4e+38 -3.4e+38 -3.4e+38 -3.4e+38 -3.4e+38 -3.4e+38 -3.4e+38 -3.4e+38 -3.4e+38 -3.4e+38 -3.4e+38 -3.4e+38 -3.4e+38 -3.4e+38 -3.4e+38 -3.4e+38 -3.4e+38 -3.4e+38 -3.4e+38 -3.4e+38 -3.4e+38 -3.4e+38 -3.4e+38 -3.4e+38 -3.4e+38 -3.4e+38 -3.4e+38 -3.4e+38 -3.4e+38 -3.4e+38 -3.4e+38 -3.4e+38 -3.4e+38 -3.4e+38 -3.4e+38
-3.4e+38 -3.4e+38 -3.4e+38 -3.4e+38 -3.4e+38 -3.4e+38 -3.4e+38 -3.4e+38 -3.4e+38 -3.4e+38 -3.4e+38 -3.4e+38 -3.4e+38 -3.4e+38 -3.4e+38 -3.4e+38 -3.4e+38 -3.4e+38 -3.4e+38 -3.4e+38 -3.4e+38 -3.4e+38 -3.4e+38 -3.4e+38 -3.4e+38 -3.4e+38 -3.4e+38 -3.4e+38 -3.4e+38 -3.4e+38 -3.4e+38 -3.4e+38 -3.4e+38 -3.4e+38 -3.4e+38 -3.4e+38 -3.4e+38 -3.4e+38 -3.4e+38 -3.4e+38 -3.4e+38 -3.4e+38 -3.4e+38 -3.4e+38 -3.4e+38 -3.4e+38 -3.4e+38 -3.4e+38 -3.4e+38 -3.4e+38 -3.4e+38 -3.4e+38 -3.4e+38 -3.4e+38 -3.4e+38 -3.4e+38 -3.4e+38
-3.4e+38 -3.4e+38 -3.4e+38 -3.4e+38 -3.4e+38 -3.4e+38 -3.4e+38 -3.4e+38 -3.4e+38 -3.4e+38 -3.4e+38 -3.4e+38 -3.4e+38 -3.4e+38 -3.4e+38 -3.4e+38 -3.4e+38 -3.4e+38 -3.4e+38 -3.4e+38 -3.4e+38 -3.4e+38 -3.4e+38 -3.4e+38 -3.4e+38 -3.4e+38 -3.4e+38 -3.4e+38 -3.4e+38 -3.4e+38 -3.4e+38 -3.4e+38 -3.4e+38 -3.4e+38 -3.4e+38 -3.4e+38 -3.4e+38 -3.4e+38 -3.4e+38 -3.4e+38 -3.4e+38 -3.4e+38 -3.4e+38 -3.4e+38 -3.4e+38 -3.4e+38 -3.4e+38 -3.4e+38 -3.4e+38 -3.4e+38 -3.4e+38 -3.4e+38 -3.4e+38 -3.4e+38 -3.4e+38 -3.4e+38 -3.4e+38
-3.4e+38 -3.4e+38 -3.4e+38 -3.4e+38 -3.4e+38 -3.4e+38 -3.4e+38 -3.4e+38 -3.4e+38 -3.4e+38 -3.4e+38 -3.4e+38 -3.4e+38 -3.4e+38 -3.4e+38 -3.4e+38 -3.4e+38 -3.4e+38 -3.4e+38 -3.4e+38 -3.4e+38 -3.4e+38 -3.4e+38 -3.4e+38 -3.4e+38 -3.4e+38 -3.4e+38 -3.4e+38 -3.4e+38 -3.4e+38 -3.4e+38 -3.4e+38 -3.4e+38 -3.4e+38 -3.4e+38 -3.4e+38 -3.4e+38 -3.4e+38 -3.4e+38 -3.4e+38 -3.4e+38 -3.4e+38 -3.4e+38 -3.4e+38 -3.4e+38 -3.4e+38 -3.4e+38 -3.4e+38 -3.4e+38 -3.4e+38 -3.4e+38 -3.4e+38 -3.4e+38 -3.4e+38 -3.4e+38 -3.4e+38 -3.4e+38
-3.4e+38 -3.4e+38 -3.4e+38 -3.4e+38 -3.4e+38 -3.4e+38 -3.4e+38 -3.4e+38 -3.4e+38 -3.4e+38 -3.4e+38 -3.4e+38 -3.4e+38 -3.4e+38 -3.4e+38 -3.4e+38 -3.4e+38 -3.4e+38 -3.4e+38 -3.4e+38 -3.4e+38 -3.4e+38 -3.4e+38 -3.4e+38 -3.4e+38 -3.4e+38 -3.4e+38 -3.4e+38 -3.4e+38 -3.4e+38 -3.4e+38 -3.4e+38 -3.4e+38 -3.4e+38 -3.4e+38 -3.4e+38 -3.4e+38 -3.4e+38 -3.4e+38 -3.4e+38 -3.4e+38 -3.4e+38 -3.4e+38 -3.4e+38 -3.4e+38 -3.4e+38 -3.4e+38 -3.4e+38 -3.4e+38 -3.4e+38 -3.4e+38 -3.4e+38 -3.4e+38 -3.4e+38 -3.4e+38 -3.4e+38 -3.4e+38
