Cases/SDM_Urocitellus_beldingi/westernUsClimate_historic/BIO06.asc
NCOLS 316 
NROWS 299 
XLLCORNER -124.820833001 
YLLCORNER 29.1625003333339 
CELLSIZE 0.0666666666645545 
NODATA_value -3.4e+38 
[rows 0 to 19 of 299, columns 90 to 134 of 316]
-1072.04910387312 -1126.13973018101 -1094.61026763916 -1018.87231990269 -1009.52901676723 -982.934374128069 -1024.41293988909 -1071.66695840018 -988.447765895299 -1014.44776698521 -1031.71384102958 -1155.44285365513 -1040.54642595564 -1059.10357557024 -1049.45982251848 -978.920091901507 -976.491070338658 -905.039288112095 -877.591068812779 -975.350446428571 -993.789288112095 -1015.37188066755 -1039.91338893345 -1053.82143838065 -1132.58125523158 -1193.19062587193 -1251.51562935965 -1193.77008928571 -1173.51919773647 -1178.6620526995 -1113.93793160575 -1083.89107295445 -1014.39598519461 -799.769196646554 -751.364730834961 -854.172769818987 -1129.30222647531 -1123.37545122419 -1153.24771673029 -1163.05977199389 -1135.37812805176 -1173.2102912454 -1227.68786991004 -1211.89151173718 -1196.31428309849
-1054.36053657532 -1070.62069797516 -1046.189453125 -1031.59374904633 -1009.54648399353 -996.021088600159 -977.973828315735 -996.260548591614 -997.636324882507 -994.727737426758 -1019.8656206131 -1047.55859375 -1022.51719379425 -990.705862045288 -968.073438644409 -967.194925308228 -918.197660446167 -870.146090507507 -913.376954078674 -975.741795539856 -1044.24335670471 -1019.46015262604 -1082.80234050751 -1078.76679801941 -1104.78007316589 -1165.83516216278 -1194.53399467468 -1199.42110347748 -1131.41211128235 -1095.21914958954 -1115.63164710999 -1094.47148227692 -1053.00313091278 -931.534375190735 -801.736716270447 -863.62734413147 -1045.0898399353 -1087.66639995575 -1131.78086090088 -1134.74843215942 -1127.11367416382 -1138.71796035767 -1195.30429267883 -1196.97695541382 -1222.59218597412
-1064.36054420471 -1030.56132984161 -1030.13828086853 -1027.09258079529 -1051.18710708618 -1039.98358726501 -1109.68593120575 -1036.74218845367 -989.209371566772 -952.530855178833 -999.657425880432 -1011.54648208618 -999.104687690735 -970.834767341614 -945.219139099121 -851.616403579712 -871.62460899353 -968.793362617493 -964.575000762939 -1025.30899047852 -1187.9480381012 -1060.79570007324 -1046.64687824249 -1075.56952285767 -1198.67147827148 -1200.89413833618 -1185.13789176941 -1084.59218215942 -1148.63866996765 -1121.96796321869 -1152.89610099792 -1111.88124847412 -1088.46133136749 -1021.75703525543 -932.333594322205 -806.11953163147 -890.077342987061 -1067.30703830719 -1090.05780792236 -1099.484375 -1122.52656364441 -1169.50819969177 -1226.17305374146 -1215.23046684265 -1168.15546226501
-1067.64843559265 -1052.34218406677 -1044.46640014648 -1042.20352363586 -1078.59883403778 -1100.7621049881 -1096.77226638794 -1059.08203029633 -977.342972755432 -913.974610328674 -972.112502098083 -986.853510856628 -926.59531211853 -859.386714935303 -878.892182350159 -926.417961120605 -940.171093940735 -966.028909683228 -990.478511810303 -1123.32773303986 -1148.90819549561 -985.513670921326 -1033.35195350647 -1089.18985176086 -1112.88632297516 -1147.03398895264 -1148.63046073914 -1028.0003900528 -1066.75859642029 -1117.20468330383 -1134.11210823059 -1124.01523971558 -1151.65781021118 -1171.27383232117 -1141.57421684265 -972.547271728516 -803.153903961182 -990.924995422363 -1083.97344398499 -1069.74297046661 -1087.84648513794 -1131.70858573914 -1154.90507316589 -1166.666015625 -1147.58476257324
-1085.01522827148 -1088.34257602692 -1074.86992931366 -1093.17540168762 -1095.55703258514 -1087.7499961853 -1115.48202514648 -1088.94609928131 -1001.06523799896 -929.349220275879 -894.591404914856 -937.626169204712 -883.266798019409 -922.999217033386 -968.503128051758 -981.282421112061 -987.620700836182 -977.527732849121 -1022.5296869278 -1083.21016120911 -1033.1871137619 -990.655857086182 -1058.84295749664 -1102.1621131897 -1167.19023323059 -1191.90742301941 -1094.71289253235 -1083.10508441925 -981.135938644409 -998.850389480591 -1098.18867492676 -1168.09805297852 -1176.67265701294 -1176.44764328003 -1129.05820274353 -1036.48711395264 -809.499219894409 -903.958597183228 -1084.45585918427 -1044.97850799561 -1022.6246099472 -1118.58868217468 -1119.07304954529 -1123.3171710968 -1134.38789272308
-1122.40273475647 -1111.68593978882 -1098.59804534912 -1118.15155982971 -1085.45976352692 -1113.73711776733 -1110.21993255615 -1106.8945274353 -1037.21601963043 -949.531644821167 -878.003904342651 -879.294529914856 -924.010546684265 -954.759377479553 -997.765234947205 -1046.54297351837 -1032.35624790192 -1004.15820026398 -1052.68945217133 -1091.5351524353 -987.302735328674 -958.624223709106 -1111.86171150208 -1176.01328086853 -1154.45976829529 -1152.95897865295 -1060.07890510559 -1118.97773456573 -1064.67460823059 -930.73007774353 -1074.83827972412 -1145.77695465088 -1183.23125076294 -1149.78516387939 -1117.4359292984 -1022.99296855927 -806.578517913818 -853.745311737061 -897.0234375 -912.67929649353 -945.296092987061 -1033.46992301941 -1103.1597661972 -1082.1792974472 -1086.42773532867
-1126.43749237061 -1104.03242683411 -1116.07734680176 -1169.13203048706 -1119.55077934265 -1112.24492740631 -1095.55194664001 -1074.24374866486 -1032.99257946014 -985.219142913818 -814.166408538818 -856.318745613098 -957.372267723083 -937.571484565735 -1024.4195356369 -1021.54140377045 -1020.91523742676 -1057.20624923706 -1075.36406517029 -1095.67967987061 -1072.04531669617 -955.568360328674 -1069.69101524353 -1094.83827781677 -1110.10585975647 -1031.3511724472 -1046.80859279633 -1005.77461338043 -972.325781822205 -915.450779914856 -1078.06719303131 -1140.24649047852 -1188.36327362061 -1148.21562004089 -1081.34610176086 -1017.02734661102 -819.822266578674 -845.260942459106 -873.943745613098 -1001.32773971558 -935.727338790894 -943.20664024353 -1034.07578659058 -1024.85663795471 -1052.22578525543
-1125.87928771973 -1108.43475532532 -1148.31562614441 -1199.1746006012 -1144.93047142029 -1109.89883804321 -1082.78828239441 -1074.3453130722 -1012.8941411972 -954.111721992493 -788.660937309265 -855.659374237061 -902.912112236023 -910.292967796326 -936.025391578674 -993.518754005432 -1019.99140357971 -1027.06953239441 -1046.62070083618 -1065.67695808411 -1059.84257316589 -990.044525146484 -973.213673591614 -1039.43788814545 -1057.89023590088 -1083.12656021118 -1006.82655906677 -931.682026863098 -925.484373092651 -884.906248092651 -1084.58320903778 -1147.60467910767 -1111.99336147308 -1071.0550775528 -1057.13476276398 -909.821487426758 -838.679294586182 -988.603510856628 -1026.13282012939 -1034.66992759705 -994.648050308228 -969.78476524353 -955.847266197205 -995.088672637939 -1016.07226753235
-1115.27734375 -1121.6429681778 -1174.21172332764 -1186.57969284058 -1183.05039596558 -1115.15233612061 -1082.69570350647 -1038.82266139984 -979.958594322205 -854.251563072205 -870.542578697205 -1007.94843673706 -939.202734947205 -857.837890625 -902.145316123962 -971.844141960144 -995.968359947205 -1008.12538814545 -1027.6246175766 -1079.63203334808 -1074.00195503235 -970.286333084106 -916.900003433228 -975.699222564697 -1068.3218755722 -1091.75507640839 -989.519926071167 -959.504686355591 -882.153516769409 -861.505858421326 -1044.38321018219 -1107.68553733826 -1085.70429229736 -993.689455032349 -1039.44101047516 -842.330858230591 -928.19531917572 -1054.3066368103 -1021.39336299896 -1055.2425775528 -1035.18203830719 -1007.19454097748 -988.478911399841 -956.264064788818 -995.341794013977
-1049.80195426941 -1075.3207025528 -1171.32656097412 -1171.81328773499 -1168.203125 -1112.61367797852 -1047.77149105072 -968.76210975647 -913.164066314697 -846.837111473083 -893.348824501038 -989.284763336182 -885.196481704712 -876.858592987061 -875.941402435303 -900.917966842651 -906.819142341614 -950.264063835144 -1045.79765415192 -1145.86054420471 -1067.98359680176 -954.183979988098 -904.915625572205 -955.900389671326 -1042.453125 -1073.37889671326 -962.598052024841 -924.447262763977 -892.909766197205 -869.698044776917 -1003.25899219513 -1061.82617378235 -1061.49140167236 -973.107028007507 -920.666399002075 -831.197260856628 -882.37109375 -968.477343559265 -1059.12147712708 -1069.95117092133 -1095.25351905823 -1062.46016216278 -974.321092605591 -932.305465698242 -940.546877861023
-1072.10702705383 -1006.87421607971 -1111.2472743988 -1152.41992950439 -1093.64179420471 -1092.98632621765 -1026.24453258514 -959.388670921326 -901.162890434265 -837.030858039856 -869.217581748962 -982.32772731781 -931.353903770447 -875.933590888977 -877.988279342651 -976.628517150879 -945.028128623962 -932.274606704712 -1006.51640605927 -1067.71835899353 -1084.9476556778 -983.891014099121 -878.287497520447 -977.65039730072 -1055.06797027588 -1010.39960575104 -917.803516387939 -873.821097373962 -835.753513336182 -831.273048400879 -943.880081176758 -1026.72186470032 -1044.06914234161 -966.341016769409 -800.186719894409 -804.685935020447 -836.211331367493 -894.754299163818 -1013.58671855927 -1087.06171417236 -1090.78359794617 -1040.12460803986 -988.845314025879 -981.691794395447 -924.112499237061
-1017.71562957764 -950.558592796326 -1028.95078277588 -1132.15078163147 -1102.9054775238 -1084.65781784058 -1018.1566400528 -943.030079841614 -873.555469512939 -815.121094703674 -844.304298400879 -938.504683494568 -972.816407203674 -910.875782966614 -852.049217224121 -896.895317077637 -872.666409492493 -933.220704078674 -1047.91796779633 -1124.60429954529 -1097.40117454529 -937.918751716614 -843.972269058228 -859.577344894409 -978.187890052795 -1017.18789672852 -924.464062690735 -848.630860328674 -916.564843177795 -861.128125190735 -978.214454650879 -1004.6328125 -975.920703887939 -915.246101379395 -755.478122711182 -773.648440361023 -810.66054725647 -873.630471229553 -946.169137954712 -1001.41719150543 -1067.87148571014 -1054.04765987396 -1012.81874275208 -957.092577934265 -962.803909301758
-1029.16992759705 -937.871879577637 -965.308987617493 -1078.380859375 -1069.96211433411 -1054.56210422516 -967.492576599121 -913.658205986023 -856.62070274353 -823.185938835144 -826.700776100159 -959.344139099121 -905.763279914856 -957.412497520447 -851.162895202637 -858.289846420288 -880.99453163147 -896.532029151917 -1005.29609298706 -1082.41875076294 -996.974612236023 -891.359765052795 -820.910546302795 -822.50937461853 -825.976558685303 -889.677735328674 -986.513667106628 -933.226573944092 -854.126560211182 -824.076170921326 -937.303515434265 -878.235544204712 -802.731245994568 -744.010934829712 -780.089457511902 -776.443360328674 -772.371875762939 -788.471486091614 -913.801954269409 -943.833207130432 -929.056642532349 -972.20897769928 -1005.80547523499 -928.339059829712 -969.83984375
-1018.19101333618 -898.726950645447 -967.406250953674 -1021.54765605927 -1001.74023723602 -1016.34296035767 -974.111720085144 -909.611718177795 -837.736721038818 -798.571092605591 -836.515231132507 -928.224222183228 -1024.4984369278 -981.375786781311 -837.8828125 -815.035935401917 -836.998439788818 -821.794141769409 -881.096482276917 -1056.9007806778 -1029.7691450119 -992.103904724121 -839.828909873962 -855.33203125 -839.758595466614 -842.671091079712 -843.669137001038 -887.150001525879 -820.706250190735 -856.187498092651 -926.103907585144 -780.489063262939 -841.824228286743 -774.510545730591 -794.948436737061 -827.602733612061 -768.527729034424 -768.694924354553 -792.296487808228 -858.644921302795 -881.346487998962 -1063.45820045471 -1035.8277387619 -966.748435974121 -940.700389862061
-1023.52578639984 -883.025390625 -912.191411018372 -977.637500762939 -935.59765625 -932.517184257507 -865.646094322205 -856.685153007507 -790.368752479553 -796.616405487061 -823.839063644409 -920.236721038818 -986.515624046326 -877.558596611023 -827.769534111023 -796.86093711853 -808.907419204712 -823.895701408386 -887.667574882507 -901.296093940735 -858.100392341614 -833.145313262939 -833.792971611023 -814.716801643372 -799.815626144409 -803.670701980591 -795.037893295288 -839.849611282349 -954.907419204712 -837.617968559265 -774.253121376038 -907.82656288147 -856.934767723083 -829.863669395447 -900.398048400879 -757.029684066772 -756.456252098083 -771.78515625 -760.038281440735 -796.134376525879 -842.587496757507 -851.116013526917 -977.832420349121 -973.753517150879 -928.262893676758
-970.311718940735 -856.790237426758 -806.876953125 -922.987893104553 -892.130463600159 -818.789449691772 -777.024218559265 -779.048048019409 -760.97890663147 -780.75039100647 -858.939063072205 -942.602346420288 -849.512893676758 -816.806246757507 -795.338672637939 -791.166407585144 -782.537112236023 -802.083986282349 -831.647657394409 -838.149605751038 -829.776168823242 -790.883202552795 -785.458990097046 -792.008201599121 -787.542967796326 -878.819141387939 -785.887894630432 -877.194922447205 -938.88632774353 -793.784372329712 -743.618354797363 -865.03359413147 -814.576951980591 -819.182033538818 -781.166796684265 -723.601173400879 -781.599217414856 -793.828129768372 -875.840233802795 -901.428905487061 -835.533593177795 -837.179297447205 -828.764061927795 -868.849614143372 -900.567187309265
-867.801168441772 -810.498826980591 -797.843359947205 -876.144923210144 -873.846874237061 -840.56484413147 -745.08632850647 -757.717972755432 -761.669922828674 -764.338673591614 -859.058200836182 -843.127737045288 -802.924996376038 -775.864457130432 -763.91445350647 -783.021095275879 -795.153123855591 -832.961326599121 -794.19492149353 -802.400388717651 -814.953127861023 -791.636332511902 -754.17578125 -746.483200073242 -788.729294776917 -887.56640625 -811.032028198242 -827.56015586853 -826.823440551758 -756.461332321167 -732.989453315735 -706.429295539856 -702.754692077637 -753.104684829712 -721.298825263977 -712.478903770447 -841.305467605591 -914.213671684265 -896.05859375 -916.677344322205 -922.648826599121 -913.256254196167 -860.611328125 -916.13906288147 -884.607422828674
-755.369920730591 -763.887104988098 -766.928122520447 -771.821485519409 -746.979300498962 -847.003127098083 -748.209374427795 -729.31875038147 -751.205856323242 -762.671092987061 -764.280862808228 -739.112110137939 -744.948047637939 -763.323826789856 -774.699219703674 -799.028515815735 -795.93789100647 -815.770316123962 -785.387107849121 -786.162503242493 -808.535546302795 -780.743361473083 -739.705466270447 -738.806250572205 -850.589846611023 -907.573046684265 -920.777341842651 -901.40195274353 -850.992186546326 -745.82382774353 -708.632029533386 -675.374613761902 -686.56093120575 -713.999606132507 -790.957811355591 -802.54921913147 -879.879686355591 -849.890237808228 -823.74570274353 -875.286721229553 -858.199605941772 -926.429293632507 -970.512113571167 -967.423826217651 -944.28281211853
-827.461326599121 -819.511328697205 -826.682424545288 -803.609375 -753.01210975647 -739.230861663818 -733.920314788818 -728.889454841614 -728.740624427795 -745.233202934265 -752.673050880432 -764.388670921326 -762.964842796326 -762.594139099121 -787.436719894409 -757.754682540894 -771.227735519409 -759.22109413147 -739.994141578674 -733.489841461182 -729.671878814697 -694.073041915894 -693.486717224121 -716.087894439697 -785.389451980591 -864.947657585144 -890.156248092651 -883.363676071167 -845.092967987061 -688.864846229553 -655.233206748962 -670.19101524353 -727.987109184265 -815.954686164856 -853.521088600159 -882.09023475647 -885.340232849121 -837.249217987061 -785.984766960144 -846.36953163147 -783.685548782349 -957.053120613098 -873.634375572205 -958.335154533386 -927.369138717651
-884.833594322205 -887.040232658386 -879.433594703674 -838.609764099121 -780.726174354553 -763.185940742493 -749.989066123962 -744.620309829712 -748.55858707428 -737.667186737061 -751.937888145447 -729.166409492493 -740.600783348083 -739.516796112061 -753.679684638977 -750.621092796326 -718.727735519409 -710.785154342651 -685.833594322205 -689.715624809265 -651.327342033386 -620.764063835144 -635.798830986023 -668.348828315735 -714.460938453674 -707.591408729553 -718.216796875 -727.498828887939 -693.445313453674 -644.096090316772 -622.516015052795 -649.312500953674 -690.998825073242 -841.608590126038 -776.940622329712 -832.453124046326 -905.163278579712 -829.507813453674 -822.135936737061 -907.732420921326 -836.795311927795 -820.898047447205 -874.864454269409 -895.347270965576 -958.074996948242
