Cases/SDM_Urocitellus_beldingi/westernUsClimate_historic/BIO03.asc
NCOLS 316 
NROWS 299 
XLLCORNER -124.820833001 
YLLCORNER 29.1625003333339 
CELLSIZE 0.0666666666645545 
NODATA_value -3.4e+38 
[rows 112 to 139 of 299, columns 192 to 255 of 316]
35.296875 35.703125 35.0625 35.4375 34.328125 36.125 40.484375 39.28125 34.5625 36.109375 38.40625 38.625 39 38.265625 38.84375 37.828125 37.359375 37.5625 37.25 37.265625 37.359375 38.53125 38.359375 38.65625 39 39 38.90625 38.921875 39 38.921875 38.484375 38.078125 38.015625 37.984375 37.96875 37.5 37.4375 37.171875 36.25 34.078125 34.890625 36.78125 36.03125 36.421875 35.84375 35.984375 35.8125 35.515625 35.828125 38.0625 38.140625 37.96875 39.796875 39.125 38.390625 36.453125 36.359375 36.59375 36.4375 36.84375 36.515625 36.984375 36.609375 35.265625
35.546875 36.03125 36.1875 35.765625 35.4375 35.21875 38.734375 35.859375 34.421875 35.921875 37.8125 38.65625 39.640625 39.8125 39.765625 39.625 38.6875 37.984375 37.6875 37.296875 38.390625 37.734375 37.875 38.453125 38.875 38.96875 38.96875 38.953125 38.859375 38.421875 38.3125 38.078125 38.015625 38 37.96875 37.96875 37.28125 37.375 37.15625 36.5 37.078125 36.578125 35.671875 35.921875 36.203125 36.234375 33.796875 35.328125 34.65625 37.5 38.46875 38.90625 38.875 37.96875 36.84375 35.625 35.46875 36.0625 35.953125 36.453125 36.953125 36.96875 36.921875 36.1875
34.40625 34.921875 35.15625 35.046875 34.515625 35.484375 35.578125 34.65625 34.75 36.046875 37.625 39.28125 39.921875 40 39.84375 39.28125 38.703125 38.25 37.96875 37.65625 38.25 37.375 37.734375 38.75 38.609375 38.484375 38.75 38.921875 38.09375 37.078125 37.453125 37.9375 38 37.921875 37.8125 37.875 37.40625 35.4375 36.046875 37.265625 35.8125 36.203125 34.25 33.859375 33.625 36.03125 35.140625 34.6875 35.203125 35.5625 36.84375 36.1875 37.03125 38 36 36.71875 36.203125 35.53125 36.796875 36.71875 37.234375 37.734375 37.21875 36.609375
32.40625 35.359375 35.015625 33.65625 34.125 35.109375 35.296875 34.3125 34.921875 35.765625 36.859375 39.359375 39.984375 39.984375 39.859375 39.53125 38.53125 39.203125 38.3125 37.859375 38.015625 38.234375 38.59375 37.90625 36.90625 38.484375 38.578125 38.328125 37.125 36.0625 36.9375 37.671875 38.0625 38.03125 37.984375 37.828125 37.546875 35.96875 37.0625 36.234375 35.703125 36.15625 33.0625 33.359375 33.0625 34.921875 35.203125 33.984375 35.046875 34.125 32.625 33.265625 35.28125 36.484375 37.96875 36.546875 35.453125 36.484375 36.5625 36.71875 36.8125 38.015625 38.0625 37.703125
33.859375 34 35.203125 34.953125 34.75 35.921875 36.640625 35.96875 36.0625 35.90625 36.765625 39.8125 39.734375 39.859375 39.375 39.453125 38.796875 39.6875 38.75 38.609375 37.9375 38.46875 38.140625 37.796875 38.5625 38.890625 38.84375 38.53125 37.21875 36.5 37.59375 38.25 38.59375 38.3125 38.03125 37.90625 38 37.875 37.703125 35.21875 34.8125 33.984375 33.09375 33.046875 34.5625 35.890625 35.453125 36.46875 35.203125 33.25 32.765625 33.171875 34.546875 36.671875 37.1875 36.3125 37.34375 38.140625 38 37.03125 35.390625 37.03125 38.46875 38.03125
33.8125 33.28125 34.984375 36.328125 37.890625 37.25 36 35.71875 36.046875 37.203125 38.984375 40.265625 40.09375 39.84375 39.53125 39.171875 39 39.40625 39.359375 38.859375 38.90625 39.0625 39.015625 38.90625 39.125 39.6875 39.234375 38.640625 38.0625 38 38.421875 37.90625 38.078125 38.203125 38.28125 38.640625 38.5625 38.03125 36.796875 35.515625 35.5 35.03125 34.15625 33.484375 35.109375 34.984375 34.796875 36.328125 35.234375 32.9375 33.640625 34.203125 36.703125 37.578125 37.21875 37.953125 38.15625 38.8125 37.703125 37.296875 35.5 35.5 36.75 37.78125
33.65625 33.734375 34.234375 35.484375 37.21875 36.15625 35.09375 35.1875 36.796875 39.609375 38.53125 39.609375 40.640625 40.53125 39.78125 39.25 39.296875 39.703125 40.015625 39.5 39.140625 39.609375 40.03125 39.296875 39.234375 39.25 38.921875 38.5 38.296875 38.09375 38.640625 38.234375 38.046875 37.953125 37.921875 38.5 38.984375 38.203125 36.078125 34.515625 35.125 35.046875 35.5 34.859375 33.921875 33.21875 33.578125 35.609375 33.953125 33.359375 35.140625 34.171875 36.296875 37.71875 36.703125 36.484375 36.671875 38.875 38.21875 38.359375 37.40625 35.96875 35.09375 36.671875
30.9375 32.25 34.03125 36.15625 36.734375 34.828125 35.734375 37.25 38.75 36.90625 37.5 39.078125 41.375 40.75 40.171875 39.984375 39.984375 40 40.03125 40.328125 40.609375 40.875 41.140625 40.640625 40.40625 40.5 39.671875 39.1875 39.359375 39.234375 40.78125 39.34375 38.671875 38.234375 37.921875 38.359375 38.921875 38.515625 36.4375 34.90625 36.3125 35.890625 34.90625 33.96875 33.296875 34.359375 33.546875 34.078125 34.015625 34.671875 35.625 34.71875 34.25 37.21875 36.984375 37.40625 38.203125 38.03125 38.328125 37.6875 38.40625 38.265625 36.828125 37.265625
32.734375 33.25 33.09375 35.578125 38.09375 37.9375 37.96875 39.53125 37.984375 36.484375 40.28125 40.390625 39.921875 38.609375 40.3125 40.765625 40.671875 40.796875 41.125 41.25 41.71875 42.21875 42.421875 42.0625 42.15625 42.203125 40.828125 39.78125 39 39.515625 39.359375 39.03125 39.0625 39.078125 38.46875 38.96875 39.078125 38.109375 35.75 35.046875 35.71875 35.34375 35.90625 35.640625 35.015625 35.234375 34.09375 33.953125 35.421875 35.609375 35.53125 34.6875 34.78125 36.28125 36.234375 35.921875 35.6875 34.75 34.90625 35.171875 36.65625 39.125 38.90625 38.5625
34.0625 34.734375 34.09375 34.40625 36.5625 37.875 36.546875 39.28125 39.71875 39.25 37.71875 37.9375 38.25 38.046875 40.921875 41.03125 40.8125 41.28125 41.375 41.328125 42.234375 43.234375 43.234375 43.59375 43.5 42.734375 41.03125 40.03125 39.46875 39.140625 38.6875 40.015625 39.328125 38.9375 39.375 39.59375 39.421875 38.59375 37.734375 36.59375 35.171875 36.078125 36.046875 34.96875 34.796875 35.234375 34.5625 34.390625 35.578125 35.578125 35.890625 34.953125 36.125 36.890625 35.1875 37.234375 36.703125 37.03125 36.9375 37.515625 38.734375 39.40625 39.40625 39.390625
33.296875 34.15625 34.546875 33.8125 35.359375 36.734375 37.25 36.953125 38.484375 42.390625 39.5 40.671875 40.578125 40.203125 38.390625 39.796875 40.3125 42.203125 42.40625 42.484375 42.953125 43.734375 43.09375 43.578125 43.453125 42.71875 41.828125 40.8125 41.15625 40.796875 41.125 41.828125 40.375 39.640625 39.15625 39.25 38.515625 38.125 38.4375 37.734375 36.78125 36.703125 36.75 35.453125 33.859375 33.6875 34.5 34.640625 35.125 35.234375 36.40625 36.1875 36.421875 36.015625 34.46875 35.890625 36.078125 37.140625 39.140625 39.109375 37.546875 38.171875 37.328125 37.1875
32.9375 32.890625 34.578125 34.1875 34.828125 35.46875 37.578125 36 36.171875 41.5 37.53125 37.359375 38.40625 37.3125 38.671875 40.65625 41.453125 42.9375 42.625 42.46875 42.921875 42.5625 43.5 43.078125 42.859375 42.34375 42.1875 42.640625 41.9375 41.96875 42.15625 42.234375 41.875 40.734375 39.921875 39.078125 38.5625 38.0625 37.25 36.15625 36.015625 35.75 37.0625 38.03125 37.796875 37.90625 36.125 32.984375 33.03125 35.9375 36.90625 37.03125 36.3125 34.3125 35.515625 35.234375 33.75 37.5625 40.03125 38.359375 35.640625 36.65625 35.828125 35.40625
32.4375 32.625 34.46875 35.6875 36.09375 36.203125 37.03125 36.03125 37.640625 40.671875 37.171875 36.6875 38.28125 38.484375 39.625 40.796875 41.265625 42.65625 42.546875 42.671875 43.5 43.234375 43.578125 43.5 42.625 41.390625 41.734375 42.0625 42.625 42.390625 42.390625 43 42.203125 41.53125 40.9375 40.046875 39.46875 39.03125 38.59375 37.03125 36.328125 35.65625 35.46875 35.734375 35.625 38.234375 41.15625 38.28125 34.96875 36.28125 36.953125 35.75 36.90625 36.875 37.453125 37.109375 35.9375 39.40625 40.359375 38.5625 36.90625 35.109375 34.03125 33.1875
33.140625 33.640625 33.609375 34.515625 36.328125 35.96875 36.84375 39.40625 37.78125 38.828125 40.1875 38.8125 36.984375 38.328125 39.9375 40.921875 41.703125 41.96875 42.484375 42.515625 43.125 42.84375 43.265625 43.40625 42.953125 41.65625 41.1875 41.53125 42.234375 41.65625 41.75 42.09375 42.0625 41.0625 40.078125 39.640625 39.25 38.984375 38.3125 37.25 36.1875 35.84375 35.53125 35.90625 34.078125 35.140625 36.09375 38.609375 37.203125 36.875 35.703125 35.390625 37.625 39.171875 39.75 38.15625 36.421875 40.65625 39.421875 37.859375 35.828125 35.09375 33.390625 34.5
34.59375 35.375 35.53125 33.9375 34.0625 34.921875 33.71875 36.171875 36.96875 36.609375 40.1875 39.171875 36.578125 37.625 39.828125 40.796875 40.96875 41.53125 41.578125 42.0625 42.53125 41.875 42.65625 42.5 42.25 42.515625 42.109375 40.921875 41.109375 41.40625 40.390625 40.5625 39.828125 39.5625 38.140625 37.5625 36.859375 37.0625 36.765625 36.71875 36 35.25 35.8125 35.328125 34.46875 35.421875 34.71875 35.109375 36.234375 36.25 36.953125 36.65625 35.8125 37.734375 39.75 38.5 39.0625 37.421875 37.6875 37.828125 37.625 36.21875 36.890625 37.125
34.96875 35.765625 35.984375 34 33.4375 32.375 31.859375 32.453125 36.171875 37.390625 38.578125 39.9375 38.25 38.453125 39.15625 40.015625 40.984375 41.765625 42.015625 41 42.078125 42.1875 40.5 42.234375 40.875 40.125 40.703125 40.984375 38.6875 40 39.46875 38.046875 38.546875 37.265625 36.046875 35.421875 35.65625 35.921875 36.140625 35.703125 34.75 33.328125 34.46875 34.8125 33.34375 33.890625 32.796875 32.703125 34.578125 35.296875 36.265625 36.375 37.25 38.03125 40.03125 39.953125 37.25 38.40625 39.8125 39.5 38.515625 36.734375 38.21875 37.03125
36 36.4375 36.359375 33.265625 31.125 31.578125 33.15625 36.046875 39.984375 38.921875 36.84375 36.265625 38.015625 38.53125 38.296875 39.734375 40.734375 40.078125 41.65625 40.953125 40.921875 40.453125 40.4375 38.296875 38.671875 37.578125 37.203125 37.4375 37.28125 36.671875 36.4375 35.875 36.375 35.90625 34.859375 35.390625 35.625 36.25 35.96875 35.734375 34.21875 34.546875 35.4375 35.15625 33.015625 34.4375 33.4375 34.390625 35.078125 34.390625 34.15625 33.875 34.5625 37.234375 36.96875 39.484375 39.984375 40.328125 41.046875 41.03125 39.890625 39.390625 39.265625 38.9375
33.578125 35.890625 33.28125 33.515625 32.234375 33.03125 33.515625 35.484375 39.046875 38.640625 37.421875 36.390625 37.71875 38.625 38.90625 38.828125 39.265625 38.84375 39.046875 39.1875 41.1875 38.828125 37.53125 36.140625 35.859375 35.5 35.390625 35.265625 35.75 35.3125 35.125 35 35.59375 35.09375 35.46875 35.46875 36.453125 36.953125 36.171875 35.875 34.859375 34.203125 33.6875 31.21875 32.4375 33.140625 33.578125 34.328125 33.90625 34.296875 35.15625 35.328125 37.171875 38.953125 37.28125 38.875 39.484375 39.734375 40.546875 38.6875 39.4375 40.4375 39.21875 39.828125
33.4375 36.109375 36 35.25 33.5625 32.171875 32.234375 35.8125 37.390625 36.390625 35.828125 35.9375 38.6875 39.015625 39.296875 38.65625 37.890625 38.078125 38.515625 38.609375 39.1875 39.71875 36.875 35.296875 35.421875 36.0625 35.765625 35.015625 35 35.234375 35.46875 35.78125 36 35.75 35.671875 35.90625 35.53125 35.90625 36 36.359375 36.640625 35.5625 34.140625 31.875 31.453125 31.53125 33.609375 32.53125 31.921875 32.03125 33.5625 34.6875 35.984375 36.625 35.859375 36.5625 36.390625 38.546875 39.734375 37.796875 39.78125 40.703125 40.265625 38.859375
34.96875 35.484375 36 35.515625 35.546875 33.71875 32.5625 32.421875 33.25 35.171875 35.859375 38.40625 38.265625 39.21875 40.21875 38.1875 38.4375 37.96875 38.75 38.09375 37.890625 36.828125 36.3125 35.171875 35.40625 35.546875 35.046875 35 35.25 35.984375 35.984375 36 36 36 35.984375 36 35.859375 35.453125 36 36.578125 35.734375 34.578125 34.25 34.421875 34.5 34.078125 32.21875 32.484375 32.25 33.125 34.359375 36.15625 37.328125 37.3125 35.609375 38.25 38.546875 34.953125 35.203125 34.625 36.671875 38.984375 40.234375 40.625
36.03125 34.015625 35.859375 35.15625 35.5 35.703125 33.09375 32.34375 33.875 34.25 36.78125 38.65625 40.109375 38.859375 37.40625 39.09375 38.984375 39.4375 38.453125 38.3125 37.484375 35.796875 35.90625 36 35.15625 35.046875 35.359375 35.4375 35.90625 36 36 36 36 35.953125 36 36 36 35.875 35.578125 35.15625 34.125 33.3125 34.640625 35.140625 35.421875 34.796875 34.640625 35.1875 36.09375 36.96875 36.421875 36.34375 38.328125 38.859375 36.328125 40.0625 40.796875 37.84375 37.609375 36.171875 35.796875 36.34375 36.9375 38.4375
36.234375 35.3125 36.109375 36 36.296875 37.03125 34.859375 33.765625 34.1875 34.453125 35.203125 36.828125 39.484375 39.96875 39.234375 38.84375 38.546875 39.515625 39.546875 37.640625 36.78125 37 37.125 36.375 35.703125 35.640625 35.765625 36 36 36 36 35.984375 35.859375 35.984375 36 36 35.96875 35.34375 34.484375 33.515625 33.234375 33.375 33.96875 34.03125 34.40625 35.140625 35.53125 36.078125 35.53125 36.875 37.625 37.125 37.8125 37.96875 37.796875 39.90625 40.140625 37.4375 34.6875 36.78125 37.375 35.921875 36.828125 37.15625
36.96875 36.296875 35.9375 36.203125 36.421875 36.953125 36.5625 34.78125 35.46875 34.421875 35.125 35.375 38.78125 39.703125 39.390625 38.15625 37.640625 36.296875 36.5 37.296875 37.140625 37.359375 37.078125 36.53125 36.359375 36.078125 36.078125 36 36 36 36 35.875 35.03125 35.4375 35.671875 35.5625 35.625 35.796875 35.375 35.015625 34.359375 34.96875 34.6875 34.921875 35.109375 34.8125 35.875 36.890625 36.078125 36.046875 36.375 36.078125 34.453125 35.171875 37.765625 38.75 40.625 40.546875 38.78125 36 40.75 36.46875 37.125 37.1875
37.515625 36.734375 35.390625 36.5 36.96875 36.671875 35.4375 36.609375 38.015625 37.453125 36.390625 37.109375 37.828125 38.109375 38.265625 37.046875 36.78125 36.015625 36.421875 34.5625 33.765625 35.0625 35.984375 35.671875 36.25 36.125 35.71875 35.046875 35.734375 36 36 36 35.375 35.546875 35.71875 35.765625 35.84375 36 36 36 35.90625 35.6875 34.890625 33.734375 33.796875 34.9375 35.5625 36.515625 36.296875 35.484375 34.96875 33.984375 33.75 35.6875 37.421875 38.765625 39.484375 39 39.515625 40.546875 41.609375 39.09375 41.375 40.65625
37.8125 37.0625 36.921875 36.640625 35.828125 35.828125 36.15625 38.296875 38.421875 37.9375 38.59375 36.703125 37.46875 38.25 38.328125 37.59375 38.203125 39.0625 38.546875 35.453125 35.84375 35.140625 32.640625 35.796875 35.203125 35.015625 34.203125 34.765625 35.015625 35.3125 35.40625 35.359375 35.84375 35.8125 35.734375 35.734375 35.75 35.484375 35.53125 35.40625 34.625 34.3125 34.328125 33.859375 34.171875 34.296875 34.25 34.1875 35.328125 34.734375 33.375 33.671875 35.453125 37.6875 39.40625 39.53125 41.859375 38.953125 38.359375 37.984375 41.046875 40.453125 40.1875 40.703125
37.921875 37.625 36.875 36.265625 36.109375 35.4375 37.109375 39.515625 37.6875 37.9375 39.453125 39.3125 40.203125 38.9375 40.109375 38.25 37.953125 38.015625 38.09375 36.640625 36.859375 35.953125 35.375 32.171875 31.421875 32.5625 33.265625 34.359375 34.703125 35 35 34.5625 35.359375 34.171875 33.828125 34.734375 33.96875 33.625 33.546875 34.15625 34.546875 34.84375 34.5625 34.109375 34.0625 34.15625 34.546875 34.515625 35.5625 35.671875 33.484375 33.0625 35.25 39.546875 39.375 39.75 39.703125 35.75 36.234375 36.09375 37.703125 38.40625 36.59375 38.6875
37.59375 37.09375 38.15625 36.53125 36.34375 37.046875 38.71875 41.390625 38.296875 38.34375 37.8125 38.296875 38.25 37.890625 39.75 39.125 37.484375 37.15625 37.40625 36.78125 36.640625 36.265625 35.265625 34.203125 32.140625 31.859375 33.109375 33.296875 34.0625 34 34.734375 35.09375 34.046875 33.5625 33.578125 33.703125 32.625 32.671875 33.359375 33.859375 33.9375 33.875 34.03125 34.1875 34.421875 33.96875 34.1875 34.3125 35.078125 36.984375 34.984375 32.03125 34.5 37.46875 39.265625 40.6875 39.8125 37.34375 36.265625 36.65625 38.25 38.265625 37.140625 38.140625
35.921875 36.859375 38.1875 36.8125 37.46875 38.078125 38.15625 40.6875 41.109375 38.40625 39.359375 39.046875 38.53125 38.578125 38.515625 38.6875 38.375 36.609375 38.09375 37.890625 36.296875 36.203125 35.828125 34.359375 35.984375 34.171875 34.703125 35.015625 35.140625 34.328125 34.6875 35.171875 33.4375 33.28125 34 33.96875 34 34.15625 34.59375 34.4375 34.46875 34.34375 34.203125 34.625 35.078125 36.125 35.765625 34.25 36.015625 35.359375 36.578125 34.40625 34 35.75 37.15625 37.859375 38.734375 39.59375 39.09375 39.859375 38.859375 37.625 37.65625 38.90625
