Cases/SDM_Urocitellus_beldingi/westernUsClimate_historic/BIO04.asc
NCOLS 316 
NROWS 299 
XLLCORNER -124.820833001 
YLLCORNER 29.1625003333339 
CELLSIZE 0.0666666666645545 
NODATA_value -3.4e+38 
[rows 96 to 119 of 299, columns 110 to 164 of 316]
81038.328125 81877.671875 81823.5625 81346.578125 81005.78125 80396.953125 79970.515625 79663 79093.625 78707.5625 78269.3125 79102.046875 80100.140625 79938.109375 80086.921875 79530.71875 79529.25 79406.65625 79597.796875 80083.25 81304.046875 81310.484375 82153.796875 83259.234375 83364.265625 84010.5 85101.09375 84898.796875 84126.546875 83870.265625 84079.875 84608.21875 85090.390625 85339.859375 85611.34375 85250.203125 84950.484375 84502.328125 84875 85063.71875 84869.84375 85081.5625 85239.78125 85581.203125 85197.5 84270.328125 84393.203125 85999.453125 87498.625 87472.703125 87028.0625 86345.96875 85658 85063.015625 84886.03125
80917.3125 81437.6875 81612.421875 81596.046875 81394.765625 81105.5 80478.171875 80014.015625 79477.421875 79022.703125 79822.65625 80418.921875 80466.28125 80004.390625 79996.828125 79956.125 79918.921875 79793.25 79494.375 79286.375 80187.5 80489.84375 81183.46875 81171.78125 81295.0625 82591.328125 84323.484375 84556.3125 84008.984375 82902.9375 82796.359375 83277.78125 84089.625 84696.484375 84845.296875 84822.4375 84554.953125 84102.671875 83595.796875 83840.5 83856.71875 83907.453125 83869.75 83622.25 83243.25 82898.5625 82639.328125 83192.140625 84832.515625 86294.921875 86810.46875 86606.9375 85430.28125 84383.5 84132.265625
80882.265625 81147.671875 81334.0625 81488.03125 81192.078125 81128.875 80668.703125 79902.71875 79813.828125 79959.234375 80580.53125 80492.46875 80197.609375 80187.5 79957.078125 79329.109375 78847.625 79006.421875 78609.515625 78538.734375 78869.921875 79733.9375 80007.171875 80218.921875 80869.265625 81610.203125 82980.25 83970.859375 83691.015625 82811.84375 82251.296875 82313.546875 82741.171875 83311.296875 83891.59375 84348.984375 83383 83007.40625 82691.125 82504.578125 82739.671875 82593.328125 82477.109375 82449.734375 82226.046875 81907.625 81262.09375 80770.484375 81759.0625 84365.515625 85262.25 85342.390625 84556.796875 84122.328125 84351.40625
80829 80691.71875 80949.40625 80603.0625 80754 81258.15625 80858.578125 80313.796875 79359.984375 79031.484375 80946.359375 82059.703125 81401.859375 80694.671875 80078.859375 78925.15625 78902.328125 78779.015625 78518.375 78225.359375 78078.953125 78702 79125.65625 79458.203125 80152.234375 80822.015625 81685.96875 82981.671875 83195.609375 82491.828125 81459.28125 81305.09375 81373.75 82029.609375 82251.234375 82767.640625 82389.703125 82135.0625 82195.609375 82345.4375 82386.859375 82268.890625 81839.078125 81822.8125 81374.109375 81181.203125 81785.5625 81606.640625 81134.203125 82141.28125 83300.15625 83335.859375 82689.65625 82648.125 83413.84375
80291.53125 80366.328125 80590.28125 80531.265625 80581.09375 80816.234375 81121.796875 80873.671875 79768.125 79767.4375 80408.625 82502.34375 83078.359375 81717.203125 80535.140625 79575.25 78907.109375 78908.03125 79058.90625 78783.234375 77731.171875 77934.9375 78205.65625 78936.6875 79574.515625 80369.359375 81990.671875 82618.0625 82852.53125 81493.015625 80667.765625 80595.3125 80364.25 80528.1875 80570.765625 81034.796875 81113.90625 81049.328125 81208.671875 81415.625 81798.546875 81619.65625 81434.640625 81191.125 81350.15625 81062.78125 81116.609375 81072.546875 81074.734375 80723.421875 81205.140625 82071.390625 82175.359375 82144.8125 82254.71875
80153.1875 80548.921875 80464.390625 80268.78125 80527.4375 80454.53125 80481.71875 80604.71875 80581.8125 81885.25 81226.859375 82591.5 83536.25 82136.734375 81378.90625 80515.015625 79447.46875 79163.28125 79329.8125 78871.296875 78193.265625 77914.625 77968.75 79097.421875 79567.625 80493.125 81623.578125 82672.921875 82178.296875 80527.03125 79466.1875 79547.9375 79428.90625 79353.890625 79157.21875 79222.125 79737.296875 79840.234375 79936.625 80229.671875 80516.96875 80753.625 80840.640625 80914.890625 81137.625 80963.5625 81296.015625 81312.828125 81228.46875 80841.921875 81067.265625 80536.984375 80627.875 81030.734375 81359.296875
79700.40625 80025.984375 80459.171875 80907.3125 80636.890625 80182.15625 80675.703125 80336.125 81129.71875 82073.046875 81888.4375 82237.265625 83519.09375 82343.578125 82029.453125 81130.5 79942.359375 79391.859375 79702.578125 78940.984375 78389.453125 78353.640625 77777.6875 78335.65625 79466.125 80271.78125 80960.421875 81090.03125 81374.03125 80453.34375 79364.46875 78611.15625 78479.609375 78209.078125 77921.15625 77748.078125 77785.1875 78429.078125 78722.3125 79240.796875 79714.328125 80162.703125 80224.78125 80575.140625 80711.0625 80674.65625 81004.609375 80562.53125 80348.125 80889.21875 81120.265625 81043.9375 80326.6875 80129.6875 80394.1875
79907.09375 80551 80791.796875 80943.109375 80164.3125 79866.84375 80357.09375 80501.59375 80960.0625 81213.09375 81193.78125 82211.828125 83142.109375 82388.9375 81769.546875 81112.40625 80060.875 79543.546875 79980.515625 79431.828125 78469.203125 78030.71875 77661.9375 77574.765625 78452.046875 79580.546875 80243.875 79471.28125 79517.8125 79585.296875 78778.6875 77619.171875 77367.46875 77424.296875 77069.953125 76344.3125 76371.296875 77101.078125 77623.953125 78454.640625 79582.5 79865 80282.546875 80783.28125 80323.171875 80129.6875 79418.296875 78931.109375 78716.015625 80606.015625 80733.546875 81212.96875 81621.171875 80774.6875 81634.953125
78824.765625 80422.265625 80485.71875 79886.703125 79957.65625 80448.28125 80483.390625 80620.296875 80372 80838.65625 81315.15625 81682.984375 82199.828125 81756.328125 81146 80790.59375 80120.34375 79568.296875 79756.0625 79114.65625 78101.265625 77343.296875 77346.90625 77354.3125 77378.84375 78374.6875 79474.015625 78994.046875 78180.328125 77966.140625 77423.921875 76706.40625 76458.234375 76318.703125 76145.328125 75727.921875 75601.734375 76192.75 77341.265625 77666.9375 79138.40625 79494.8125 81306.234375 82009.625 81308.546875 80454.09375 79303.53125 78112.453125 78994.90625 80577.703125 81037.203125 81451.875 82919.859375 82703.3125 82646.921875
78918.109375 80620.71875 80457.140625 79863.21875 79929.25 80481.46875 80718.484375 81092.34375 81153.46875 80586.75 81670.046875 82091.8125 82150.578125 81828.359375 81179.015625 80298.71875 79790.375 78983.953125 79364.515625 78795.84375 78060.171875 77749.109375 77506.671875 77684.71875 77341.875 77351.078125 77941.859375 78564.265625 77270.828125 76428.390625 76041.3125 75408.296875 75123.640625 75210.40625 74976.78125 74725.171875 75481.609375 76518.5 76567.3125 78133.515625 79414.953125 79720.265625 81305.890625 81422.015625 80929.796875 80325.90625 79646.390625 79049.328125 79649.828125 80671.375 81694.671875 83334.328125 83249.78125 83182.578125 81955
78295.40625 79083.515625 79228.9375 79739.921875 79980.390625 80416.578125 80965.265625 81255.9375 81191.109375 80597.3125 81602 82094.375 81946 82008.359375 81436.09375 80529.53125 79669.0625 78830.40625 79158.03125 78528.734375 77814.296875 76495.1875 76177.34375 77504.625 77956.90625 78040.59375 78015.734375 77928.8125 77371.078125 76336.359375 76272.234375 76314.34375 75782.1875 75531.90625 75502.25 76261.828125 75294.796875 76852.625 77552.578125 78104.96875 78510.015625 80045.71875 80776.515625 80763.59375 80548 80208.9375 80044.578125 79810.40625 81273.8125 81910.390625 83446.484375 82824.90625 82582.421875 83818.796875 82037.890625
77666.671875 79626.78125 79339.21875 80245.6875 80240.6875 80440.625 81131.640625 81531.09375 81366.796875 80772.984375 81200.625 81673.4375 81829.15625 81720.90625 81490.9375 80538.34375 79856.9375 79166.265625 78681.859375 77956.671875 77627.96875 77369.609375 77022.9375 76960.4375 76978.3125 77978.09375 77757.859375 77249.015625 76669.53125 76388.671875 76875.6875 77276.265625 76166.203125 75681.265625 76612.5625 75555.71875 75716.296875 78208.765625 78674.15625 78825.109375 78474.046875 79130.796875 79632.171875 80115.359375 80504.53125 79725.65625 80713.703125 81190.375 82369.0625 83115.71875 83441.984375 83412.875 83740.078125 82613.703125 80576.34375
75676.34375 77109.03125 76777.59375 78646.84375 79855.09375 80112.203125 80996.75 81522.234375 81429.65625 81479.15625 81561.484375 81731.734375 82097.484375 81761.34375 81624.671875 80909.265625 80403.125 79123.5625 77995.53125 77129.9375 76140.8125 76657.890625 77079.84375 77199.359375 76351.796875 77246.4375 77386.703125 76741.296875 76555.5625 76347.796875 74932.25 72626.828125 75028.546875 73726.671875 74816 76770.25 78186.578125 79138.203125 79143.3125 79225.5625 78759.265625 78574.421875 79183.609375 79812.078125 79760.703125 79031.0625 81146.25 81825.25 82964.109375 83286.75 83748.625 84180.203125 83642.125 83374.984375 81931.453125
75026.25 77377.640625 76940.25 76981.3125 78617.9375 79067.296875 80474.953125 81337.03125 81620.171875 81771.3125 81827.109375 81798.171875 81701.515625 81859.828125 81411.734375 81319.21875 80541.484375 78909.4375 78328.28125 77457.15625 75862.1875 76259.546875 76676.234375 76919.90625 77185.765625 77891.4375 77943.796875 75958.5625 76448.46875 73734.796875 74156.984375 71801.75 73241.484375 73936.796875 77003.734375 78762.34375 79830.71875 80175.796875 79542.609375 77838.484375 79638.421875 80013.28125 79391.859375 80493.3125 80116.75 80642.09375 82055.296875 82495.609375 83327.578125 83877.625 83967.484375 82750.953125 81591.265625 83629.484375 84344.953125
75974.4375 76844.734375 77526.3125 77212.328125 78439.609375 78928.734375 80037.375 80880.53125 81639.640625 81896.953125 81969.40625 81776.140625 81461.28125 81462.953125 81279.21875 81258.34375 80638.109375 79477.953125 78716.59375 78184.59375 76099.75 76157.765625 77075.46875 77556.640625 78206.84375 79204.34375 78317.015625 77065.765625 77136.578125 76173.34375 75513.578125 74340.515625 74349.09375 76964.53125 79359.53125 80909.546875 80923.03125 79010.46875 79797.046875 80349.625 80518.671875 79897.625 79902.359375 81733.109375 81785.40625 82343.125 83011.0625 83092.578125 83381.65625 82457.515625 82339.75 82955.828125 84328.265625 85161.9375 85080.765625
76339.34375 77481.375 77336.46875 77602.640625 78718.96875 78838.84375 79651.671875 80483.84375 81320.671875 81894.859375 81799.109375 81498.4375 81355.03125 81241.3125 80710.09375 80118.9375 79575.859375 78979.703125 78952.4375 78006.4375 76234.953125 77778.0625 76121.625 76111.5 79766.546875 81746.25 79089.296875 77278.40625 77208.640625 77460.4375 76910.578125 76618.40625 76725.59375 79283.140625 80913.4375 81304.875 80225.875 78891.203125 79466.984375 81201.046875 81036.078125 80146.40625 79568.296875 81190.703125 82741.59375 84174.328125 84174.53125 82254.625 82737.109375 83891.21875 83090.515625 82905.578125 85672.046875 86566.296875 85893.140625
76813.09375 78371.0625 78145.703125 77681.453125 78690.90625 79074.09375 79763.09375 80517.59375 81381.09375 81470.953125 81288.578125 80884.203125 80690.0625 80123.21875 79611.0625 78778.0625 77785.75 77979.3125 79329.84375 79304.34375 78943.21875 77692.921875 76284.03125 78037.5625 80993.328125 81545.15625 78396.3125 78347.1875 77793.5 78531.3125 78975.40625 79533.28125 80350.34375 81952.734375 81469.578125 79161.078125 78202.59375 79880.546875 81065.40625 82168.90625 81876.609375 81483.21875 79090.53125 82151.859375 83643.625 85476.34375 84829.53125 84067.53125 82968.75 84781.875 85330.234375 84242.40625 86258.984375 87906.9375 87006.828125
78702.6875 78550.578125 78505.609375 78626.578125 78968.640625 79578.015625 80039.609375 80685.3125 80534.734375 80608.484375 80747.15625 80625.28125 80396.78125 79819.828125 79168.234375 78769.40625 78241.765625 79093.390625 79767.90625 79741.421875 78968.921875 77846.515625 73828.390625 76997.84375 80288.578125 79752.09375 79239.875 78800.75 78710.65625 79573.96875 80804.1875 79799.1875 80915.609375 82430.875 82430.734375 79588.15625 75900.5625 79364.390625 82000.078125 83387.59375 83328.640625 83174.328125 82282.25 83592.59375 84343 84422.671875 85217.109375 86353.078125 86648.6875 86805.34375 86315.140625 85485.1875 87341.359375 89304.671875 87946.796875
79688.890625 79344.890625 79516.375 79821.84375 79915.390625 80142.453125 80339.359375 79970.171875 79943.671875 79869.15625 79843.828125 80103.921875 79438.03125 78897.265625 78607.546875 79138.78125 78951.84375 78840.171875 79412.203125 79405.25 79200.640625 77600.375 74629.609375 78434.53125 79831.0625 79565.28125 79025.265625 79324.9375 79452.1875 79583.890625 80068.046875 79938.484375 80640.203125 82144.34375 82849.375 81476.125 78469.859375 77919.65625 82188.796875 83941.140625 83557.3125 83357.71875 83272.296875 84005.21875 84043.4375 84331.453125 84927 85894.796875 87087.84375 88031.6875 87071.46875 86722.15625 88958.953125 90426.671875 90176.59375
80431.015625 80574.484375 80602.375 80653.78125 80573.203125 80409.28125 80098.5 79544.5 79159.921875 78903.109375 79131.265625 79416.453125 78774.53125 79087.203125 79055.90625 79171.140625 79082.953125 78967.421875 79287.984375 79139.359375 79213.375 78650.15625 76955.0625 78130.921875 79902.84375 79937.609375 78491.953125 79631.640625 80652.765625 79640.453125 77104.09375 80177.015625 81390.8125 82504.34375 83272.125 83618.828125 83066.9375 81870.140625 83516 84057.078125 83295.53125 82529.046875 82982.640625 83720.25 83576.21875 83734 83976.9375 83370.5625 85628.546875 88978 89130.015625 90140.640625 91590.875 93063.828125 94056.734375
80341.578125 80177.25 80953.625 80560.359375 79943.203125 80042.21875 80477.03125 80287.125 78913.265625 78329.46875 78954.5625 78993.796875 79318.34375 79682.59375 79634.78125 78941.046875 78951.703125 78505.25 79119.0625 78902.8125 78857.015625 78181.46875 77809.03125 78715.328125 79614.328125 80388.890625 80089.96875 80778.875 81748.234375 80438.109375 80020.265625 80538.171875 81150.953125 82729.625 83632.6875 84192.78125 84704.609375 81206.046875 83225.09375 83618.4375 83419.390625 82836.734375 83344.265625 83305.0625 83138.5 83118.796875 82729.984375 82513.84375 87104.671875 90140.765625 91198.140625 90612.3125 90940.109375 94265.703125 95044.25
79861.453125 80521.578125 80774.65625 80099.78125 80582.5 80883.890625 80750.625 80417.265625 79223.34375 79896.421875 79986.046875 79658.890625 79935.53125 79960.375 79911.84375 79580.59375 79082.421875 78982.765625 78569.859375 78772.53125 78487.25 77902.140625 78336.40625 79130.953125 79841.640625 80618.8125 80799.6875 80505.421875 80644.703125 81532.65625 81594.515625 81708.703125 82570.71875 83044.0625 83803.328125 84500 84796.84375 84881.953125 83713.234375 83817.265625 83268.5625 81510.296875 82911.28125 82983.15625 82963.5625 82901.515625 82569.703125 85146.78125 88480.6875 90579.796875 90383.265625 87231.140625 87138.15625 93015.40625 94849.046875
79117.96875 81179.59375 79141.40625 79782.703125 81785.171875 81544.6875 81306.375 81243.375 79907.34375 80806.421875 80916.921875 81250.21875 81112.453125 80921.296875 80742.28125 79912.03125 78951.40625 78831.296875 78807.734375 79014.671875 78785.546875 76869.6875 77473.3125 79050.78125 79722.421875 81014.53125 79565.578125 78830.03125 80068.75 82127.046875 82236.96875 82375.953125 82859.703125 83295.890625 83948.921875 84570.453125 84741.5 84594.8125 83847.140625 83616.3125 82539.515625 82771.546875 82884.34375 83334.8125 82836.734375 83378.265625 82080.1875 84434.109375 88752.953125 89824.90625 89941.5625 85899.3125 85775.421875 92868.78125 94271.703125
81506.828125 80203.625 78599.6875 81583.359375 82330.921875 82081.96875 82108.875 82035.734375 82371 81372.171875 81719.625 81718.109375 82149.9375 81866.53125 80939.296875 80688.75 79700.609375 80478.046875 80145.125 79704.9375 78253.71875 78278.96875 78911.890625 78893.078125 81058.234375 80137.984375 78845.734375 79589.609375 80769.40625 82673.546875 81771.375 82055.390625 82737.15625 83594.609375 83963.546875 84191.3125 84388.875 84460.15625 84282.703125 83339.46875 82876.71875 83321.421875 83100.84375 79837.640625 83002.078125 83531.578125 84911.15625 85692 85152.46875 89533.421875 90408.03125 86476.796875 88796.359375 93912.265625 93698.0625
