Cases/SDM_Urocitellus_beldingi/westernUsClimate_historic/BIO06.asc
NCOLS 316 
NROWS 299 
XLLCORNER -124.820833001 
YLLCORNER 29.1625003333339 
CELLSIZE 0.0666666666645545 
NODATA_value -3.4e+38 
[rows 180 to 199 of 299, columns 180 to 224 of 316]
-697.455468177795 -694.673046112061 -661.45937538147 -698.233595848083 -715.88046836853 -722.477731704712 -771.078516960144 -797.248826980591 -806.834374427795 -868.608986854553 -738.34375 -649.486720085144 -681.692193031311 -714.898435592651 -719.332427024841 -605.008983612061 -549.261324882507 -599.358598232269 -585.464454650879 -554.3839802742 -510.757424354553 -523.836328983307 -505.71718788147 -502.507811069489 -544.740232467651 -590.865626335144 -585.976168632507 -600.364845752716 -674.457809448242 -849.649613380432 -839.044138908386 -760.774217605591 -804.63125038147 -781.441016197205 -691.685939788818 -627.27578163147 -600.034773826599 -598.413279533386 -611.401564598083 -615.389455795288 -618.537112236023 -636.326949119568 -692.503520965576 -735.788672447205 -746.156643867493
-695.451953887939 -712.894920349121 -681.848049163818 -688.800391197205 -699.558986663818 -701.233983039856 -709.755079269409 -721.135939598083 -756.453126907349 -766.744919776917 -678.790619850159 -656.507032394409 -651.548436164856 -633.759764671326 -599.942188262939 -552.192579269409 -539.417966842651 -577.792574882507 -524.082033157349 -489.050389766693 -462.533986091614 -493.475780963898 -521.835160255432 -515.894533157349 -526.621873855591 -592.229686737061 -682.175391197205 -660.051958084106 -802.649609565735 -900.767184257507 -865.744536399841 -801.762887001038 -833.983979225159 -832.21054649353 -712.633591651917 -705.073046684265 -749.961717605591 -643.139060974121 -608.084769248962 -615.942189216614 -635.857029914856 -718.135936737061 -781.791408538818 -809.982420921326 -787.764842987061
-635.803123474121 -666.642968177795 -680.526953697205 -725.377734184265 -741.338280677795 -720.928907394409 -700.885546684265 -686.668748855591 -683.030078887939 -716.058980941772 -683.228903770447 -677.948439598083 -610.519927024841 -593.049612045288 -521.074612140656 -491.522268295288 -609.182812690735 -554.489064693451 -488.744530200958 -453.085156440735 -451.943748474121 -515.867965221405 -519.424217700958 -518.65468454361 -510.770312786102 -544.522656917572 -622.546873092651 -664.039061546326 -692.051565170288 -807.212889671326 -822.034377098083 -842.635155677795 -806.917579650879 -801.146092414856 -703.436326980591 -793.153516769409 -754.836330413818 -722.215627670288 -682.76718711853 -661.581641197205 -681.539059638977 -694.851959228516 -783.792185783386 -792.694530487061 -791.489062309265
-636.190622329712 -651.983592987061 -678.580079078674 -698.488670349121 -688.716408729553 -650.732814788818 -644.882814407349 -655.112891197205 -677.026955604553 -684.745313644409 -644.113276481628 -587.616799354553 -585.302731513977 -633.872658729553 -622.624611854553 -631.607810020447 -652.873826980591 -538.648831367493 -471.565235614777 -486.080857753754 -491.230079174042 -514.226561546326 -574.730077266693 -547.885158061981 -544.229689121246 -550.405467510223 -589.69921875 -640.955863952637 -627.306250572205 -669.161326408386 -759.394532203674 -822.385158538818 -809.714451789856 -847.26406288147 -748.52578163147 -826.098438262939 -735.570310592651 -742.386719703674 -729.209764480591 -699.737889289856 -719.630863189697 -735.251955986023 -782.064841270447 -860.468363761902 -883.651560783386
-653.46094417572 -637.543356895447 -609.50625038147 -557.185547828674 -522.101561546326 -571.741406917572 -615.423436164856 -655.667576789856 -654.379685401917 -662.405077934265 -614.83984375 -533.111330032349 -569.943358421326 -601.627346038818 -620.960935592651 -650.057815074921 -533.021095275879 -501.93710899353 -542.295315265656 -620.625 -617.000391960144 -562.499217510223 -591.458202362061 -613.435544013977 -575.811330318451 -640.444533348083 -647.023825645447 -609.592967987061 -642.348437309265 -666.366795539856 -707.587889671326 -779.607425689697 -780.08164024353 -777.757816314697 -782.520704269409 -803.657422065735 -777.658204078674 -792.235551834106 -790.926171302795 -786.831249237061 -819.146483421326 -855.303906440735 -894.100001335144 -918.535941123962 -918.382027626038
-596.677733421326 -514.882422447205 -436.484764575958 -348.608982563019 -410.234765052795 -532.132031917572 -632.611330032349 -660.754687309265 -683.973048210144 -712.283203125 -641.153128623962 -574.7890625 -613.340624332428 -570.208203315735 -618.961328029633 -467.474999427795 -428.899610519409 -441.392188549042 -673.792186737061 -668.966014862061 -651.973434448242 -628.494532585144 -648.169921875 -628.541798591614 -611.178121566772 -626.429293632507 -688.484764099121 -696.911328315735 -684.116797447205 -698.415235519409 -715.490233421326 -739.571481704712 -739.732813835144 -776.198438644409 -760.619144439697 -755.853516578674 -820.42031288147 -823.333202362061 -823.922652244568 -835.607033729553 -861.318357467651 -846.827344894409 -836.990626335144 -837.761328697205 -914.50156211853
-479.374612808228 -370.744140148163 -300.787500858307 -305.007029056549 -400.342965126038 -530.858592510223 -641.839058876038 -673.594140052795 -691.61171913147 -722.111716270447 -651.712889671326 -526.150780200958 -560.612106323242 -560.075001716614 -450.992968559265 -381.001953125 -401.4609375 -473.835156440735 -661.382423400879 -672.696093559265 -666.935158729553 -668.461327552795 -732.614845275879 -742.140627861023 -707.671091079712 -725.380075454712 -787.250780105591 -819.571482658386 -743.008985519409 -737.344532966614 -751.711716651917 -759.544921875 -824.883200645447 -787.558981895447 -721.825391769409 -821.470309257507 -823.223826408386 -825.467186927795 -827.532416343689 -823.1171875 -836.530467033386 -845.297656059265 -854.766798019409 -891.157422065735 -911.465627670288
-370.97695350647 -274.81133055687 -267.152343273163 -332.783203363419 -416.891795158386 -534.577343940735 -648.346483230591 -707.561326980591 -743.739063262939 -763.74062538147 -683.283200263977 -546.711330890656 -413.756250858307 -435.3125 -371.277733325958 -355.794531345367 -402.026566028595 -501.337499141693 -597.950387954712 -661.194140434265 -724.319920539856 -735.104689598083 -770.25039100647 -825.615233421326 -821.183589935303 -822.029296875 -840.283596038818 -789.270311355591 -725.127345085144 -681.934376716614 -795.932417869568 -840.259770393372 -863.962890625 -865.666019439697 -854.558979034424 -798.365233421326 -793.940231323242 -803.801173210144 -824.018358230591 -822.410544395447 -809.710156440735 -866.069925308228 -866.57851600647 -867.269138336182 -901.313281059265
-398.355077266693 -327.519141674042 -238.553907394409 -300.330857634544 -452.951562643051 -586.316404342651 -674.72304725647 -724.889846801758 -770.535938262939 -790.571487426758 -771.128513336182 -592.881637096405 -358.648437976837 -320.368748188019 -385.808203697205 -417.698437690735 -467.351949214935 -587.665626049042 -642.745314598083 -629.793749809265 -759.783203125 -822.776170730591 -788.505465507507 -815.109760284424 -847.391405105591 -894.848435401917 -866.17578125 -788.437504768372 -816.306634902954 -812.796874046326 -830.937500953674 -840.417187690735 -859.08203125 -858.428519248962 -776.273048400879 -824.223828315735 -876.646876335144 -851.839063644409 -796.497268676758 -831.383595466614 -823.174221992493 -828.118359565735 -808.709766387939 -841.296873092651 -863.585548400879
-449.585546970367 -428.787499666214 -144.959765464067 -203.26015740633 -526.248826980591 -692.655470848083 -783.712111473083 -785.528127670288 -775.24179649353 -813.364063262939 -820.799220085144 -698.795312404633 -426.016406059265 -466.161715984344 -477.871876239777 -496.230467319489 -556.611326694489 -651.749219894409 -714.493746757507 -629.548825263977 -800.941019058228 -831.075778961182 -820.829692840576 -838.713282585144 -865.296092033386 -896.96445274353 -886.489449501038 -825.577734947205 -832.745310783386 -812.900001525879 -814.020308494568 -828.641798973083 -819.582036018372 -754.112895965576 -807.44140625 -860.611324310303 -867.073050498962 -845.576558113098 -809.339842796326 -753.60703086853 -799.613670349121 -811.097268104553 -816.840237617493 -828.397262573242 -829.458203315735
-393.455859363079 -330.190234363079 -188.468751404434 -139.401562426239 -171.038279019296 -359.167578019202 -679.942576408386 -834.642971038818 -815.564454078674 -818.895706176758 -842.953120231628 -744.956250190735 -536.768360137939 -537.639843702316 -440.116798877716 -587.035154342651 -618.166795730591 -694.635545730591 -716.321095466614 -725.22421836853 -808.314845085144 -820.732029914856 -795.912503242493 -821.094529151917 -823.86679649353 -863.770702362061 -879.333201408386 -817.296091079712 -786.769142150879 -769.725778579712 -765.770313262939 -751.631640434265 -808.586720466614 -830.819529533386 -837.517579078674 -835.993744850159 -832.335156440735 -835.071873664856 -834.388284683228 -707.706642150879 -787.367967605591 -804.508204460144 -810.145702362061 -818.135937690735 -790.209763526917
-249.705860463902 -30.1433595120907 -56.2898436933756 -532.829292029142 -508.549215972424 -204.090232588351 -692.941403627396 -794.954298973083 -831.210160255432 -868.467185974121 -878.553907394409 -922.513278961182 -814.929292678833 -659.634769916534 -444.020704030991 -632.415231704712 -642.374611854553 -704.762892723083 -721.778122901917 -725.390628814697 -745.273052215576 -762.090231895447 -746.747270584106 -771.638670921326 -795.064451217651 -823.673434257507 -828.920320510864 -781.769143104553 -740.36757850647 -768.885157585144 -767.376564025879 -763.077344894409 -804.069137573242 -816.247652053833 -810.637500762939 -759.165234565735 -814.975782394409 -840.916013717651 -826.356250762939 -763.849613189697 -872.226564407349 -871.033197402954 -795.825390815735 -746.63125038147 -738.988280296326
-178.156249374151 -116.003515973687 -373.94375193119 -649.013666152954 -209.377344649285 -451.217968478799 -342.799999319017 -207.734763734043 -640.384372234344 -860.295701980591 -879.906245231628 -935.41250038147 -847.586714744568 -401.625001192093 -316.068361282349 -625.458204507828 -653.098825454712 -604.908595085144 -638.133200645447 -696.79453086853 -685.913670539856 -702.026173591614 -730.729684829712 -754.135935783386 -770.150385856628 -784.920310974121 -771.009372711182 -747.450388908386 -724.34765625 -737.501558303833 -751.719530105591 -778.240232467651 -794.110940933228 -793.059372901917 -770.895309448242 -797.118748664856 -855.83632850647 -833.864063262939 -836.618750572205 -874.857029914856 -849.286326408386 -757.108988761902 -733.647657394409 -807.947653770447 -713.948434829712
-360.80468916893 -247.263282060623 -258.349609375 -526.368359804153 -605.846871852875 -254.89570133388 -503.413673698902 -125.883592560887 -496.898827373981 -517.842968583107 -834.483203887939 -706.38242149353 -919.271880149841 -711.711716175079 -415.642971515656 -412.111330866814 -554.141795635223 -505.765627384186 -515.666798591614 -632.146874427795 -637.816796302795 -647.145700454712 -684.207810401917 -712.278512954712 -725.116017341614 -723.090229034424 -723.230857849121 -731.348830223083 -727.811716079712 -723.840623855591 -738.659376144409 -763.763675689697 -783.526955604553 -798.086326599121 -786.266013145447 -832.689454078674 -822.655081748962 -835.507814407349 -861.105074882507 -838.667184829712 -836.635939598083 -865.78867149353 -805.273439407349 -824.392188072205 -734.854689598083
-422.577342033386 -347.511716842651 -292.833203315735 -319.397264957428 -489.267579555511 -548.729294538498 -683.172661781311 -369.066406611353 -99.2335930801928 -210.104687795043 -200.951563514769 -304.873047053814 -559.194529056549 -651.88046836853 -268.996093630791 -475.207422018051 -550.046875476837 -443.652346134186 -475.664844036102 -602.807420730591 -591.166800498962 -633.976948738098 -656.346090316772 -674.703123092651 -687.679688453674 -700.412889480591 -718.454295158386 -734.495310783386 -737.317576408386 -743.814451217651 -746.996483802795 -753.061325073242 -775.488282203674 -796.405858039856 -848.263674736023 -830.665233612061 -831.487503051758 -807.410551071167 -816.792572975159 -854.954298019409 -862.207032203674 -826.195310592651 -839.919918060303 -782.112891197205 -780.131644248962
-432.557424545288 -435.435546398163 -415.99960899353 -309.49648475647 -370.042188644409 -495.166016578674 -568.791797637939 -634.187894821167 -598.482419490814 -508.694141924381 -511.265233635902 -328.05351845175 -249.364061594009 -277.015622615814 -327.161325335503 -683.616798877716 -575.098435401917 -451.600002288818 -555.844925403595 -577.436327934265 -582.49453163147 -656.348829269409 -676.087888717651 -652.075393676758 -668.130077362061 -686.003513336182 -706.751563072205 -738.452341079712 -747.857809066772 -761.523043632507 -761.292963981628 -767.056641578674 -783.064454078674 -824.383200645447 -815.3984375 -818.7734375 -811.795310974121 -798.686326026917 -849.584770202637 -841.33437538147 -849.057420730591 -855.966794967651 -837.825389862061 -788.946483612061 -836.862502098083
-522.77304649353 -515.329685688019 -511.151951789856 -443.967189311981 -392.850390434265 -501.688278198242 -570.952736854553 -580.292193412781 -611.451177597046 -661.840232849121 -741.948047637939 -746.175000190735 -650.982811689377 -675.146096229553 -794.534766197205 -758.978907585144 -649.639451026917 -560.116013050079 -602.638279914856 -571.305855751038 -610.774217605591 -661.683589935303 -684.291016578674 -646.146481513977 -636.673828125 -706.35546875 -730.278122901917 -751.047265052795 -755.609764099121 -773.152347564697 -782.589454650879 -785.349609375 -797.082812309265 -799.316410064697 -797.086719512939 -803.391796112061 -818.408202171326 -836.388285636902 -821.85312461853 -824.840623855591 -857.798828125 -865.557420730591 -798.575782775879 -734.065624237061 -833.919137954712
-637.301954269409 -621.025779724121 -608.065628051758 -543.402344703674 -507.838283061981 -537.360939502716 -637.790626525879 -668.704689025879 -659.599614143372 -676.555468559265 -752.41015625 -824.588668823242 -892.991794586182 -895.392576217651 -874.278518676758 -840.05859375 -781.692187309265 -716.210157394409 -602.741801261902 -574.369922637939 -646.763669967651 -668.554689407349 -658.992966651917 -669.178515434265 -672.222659111023 -710.953125953674 -739.742581367493 -758.519920349121 -759.258591651917 -759.218749046326 -769.51210975647 -776.094531059265 -773.398436546326 -776.753126144409 -777.656639099121 -783.827335357666 -816.846873283386 -820.34531211853 -831.871870040894 -850.383984565735 -839.401956558228 -863.671483039856 -850.784377098083 -755.320700645447 -806.254295349121
-730.882807731628 -721.662501335144 -710.349610328674 -662.321485519409 -640.756644248962 -645.416012763977 -715.207033157349 -757.278517723083 -768.333597183228 -781.558597564697 -827.45859336853 -863.935153007507 -917.03671836853 -949.122269630432 -981.400392532349 -956.073050498962 -900.772653579712 -820.297653198242 -743.239062309265 -569.187501907349 -641.995703697205 -659.630857467651 -649.128124237061 -667.121872901917 -660.150002479553 -687.522653579712 -732.448435783386 -767.231248855591 -761.84375 -755.479300498962 -758.033985137939 -759.630466461182 -758.434370994568 -761.898827552795 -761.689454078674 -785.779684066772 -811.514060020447 -828.106246948242 -839.520315170288 -863.844921112061 -840.578910827637 -837.934375762939 -802.376947402954 -778.727347373962 -841.912109375
-731.716797828674 -736.143749237061 -758.592576980591 -755.739060401917 -732.723438262939 -742.024218559265 -777.714458465576 -827.451951026917 -808.585150718689 -849.166799545288 -888.825001716614 -900.676564216614 -919.670704841614 -946.226560592651 -949.351952552795 -926.407419204712 -906.351950645447 -885.703127861023 -688.224611282349 -593.824217796326 -606.487107276917 -655.873436927795 -642.096874237061 -623.006642341614 -670.906641960144 -665.82578086853 -703.694530487061 -733.828517913818 -749.54921913147 -752.662105560303 -748.950000762939 -757.132423400879 -772.116013526917 -761.646481513977 -759.369139671326 -794.142185211182 -815.65976524353 -814.936717033386 -851.050002098083 -860.423048019409 -854.571878433228 -868.188280105591 -875.920704841614 -858.594140052795 -888.001172065735
