Cases/SDM_Urocitellus_beldingi/westernUsClimate_historic/BIO09.asc
NCOLS 316 
NROWS 299 
XLLCORNER -124.820833001 
YLLCORNER 29.1625003333339 
CELLSIZE 0.0666666666645545 
NODATA_value -3.4e+38 
[rows 200 to 224 of 299, columns 174 to 231 of 316]
1555.640625 1401.96875 1367.75 1387.640625 1331.28125 1342.90625 1393.546875 1413.328125 1409.859375 1415.265625 1430.03125 1419.65625 1389.84375 1339.15625 1344.265625 1313.046875 1284.375 1247.15625 1211.15625 1207.546875 1230.515625 1261.328125 1300.765625 1402.40625 1551.828125 1629.34375 1679.65625 1760.0625 1805.375 1795.390625 1761.703125 1713.71875 1635.5625 1590.59375 1597.71875 1569.609375 1543.125 1543.6875 1541.9375 1526 1532.171875 1528.140625 1503.09375 1478.140625 1440.9375 1430.375 1423.25 1409.078125 1395.71875 1395.0625 1377.140625 1375.84375 1372.125 1343.4375 1316.171875 1317.171875 1309.75 1289.609375
1501.140625 1393.765625 1363.03125 1333.875 1300.609375 1299.5625 1352.703125 1403.59375 1374.703125 1385.796875 1403.140625 1396.984375 1384.0625 1359.484375 1332.640625 1298.6875 1274.046875 1248.3125 1197.765625 1208.046875 1248.328125 1280.609375 1368.96875 1454.1875 1518.4375 1580.484375 1642.296875 1701.859375 1796.46875 1799.59375 1758.34375 1720.203125 1660.203125 1635.1875 1620.625 1599.03125 1571.59375 1577.375 1575.8125 1566.34375 1557.84375 1542.359375 1522.84375 1501.4375 1479.546875 1458.28125 1437.125 1429.0625 1429.375 1424.140625 1424.984375 1421.515625 1400.234375 1359.84375 1328.40625 1304.3125 1291.125 1261.328125
1467.34375 1423.546875 1352.359375 1310.421875 1291 1278.78125 1370.9375 1371.921875 1331.640625 1358.265625 1392.78125 1375.421875 1361.1875 1335.390625 1317.671875 1286.0625 1265.59375 1255.8125 1218.546875 1205.765625 1228.6875 1283.4375 1350.1875 1369.171875 1438.28125 1538.6875 1617.265625 1701.484375 1811.421875 1807.40625 1756.9375 1709.625 1674.140625 1637.875 1616.921875 1610.375 1605.75 1613.25 1606 1595.3125 1583.046875 1566.828125 1549.359375 1520.0625 1495.765625 1468.296875 1461.734375 1449.296875 1438.828125 1425.8125 1440.703125 1450.28125 1437.78125 1405.0625 1340.453125 1296.28125 1267.8125 1242.578125
1428.421875 1420.109375 1390.203125 1333.3125 1311.25 1296.703125 1333.109375 1321.4375 1323.09375 1350.171875 1379.78125 1355.953125 1342.1875 1322.453125 1320.140625 1279.171875 1259.21875 1232.09375 1183.40625 1154.46875 1145.59375 1166.65625 1213.734375 1225.9375 1334.484375 1483.59375 1564 1676.75 1775.90625 1797.953125 1756.6875 1714.1875 1665.390625 1633.125 1624.5 1625.15625 1620.5 1623.6875 1622.890625 1611.953125 1605.578125 1613.1875 1564.0625 1464.46875 1459.515625 1450.0625 1478.234375 1477.28125 1466.375 1445.046875 1439 1459.953125 1461.40625 1405.328125 1324.15625 1260.78125 1272.65625 1227.328125
1381.140625 1419.65625 1438.96875 1390.390625 1346.78125 1332.6875 1333.125 1341.671875 1337.203125 1365.296875 1369.84375 1379.59375 1356.578125 1308.8125 1306.421875 1287.328125 1231.453125 1192.109375 1131.921875 1060.96875 1011.390625 1010.953125 1017.421875 1108.484375 1262.5 1358.078125 1475.5625 1574.546875 1643.390625 1746.671875 1746.515625 1703.78125 1663.125 1627.96875 1622.359375 1628.359375 1629.453125 1628.609375 1618.03125 1614.890625 1621.3125 1626.265625 1551.625 1482.59375 1459.546875 1457.921875 1492.921875 1521.359375 1496.953125 1466.265625 1453.140625 1452.53125 1434.5625 1377.84375 1318.640625 1286.34375 1298.65625 1270.5625
1369.0625 1377.25 1417.03125 1444.515625 1386.625 1376.796875 1336.984375 1373.828125 1364.09375 1411.75 1434.125 1400.625 1370.25 1296.265625 1291.265625 1252.609375 1196.140625 1132.53125 1068.734375 1014.03125 853.765625 889.71875 887.484375 886.984375 1093.125 1147.546875 1308.96875 1462.265625 1555.234375 1652.03125 1701.28125 1681.40625 1655.375 1627.078125 1616.625 1626.875 1633.28125 1637.515625 1628.078125 1613.921875 1612 1608.671875 1543.78125 1511.25 1501.15625 1507.328125 1532.65625 1550.765625 1520.90625 1489.875 1470.578125 1449.953125 1441.015625 1412.234375 1382.03125 1361.921875 1327.53125 1320.25
1384.421875 1368.671875 1381.046875 1424.796875 1429.234375 1426.828125 1376.28125 1382.21875 1404.96875 1464.515625 1486.0625 1411.984375 1346.109375 1283.421875 1255.859375 1222.671875 1197.109375 1121.53125 983.09375 988.96875 919.265625 860.578125 728.109375 450.53125 984.8125 1170.5625 1162.25 1330.5 1457.96875 1513.484375 1587.65625 1643.34375 1630.578125 1617.03125 1615.640625 1632.734375 1638.8125 1643.5625 1645.578125 1618.765625 1596.546875 1588.734375 1553.234375 1516.8125 1524.6875 1547.859375 1551.828125 1552.875 1530.96875 1506.828125 1488.671875 1470.90625 1453.265625 1439.203125 1417.953125 1392 1367.484375 1352.90625
1400.15625 1379.8125 1378.890625 1446.03125 1441.625 1435.34375 1427.328125 1431.171875 1456.859375 1510.203125 1493.734375 1462.421875 1389.890625 1291.625 1192.703125 1184.4375 1150.78125 1138.8125 1096.03125 1033.90625 973.34375 903.453125 921.171875 929.65625 998.625 1224.25 1261.515625 1317.09375 1409.984375 1470.3125 1546.25 1593.078125 1624.375 1606.625 1618.359375 1641.59375 1646.390625 1645.59375 1643.65625 1626.59375 1611.984375 1594.90625 1554.265625 1511.3125 1550.09375 1569.8125 1563.359375 1540.515625 1530.46875 1522.140625 1508.359375 1491.078125 1467.28125 1444.203125 1431.203125 1418.4375 1409.5 1403.34375
1420.75 1376.5625 1377.078125 1402.984375 1467.1875 1472.28125 1512.625 1496.484375 1492.9375 1535.703125 1530.484375 1504.15625 1448.140625 1326.078125 1221.921875 1121.4375 1145.84375 1172.90625 1174.53125 1118.34375 1027.125 950.921875 942.046875 1052.046875 1123.546875 1188.515625 1266.390625 1309.390625 1375.4375 1429.75 1499.65625 1549.28125 1607.96875 1612.390625 1616.9375 1640.953125 1656.796875 1666.46875 1661.0625 1638.671875 1618.234375 1601.140625 1583.65625 1560.828125 1586.0625 1584.375 1564.953125 1553.8125 1550.796875 1536.53125 1518.359375 1505.546875 1477.625 1452.5625 1442.1875 1433.96875 1430.0625 1425.640625
1453.1875 1405.671875 1350.46875 1375.9375 1413.75 1443.328125 1514.390625 1547.015625 1511.984375 1501.171875 1506.109375 1521.921875 1504.578125 1416.5 1312.640625 1229.90625 1194.46875 1225.1875 1243.453125 1185.3125 1094.78125 1013.859375 1017.71875 1065.890625 1090.609375 1094.640625 1175.453125 1258.734375 1328.828125 1393.234375 1435.84375 1488 1540.046875 1605.890625 1621.078125 1634.34375 1659.734375 1676.625 1678.578125 1650.421875 1622.75 1604.5625 1604.59375 1610.890625 1593.671875 1580.1875 1576.671875 1576.890625 1557.9375 1545.609375 1541.46875 1526.578125 1508.84375 1477.03125 1455.109375 1447.09375 1434.03125 1414.734375
1441.953125 1413.9375 1352.421875 1369.34375 1385.640625 1431.265625 1487.125 1553.1875 1571.875 1518.65625 1493.484375 1542.90625 1570.828125 1537.734375 1458.390625 1372.671875 1317.796875 1324.21875 1380.359375 1277.671875 1177.515625 1132.484375 1158.8125 1089.1875 1059.796875 1062.015625 1075.84375 1158.34375 1260.03125 1327 1389.484375 1453.171875 1498.3125 1552.015625 1606 1625.21875 1659.703125 1675.21875 1674.671875 1639.40625 1631.171875 1626.578125 1626.015625 1605.203125 1580.234375 1580.234375 1602.765625 1580.6875 1562.4375 1562.578125 1559.15625 1550.53125 1516.28125 1491.328125 1463.078125 1442.84375 1422.53125 1410.96875
1431.375 1399.703125 1374.203125 1370.28125 1414.3125 1426.90625 1448.28125 1526.109375 1587.140625 1597.921875 1553.296875 1568.015625 1626.5625 1645.5625 1613.3125 1581.140625 1483.453125 1489.25 1577.21875 1369.390625 1279.671875 1279.4375 1265.328125 1064.84375 994.515625 987.734375 1037.546875 1038.34375 1116.8125 1253.6875 1333.59375 1419.96875 1469.6875 1496.09375 1558.640625 1602.578125 1624.609375 1649.09375 1666.4375 1655.296875 1636.6875 1639.484375 1634.09375 1620.59375 1612.921875 1618.5625 1608.40625 1588.40625 1589.328125 1589.265625 1571.15625 1553 1526.90625 1492.53125 1469.953125 1423.921875 1373.140625 1367.640625
1485.625 1471.78125 1432.0625 1377.09375 1380.78125 1404.796875 1436.40625 1508.21875 1566.5 1619.015625 1633.34375 1623.46875 1646.09375 1711.625 1750.515625 1740.71875 1741.453125 1733.890625 1619.4375 1631.328125 1564.453125 1554.59375 1380.546875 1168.953125 1027.84375 957.4375 1036.171875 1023.203125 1066.640625 1200.640625 1306.921875 1377.078125 1423.578125 1438.171875 1499.0625 1553.640625 1575.59375 1594.1875 1615.25 1627.875 1639.46875 1642.578125 1644.59375 1647.375 1636.921875 1628.15625 1617.515625 1623.21875 1608.640625 1593.40625 1580.53125 1560.6875 1529.71875 1498.671875 1465.28125 1424.75 1375.734375 1366.3125
1605.703125 1628.171875 1507.984375 1414.625 1397.5 1414.625 1451.734375 1512.40625 1583 1596.65625 1624.828125 1661.90625 1668.328125 1717.578125 1758.34375 1820.109375 1862.359375 1882.15625 1812.53125 1805.765625 1781.984375 1763.609375 1537.5 1287.703125 1146.625 1017.3125 993.328125 990.8125 1051 1138.71875 1251.234375 1333.5625 1365.609375 1369.328125 1404.734375 1476.3125 1524.0625 1543.5 1556.984375 1578.546875 1596.296875 1599.859375 1607.890625 1611.125 1617.328125 1615.71875 1612.25 1612.09375 1593.640625 1587.953125 1569.3125 1554.5625 1527.390625 1503.3125 1477.21875 1442.890625 1410.109375 1408.34375
1797.796875 1689.34375 1539 1488.53125 1481.75 1508.59375 1514.890625 1539.15625 1594.0625 1567.5 1563.625 1631.796875 1627.921875 1623.34375 1635.703125 1700.296875 1857.484375 2017.234375 1942.28125 1929.453125 1848.53125 1816.234375 1675.78125 1477.546875 1246.625 1068.46875 982.125 947.125 1075.59375 1133.421875 1183.34375 1263.34375 1306.1875 1350.640625 1353.234375 1410.046875 1460.3125 1483.953125 1506.15625 1514.203125 1526.15625 1514.1875 1536.140625 1547.34375 1556.6875 1557.75 1576.296875 1612.265625 1602.59375 1597.21875 1586.796875 1560.578125 1542.671875 1516.53125 1490.671875 1462.890625 1445.453125 1452.953125
1820.09375 1718.609375 1594.796875 1609.96875 1688.671875 1642.8125 1578.109375 1543.328125 1575.453125 1546.734375 1544.15625 1579.84375 1610.046875 1626.5625 1582.046875 1399.65625 1607.0625 1980.09375 2026.53125 1982.953125 1901.0625 1872.953125 1720.640625 1546.859375 1336.484375 1183.125 1065.15625 1020.609375 1079.75 1122.75 1159.96875 1201.28125 1241 1288.96875 1313.8125 1346.828125 1389.921875 1413.390625 1434.859375 1454.046875 1446.34375 1441.796875 1461.703125 1472.984375 1487.546875 1510.828125 1546.1875 1583.625 1598.578125 1600.5625 1596.234375 1568.8125 1529.515625 1528.4375 1505.28125 1479.859375 1474.296875 1481.453125
1921.34375 1792.640625 1716.96875 1772.765625 1842.359375 1764.78125 1662.984375 1563.875 1514.609375 1480.671875 1513.46875 1551.96875 1582.15625 1608.125 1579.375 1452.6875 1368.8125 1809.875 1977.734375 1987.0625 1950.921875 1947.140625 1857.9375 1638.421875 1434.796875 1269.453125 1149.640625 1110.125 1108.046875 1112.859375 1129.640625 1145.390625 1185 1239.921875 1251.296875 1279.609375 1321.09375 1342.546875 1368.5 1403.765625 1411.171875 1404.453125 1412.21875 1412.859375 1434.546875 1456.40625 1496.046875 1537.203125 1545.5 1558.109375 1570.828125 1556.984375 1546.703125 1546.765625 1522.265625 1521.84375 1518.1875 1518.171875
1963.515625 1920.15625 1918.578125 1934.171875 1899.1875 1809.125 1680.546875 1579.15625 1527.75 1469.9375 1458.609375 1483.625 1505.640625 1560.40625 1620.265625 1553.296875 1519.84375 1580.84375 1845.015625 1969.828125 1972.15625 1936.65625 1852.8125 1577.609375 1470.828125 1365.921875 1201.65625 1162.328125 1133.34375 1099.859375 1106.625 1135.96875 1172.265625 1202.421875 1214.015625 1229.75 1259.171875 1277.8125 1300.03125 1343.484375 1371.1875 1399.734375 1411.828125 1405.984375 1417.09375 1419.546875 1450.15625 1479.546875 1483.296875 1505.765625 1520.359375 1537.890625 1541.90625 1542.53125 1550.4375 1536.640625 1552.453125 1544.90625
2014.171875 2049.953125 2033.953125 1975.921875 1892.046875 1796.703125 1719.34375 1627.5625 1581.25 1456.8125 1397.28125 1405.515625 1458.578125 1519.296875 1637.15625 1653.40625 1691.578125 1709.671875 1714.078125 1805.4375 1978.34375 1977.546875 1875.109375 1665.578125 1523.640625 1408.703125 1281.53125 1203.078125 1149.34375 1135.1875 1133.4375 1130.84375 1141.84375 1176.578125 1196.984375 1205.203125 1208.796875 1213.390625 1231.875 1272.0625 1306.609375 1348.296875 1381.5625 1383.984375 1396.421875 1402.8125 1424.28125 1436.5 1434.8125 1453.078125 1469.0625 1489.703125 1506.640625 1503.140625 1499.4375 1455.328125 1524.703125 1537.78125
2106.28125 2090.515625 2060.546875 1987.421875 1842.734375 1751.703125 1704.671875 1666.9375 1621.875 1571.65625 1453.265625 1351.890625 1351.890625 1523.625 1671.78125 1716.4375 1766.953125 1792.203125 1748.6875 1655.34375 1818.203125 1997.6875 1860.140625 1619.890625 1541.75 1500.21875 1353.5 1289.359375 1247.515625 1230.609375 1196.65625 1160.34375 1137.4375 1140.15625 1151.125 1173.15625 1183.171875 1173.671875 1195.75 1232.0625 1258.78125 1294.671875 1329.015625 1358.078125 1383.15625 1406.421875 1423.234375 1433.65625 1409.140625 1400.453125 1370.515625 1416.6875 1411.890625 1415.78125 1399.4375 1426.203125 1474.90625 1494.640625
2189.203125 2141.265625 2062.8125 1938.453125 1861.859375 1815.28125 1739.796875 1707.984375 1663.703125 1693.765625 1630.890625 1426.875 1427.75 1549.109375 1729.21875 1787.40625 1822.578125 1830.484375 1798.34375 1722.078125 1710.890625 1926.765625 1863.859375 1808.75 1634.546875 1484.9375 1444.40625 1397.5 1366.609375 1320.90625 1276.1875 1247.609375 1220.953125 1182.25 1166.890625 1187.8125 1181.625 1164.140625 1175.78125 1198.734375 1227.4375 1247.40625 1276.53125 1310.140625 1330.0625 1359.40625 1405.3125 1415.0625 1395.75 1363.625 1329.1875 1301.359375 1318.953125 1335.328125 1356 1382.796875 1407.03125 1435.953125
2173.296875 2154.984375 2090.015625 1949.203125 1872.1875 1828.875 1718.921875 1760.6875 1732.71875 1755.640625 1760.078125 1690.125 1595.15625 1718.65625 1837.3125 1864.984375 1879.65625 1882.9375 1815.546875 1737.4375 1676.875 1693.90625 1989.28125 1905.78125 1606.65625 1568.484375 1579.109375 1549.84375 1513.140625 1460.0625 1407.609375 1392.75 1360.421875 1298.21875 1241.765625 1255.265625 1251.96875 1221.046875 1194.34375 1207.8125 1221.1875 1234.390625 1245.46875 1259.71875 1263.875 1301.984375 1352.71875 1348.25 1348.265625 1333.5625 1312.203125 1261.25 1293.5625 1294.9375 1261.75 1298.921875 1355.96875 1396.984375
2184.8125 2137.453125 2054.015625 1984.9375 1936.9375 1897.3125 1752.53125 1779.28125 1718.734375 1823.859375 1821.796875 1774.921875 1578.578125 1642.6875 1927.46875 2018.171875 2002.515625 1948.796875 1847.046875 1720.546875 1711.796875 1804.5 1925.78125 1965.46875 1844.6875 1799.875 1791.3125 1654.15625 1615.46875 1656.890625 1577.046875 1524.390625 1508.203125 1415.90625 1343.765625 1323.84375 1296 1302.625 1311.03125 1298.25 1295.015625 1284.34375 1274.34375 1270.34375 1258.015625 1264.015625 1301.359375 1318.484375 1308.9375 1276.96875 1245.6875 1214.640625 1208.03125 1215.65625 1120.53125 1200.265625 1276.734375 1354.8125
2160.828125 2099.15625 2049.46875 2024.171875 2004.015625 2018.078125 1947.8125 1864.046875 1781.65625 1891.546875 1895.59375 1768.796875 1572.296875 1555.109375 1716.21875 2097.546875 2082.140625 1922.6875 1834.71875 1685.046875 1922.5625 2044.59375 2080.5 1913.375 1677.53125 1684.4375 1814.09375 1728.65625 1630.5625 1714.5 1730.171875 1636.234375 1559.03125 1448.09375 1379.34375 1389.84375 1370.453125 1333.8125 1372.40625 1391.859375 1365.125 1348.3125 1356.09375 1376.0625 1346.3125 1283.921875 1260.484375 1262.1875 1252.171875 1210.75 1149.59375 1062.515625 1038.34375 1021.75 958.1875 1010.609375 1118.328125 1111.40625
2148.984375 2092.78125 2063.390625 2064.859375 2084.203125 2085.515625 2084.5 2093.234375 2019.140625 1989.9375 1952.15625 1844.40625 1763.9375 1746.515625 1762.984375 2135.234375 2168.953125 2010.28125 1866.828125 1731.875 1860.265625 2042.34375 2161.578125 1998.75 1710.78125 1559.859375 1657.984375 1896.625 1863.78125 1863.671875 1716.4375 1646.71875 1557.90625 1460.578125 1397.453125 1443.90625 1442.734375 1391.359375 1429.984375 1427.90625 1392.515625 1430.96875 1422.71875 1425.6875 1401.609375 1331.96875 1256.78125 1244.90625 1241.03125 1176.609375 1105.5625 986.796875 853.15625 764.609375 724.015625 846.296875 1038.234375 1147
