Cases/SDM_Urocitellus_beldingi/westernUsClimate_historic/BIO06.asc
NCOLS 316 
NROWS 299 
XLLCORNER -124.820833001 
YLLCORNER 29.1625003333339 
CELLSIZE 0.0666666666645545 
NODATA_value -3.4e+38 
[rows 0 to 19 of 299, columns 45 to 89 of 316]
-420.567860467093 -432.303573063442 -503.52008492606 -593.630801609584 -648.540629795619 -697.325445447649 -662.754463195801 -820.004908970424 -869.895984104701 -835.651788984026 -657.126783098493 -698.116516658238 -911.944652012416 -990.203576224191 -1067.29018293108 -1073.52499607631 -1072.15982491629 -1046.87008884975 -1056.59241594587 -1069.28794424874 -1094.96207101004 -1067.25178309849 -1117.29999978202 -1175.10670035226 -1225.65134538923 -1214.12411281041 -1102.01115853446 -1102.2062486921 -1152.99375043597 -1247.47009386335 -1075.30803244455 -849.342859540667 -1067.47232273647 -1070.09062957764 -799.131248474121 -826.06428527832 -1203.37008122035 -1207.97276742118 -1147.22098650251 -1123.339730399 -1135.75133405413 -1100.3683013916 -1052.36205291748 -1069.35847800119 -1090.20490809849
-511.737111330032 -592.799608230591 -643.219920158386 -628.275780200958 -736.608593463898 -743.030472755432 -675.450779438019 -858.628125190735 -1050.04102230072 -869.581248283386 -733.578907012939 -626.557031154633 -910.162888526917 -1001.82500076294 -1108.09687232971 -1080.15585517883 -1071.59453392029 -1056.36093711853 -1102.89921474457 -1120.83007240295 -1093.53047180176 -1118.73321342468 -1116.67733764648 -1119.80859947205 -1205.45741653442 -1226.71602249146 -1157.58594512939 -1138.27851867676 -1187.51250267029 -1141.87460327148 -1124.52578639984 -839.2890625 -879.346878051758 -1025.91992282867 -943.97227191925 -716.297653198242 -896.351956367493 -1128.20039367676 -1135.00703430176 -1153.99920845032 -1172.42304992676 -1150.91835975647 -1090.23515701294 -1081.17499923706 -1057.19257450104
-564.282814025879 -623.622654914856 -622.30234670639 -671.412106513977 -718.241019248962 -726.553126335144 -702.992188453674 -944.281253814697 -912.697265625 -788.330470085144 -726.98593711853 -634.431642055511 -816.601173400879 -926.224607467651 -1049.45116996765 -1055.55897903442 -1096.88749790192 -1102.77070236206 -1109.12734222412 -1131.43476963043 -1093.85546588898 -1132.54960536957 -1143.48984336853 -1136.89414215088 -1142.29257965088 -1176.49648666382 -1170.22656822205 -1167.05742835999 -1209.88398170471 -1188.57695579529 -1160.89258480072 -1035.55859661102 -868.225001335144 -1115.43945407867 -1029.86172389984 -793.464841842651 -915.352347373962 -1090.3890619278 -1139.65390396118 -1162.26757621765 -1137.9101600647 -1139.72344017029 -1093.15430450439 -1111.37109375 -1087.55312728882
-545.308982849121 -617.726952075958 -527.199608325958 -697.430856704712 -719.566013336182 -704.166407585144 -835.358204841614 -903.906252861023 -789.423047065735 -865.800392150879 -830.422265052795 -657.508206367493 -782.782032012939 -939.285933494568 -976.663670539856 -1057.65195178986 -1082.88125228882 -1131.96484947205 -1123.29219055176 -1167.05859947205 -1163.61796283722 -1103.14726352692 -1156.18672275543 -1133.4667930603 -1119.23125267029 -1133.23867416382 -1129.88827514648 -1134.90820598602 -1197.52343177795 -1203.3144493103 -1195.3234462738 -1113.67968940735 -970.69024181366 -1096.30625247955 -1033.21836280823 -890.463669776917 -932.544527053833 -1199.57929611206 -1168.01875114441 -1154.77890014648 -1143.94922065735 -1119.52343940735 -1128.78241920471 -1134.5410118103 -1088.5472650528
-922.164845466614 -557.274608612061 -503.714844226837 -701.392184495926 -553.868360757828 -613.171873092651 -742.946875095367 -942.453518390656 -816.741799354553 -728.205862522125 -690.968751907349 -548.360158920288 -841.996485710144 -923.908201217651 -1015.55937576294 -997.016404151917 -1064.21524333954 -1137.38202857971 -1152.80546569824 -1185.75390529633 -1153.46094226837 -1113.55976867676 -1148.49140453339 -1170.72265434265 -1113.62499809265 -1112.70898342133 -1140.41366958618 -1144.92617988586 -1196.44414710999 -1223.80586624146 -1201.08008480072 -1167.23359489441 -1008.19530296326 -950.744920730591 -858.978130340576 -856.555858612061 -848.838282585144 -1022.4222650528 -1141.75469589233 -1155.52422142029 -1204.32655906677 -1170.38945579529 -1153.20195198059 -1156.05897903442 -1112.77109527588
-617.236335754395 -369.153906822205 -322.510546684265 -393.354690551758 -696.02773475647 -822.16445350647 -734.41562461853 -594.112503051758 -726.638669013977 -586.940625667572 -613.098047733307 -611.091798782349 -743.086719512939 -893.19570350647 -918.377737998962 -977.122653007507 -1071.23476409912 -1120.66601753235 -1131.56093597412 -1063.11719322205 -1069.40703773499 -1144.93358516693 -1141.265625 -1072.66991901398 -1087.57304382324 -1155.20116901398 -1115.50977134705 -1121.86679649353 -1246.62422180176 -1248.95273780823 -1182.38515472412 -1150.04960823059 -1092.37968444824 -1015.94492530823 -885.796484947205 -832.241800308228 -855.871482849121 -966.32070350647 -1110.53594207764 -1194.23320007324 -1183.53789329529 -1190.60507774353 -1167.53007507324 -1153.67813110352 -1141.38398551941
-385.016797423363 -310.215623378754 -403.532031059265 -640.230857849121 -786.535937786102 -522.631249904633 -595.160154819489 -512.414846420288 -403.559376001358 -728.578905105591 -834.879683494568 -698.834764003754 -824.665620803833 -939.667965888977 -920.453512191772 -1054.28514957428 -1058.20820045471 -1015.31288814545 -969.696877479553 -972.427730560303 -980.576956748962 -1043.7406167984 -989.754684448242 -1083.23476314545 -1042.94805049896 -1113.31523227692 -1070.5152349472 -1136.10781478882 -1219.57461166382 -1177.26679039001 -1159.29648780823 -1087.04257678986 -1057.54922676086 -928.626564979553 -900.694534301758 -846.099220275879 -938.728520393372 -1002.1175775528 -1086.79570579529 -1123.30195045471 -1146.00469207764 -1164.43320655823 -1171.65586662292 -1164.19844055176 -1148.939453125
-358.380857229233 -270.126561880112 -466.998436689377 -543.337501525879 -555.846875190735 -475.060157060623 -316.267577886581 -581.931643724442 -778.135152339935 -809.914455890656 -883.102346420288 -786.554682731628 -915.916403770447 -1004.99570083618 -1008.462890625 -1032.61718273163 -1070.93164634705 -1040.75546836853 -994.868751525879 -928.886326789856 -976.814060211182 -1005.62577819824 -965.158981323242 -998.462107658386 -1151.03475952148 -1076.95977687836 -1067.98437213898 -1104.31251049042 -1150.14296722412 -1147.45273017883 -1113.13594150543 -1057.01328277588 -970.612108230591 -912.315239906311 -872.447655677795 -899.337502479553 -973.098829269409 -1090.68358612061 -1173.64531707764 -1152.21523857117 -1149.865234375 -1140.28983879089 -1175.763671875 -1149.02812862396 -1134.11328887939
-194.191795706749 -189.718358635902 -325.354686379433 -538.430859327316 -429.183205366135 -276.750392198563 -384.775782823563 -520.015624046326 -535.935935974121 -800.851172447205 -1038.29961585999 -956.157031059265 -988.791407585144 -1013.74530696869 -1010.81328105927 -1044.56445407867 -1048.10702514648 -1050.76054286957 -1091.61992168427 -1065.12734031677 -1021.86015033722 -924.921482086182 -1027.98086643219 -1094.83750724792 -1158.05117034912 -1011.005859375 -1046.00351238251 -1090.61054325104 -1125.42460346222 -1116.83359718323 -1098.08437728882 -1046.98593521118 -964.183199882507 -897.368750572205 -869.50742149353 -914.640233039856 -988.44414806366 -1080.59141349792 -1141.74452590942 -1182.34647941589 -1148.64218711853 -1150.34844207764 -1118.90389823914 -1110.56483650208 -1091.67734527588
-456.048829317093 -308.186719179153 -272.566016435623 -201.898827552795 -280.942185401917 -434.930860042572 -656.958595752716 -796.094136714935 -606.212107658386 -656.316792964935 -760.431641578674 -939.409375190735 -957.595310211182 -952.775398254395 -886.704298019409 -932.905470848083 -971.668354988098 -1038.99765968323 -1018.7347612381 -1059.00703144073 -1047.74023342133 -916.678908348083 -872.772651672363 -1055.47343349457 -1258.23828887939 -1117.38906383514 -1035.66757774353 -1050.19180011749 -1056.05390644073 -1066.51522922516 -1052.35547161102 -1033.02890872955 -917.471097946167 -890.369143486023 -880.940623283386 -874.653127670288 -1015.2164068222 -1105.43632507324 -1141.75741767883 -1202.04414367676 -1168.23593521118 -1162.39023208618 -1129.98046684265 -1080.92304897308 -1078.41914653778
-417.037107229233 -489.856250762939 -385.397657394409 -269.176562547684 -389.787890672684 -578.191796302795 -634.60976266861 -796.47695016861 -862.587889671326 -748.986327648163 -841.311328887939 -985.564840316772 -913.631637573242 -909.181635856628 -823.189842224121 -906.600390434265 -960.649214744568 -1013.36406230927 -1025.9999961853 -1001.14335346222 -994.774229049683 -944.168358802795 -1008.11522865295 -994.400387763977 -1125.12030315399 -1113.48165035248 -1019.32265377045 -998.451176643372 -1060.07616519928 -1075.25352287292 -988.531244277954 -975.153909683228 -883.530466079712 -840.232813835144 -822.839453697205 -858.648443222046 -900.658981323242 -1048.65860080719 -1123.73125076294 -1156.14727020264 -1134.50273323059 -1115.6699180603 -1144.93788528442 -1147.92421913147 -1099.65273189545
-389.010937333107 -429.09765958786 -341.525388717651 -325.427343606949 -231.596485614777 -343.273047924042 -512.739842414856 -740.652732849121 -763.286334037781 -851.373050689697 -866.224609375 -1030.24374485016 -937.648824691772 -844.726564407349 -900.080077171326 -909.736325263977 -782.808985710144 -807.707425117493 -1023.48632621765 -1027.32890987396 -987.184372901917 -1017.57773780823 -949.99374961853 -885.975390434265 -928.932422637939 -999.896873474121 -1063.92187213898 -967.049215316772 -1031.44023132324 -987.81640625 -886.207032203674 -856.191017150879 -839.883204460144 -820.340629577637 -832.047265052795 -839.449217796326 -896.581637382507 -964.716409683228 -1045.74374961853 -1101.26054954529 -1113.16679573059 -1076.41640853882 -1113.58749866486 -1102.81992530823 -1081.94609737396
-175.458984613419 -249.985156536102 -243.183202981949 -291.185937166214 -371.971094369888 -526.618751049042 -465.284763336182 -543.498829841614 -679.974999904633 -700.979295253754 -853.171483039856 -899.36953163147 -940.356644630432 -898.383982658386 -999.001170158386 -1027.5742225647 -1006.41680049896 -812.797657012939 -874.222650527954 -982.484763145447 -1096.72265338898 -1063.34297657013 -1018.68633270264 -901.371092796326 -903.565626144409 -941.35117149353 -928.273832321167 -907.223046302795 -957.574217796326 -919.442579269409 -868.530467987061 -857.478123664856 -800.938672065735 -805.397269248962 -854.887498855591 -867.276953697205 -838.065623283386 -881.232808113098 -919.481641769409 -1018.76288795471 -1072.0511713028 -1068.45194625854 -977.34335899353 -1001.76484203339 -1068.77187538147
-295.254295229912 -463.464453935623 -486.349998235703 -430.524218797684 -415.137501239777 -503.484766483307 -596.368360042572 -660.238676548004 -773.745309829712 -808.028123855591 -806.080858230591 -838.638676643372 -916.736329078674 -1004.36914348602 -997.30938243866 -963.799610137939 -928.488673210144 -844.423046112061 -826.879293441772 -855.897656440735 -924.205076217651 -1036.71601963043 -1035.94062232971 -919.866016387939 -879.087891578674 -932.411330223083 -872.11874961853 -875.488279342651 -906.081643104553 -895.025782585144 -836.253908157349 -852.562499046326 -821.50546836853 -816.635546684265 -863.2265625 -875.499611854553 -835.41054725647 -826.542187690735 -901.589841842651 -901.244921684265 -941.191795349121 -954.268355369568 -912.435159683228 -977.531248092651 -992.53125
-214.474609196186 -367.376953601837 -481.532031059265 -498.216800689697 -523.707030296326 -506.757422924042 -567.524608612061 -675.359766960144 -743.765630722046 -822.110153198242 -1098.68046569824 -918.441020011902 -928.558597564697 -972.822264671326 -937.337894439697 -1014.41562175751 -925.828516960144 -1002.10234355927 -929.883603096008 -843.675391197205 -875.573051452637 -995.325778961182 -1003.51367378235 -955.149611473083 -861.324606895447 -855.091012954712 -892.676174163818 -908.694145202637 -842.790239334106 -838.569531440735 -850.100389480591 -844.118356704712 -809.582030296326 -822.758600234985 -848.286720275879 -837.419531822205 -829.663281440735 -808.893753051758 -823.007030487061 -816.873435020447 -857.900392532349 -852.88515663147 -881.101173400879 -925.711713790894 -977.646873474121
-303.025001525879 -296.624609827995 -348.13828086853 -471.866014957428 -517.557814598083 -589.997657775879 -600.446483135223 -709.783199310303 -783.765229225159 -887.775001525879 -1003.69140625 -971.385940551758 -979.438667297363 -963.48828125 -876.955076217651 -901.180073738098 -923.996876716614 -955.117973327637 -960.860939979553 -911.069926261902 -838.652737617493 -873.864844322205 -869.076560974121 -900.487112045288 -927.615623474121 -889.407422065735 -862.236329078674 -872.72617149353 -855.161328315735 -843.397653579712 -836.254296302795 -823.834374427795 -800.703906059265 -814.174608230591 -810.180079460144 -817.814845085144 -819.983590126038 -814.876956939697 -864.360545158386 -885.98046875 -904.880469322205 -845.402733802795 -812.085934638977 -866.203122138977 -944.649215698242
-155.437890529633 -237.144921898842 -359.136719465256 -408.600389957428 -569.252341270447 -600.365231513977 -687.364840507507 -728.768357276917 -766.03281211853 -850.706252098083 -878.990239143372 -863.991799354553 -809.227733612061 -843.550388336182 -868.841407775879 -841.774607658386 -884.021873474121 -903.485544204712 -893.831638336182 -928.727733612061 -907.393748283386 -910.183198928833 -857.816403388977 -846.675782203674 -831.943361282349 -871.407426834106 -893.050783157349 -854.400396347046 -822.775392532349 -807.49062538147 -858.672654151917 -839.735934257507 -798.750777244568 -807.189449310303 -842.29062461853 -878.376170158386 -884.24453163147 -892.823436737061 -914.544920921326 -945.973046302795 -918.477739334106 -842.344138145447 -764.993357658386 -812.270708084106 -869.323438644409
-53.8878911733627 -153.016797840595 -331.327342271805 -473.046093463898 -469.609765052795 -475.202343940735 -567.875780582428 -636.860153675079 -710.049614906311 -790.66445350647 -795.196873664856 -810.746486663818 -786.216016769409 -765.749608039856 -806.191798210144 -833.578125 -844.067969322205 -903.57460975647 -910.37109375 -871.933201789856 -906.856639862061 -919.015623092651 -880.555469512939 -847.823045730591 -836.233595848083 -801.558595657349 -842.324217796326 -835.221093177795 -764.208201408386 -791.638284683228 -850.204297065735 -841.167576789856 -824.622661590576 -839.642966270447 -852.568749427795 -850.843747138977 -864.408205032349 -879.258981704712 -931.97265625 -898.652339935303 -816.465232849121 -764.451173782349 -745.064843177795 -740.872659683228 -750.893359184265
-14.3867189511657 -17.4890625011176 -111.666015982628 -337.059373259544 -355.104298830032 -364.222264766693 -532.893750190735 -544.321874141693 -631.558595657349 -724.920701980591 -763.906251907349 -767.156641960144 -753.069141387939 -756.622264862061 -795.749217033386 -810.765233039856 -834.838673591614 -843.950391769409 -879.835551261902 -899.129295349121 -861.12460899353 -848.060939788818 -914.907029151917 -816.848433494568 -796.566799163818 -764.033984184265 -732.378127098083 -746.728911399841 -728.432813644409 -855.199222564697 -902.841798782349 -887.483983039856 -856.024216651917 -844.262111663818 -841.261715888977 -842.808201789856 -844.398433685303 -839.211712837219 -871.594140052795 -829.285937309265 -801.203128814697 -836.861329078674 -824.054294586182 -816.313671112061 -819.543361663818
-147.260155588388 -304.784765720367 -255.155078947544 -285.112499117851 -229.338671922684 -445.469923973083 -521.405468463898 -470.308201313019 -541.300784111023 -661.142575263977 -750.001952171326 -769.899616241455 -784.279688835144 -782.60703086853 -786.014060974121 -812.026173591614 -837.766012191772 -841.323438644409 -851.440628051758 -893.304297447205 -819.695311546326 -825.162109375 -822.046487808228 -793.571484565735 -767.239062309265 -755.137108802795 -745.456642150879 -709.656250953674 -842.642581939697 -909.114060401917 -910.346481323242 -844.600002288818 -819.585151672363 -823.812108039856 -849.958590507507 -859.048824310303 -846.260545730591 -867.143748283386 -897.664451599121 -844.292970657349 -915.988280296326 -877.69296836853 -856.269536018372 -853.197263717651 -869.630471229553
