Cases/SDM_Urocitellus_beldingi/westernUsClimate_historic/BIO09.asc
NCOLS 316 
NROWS 299 
XLLCORNER -124.820833001 
YLLCORNER 29.1625003333339 
CELLSIZE 0.0666666666645545 
NODATA_value -3.4e+38 
[rows 100 to 124 of 299, columns 0 to 57 of 316]
-3.4e+38 -3.4e+38 -3.4e+38 -3.4e+38 1431.8125 1448.984375 1650.75 1616.5 1677.78125 1661.953125 1709.65625 1813.25 1812.984375 1860.90625 1871.78125 1790.09375 1797.03125 1738.765625 1830.46875 1947.921875 1986.96875 1980.046875 1969.125 1907.984375 1927.296875 1960.25 1943.140625 1971.625 2025.21875 2016.015625 1940.125 1895.09375 1835.234375 1835.78125 1690.5 1574.953125 1515.34375 1417.6875 1360 1465 1409.078125 1493.640625 1547.515625 1566.96875 1574.90625 1505.703125 1478.921875 1506.203125 1556.609375 1568.421875 1568.953125 1601.375 1603.484375 1601.484375 1574.171875 1562.59375 1594.484375 1621.53125
-3.4e+38 -3.4e+38 -3.4e+38 -3.4e+38 1412.8125 1438.171875 1697.96875 1626.78125 1731.703125 1708.859375 1760.671875 1729.859375 1757.171875 1741.265625 1745.9375 1867.703125 1790.90625 1732.578125 1909.484375 1915.546875 1897.96875 1898.15625 1924.828125 1893.25 1861.03125 1874.90625 1793.59375 1898.5625 1994.09375 1997.296875 1881.640625 1783.71875 1751.96875 1719.65625 1675.984375 1630.546875 1531.625 1426.578125 1346.828125 1358.875 1241.4375 1356.375 1538.5 1596.015625 1630.71875 1577.125 1592 1629.3125 1595.421875 1637.546875 1644.875 1643 1576.890625 1543.859375 1606.828125 1592.6875 1612.078125 1618.4375
-3.4e+38 -3.4e+38 -3.4e+38 -3.4e+38 1407.66666666667 1421.03125 1561.484375 1680.78125 1702.625 1754.078125 1823.546875 1818.578125 1795.40625 1856.953125 1802.5 1766.90625 1836.875 1881.546875 1920.546875 1898.1875 1877.75 1750.296875 1791.21875 1912.5625 1927.75 1905.1875 1906.875 1838.8125 1864.453125 1925.75 1946.125 1825.390625 1713.078125 1689.28125 1627.265625 1569.28125 1512.890625 1463.4375 1410.515625 1428.65625 1462.8125 1487.390625 1562.625 1612.046875 1666.75 1642.296875 1641.25 1664.71875 1650.75 1658.03125 1665.125 1656 1666.96875 1647.6875 1666.53125 1656.609375 1555.4375 1561.96875
-3.4e+38 -3.4e+38 -3.4e+38 -3.4e+38 -3.4e+38 1406.26666666667 1474.46875 1690.609375 1658.671875 1765.875 1834.96875 1789.453125 1694.9375 1769.8125 1741.46875 1723.546875 1836.734375 1904.78125 1858 1825.671875 1694.140625 1699.609375 1867.21875 1885.6875 1862.046875 1820.65625 1924.921875 1845.265625 1740.125 1761.328125 1811.71875 1849.578125 1855.34375 1745.875 1627.671875 1573.78125 1541.09375 1547.921875 1561.25 1512.125 1537.578125 1589.421875 1572.09375 1592.375 1655.828125 1735.296875 1697.453125 1669.421875 1650.515625 1663.015625 1646.375 1647.359375 1645.90625 1663.359375 1692.5 1712.984375 1654.109375 1576.921875
-3.4e+38 -3.4e+38 -3.4e+38 -3.4e+38 -3.4e+38 1406 1410.98412698413 1637.53125 1713.453125 1705.703125 1762.421875 1750.828125 1715.421875 1654.796875 1712.53125 1728.5 1821.796875 1910.53125 1902.453125 1852.828125 1780.625 1675.140625 1577.296875 1758.203125 1741.3125 1850.734375 1929.71875 1834.75 1762.609375 1662.171875 1564.84375 1668.4375 1763.046875 1857.609375 1727.375 1640.28125 1666.59375 1644.171875 1619.390625 1572.5625 1576.71875 1621.34375 1600.296875 1625.8125 1675.46875 1691.640625 1685.765625 1689.421875 1735.453125 1642.328125 1639.671875 1672.78125 1647 1613.15625 1652.53125 1690.859375 1658.546875 1590.734375
-3.4e+38 -3.4e+38 -3.4e+38 -3.4e+38 -3.4e+38 -3.4e+38 1372.8 1428.84375 1598.1875 1707.65625 1683.234375 1675.84375 1727.59375 1741.0625 1743.859375 1765.15625 1842.15625 1868.015625 1843.90625 1773.046875 1693.515625 1497.5 1481.25 1662.984375 1756.484375 1864.21875 1828.109375 1765.765625 1561.875 1441.21875 1469.25 1497.671875 1701.46875 1740.171875 1733.453125 1696.71875 1746.046875 1738.28125 1652.953125 1617.40625 1616.890625 1623.875 1615.78125 1629.875 1629.296875 1598.15625 1647.328125 1634.46875 1672.25 1647.234375 1641.28125 1657.296875 1631.296875 1608 1608.28125 1652.75 1648.140625 1609.96875
-3.4e+38 -3.4e+38 -3.4e+38 -3.4e+38 -3.4e+38 -3.4e+38 1360 1380.73170731707 1416.25 1605.21875 1706.125 1671.5 1738.0625 1761.65625 1754.109375 1767.46875 1736.578125 1784.234375 1761.390625 1644.953125 1579.203125 1607.46875 1541.953125 1589.3125 1779.75 1827.96875 1778.59375 1678.953125 1506.921875 1522.25 1761.453125 1772.6875 1868.84375 1830.6875 1827.90625 1902.28125 1885.734375 1862.53125 1754.203125 1796.96875 1712.75 1654.515625 1646.15625 1639.796875 1567.0625 1430.421875 1603.96875 1615.453125 1620.75 1627.265625 1626.21875 1617.296875 1645.703125 1640.90625 1644.359375 1689.578125 1701.59375 1683.4375
-3.4e+38 -3.4e+38 -3.4e+38 -3.4e+38 -3.4e+38 -3.4e+38 -3.4e+38 -3.4e+38 1415 1496.6875 1642.90625 1680.359375 1764.046875 1742.546875 1787.1875 1802.90625 1757.40625 1658.796875 1638.078125 1679.453125 1844.15625 1885.796875 1846 1787.59375 1718.40625 1745.234375 1702.28125 1495.265625 1620.25 1940.40625 1903.359375 1831.328125 1847.0625 1977.828125 1983.796875 1985.40625 1959.71875 1860.578125 1724.1875 1743.984375 1693.109375 1664.375 1656.578125 1637.0625 1643.671875 1612.8125 1624.125 1634.71875 1654.5 1641.359375 1632.90625 1623.515625 1646.765625 1677.25 1686.96875 1745.296875 1772.203125 1746.90625
-3.4e+38 -3.4e+38 -3.4e+38 -3.4e+38 -3.4e+38 -3.4e+38 -3.4e+38 1365.33333333333 1394.14516129032 1449.015625 1587.796875 1706.046875 1783.125 1761.46875 1811.40625 1831.375 1744.140625 1618.25 1626.765625 1883.296875 1953.359375 1989.21875 1982.28125 1985.734375 1968.015625 2000.28125 2018.359375 1947.28125 1953.234375 2035.953125 2015.046875 2013.25 1925.890625 1992.625 2003.40625 2003.359375 1930.640625 1804.125 1533.28125 1634.140625 1659.296875 1643.421875 1648.046875 1646.484375 1721.25 1661.390625 1651.71875 1686.8125 1679.515625 1644.4375 1637.984375 1630.125 1645.3125 1686.40625 1706.28125 1742.53125 1757.40625 1751.359375
-3.4e+38 -3.4e+38 -3.4e+38 -3.4e+38 -3.4e+38 -3.4e+38 -3.4e+38 1366.28571428571 1392.703125 1457 1636.8125 1747.1875 1761.40625 1776.125 1730.8125 1725.34375 1672.265625 1700.21875 1741.171875 1844.125 1958.515625 2038.515625 2041.34375 1988.671875 1981.828125 1956.71875 2055.546875 2032.390625 2005.3125 2007 1952.34375 1970.578125 2009.46875 2019.171875 2010.90625 2016.234375 1943.453125 1851.890625 1611.515625 1530.765625 1646.53125 1625.90625 1651.421875 1703.625 1763.6875 1724.125 1706.59375 1739.015625 1683.90625 1663.6875 1667.5 1645.046875 1657.25 1716.03125 1725.40625 1736.6875 1747.671875 1749.9375
-3.4e+38 -3.4e+38 -3.4e+38 -3.4e+38 -3.4e+38 -3.4e+38 -3.4e+38 -3.4e+38 1408.9375 1462.34375 1732.9375 1740 1785.0625 1804.5625 1836.4375 1731.890625 1723.625 1725.015625 1905.0625 1990.21875 2031.046875 2044.71875 2019.25 1917.140625 1740.515625 1776.640625 1876.734375 2049.46875 1922.5 1860.03125 1863.53125 1906.359375 1998.546875 2032.859375 2023.03125 2006.921875 1959.859375 1882.109375 1695.171875 1640.734375 1749.515625 1733.75 1689.921875 1742.890625 1700.78125 1718.65625 1770.890625 1778.5 1798.234375 1775.4375 1709.53125 1686.421875 1670.28125 1704.078125 1719.828125 1742.234375 1753.75 1751.046875
-3.4e+38 -3.4e+38 -3.4e+38 -3.4e+38 -3.4e+38 -3.4e+38 -3.4e+38 -3.4e+38 1414.33333333333 1439.28 1624.546875 1708.734375 1747.703125 1884.71875 1911.671875 1854.53125 1690.0625 1733.8125 1911.3125 1985.96875 2067.890625 2032.09375 1987.046875 1692.15625 1689.8125 2002.109375 2004.015625 1992.421875 1994.765625 1969.390625 1910.140625 1925.5 1962.828125 2024.4375 2023.90625 2004.765625 1975.875 1889.34375 1628.984375 1660.0625 1747.578125 1779.234375 1730.046875 1703.84375 1717.625 1795.890625 1805.984375 1732.578125 1678.859375 1720.25 1772.546875 1715.984375 1689.078125 1689.84375 1720.359375 1761.78125 1771.125 1757.890625
-3.4e+38 -3.4e+38 -3.4e+38 -3.4e+38 -3.4e+38 -3.4e+38 -3.4e+38 -3.4e+38 -3.4e+38 1411.05555555556 1445.609375 1665.03125 1724.890625 1797.265625 1886.890625 1846.140625 1686.8125 1885.953125 1981.890625 2071.046875 2078.140625 1934.75 1759.90625 1764.1875 1657.25 1787.5 1665.625 2012.1875 1985.484375 1927.90625 1926.5625 1940.453125 1832.3125 1940.4375 2015.34375 2006.546875 1983.015625 1901.078125 1788.96875 1700.203125 1632.609375 1748.578125 1710.296875 1742.609375 1748.15625 1664.171875 1656.453125 1481.578125 1401.375 1435.390625 1749.28125 1757.078125 1727.96875 1717.15625 1755.625 1789.3125 1776.015625 1780.8125
-3.4e+38 -3.4e+38 -3.4e+38 -3.4e+38 -3.4e+38 -3.4e+38 -3.4e+38 -3.4e+38 -3.4e+38 1393.66666666667 1407.21666666667 1552.0625 1695.546875 1787.875 1914.109375 1902.3125 1862.21875 1905.25 2039.125 2092.34375 2031.0625 1868.859375 1805.71875 1878.625 1815.734375 1587.65625 1721.046875 1921.546875 1971.421875 1950.5 1938.671875 1886.65625 1855.5625 1926.78125 2010.8125 2010.5625 1955.984375 1853.421875 1747.703125 1617.046875 1411.71875 1576.578125 1461.6875 1678.1875 1660.140625 1603.5 1629.4375 1621.203125 1578.984375 1612.8125 1685.03125 1732 1713.65625 1734.25 1764.359375 1761.203125 1768.453125 1798.5625
-3.4e+38 -3.4e+38 -3.4e+38 -3.4e+38 -3.4e+38 -3.4e+38 -3.4e+38 -3.4e+38 -3.4e+38 -3.4e+38 1385.80487804878 1552.9375 1752.171875 1766.09375 1898.265625 1971.453125 1917.875 1891.875 2015.765625 2130.703125 2090.140625 2063.6875 2064.203125 2000.984375 1798.75 1765.859375 1696.25 1696.125 1925.984375 1968.40625 1920.1875 1818.46875 1759.234375 1826.875 1838.65625 1964.578125 1864.375 1714.203125 1470.15625 1247.328125 1436.6875 1459.375 1471.0625 1593.109375 1745.109375 1751.78125 1776.953125 1790.484375 1804.90625 1814.078125 1792 1751.328125 1734.515625 1742.875 1768.40625 1756.453125 1792.34375 1824.015625
-3.4e+38 -3.4e+38 -3.4e+38 -3.4e+38 -3.4e+38 -3.4e+38 -3.4e+38 -3.4e+38 -3.4e+38 -3.4e+38 1381.625 1496.1875 1648.84375 1732.84375 1801.109375 1928.625 1969.546875 1997.03125 2093.875 2155.109375 2167.34375 2175.296875 2020.828125 1710.203125 1787.6875 1890.46875 1741.1875 1673.9375 1852.640625 1942.984375 1890.265625 1843.828125 1796.046875 1446.875 1595.09375 1763.515625 1768.109375 1643 1128.46875 679.265625 1362.71875 1677.28125 1716.875 1733.234375 1717.375 1743.046875 1765.46875 1780.640625 1797.734375 1827 1810.515625 1790.21875 1767.5 1756.21875 1786 1752.984375 1791.359375 1810.90625
-3.4e+38 -3.4e+38 -3.4e+38 -3.4e+38 -3.4e+38 -3.4e+38 -3.4e+38 -3.4e+38 -3.4e+38 -3.4e+38 1387.76923076923 1495.34375 1571.453125 1715.734375 1819.8125 1966.75 2038.21875 2069.203125 2139.4375 2181.609375 2147.546875 2195.453125 2037.859375 1842.65625 2010.8125 1908.1875 1978.953125 1587.28125 1736.75 1882.46875 1855.015625 1801.390625 1614.1875 1446.828125 1418.984375 1438.046875 1756.234375 1779.53125 1601.859375 1510.21875 1653.234375 1723 1673.0625 1655.34375 1670.265625 1751.984375 1780.515625 1806.25 1799.140625 1834.21875 1840.015625 1829.296875 1808.125 1772.3125 1765.3125 1783.1875 1761.046875 1723.609375
-3.4e+38 -3.4e+38 -3.4e+38 -3.4e+38 -3.4e+38 -3.4e+38 -3.4e+38 -3.4e+38 -3.4e+38 1375.15384615385 1407.953125 1556.59375 1603.765625 1723.953125 1921.984375 2005.9375 2007.203125 2111.1875 2149.421875 2189.8125 1977.65625 2169.453125 2153.9375 2101.875 1987.875 1904.4375 1789.34375 1545.375 1510.609375 1734.4375 1601.96875 1588.140625 1681.703125 1619.203125 1444.9375 1558.078125 1793.5 1886.640625 1877.28125 1835.359375 1769.265625 1734.328125 1690.515625 1673.671875 1682.09375 1747.046875 1811.90625 1815.71875 1815.421875 1834.1875 1846.703125 1827.65625 1822.75 1804.15625 1789 1790.390625 1720.4375 1756.046875
-3.4e+38 -3.4e+38 -3.4e+38 -3.4e+38 -3.4e+38 -3.4e+38 -3.4e+38 -3.4e+38 -3.4e+38 1373.625 1432.6875 1619.34375 1658 1741.078125 1880.796875 2028.078125 2089.375 2117 2076.90625 2090.875 1890.53125 1855.078125 2039.3125 2078.84375 2036.796875 1915.1875 1906.515625 1608.703125 1457.25 1470.703125 1416.453125 1636.9375 1858.8125 1657.921875 1471.21875 1592.1875 1799.859375 1936.265625 1979.0625 1922.203125 1853.546875 1823.265625 1740.28125 1625.046875 1623.671875 1763.65625 1840.078125 1850.03125 1847.875 1848.453125 1867.28125 1868.5 1789.859375 1813.421875 1791.09375 1800.15625 1787.390625 1785.71875
-3.4e+38 -3.4e+38 -3.4e+38 -3.4e+38 -3.4e+38 -3.4e+38 -3.4e+38 -3.4e+38 -3.4e+38 1382.27777777778 1476.125 1574.15625 1629.453125 1850.25 1878.9375 1982.125 2083.9375 2123.21875 2051.984375 1816.078125 1807.9375 1807.234375 1846.03125 1868.359375 1971.609375 1950.234375 1844.015625 1578.09375 1585.59375 1708.078125 1762.515625 1901.1875 1886.734375 1827.921875 1752.140625 1693.578125 2031.921875 2114.421875 2089.921875 2058.703125 2007.4375 1934.109375 1753.78125 1880.703125 1878.921875 1814.09375 1855.515625 1929.65625 1902.640625 1878.984375 1880.359375 1880.5 1838.0625 1751.578125 1807.03125 1802.265625 1794.765625 1772.1875
-3.4e+38 -3.4e+38 -3.4e+38 -3.4e+38 -3.4e+38 -3.4e+38 -3.4e+38 -3.4e+38 -3.4e+38 1370.26923076923 1448.203125 1541.9375 1594.421875 1769.78125 1964.015625 1920.53125 2077.359375 2122.546875 2050.359375 1870.078125 1730.53125 1921.71875 1962.515625 1729.875 1793.328125 1754.953125 1749.609375 1635.328125 1521.109375 1418.765625 1780.125 2080.71875 1939.890625 1889.75 1783.5625 1839.296875 2237.15625 2235.3125 2128.625 2162.34375 2100.953125 2052.03125 2057.15625 2097.53125 2003.703125 1849.765625 1988.625 1950.375 1942.546875 1915.53125 1895.875 1890.3125 1885.546875 1847.8125 1801.125 1774.09375 1770.515625 1767.796875
-3.4e+38 -3.4e+38 -3.4e+38 -3.4e+38 -3.4e+38 -3.4e+38 -3.4e+38 -3.4e+38 -3.4e+38 1368.35 1371.359375 1443.484375 1599.1875 1649.609375 1907 1928.625 1973.671875 2121.34375 2129.515625 2009.609375 1876.484375 1926.359375 1962.765625 1891.296875 1807.578125 1809.203125 1404.578125 1480.53125 1457.96875 1500.796875 1799.453125 2068.515625 2074.3125 2081.96875 2104.171875 2219.5625 2299.5625 2276.546875 2135.671875 2240.578125 2151.4375 2169.5625 2187.390625 2168.3125 2080.9375 1984.953125 1986.3125 1966.96875 1970.09375 1983.71875 1924.234375 1884.015625 1881.625 1869.015625 1813.9375 1729.921875 1715.8125 1703.203125
-3.4e+38 -3.4e+38 -3.4e+38 -3.4e+38 -3.4e+38 -3.4e+38 -3.4e+38 -3.4e+38 -3.4e+38 1369.45283018868 1388.265625 1420.90625 1570.59375 1622.140625 1744.28125 1882.578125 1978.75 2102.796875 2103.125 2010.953125 1939.984375 2020.65625 1938.390625 1687.484375 1774.84375 1899.84375 1625.28125 1686.640625 1654.21875 1580.59375 1982.75 2017.4375 2057.59375 2077.515625 2218.15625 2318.984375 2335.328125 2334.203125 2342.75 2308.5 2265.25 2253.8125 2240.171875 2190.875 1975.609375 1933.859375 1926.953125 1919.3125 1943.125 1963.484375 1953.078125 1892.515625 1887.546875 1869.984375 1836.359375 1711.78125 1689.1875 1706.390625
-3.4e+38 -3.4e+38 -3.4e+38 -3.4e+38 -3.4e+38 -3.4e+38 -3.4e+38 -3.4e+38 1361.36363636364 1363.80952380952 1380.421875 1467.640625 1521.875 1605.015625 1677.03125 1881.0625 1862.34375 2029.75 2130.34375 2106.328125 2058.453125 1989.046875 1877.953125 1924.65625 1883.328125 1973.625 1911.703125 1759.765625 1916.40625 1986.140625 2008.84375 1965.765625 2008.75 2098.265625 2216.6875 2329.109375 2410.375 2372.171875 2382.53125 2326.875 2331.6875 2314.75 2295.453125 2224.59375 1973.625 1851.921875 1873.59375 1853.546875 1907.796875 1921.3125 1911.71875 1869.734375 1808.3125 1771.515625 1766.6875 1730.375 1702.265625 1715.65625
-3.4e+38 -3.4e+38 -3.4e+38 -3.4e+38 -3.4e+38 -3.4e+38 -3.4e+38 1380 1364.77192982456 1374.453125 1395.15625 1517.4375 1601.59375 1649.125 1689.875 1838.125 1838.390625 1860.1875 2068.8125 2047.953125 2054.078125 2053.609375 2089.328125 1974.921875 1946.453125 2058.640625 2018.796875 1784.328125 1908.359375 1965.359375 1998.53125 1999.53125 2042.578125 2058.40625 2163.4375 2276.296875 2451.3125 2415.734375 2358.125 2411.4375 2380 2356.765625 2310.859375 2230.359375 1969.8125 1810.015625 1825.375 1705.125 1789.421875 1880.453125 1867.4375 1749.15625 1675.46875 1630.65625 1666.71875 1646.25 1625 1628.890625
