Cases/SDM_Urocitellus_beldingi/westernUsClimate_historic/BIO03.asc
NCOLS 316 
NROWS 299 
XLLCORNER -124.820833001 
YLLCORNER 29.1625003333339 
CELLSIZE 0.0666666666645545 
NODATA_value -3.4e+38 
[rows 112 to 139 of 299, columns 128 to 191 of 316]
39.65625 37.40625 39.96875 37.796875 36.546875 37.34375 41.65625 41.34375 37.03125 37.296875 38.328125 42.015625 38.234375 37.453125 38.75 40.515625 39.484375 37.65625 37.703125 37.90625 39.890625 41.171875 41.390625 38.96875 37.375 37.609375 40.390625 41.71875 40.453125 37.390625 36.53125 38 37.421875 35.859375 36.9375 39.140625 38.0625 34.90625 34.25 35.546875 35.34375 34.375 32.890625 32.234375 33.03125 34.71875 33.609375 34.078125 34.890625 35 34.96875 34.90625 34.328125 33.890625 33.796875 31.734375 33.203125 34.03125 33.71875 33.765625 33.859375 34.15625 34.71875 35.125
38.328125 38.046875 38.453125 36.703125 34.359375 37.09375 41.328125 39.5 38.484375 38.609375 37.171875 39.859375 40.890625 36.40625 38.71875 41.796875 40.96875 37.921875 37.8125 37.421875 38.15625 39 39.78125 38.03125 38.109375 40.84375 41.578125 40.359375 40.453125 40.0625 38.453125 38.4375 37.28125 36.453125 36.5 38.515625 36.828125 34.328125 34.15625 34.90625 34.4375 33.609375 31.953125 32.515625 33.78125 34.78125 33.140625 33.34375 35 34.875 34.28125 34 33.96875 33.953125 33.734375 32.859375 33.625 33.34375 33 33 33.140625 34.125 34.953125 34.890625
39.484375 39.5625 40.40625 36.4375 35.03125 38.25 41.078125 39.890625 37.703125 40.25 38.40625 39.609375 39.15625 37.28125 38.140625 41.421875 41.0625 38.984375 37.390625 37.0625 37.265625 38.296875 39.484375 38.984375 41.03125 42 41.03125 37.75 39.484375 39.75 38.703125 38.765625 37.34375 37.1875 37.296875 37.875 36.578125 35.59375 34.921875 34.78125 34.453125 33.34375 32.84375 34.078125 34.546875 32.984375 30.234375 30.5625 34.359375 34.265625 34 33.734375 33.09375 33.40625 33.234375 33.0625 33.28125 33.734375 32.71875 32.171875 32.671875 33.3125 34.03125 33.984375
36.203125 40.5 42.609375 39.53125 36.6875 38.296875 41.28125 40.84375 37.390625 39.71875 41.203125 39.03125 37.328125 37.171875 37.9375 41.515625 41 40 37.453125 36.859375 36.875 37.953125 39.5 42.703125 42.03125 42 41.34375 40.625 40.640625 38.578125 37.828125 39.171875 38.1875 37.921875 37.703125 37 36.828125 36.078125 36 35.203125 35 34.984375 34.140625 34.296875 34.890625 32.3125 30.328125 32.84375 34.765625 34.09375 34 33.96875 33.3125 33.171875 33 33 33.53125 34.1875 31.8125 31 31.125 32.390625 33.3125 33.84375
36.03125 40.359375 42.21875 37.5625 35.046875 37.96875 40.6875 41.546875 40.328125 40.984375 41.765625 39.03125 37.015625 36.5625 37.765625 41.3125 41.046875 40.34375 38.203125 37.15625 37.015625 37.984375 38.40625 39.15625 39.359375 41.84375 41.515625 40.265625 38.640625 37.640625 38.375 40.1875 39.765625 38.15625 36.875 36.625 36.109375 35.859375 35.921875 35.234375 35.015625 34.703125 34 34.125 34.71875 34.15625 33.765625 34.375 34.546875 34.046875 34 33.984375 33.296875 33 33 32.96875 32.75 33.78125 31.21875 29.578125 29.4375 31.265625 32.890625 33.828125
40.375 41.671875 39.609375 36.546875 37.46875 39.71875 41.015625 41.625 41.328125 39.84375 40.671875 41.359375 40.4375 38.40625 40.9375 42 41.890625 41.078125 40.1875 38.640625 37.6875 39.265625 38.1875 37.359375 39.265625 41.265625 41.578125 39.84375 36.125 37.046875 40.265625 41.03125 40.015625 37.390625 37.203125 35.5 36 35.984375 36 35.421875 35 34.703125 34.3125 34.359375 34.96875 34.9375 35 35 34.53125 34 33.96875 33.484375 32.953125 32.53125 32.40625 32.171875 32.203125 33.609375 31.34375 29.640625 29.75 31.578125 32.984375 33.71875
38.046875 37.4375 36.75 40.578125 39.265625 41.265625 40.96875 41.9375 39.453125 36.75 38.796875 41.421875 41.28125 41.03125 42.125 42.625 42.40625 42 41.578125 39.765625 37.953125 38.5625 37.53125 38.90625 38.890625 38.390625 40.25 40.015625 36.640625 37.015625 40.40625 40.6875 38.65625 36.34375 36.375 35.578125 35.9375 36 36 35.890625 35.515625 34.984375 34.359375 33.46875 34.375 34.859375 34.5625 34.875 34.375 34 33.96875 32.8125 32.828125 32.078125 32 32.125 32.046875 31.96875 31.09375 30.265625 30.921875 32.28125 33.03125 33.359375
34.609375 35.40625 41.375 39.5625 34.328125 38.90625 41.625 40.296875 36.5625 37.453125 40.359375 42.328125 40.203125 41.421875 42.515625 43 42.984375 42.015625 41.375 40.828125 40.703125 39.328125 38.375 40.515625 38.3125 36.6875 36.96875 39.90625 39.578125 38.140625 37.234375 38.84375 38.140625 35.828125 35.703125 36 35.984375 35.84375 36 36 35.765625 35.03125 35 34.09375 34.28125 34.578125 34.46875 34.109375 34.078125 34.375 33.15625 33.09375 33.125 32.9375 32.546875 32.328125 32.484375 32 31.65625 31.046875 31.5625 32.21875 32.953125 32.875
32.109375 38.6875 41.421875 37.578125 36.125 40.296875 40.1875 37.03125 35.09375 40.375 42.03125 42.40625 40.9375 43.03125 43.453125 43.203125 41.296875 38.609375 37.4375 39.359375 38.25 37.34375 38.46875 41 39.875 37.03125 38.25 40.40625 39.015625 36.640625 36.46875 37.703125 36.40625 37.515625 35.25 35.984375 36 35.40625 35.84375 36 35.734375 35.359375 35 34.140625 34.96875 34.390625 34.6875 34.484375 34.734375 34.59375 34.375 33.90625 33.4375 33 33 32.875 32.3125 32 31.796875 31.015625 31.390625 31.984375 32.171875 32.859375
36.09375 41.015625 38.5 33.859375 39.734375 38.484375 37.875 33.59375 36.46875 42.4375 43.578125 43.359375 43.28125 43.984375 43.65625 42.0625 37.78125 38.03125 37.53125 40.875 39.03125 37.140625 38.203125 41.046875 40.125 37.921875 39.078125 41 38.296875 36.46875 35.75 36.84375 35.65625 35.640625 35.296875 35.203125 35.515625 35.734375 35.609375 35.765625 35.890625 35.21875 35 34.6875 34.75 34 34 34.28125 33.359375 34.296875 35.015625 34.078125 33.953125 33.953125 33.625 33.59375 32.890625 31.96875 31.25 31.234375 31.953125 31.875 32.6875 33.203125
39.671875 42.078125 38.71875 34.140625 39.890625 36.671875 34.390625 35.328125 41.109375 41.71875 42.171875 44.015625 44.25 44.546875 43.84375 38.59375 38.203125 38.46875 38.578125 42 41.390625 39.21875 40.03125 41.5 39.703125 38.140625 40.046875 40.90625 38.90625 35.828125 36.640625 36.5625 35.03125 35.140625 34.984375 35 35.21875 35.71875 34.734375 35.203125 35.328125 35 35 35 34.34375 34 34.015625 34.0625 33.84375 34.625 35 33.6875 34.03125 34.390625 34.28125 34.046875 33.328125 32 31.546875 31.828125 31.9375 31.8125 32.921875 33.015625
41.734375 41.5625 41.140625 40.53125 40.28125 35 38.1875 40.671875 41.140625 37.75 41.65625 43.71875 43.71875 44.125 42.796875 38.203125 38 38 39.015625 42 42.078125 42 42 41.765625 40.5 37.90625 40.71875 40.734375 38.859375 35.203125 35.953125 36.453125 35.5 34.9375 34.0625 33.671875 34.890625 34.984375 35 35 35 35 35 34.59375 34.015625 34 34 34.4375 34.296875 34.453125 34.984375 34.046875 32.734375 34.984375 35 34.71875 32.625 32.921875 32.265625 32.15625 31.828125 31.234375 31.71875 32.375
37.453125 41.25 42.4375 42.328125 39.6875 39 41.890625 41.171875 39.46875 42.46875 42.859375 42.765625 42.703125 40.90625 38.421875 36.296875 38.234375 37.96875 39.359375 42.046875 42.5 41.6875 41.765625 42 41.015625 37.875 41 40.296875 39.65625 35.859375 34.25 35.359375 33.390625 32.28125 32.359375 33.65625 34.53125 35 35 35 35 35 35 34.359375 34 34 34.09375 34.75 35.453125 35.46875 33.953125 34.859375 34.9375 35.515625 35.75 35.59375 34.0625 33.4375 32.578125 31.84375 30.703125 29.5 29.734375 31.359375
33.171875 41.5625 43.046875 42.546875 41.375 40.765625 41.078125 40.046875 42.65625 43.390625 42.609375 41.265625 39.140625 36.65625 36.03125 36.234375 39.484375 38 39.46875 41.984375 42 40.65625 40.0625 42 41.3125 38.53125 40.96875 40.296875 40.1875 36.25 34.421875 33.359375 33.859375 32.515625 32.265625 33.21875 34.03125 35 35 35 35 35 35 34.65625 34.0625 34 34.09375 35.046875 36.078125 35.875 32.40625 34.71875 36 36.140625 36.125 35.765625 35.265625 34.28125 33.109375 31.859375 30.5 29.96875 29.765625 31.5
34.015625 38.859375 39.265625 35.296875 36.0625 35.703125 41.8125 43.453125 43.859375 42.875 41.234375 37.046875 36.765625 37.15625 35.875 38.796875 40.25 38.890625 39.34375 40.90625 41.6875 39.84375 38.828125 40.46875 38.09375 37.125 40.59375 40.625 40.515625 35.84375 33.703125 32.1875 33.890625 32.75 32.75 33.59375 34.140625 34.953125 35 35 35 35 35 35 35 34.640625 34.875 35.765625 35.734375 33.84375 33.171875 35.671875 36.0625 36.15625 34.234375 32.375 34.78125 34.765625 33.984375 32.84375 31.765625 33.328125 32.328125 32.625
38.328125 39.796875 37.15625 33.484375 35.046875 40.9375 42.71875 41.5625 42.8125 41.796875 38.546875 36.046875 36.578125 35.9375 36.6875 40.3125 40.984375 39.828125 37.828125 38.40625 38.75 37.046875 36.984375 37.484375 37.171875 37.15625 40.609375 40.96875 40.375 36.140625 33.0625 31.453125 34.53125 33.578125 33.703125 34.453125 34.609375 35 35.234375 35.78125 35.453125 35 35.03125 35.03125 35 35.0625 35.71875 36.484375 36.828125 33.59375 33.90625 37.03125 37.53125 36.140625 32.859375 31.125 33.125 34.90625 34.734375 33.84375 32.390625 32.953125 31.90625 32.59375
36.578125 34.25 40.34375 34.546875 34.4375 39.125 38.265625 39.125 43.296875 42.03125 38.796875 36.09375 36.171875 35.703125 39.109375 40.96875 40.953125 39.9375 36.59375 37.53125 36.546875 36.421875 36.515625 36.859375 36.953125 40.28125 41.546875 41 40.6875 36.015625 33.9375 31.3125 34.515625 34.359375 34.609375 35.09375 35.359375 35.28125 35.015625 35.4375 35.34375 35.03125 35.59375 35.90625 35.625 35.953125 36 36.609375 37.140625 33.171875 34.703125 38.6875 39.234375 36.25 31.640625 30.953125 32.34375 34.78125 35.390625 32.921875 32.015625 32.5 31.28125 33.8125
36.390625 36.828125 43.015625 37.03125 33.5625 34.140625 34.4375 38.984375 43.8125 43.125 37.328125 36.109375 35.65625 37.578125 40.71875 41 40.59375 40 39.6875 40.109375 37.953125 35.9375 35.859375 37.390625 40.1875 41.875 41.53125 41 40.5625 36.6875 34.59375 32.140625 31.421875 34.203125 35.28125 35.890625 36 36 35.859375 35.25 35.09375 35.625 36 36 35.53125 36 36.015625 36.859375 34.859375 33.296875 35.28125 39.125 39.921875 37.03125 31.234375 30.9375 31.75 33.53125 34.34375 32.625 33.09375 33.421875 31.34375 31.4375
33.015625 39.203125 43.3125 36.015625 33.765625 33.828125 37.40625 41.765625 43.609375 42.65625 35.796875 35.890625 36.5 40.1875 41 40.90625 39.546875 39.328125 37.75 39.203125 37.90625 35.6875 37.484375 40.703125 41.90625 38.953125 37.53125 40.59375 41 39.125 34.875 32.796875 33.75 35.796875 36.203125 36 36 36 36 36 36 36 36 36 36 36 36.46875 36.890625 35.40625 33.203125 35.90625 39.78125 40.265625 38.65625 33.421875 31.78125 32.140625 37.203125 37.546875 33.703125 33.421875 33.6875 31.671875 32.296875
34.265625 40.9375 42.8125 38.203125 33 35.546875 40.234375 42.765625 42.921875 40.609375 36.140625 35.125 37.734375 40.375 40.390625 37.078125 35.59375 35.5625 37.6875 38.3125 35.953125 36.21875 40.234375 42.703125 41.015625 37.34375 36.484375 38.703125 41 40.296875 34.9375 34.921875 35.578125 36.21875 36.703125 36.578125 36.15625 36.125 36.734375 36.75 36.296875 36.046875 36.0625 36 36 36.140625 36.71875 36.484375 36 34.359375 34 37.28125 40.328125 41.375 37.515625 33.96875 33.890625 38.390625 38.90625 36.40625 33.46875 33.8125 34.234375 37.078125
39.953125 42.703125 43.171875 38.875 33.984375 34.859375 40.5 43.375 42.296875 38.328125 34.359375 34.125 39.40625 39.625 38.296875 35.203125 35.265625 34.609375 37.203125 36.25 35.71875 36.6875 42.0625 43.140625 39.703125 37.734375 37.109375 38.46875 40.6875 39.53125 34.359375 34.5 33.5 32.890625 35.328125 34.96875 35.546875 36.265625 36.8125 37 37 36.890625 36.90625 36.5625 36.046875 36.390625 36.9375 36.578125 36.234375 36.734375 36.390625 35.21875 36.890625 40.296875 39.15625 34.078125 33.453125 37.890625 39.71875 39.53125 37.5 34.609375 38.65625 39.078125
42.640625 42.9375 40.140625 33.546875 36.40625 38.546875 39.640625 41.828125 41.765625 36.578125 34.453125 35.1875 39.546875 35.828125 35 34.5 34.953125 34.984375 35.265625 36.640625 35.703125 36.578125 39.078125 42.59375 40.34375 38.34375 37.578125 36.078125 37.53125 39.46875 36.609375 33.609375 35.328125 35.921875 37.3125 33.65625 33.375 35.125 36.296875 36.984375 37 37 37 36.953125 36.859375 36.984375 37 36.828125 36 36 36.25 36.9375 37.109375 38.203125 36.796875 33.890625 33.609375 37.265625 39.03125 39.359375 39.34375 37 37.5 38.5625
42.953125 41.65625 35.78125 33.25 41.734375 43.1875 40.59375 41.6875 41.0625 36.359375 34.5 38.953125 40.625 37.15625 34.875 34.265625 34.84375 35.5625 38.109375 38.078125 35.28125 36.375 37.921875 41.859375 41.40625 40.40625 38.84375 36.15625 36.3125 39.609375 40 37 40.390625 41.9375 41.421875 36.015625 33.765625 33.28125 37.0625 36.953125 37 37 37 37 36.34375 35.25 37 36.65625 36.1875 36.015625 35.96875 36.234375 36.515625 35 36 34.15625 36.78125 38.921875 37.640625 38.921875 38.984375 36.953125 37.84375 37.59375
42.96875 40.34375 36.390625 35.671875 43.71875 43.609375 36.203125 40.453125 41.296875 37.140625 35.34375 39.96875 40.453125 37.3125 34.875 35.234375 36.734375 37.46875 39.8125 39.15625 36.4375 35.875 38.90625 41.515625 40.53125 39.015625 38.953125 37.1875 36.515625 40.25 39.4375 35.15625 39.734375 42.765625 43.15625 37.484375 34.71875 33.96875 37.921875 37 37 37 37 37 37 36.765625 37 37 36.96875 36.125 36 36.5 35.609375 34.859375 35.53125 33.40625 36.25 38.84375 37.015625 38.03125 38.140625 35.359375 36.9375 37.28125
41.515625 40.75 36.5625 40.140625 44.03125 43.734375 35.140625 37.140625 41.6875 39.046875 36.375 36.9375 37.890625 35.734375 36.03125 38.15625 37.09375 38.453125 40.671875 39.09375 36.625 36.828125 41.296875 41.296875 39.03125 36.6875 38.1875 36.828125 36.09375 38.03125 40.40625 39.171875 40.546875 43.40625 43.46875 37.28125 35.40625 35.15625 38.421875 37.5625 37 36.984375 36.765625 36.984375 37 36.90625 34.484375 36.515625 37.078125 36.4375 36.53125 36.90625 34.96875 33.1875 34.3125 33.671875 32.9375 35.109375 34.765625 35.578125 36.03125 34.828125 35.4375 36.1875
35.90625 39.015625 36.765625 43.84375 44.765625 44.296875 38.265625 35.921875 40.46875 38.9375 35.390625 36.21875 36.828125 37.734375 39.578125 38.0625 38.59375 39.703125 39.34375 37.421875 36.4375 40.203125 41.96875 40.375 37.421875 37.53125 39.203125 36.796875 36.046875 39.5 42 42.265625 43.03125 42.734375 41.1875 36.46875 33.890625 35.40625 39 38.40625 37.40625 37 36.953125 37 37 37.15625 36.8125 33.9375 36.6875 37.5 37.25 37.125 35.53125 32.875 34.546875 35.234375 33.71875 32.390625 33.0625 34.203125 35.546875 37.828125 35.890625 36.25
34.3125 38.109375 37.375 44.171875 44.953125 44.65625 38.78125 34.59375 41.65625 41.859375 38.796875 37.0625 38.453125 41.09375 39.65625 37.3125 40.390625 39.984375 37.28125 37.234375 38.734375 41.953125 41.671875 38.859375 36.578125 38.984375 38.578125 36.65625 38 41.828125 41.9375 40.765625 40.625 39.484375 37.40625 36.03125 35.90625 36.234375 39.171875 38.84375 37.953125 37.90625 35.46875 36.890625 37 36.203125 37.125 34.40625 37.109375 38.109375 36.875 35.859375 37.734375 36.859375 36.625 37.28125 35.625 34.8125 33.765625 34.03125 35.15625 38.09375 36.171875 35.765625
37.265625 37.796875 40.578125 44.6875 44.96875 44.53125 39.421875 37.171875 43.890625 42.34375 38.078125 36.703125 39.828125 42 40.9375 38.59375 40.984375 39.421875 36.828125 37.359375 37.578125 40.4375 41.15625 39.328125 36.78125 38.125 38.03125 37.234375 39.953125 41.953125 39.828125 37.296875 37.875 37.75 36.8125 35.75 35.125 37.53125 39.84375 39.25 38.296875 37.78125 33.765625 37.1875 37 37.21875 33.984375 33.546875 37.109375 36.765625 33.9375 33.796875 36.984375 38.65625 38.25 37.015625 37.578125 36.3125 35.046875 34.796875 35.453125 37.296875 34.953125 35.125
