Cases/SDM_Urocitellus_beldingi/westernUsClimate_historic/BIO06.asc
NCOLS 316 
NROWS 299 
XLLCORNER -124.820833001 
YLLCORNER 29.1625003333339 
CELLSIZE 0.0666666666645545 
NODATA_value -3.4e+38 
[rows 80 to 99 of 299, columns 90 to 134 of 316]
-1124.38789176941 -1075.20156860352 -1051.13319683075 -1031.05390357971 -1008.27148723602 -1000.95586299896 -1016.94688510895 -1001.69413948059 -938.008980751038 -909.451950073242 -907.10117149353 -886.807813644409 -858.642186164856 -796.710548400879 -784.922267913818 -813.546096801758 -866.279690742493 -860.260158538818 -853.254683494568 -779.225783348083 -826.523829460144 -810.283202171326 -774.41835975647 -743.71640586853 -711.600392341614 -705.151173591614 -693.949216842651 -684.463670730591 -682.371488571167 -676.635545730591 -665.312104225159 -656.781640052795 -651.342184066772 -643.686717987061 -641.52578163147 -644.430859565735 -651.531641960144 -676.055471420288 -686.762888908386 -690.233202934265 -786.339450836182 -830.136329650879 -863.727343559265 -909.720317840576 -868.324215888977
-1115.57343673706 -1101.78672409058 -1082.08867835999 -1041.27968406677 -1003.3671913147 -1007.55624961853 -996.887495994568 -974.682023048401 -967.819528579712 -897.988669395447 -931.60546875 -900.039452552795 -856.759767532349 -874.207424163818 -847.082420349121 -860.736718177795 -869.696484565735 -850.404685974121 -819.204684257507 -774.962109565735 -793.873436927795 -785.357422828674 -741.282815933228 -704.716796875 -708.465624809265 -716.473439216614 -686.745310783386 -680.603907585144 -669.269141197205 -654.143748283386 -656.705076217651 -664.945311546326 -656.741017341614 -640.59414100647 -633.780471801758 -635.9609375 -636.553904533386 -633.188670158386 -648.194142341614 -678.710935592651 -735.610549926758 -785.137107849121 -818.357422828674 -804.798046112061 -843.391798973083
-1086.78008460999 -1072.53007507324 -1062.59609031677 -1063.89609146118 -1007.92577457428 -974.110936164856 -837.178511619568 -900.435543060303 -943.377343177795 -920.90781211853 -928.651168823242 -875.654296875 -937.980865478516 -975.41171836853 -929.799608230591 -909.683982849121 -894.302735328674 -896.879685401917 -842.780862808228 -817.307034492493 -821.096096992493 -774.180076599121 -742.377731323242 -681.461717605591 -668.582033157349 -705.787108421326 -687.79726600647 -678.777731895447 -669.152732849121 -649.869917869568 -634.749610900879 -630.807030677795 -634.438279151917 -622.706252098083 -621.873045921326 -640.575389862061 -642.822266578674 -638.127733230591 -621.433590888977 -631.566795349121 -713.603513717651 -785.151568412781 -759.688672065735 -826.457814216614 -830.13046836853
-1077.57891464233 -1063.43320274353 -1048.50273704529 -1048.72226715088 -926.680863380432 -862.742575645447 -822.195702552795 -879.941408157349 -934.229296684265 -933.396091461182 -945.749217033386 -931.821880340576 -967.905859947205 -954.80703163147 -928.978908538818 -929.196873664856 -929.641406059265 -913.516015052795 -897.60312461853 -859.446479797363 -824.43750667572 -774.105469703674 -761.744921684265 -673.339064598083 -719.99609375 -709.649998664856 -717.340621948242 -693.293358802795 -657.246873855591 -638.64882850647 -634.548823356628 -623.217185020447 -623.905470848083 -621.81992149353 -628.206638336182 -646.181250572205 -669.174612998962 -673.280857086182 -657.346871376038 -676.80703163147 -701.003128051758 -747.406254768372 -779.104297637939 -890.995310783386 -870.423049926758
-1045.40546703339 -1038.56289291382 -1017.02148532867 -1006.17773723602 -941.096879959106 -872.401172637939 -883.728905677795 -946.393357276917 -917.331642150879 -934.368360519409 -935.65859413147 -909.475781440735 -963.497656822205 -921.160157203674 -957.037499427795 -969.592968940735 -945.628514289856 -914.949605941772 -898.273440361023 -841.623044013977 -842.915235519409 -801.572267532349 -761.557033538818 -741.709369659424 -742.373826026917 -732.637107849121 -689.283985137939 -688.535937309265 -683.857422828674 -647.088671684265 -624.433982849121 -593.454689025879 -566.498048782349 -599.717971801758 -634.270701408386 -666.360546112061 -679.235547065735 -694.996480941772 -693.966016769409 -710.962892532349 -748.098822593689 -784.18984413147 -827.125784873962 -863.411331176758 -890.500778198242
-1011.07695674896 -1022.24531459808 -1012.45624542236 -996.815229415894 -981.297263145447 -967.655859947205 -953.327733039856 -933.125389099121 -912.191408157349 -888.534372329712 -826.946872711182 -924.301955223083 -911.156247138977 -916.009373664856 -912.822658538818 -943.023441314697 -955.892968177795 -927.147656440735 -845.017971038818 -766.902736663818 -802.862500190735 -778.229295730591 -760.576955795288 -774.089839935303 -810.553123474121 -798.655075073242 -719.461723327637 -762.117971420288 -707.008198738098 -680.593356132507 -659.147262573242 -606.185935020447 -565.064840316772 -563.293743133545 -600.921483039856 -639.443746566772 -666.396485328674 -674.452346801758 -684.470702171326 -693.152736663818 -725.771485328674 -764.019532203674 -791.972264289856 -824.624215126038 -860.456253051758
-987.418748855591 -998.922268867493 -1004.11601448059 -993.377730369568 -931.93985080719 -891.944141387939 -907.612500190735 -899.491794586182 -873.623441696167 -854.282027244568 -856.710936546326 -843.556247711182 -900.138676643372 -954.28085899353 -954.619525909424 -915.810150146484 -893.992188453674 -873.88632774353 -809.595698356628 -771.555466651917 -765.766796112061 -757.591796875 -770.486717224121 -759.963675498962 -778.336719512939 -840.053907394409 -823.880859375 -852.68593120575 -792.139060974121 -749.190627098083 -703.24960899353 -660.253129005432 -606.348831176758 -594.494532585144 -584.401171684265 -603.033983230591 -620.021871566772 -657.871487617493 -696.694141387939 -717.056637763977 -736.533592224121 -751.025777816772 -767.160555839539 -774.633982658386 -797.455858230591
-972.853903770447 -978.397266387939 -979.722267150879 -960.328909873962 -910.806640625 -864.747266769409 -819.149994850159 -864.128909111023 -838.856641769409 -878.599999427795 -877.737895011902 -844.452735900879 -827.843355178833 -959.374217033386 -969.223435401917 -914.399609565735 -814.782031059265 -779.594138145447 -774.405471801758 -773.844917297363 -771.394923210144 -756.877735137939 -784.444531440735 -780.870701789856 -815.56210899353 -882.880471229553 -888.618745803833 -887.355856895447 -809.671094894409 -779.800388336182 -750.548831939697 -705.714060783386 -685.157424926758 -601.832813262939 -591.282421112061 -610.813673973083 -604.278909683228 -652.962107658386 -684.267189979553 -714.698046684265 -742.98593711853 -744.350392341614 -738.471876144409 -741.879689216614 -745.435542106628
-966.887500762939 -976.175004005432 -974.599217414856 -945.681253433228 -938.960936546326 -921.216407775879 -891.810935020447 -906.537111282349 -821.126951217651 -784.069140434265 -788.155075073242 -868.513670921326 -918.548435211182 -923.285551071167 -916.448437690735 -863.140231132507 -827.255858421326 -839.801566123962 -797.053517341614 -776.480862617493 -732.775779724121 -785.98203086853 -801.701954841614 -823.807424545288 -852.591017723083 -813.471486091614 -905.258201599121 -890.793745994568 -847.860547065735 -791.318358421326 -783.432815551758 -752.49609375 -732.11757850647 -664.528515815735 -643.21054649353 -652.520314216614 -607.713286399841 -637.383981704712 -658.886719703674 -685.92578125 -704.836714744568 -710.439839363098 -709.917966842651 -709.968748092651 -724.852342605591
-971.291011810303 -973.78515625 -956.06015586853 -939.939456939697 -819.815623283386 -846.752345085144 -832.522265434265 -807.948437690735 -771.551566123962 -739.425392150879 -820.038673400879 -879.701560974121 -883.164449691772 -862.491795539856 -846.211717605591 -845.369143486023 -834.385549545288 -848.977340698242 -802.280467987061 -801.967577934265 -828.518750190735 -879.809763908386 -903.565236091614 -919.379691123962 -933.596481323242 -936.649609565735 -956.444918632507 -965.409770011902 -889.779296875 -830.054690361023 -808.382033348083 -799.705078125 -768.533593177795 -728.856641769409 -699.733982086182 -660.25390625 -610.311327934265 -606.725389480591 -640.398049354553 -647.48984336853 -654.280859947205 -666.661720275879 -676.700782775879 -679.359370231628 -694.358592033386
-966.885155677795 -928.073833465576 -851.165626525879 -898.187892913818 -806.737108230591 -781.896481513977 -769.955468177795 -744.313277244568 -769.241403579712 -797.292967796326 -788.664840698242 -815.661329269409 -824.794920921326 -802.537890434265 -810.854688644409 -830.938672065735 -835.104686737061 -827.830076217651 -840.715231895447 -863.207035064697 -886.003909111023 -909.994920730591 -941.223438262939 -922.108981132507 -927.735153198242 -922.095695495605 -929.916016578674 -928.803908348083 -990.161325454712 -837.339841842651 -814.325782775879 -798.920700073242 -772.401559829712 -769.673047065735 -739.599219322205 -689.564452171326 -635.56015586853 -639.678513526917 -649.403512954712 -655.174610137939 -648.726560592651 -629.760545730591 -627.948439598083 -630.352342605591 -640.922268867493
-923.491010665894 -903.990232467651 -867.453122138977 -765.713668823242 -774.901955604553 -790.760549545288 -771.023829460144 -760.737889289856 -777.24492931366 -786.534371376038 -761.478120803833 -752.744535446167 -811.777738571167 -827.827347755432 -841.149217605591 -853.466796875 -845.155076980591 -812.765624046326 -808.529292106628 -826.328516960144 -845.939448356628 -895.910157203674 -938.06015586853 -937.327728271484 -930.33203125 -919.24766254425 -910.755079269409 -939.074611663818 -1000.6601524353 -959.940624237061 -844.513672828674 -912.752343177795 -870.457033157349 -780.690234184265 -797.315231323242 -734.137496948242 -669.387889862061 -651.383979797363 -655.707420349121 -662.782031059265 -656.421093940735 -630.475003242493 -619.698048591614 -617.925780296326 -624.21249961853
-829.605860710144 -788.45156288147 -789.540627479553 -793.987105369568 -819.424609184265 -762.537112236023 -743.033592224121 -765.816012382507 -766.657809257507 -722.42929649353 -750.25546836853 -733.088674545288 -778.555465698242 -802.244139671326 -811.977733612061 -832.580855369568 -842.245704650879 -819.877345085144 -825.357424736023 -834.504295349121 -844.892189025879 -889.270700454712 -932.667971611023 -933.280474662781 -927.162109375 -922.819533348083 -921.925000190735 -947.063280105591 -1060.39257049561 -1035.19023418427 -902.841402053833 -859.047657966614 -882.549223899841 -809.119144439697 -824.420701980591 -811.316016197205 -736.401953697205 -705.802342414856 -685.786719322205 -653.360545158386 -649.246871948242 -651.048827171326 -637.52187538147 -611.979687690735 -588.283985137939
-766.252341270447 -813.993353843689 -863.323041915894 -824.981247901917 -798.051954269409 -765.457027435303 -762.867186546326 -750.359375953674 -715.758205413818 -727.816405296326 -746.570705413818 -706.767580032349 -776.150783538818 -820.145310401917 -824.248433113098 -826.080860137939 -843.110154151917 -837.946878433228 -822.116408348083 -820.605075836182 -814.648440361023 -858.753910064697 -891.066404342651 -916.484373092651 -922.602735519409 -891.937107086182 -928.613283157349 -967.02187538147 -993.094532966614 -1006.28242683411 -1057.14140701294 -1117.16446208954 -1073.12226581573 -986.360945701599 -839.19570350647 -821.490623474121 -779.30820274353 -792.123046875 -753.965622901917 -716.406251907349 -676.451951980591 -664.603903770447 -668.603122711182 -633.340238571167 -589.916401863098
-801.439454078674 -868.158203125 -924.837498664856 -904.760545730591 -840.175003051758 -738.080858230591 -747.838671684265 -762.341404914856 -710.727736473083 -703.363282203674 -714.298828125 -691.189063072205 -710.719921112061 -777.832425117493 -841.850783348083 -839.780463218689 -834.771095275879 -822.853123664856 -808.594916343689 -785.678908348083 -773.291018486023 -801.258591651917 -818.863670349121 -861.735152244568 -896.484765052795 -937.683200836182 -954.647267341614 -926.794528007507 -949.122652053833 -1071.32851696014 -1083.42734336853 -1102.88711071014 -1109.7480506897 -1072.49960803986 -989.315237045288 -871.571091651917 -806.189846038818 -801.517580032349 -812.755854606628 -752.195316314697 -713.902341842651 -687.212108612061 -680.817182540894 -659.193364143372 -651.108205795288
-800.66367816925 -902.179298400879 -979.663278579712 -982.312496185303 -821.122261047363 -727.695310592651 -708.41640663147 -770.532808303833 -689.864060401917 -665.992580413818 -751.532030105591 -772.921870231628 -745.028513908386 -799.590229034424 -836.621091842651 -836.691014289856 -821.047657012939 -798.994925498962 -793.554690361023 -758.874609947205 -736.07070350647 -737.367192268372 -770.305855751038 -838.119136810303 -874.312893867493 -934.473048210144 -993.707810401917 -913.709373474121 -858.421486854553 -892.457425117493 -877.835940361023 -900.030074119568 -1142.32538509369 -1059.07461452484 -1034.51289176941 -962.321489334106 -908.833980560303 -851.603519439697 -821.806639671326 -772.542969703674 -769.325781822205 -744.385548591614 -719.838672637939 -699.091407775879 -691.391796112061
-786.473436355591 -840.588671684265 -920.578125 -1048.31249713898 -728.318358421326 -709.576169967651 -735.499217987061 -726.757029533386 -670.349609375 -707.696100234985 -759.037109375 -793.504682540894 -821.574999809265 -834.612504005432 -823.343751907349 -819.876171112061 -810.395316123962 -778.955857276917 -765.973437309265 -759.857811927795 -706.011329650879 -701.288672447205 -768.648435592651 -808.603120803833 -839.918358802795 -895.48046207428 -951.882417678833 -1011.89648723602 -1014.49609661102 -998.410153388977 -909.031638145447 -978.967967033386 -1145.22344303131 -1124.45118427277 -1172.44336128235 -1149.94453048706 -1130.07148838043 -1042.54999065399 -970.087491989136 -859.481245994568 -847.260934829712 -831.816017150879 -816.567190170288 -782.946483612061 -748.096874237061
-834.246479034424 -842.145312309265 -844.671092033386 -859.772658348083 -695.703124046326 -735.78164100647 -741.389453887939 -682.866408348083 -697.757814407349 -778.110549926758 -800.156250953674 -774.843355178833 -793.854295730591 -803.388670921326 -793.905862808228 -764.947268486023 -756.794921875 -744.926167488098 -745.719923019409 -738.051566123962 -705.983986854553 -737.640621185303 -799.476561546326 -828.944923400879 -856.453126907349 -893.515624046326 -898.455856323242 -962.742969512939 -1042.94257831573 -1112.37773323059 -1153.4871006012 -1122.40547370911 -1135.48320198059 -1180.16484069824 -1230.21210670471 -1235.47303962708 -1198.34570503235 -1151.64139175415 -1066.83945465088 -978.358981132507 -912.455464363098 -873.061329841614 -851.324220657349 -836.72695350647 -789.707034111023
-871.704295158386 -856.420703887939 -807.436325073242 -708.248042106628 -735.745317459106 -745.823045730591 -733.789454460144 -689.287889480591 -750.303123474121 -778.30820274353 -784.671873092651 -764.770702362061 -782.869138717651 -793.224999427795 -759.57773399353 -715.850385665894 -719.05820941925 -713.081638336182 -740.352732658386 -777.883591651917 -784.208205223083 -799.960939407349 -821.133206367493 -863.722658157349 -862.176559448242 -874.190626144409 -904.448434829712 -976.210550308228 -1014.88203239441 -1098.11562728882 -1122.69492340088 -1107.04296684265 -1105.89609527588 -1138.55235290527 -1179.93398475647 -1218.89999580383 -1226.49375343323 -1189.06562042236 -1116.90546607971 -1050.85389995575 -984.551954269409 -925.147657394409 -912.479689598083 -898.746091842651 -847.013283729553
-817.153126716614 -814.821093559265 -739.966800689697 -723.183594703674 -721.014063835144 -733.885155677795 -742.207033157349 -753.493744850159 -755.969531059265 -764.990237236023 -770.951172828674 -730.085158348083 -768.342186927795 -768.028127670288 -731.187499046326 -738.633597373962 -728.204690933228 -757.291403770447 -815.238671302795 -876.920704841614 -868.341016769409 -838.189064025879 -816.078518867493 -816.457030296326 -865.146485328674 -901.792963981628 -916.990629196167 -964.960547447205 -889.793357849121 -996.35000038147 -1077.56680297852 -1065.07695388794 -1059.92031288147 -1104.63046836853 -1144.31132698059 -1171.97304916382 -1159.27461051941 -1135.09453392029 -1144.89921188354 -1092.24726867676 -1040.26796913147 -1008.66288757324 -981.190624237061 -963.465231895447 -918.017576217651
