Cases/SDM_Urocitellus_beldingi/westernUsClimate_historic/BIO05.asc
NCOLS 316 
NROWS 299 
XLLCORNER -124.820833001 
YLLCORNER 29.1625003333339 
CELLSIZE 0.0666666666645545 
NODATA_value -3.4e+38 
[rows 84 to 104 of 299, columns 138 to 183 of 316]
3078.34724807739 2886.66915130615 2728.49140548706 2954.92851257324 3078.60976409912 2910.70195388794 2731.54335403442 2786.92849731445 2700.35741424561 2606.40431213379 2517.62461471558 2752.69021224976 2758.03905105591 2546.42580032349 2645.12734222412 2772.75077056885 2617.84022140503 2697.35157012939 2881.72813415527 2836.35352325439 2958.52383804321 2729.6796875 2693.87773895264 2893.58945465088 2856.01290512085 2824.44805526733 2809.27188491821 2843.5781288147 2706.32615661621 2670.54607772827 2869.84376144409 2991.94764709473 2991.53399658203 3007.99844360352 3019.08203125 3009.38984298706 3021.55897903442 3070.07850265503 3080.42580413818 3083.13477706909 3090.27383422852 3085.42967987061 3054.6093788147 3007.36989974976 2965.41250610352 2945.34259033203
3138.93709182739 2905.97108459473 2922.67616653442 3090.51173782349 3071.09532546997 2898.04609680176 2844.21133041382 2777.86131286621 2754.98279953003 2857.39141082764 2924.62577438354 2938.71367645264 2946.86991119385 2904.05976486206 2884.38711166382 2870.2382774353 2860.78437042236 2866.84453964233 2970.11014938354 2971.31680297852 3054.58086395264 2999.2617149353 2779.26796722412 2781.6445274353 2911.91367340088 2793.08201599121 2918.58867645264 2898.68984985352 2984.19139862061 2906.67422103882 2979.66795349121 2985.45232391357 3009.79962921143 3021.79688262939 3034.51951980591 3011.33827209473 3014.58945846558 3063.12224960327 3009.595703125 3044.05977630615 3056.58478546143 3063.29844665527 3033.56718444824 3027.10038375854 3018.69452285767 3016.97383117676
3037.46834564209 3096.30428314209 3056.6757850647 2994.47889709473 2883.74570083618 2864.93125915527 2891.3851776123 2937.87734603882 2981.12578582764 2978.38436889648 2949.54767227173 2935.02304077148 2957.92266464233 2949.96797943115 2956.47890472412 2970.13515090942 3017.87538909912 3045.87110137939 3058.17617416382 3051.47578430176 3048.02615737915 3080.22499465942 3051.74453353882 3015.18750762939 3046.71914672852 3095.05039215088 3103.62265014648 3101.05936813354 3081.9628944397 3045.03240203857 3020.01016616821 3014.99414825439 3030.60976028442 3039.6757774353 3049.2866973877 3050.09178924561 3045.70391082764 3055.51288986206 3042.93869018555 3038.02969741821 3065.10429382324 3063.16447067261 3056.03398513794 3057.26912689209 3055.38828277588 3052.76094818115
3057.15936279297 2984.87774658203 2752.91524124146 2676.66523742676 2751.32499694824 2821.80507659912 2913.29841995239 2957.70897674561 2972.00079345703 2944.64569854736 2913.54179000854 2909.6777305603 2900.5039024353 2880.72147750854 2914.78631973267 2901.36171722412 2925.42616653442 2979.06406402588 3084.67111968994 3052.08008956909 3051.1992149353 3011.1523399353 2989.7519493103 3096.93790054321 3104.8417930603 3123.02109146118 3119.84962081909 3127.85391616821 3125.59726333618 3104.90507888794 3089.67656326294 3091.08515930176 3080.97850799561 3063.94453048706 3070.93241500854 3073.16679000854 3058.97188568115 3054.34531784058 3063.30860137939 3061.78866577148 3076.4335899353 3069.68281936646 3083.99922561646 3090.43280792236 3093.96054458618 3089.9156036377
3245.93515777588 3129.43868637085 2950.29062652588 2735.67226409912 2748.02109146118 2808.90898513794 2875.63242340088 2873.15546798706 2858.69806671143 2837.82890701294 2794.30781936646 2814.47968673706 2856.1386756897 2842.35039901733 2846.36015319824 2819.54453277588 2852.00353240967 2937.14179229736 3071.71446228027 3122.4722442627 3105.12344360352 3128.49491119385 3131.58828353882 3129.08086395264 3131.19296646118 3124.85663604736 3115.49803924561 3129.51406860352 3137.44803619385 3128.068359375 3152.05196762085 3136.1308631897 3122.05467987061 3100.13906478882 3095.16991043091 3087.73475646973 3068.68006515503 3058.46797943115 3067.37889480591 3088.20937728882 3092.94217300415 3091.19023513794 3110.53437423706 3118.66952896118 3117.00624847412 3114.07929992676
3315.4335975647 3317.80547714233 3291.4765663147 3210.89101409912 3138.24648666382 3094.89024353027 3072.55117797852 3049.15350723267 3024.48047637939 3032.28048324585 3058.47187805176 3046.14297485352 3023.54570770264 2999.20547866821 3027.1835899353 3011.88788986206 3051.82306289673 3066.62968826294 3107.88635253906 3150.21092987061 3128.10819625854 3115.58279800415 3137.05429077148 3149.13555526733 3134.0136680603 3127.27655029297 3117.97852325439 3133.41327667236 3152.52696228027 3155.6562538147 3154.02968215942 3141.69452667236 3130.53125 3120.51640319824 3116.81170654297 3101.93085098267 3083.81991577148 3063.56288528442 3081.53086471558 3099.58907699585 3105.2363243103 3120.50350189209 3135.29531097412 3154.17225646973 3157.99571228027 3138.38320541382
3361.82305145264 3368.48631668091 3376.24764633179 3371.89101409912 3349.75977325439 3351.60583877563 3349.14453887939 3339.91679382324 3307.9550743103 3321.05039596558 3296.8242225647 3265.19922637939 3258.6679649353 3252.27382278442 3263.94101715088 3282.92579650879 3266.72735214233 3226.41250228882 3193.72968292236 3182.7734336853 3174.30313873291 3145.36796188354 3150.75001144409 3154.693359375 3159.31094360352 3160.40703201294 3157.79571151733 3144.82733535767 3154.17111206055 3154.99376678467 3156.30313110352 3149.20665740967 3132.17422866821 3122.7753868103 3119.21249771118 3111.3847618103 3089.95742797852 3073.73789215088 3089.41757583618 3100.08789825439 3112.52304458618 3124.52108001709 3145.54256439209 3175.64726638794 3181.72811508179 3157.64139556885
3404.98945236206 3454.56992721558 3443.73828125 3457.48318099976 3506.73476791382 3552.93241500854 3567.17147827148 3506.35466766357 3460.82733154297 3409.12108230591 3388.57656097412 3345.83397293091 3344.42929458618 3334.40079116821 3326.71757507324 3328.76954269409 3331.96015167236 3323.5312538147 3291.22577285767 3256.03789901733 3212.87812042236 3191.96600341797 3200.21952438354 3212.19843673706 3190.38750839233 3182.69412612915 3172.10000610352 3161.43243026733 3160.19922637939 3162.57384872437 3155.52814483643 3150.04063034058 3140.64139556885 3130.43516921997 3119.90977096558 3105.46171951294 3086.12462615967 3083.6152381897 3089.80313491821 3101.17771911621 3107.99258804321 3109.98398971558 3112.66794967651 3141.1992149353 3165.42618942261 3161.48476409912
3482.14533233643 3480.51838302612 3489.33514785767 3462.86874771118 3557.62967300415 3515.55624008179 3511.96366882324 3508.5898475647 3489.89531707764 3466.66092681885 3428.81367874146 3383.75741958618 3340.19141769409 3328.29102325439 3332.02928924561 3334.01094055176 3331.32461166382 3319.56015396118 3298.04490661621 3258.5820274353 3215.31601333618 3221.39531326294 3244.81094741821 3238.74180221558 3225.50975799561 3205.90352249146 3178.42032241821 3179.52812194824 3174.77812194824 3160.04374694824 3154.18789291382 3157.21643066406 3151.03007888794 3135.4179725647 3121.39139938354 3104.57813262939 3101.66484832764 3109.33085632324 3105.59805297852 3100.66445922852 3104.11367797852 3095.59064102173 3091.32539749146 3123.48282623291 3156.58983612061 3171.11835098267
3426.63710784912 3415.11171722412 3393.44571304321 3359.20468521118 3386.88594436646 3450.75313568115 3440.42421722412 3427.73280715942 3402.61211395264 3406.91092300415 3447.14295959473 3400.78282928467 3364.54141998291 3338.86444854736 3331.49960327148 3325.10155105591 3310.96638870239 3293.56132125854 3285.97071075439 3282.14649581909 3269.24061965942 3260.58516693115 3238.60428619385 3219.65468215942 3186.48984527588 3187.28788757324 3188.47031402588 3175.30194091797 3144.57382202148 3150.09608840942 3152.84882354736 3160.1542930603 3151.0297088623 3145.02186584473 3130.48517608643 3109.41952896118 3117.19101333618 3121.45780944824 3120.62617492676 3127.19491195679 3130.8632774353 3139.66873550415 3136.11640167236 3150.21680831909 3162.75898361206 3125.05702590942
3346.1167755127 3351.29647827148 3386.38592147827 3386.60508728027 3390.96408081055 3393.05311203003 3402.15156936646 3387.68241500854 3360.25468444824 3352.05897521973 3476.27695846558 3424.20157241821 3387.41718673706 3366.17772674561 3351.00117492676 3341.080078125 3312.86755371094 3289.96054458618 3297.04295730591 3292.40974807739 3273.15547180176 3260.03046035767 3234.00196838379 3207.70118331909 3180.87109375 3107.7089881897 3133.01601028442 3159.36680603027 3144.55820846558 3153.08866882324 3158.5996055603 3163.19022750854 3161.99061965942 3154.54920959473 3146.44959640503 3147.14687728882 3144.796875 3154.9316444397 3159.31913375854 3147.65116882324 3171.45820617676 3184.43398284912 3162.2031211853 3122.90155029297 3124.47383117676 3051.2578125
3284.52694702148 3288.17108535767 3302.30431747437 3335.74571228027 3375.27069854736 3383.67654418945 3402.52773666382 3369.0757598877 3324.61288070679 3329.31290054321 3375.12929916382 3431.63048171997 3400.66874694824 3382.76133346558 3358.81093597412 3351.1191444397 3324.87383651733 3244.57929992676 3262.48320770264 3314.15899276733 3339.52695465088 3313.02226257324 3215.26835632324 3168.14219284058 3159.40196990967 3111.06327819824 3125.34844970703 3162.94413757324 3166.3554725647 3168.04885482788 3171.22343826294 3173.80350875854 3170.64804840088 3171.82149124146 3172.44061279297 3176.83632659912 3187.36367034912 3199.94062423706 3209.15428924561 3218.625 3221.92029953003 3150.29180908203 3053.39179611206 3006.30272293091 3067.68125152588 3079.83240890503
3241.53982925415 3212.17733383179 3232.59375762939 3239.96367645264 3269.32889938354 3311.30702209473 3357.7382850647 3354.03828430176 3301.56716918945 3258.88631820679 3287.01992797852 3358.26874923706 3365.16251373291 3323.44647598267 3333.78241729736 3329.70821762085 3294.88438415527 3254.04531097412 3243.34491729736 3294.88008880615 3351.96561813354 3329.86405563354 3279.02577590942 3230.59298324585 3197.98712158203 3158.45235443115 3159.84999084473 3179.19138717651 3182.73204040527 3180.56560897827 3179.27149200439 3179.90428924561 3182.52226257324 3199.47890090942 3210.63557434082 3213.64686965942 3246.64959716797 3267.45780181885 3274.78045272827 3243.00310897827 3189.29920959473 3088.94021606445 2828.16444778442 2993.16602325439 3052.59414291382 3061.18710327148
3233.38711547852 3201.34299087524 3207.99649429321 3229.87773895264 3236.46523666382 3260.91289901733 3255.87029266357 3261.98085784912 3264.51680374146 3248.39530944824 3231.05627441406 3246.20585632324 3227.08670425415 3173.86601257324 3214.26173019409 3243.78282165527 3256.83515548706 3246.88164520264 3219.93202590942 3204.44494247437 3236.76210403442 3281.88397979736 3296.99062347412 3265.04998397827 3198.96367263794 3146.33438873291 3149.79413604736 3180.66248703003 3183.58008956909 3178.2812538147 3185.79061126709 3193.64532852173 3214.3418006897 3247.34805297852 3258.84687805176 3257.98282241821 3232.49375534058 3233.05704116821 3144.03047180176 3099.029296875 3151.14139556885 3125.17070388794 2851.09256362915 2707.29960250854 2849.50663375854 3055.92265319824
3236.51406860352 3209.15977478027 3211.64765930176 3206.75703811646 3193.07619476318 3185.26601028442 3196.03359603882 3214.06405639648 3192.95118331909 3197.05702209473 3202.64139938354 3193.52109527588 3179.23397445679 3158.53829193115 3166.32774353027 3182.38868713379 3193.28047561646 3189.31562042236 3148.57187271118 3105.51561737061 3118.51017379761 3202.16795349121 3233.41679763794 3216.92031478882 3179.12813186646 3154.77577972412 3174.54218673706 3195.18476486206 3177.8906211853 3179.25001525879 3167.85390472412 3148.72225952148 3152.54336166382 3254.85977935791 3270.90900039673 3254.09023284912 3173.79022979736 3120.72108459473 2890.26446151733 2938.08203125 3069.14455032349 3112.9765625 3012.07540512085 2640.42499923706 2767.53554153442 3033.23594284058
3202.37891769409 3159.16679000854 3158.69686889648 3170.98319625854 3152.34453201294 3124.75703048706 3144.34336471558 3169.17617797852 3167.64297485352 3154.46718597412 3172.74102783203 3175.58399200439 3170.37267303467 3161.64101028442 3141.8863067627 3153.42185592651 3145.5922088623 3139.59257125854 3139.93709945679 3119.61563110352 3109.83712005615 3141.53475570679 3170.02851486206 3166.01642608643 3140.3925819397 3129.794921875 3162.64529418945 3183.75664520264 3173.91328048706 3146.92030334473 2969.42889785767 2983.99296569824 2975.16054534912 3184.29647827148 3223.38124084473 3204.78007888794 3128.9042930603 3070.02228164673 2806.04453277588 2719.9921875 2921.09843063354 3078.65899658203 3003.12812423706 2577.89492416382 2588.73748397827 3001.00820922852
3163.69532775879 3127.32225418091 3096.96834564209 3103.34923553467 3119.20937347412 3087.18086242676 3085.98123931885 3110.90002441406 3129.72459793091 3127.40938186646 3115.29726791382 3128.41952896118 3151.71913909912 3148.39531326294 3143.46797561646 3141.29455184937 3138.87498474121 3121.29219055176 3088.46016311646 3062.62187576294 3042.01523971558 3060.74180984497 3070.23398590088 3131.19258117676 3126.78399276733 3129.64844512939 3146.43709564209 3162.83711242676 3108.77615737915 2891.54413986206 2967.20975494385 2944.56014633179 2880.41328430176 3158.87420272827 3198.71132659912 3188.27617645264 3112.00821304321 2911.44025039673 2780.71446228027 2689.50819015503 2775.47147369385 3023.80078887939 2962.14532852173 2624.21678543091 2775.17109680176 2996.84415817261
3139.65663909912 3122.81995010376 3090.83633804321 3074.01563644409 3082.9765586853 3076.08084487915 3054.16952514648 3050.27774047852 3083.60507965088 3084.15703582764 3081.84024047852 3087.11601257324 3097.171875 3114.45001220703 3131.73984909058 3135.69493103027 3116.63790130615 3015.75663375854 2937.80586624146 2933.02931594849 2909.65623474121 2857.45780944824 2821.67694854736 3015.43790054321 3102.11367034912 3119.43126678467 3138.33905410767 3110.05547332764 2900.70156478882 2407.01720046997 2469.23905181885 2781.90078353882 2809.32929992676 3141.56642150879 3197.86328887939 3171.39531326294 3115.86638641357 2987.52967453003 2887.10585403442 2798.92107391357 2775.38478088379 2975.5546913147 2878.09256744385 2725.30430603027 2856.76053237915 2980.93516921997
3135.62578964233 3122.1445350647 3089.73630905151 3050.76132202148 3024.47578430176 3040.73125457764 3025.10976028442 3001.22927474976 3006.69765090942 3012.39570999146 3016.3535118103 3046.34413146973 3059.19374465942 3093.37577819824 3107.99803924561 3113.71132278442 3081.96329498291 2896.97071838379 2789.49959945679 2697.93319702148 2801.7910118103 2652.92226409912 2686.16173171997 2885.50662994385 3015.07618331909 3104.22891616821 3092.07852554321 3049.86642456055 2771.01561737061 2718.296875 2816.95350265503 2923.98516464233 3046.38282775879 3151.19569778442 3182.29608917236 3152.98788452148 3067.08319473267 3033.89807510376 2913.56639862061 2778.11874771118 2767.20859146118 2805.84374237061 2931.38358688354 2952.74375152588 2942.11406326294 2924.79100799561
3069.78789520264 3083.88164520264 3049.32773208618 3014.00819396973 3006.33319473267 3023.26329421997 3000.8437538147 2942.95547485352 2951.11915206909 2949.93281173706 2976.85235595703 2998.15193557739 3045.68085861206 3098.74494171143 3102.08516311646 3079.60665893555 3052.67069244385 2947.65975189209 2823.40977478027 2620.94298171997 2609.89647674561 2597.9433631897 2651.82579421997 2748.97929000854 2988.08515548706 3071.91093063354 3053.78321456909 2970.19024658203 2520.13202285767 2298.04725646973 2838.44100570679 2694.10822296143 2865.48553466797 3089.11993408203 3152.25193786621 3106.81209945679 2871.40196609497 2781.76211929321 2935.41445159912 2926.21092605591 2862.68633270264 2803.2066192627 2917.08555984497 2988.4956817627 3063.97343063354 3014.33671951294
3005.89335632324 3018.41717910767 3007.66875076294 2996.05860137939 2991.84104156494 3009.90272521973 3002.55429077148 2937.36640548706 2910.34609603882 2869.82110214233 2774.64764404297 2679.34882736206 2934.44022750854 3099.30586242676 3037.13007736206 2908.18866729736 2997.04415130615 3004.6484413147 2922.13827896118 2679.72928619385 2610.43632507324 2601.18555831909 2846.72382354736 2903.50429916382 3014.99413299561 3071.80429840088 2814.08241271973 2899.75978469849 2525.86952972412 2903.02345657349 3016.49414825439 2776.27383422852 2903.4414024353 3078.93242645264 3121.66718673706 3084.31562423706 2906.86445617676 2435.18828582764 2752.94765472412 3033.97111129761 3075.08788299561 2923.08124923706 2918.20779800415 3021.205078125 3074.38086700439 2874.0527381897
