Cases/SDM_Urocitellus_beldingi/westernUsClimate_historic/BIO02.asc
NCOLS 316 
NROWS 299 
XLLCORNER -124.820833001 
YLLCORNER 29.1625003333339 
CELLSIZE 0.0666666666645545 
NODATA_value -3.4e+38 
[rows 50 to 74 of 299, columns 228 to 284 of 316]
1505.84375 1567.75 1490.09375 1527.484375 1458.890625 1419.828125 1366.484375 1474.8125 1531.515625 1524.03125 1417.96875 1457.25 1505.609375 1551.65625 1548.84375 1540.875 1550.09375 1513.734375 1432.265625 1543.1875 1479.78125 1375.5 1452.328125 1567.28125 1602.734375 1621.53125 1631.578125 1649.109375 1669.75 1686.140625 1690.71875 1665.78125 1646.140625 1646.125 1654.6875 1656.859375 1650.71875 1666.875 1671.609375 1626.078125 1567.5 1609.21875 1670.03125 1662.609375 1661.921875 1629.3125 1631.34375 1606.96875 1601.5625 1584.421875 1581.109375 1566.46875 1585.375 1582.0625 1522.296875 1569.09375 1570.765625
1382.140625 1403.109375 1487.421875 1565.6875 1614.171875 1630.703125 1539.109375 1478.21875 1501.25 1583.5625 1542.34375 1586.96875 1570.578125 1565.796875 1520.046875 1446.703125 1456.4375 1460.953125 1513.765625 1484.515625 1531.359375 1519.21875 1576.890625 1591.5 1602.765625 1613.390625 1620.375 1620.515625 1655.328125 1686.8125 1655.921875 1683.453125 1678.328125 1623.71875 1624.546875 1667.34375 1659.390625 1682.171875 1621.03125 1569.078125 1635.25 1647.78125 1685.578125 1719.875 1674.921875 1443.984375 1277.0625 1364.5625 1615.203125 1603.765625 1588.625 1462.390625 1456.921875 1516.15625 1513 1540.984375 1524.734375
1323.53125 1286.8125 1349.515625 1417.375 1566 1564.265625 1623.578125 1595.109375 1608.140625 1593.3125 1590.21875 1586.953125 1569.375 1473.71875 1344.96875 1278.265625 1327.0625 1475.796875 1541.90625 1381.578125 1537.875 1566.625 1590.28125 1597.203125 1608.59375 1609.03125 1567.53125 1596.34375 1663.484375 1676.28125 1620.140625 1636.59375 1690.484375 1632.984375 1599.578125 1625.828125 1666.5625 1686.453125 1622.1875 1636.734375 1679.671875 1702.109375 1678.3125 1668.03125 1692.328125 1459.84375 1251.828125 1414.140625 1622.09375 1627.671875 1622.953125 1601.609375 1601.34375 1587.515625 1529.671875 1475.359375 1536.03125
1337.6875 1372.421875 1438.328125 1448.046875 1416.171875 1376.171875 1351.15625 1402.671875 1506.03125 1519.078125 1558.46875 1599.578125 1515.296875 1390.1875 1224.140625 1214.484375 1442.9375 1555.265625 1516.640625 1391.328125 1437.625 1587.734375 1595.265625 1577 1591.28125 1590.15625 1563.140625 1606.25 1665.5 1659.921875 1608.3125 1654.375 1663.6875 1644.640625 1639.03125 1640.46875 1647.515625 1638.296875 1660.375 1701.53125 1679.890625 1602.921875 1613.578125 1594.890625 1447.328125 1384.53125 1255.828125 1350.4375 1607.171875 1652.328125 1636.140625 1627.53125 1617.0625 1577.359375 1553.171875 1507.5 1576.078125
1277.890625 1292.96875 1348.953125 1347.625 1331.3125 1365.71875 1394.921875 1438.4375 1527.515625 1576.171875 1619.640625 1601.890625 1548.984375 1407.921875 1295.140625 1406.953125 1562.203125 1556.359375 1513.953125 1533.0625 1363.234375 1611.03125 1595.15625 1579.15625 1584.28125 1516.734375 1541.078125 1600.109375 1655.5 1610.9375 1596.21875 1639.390625 1670.109375 1675.5625 1648.75 1667.359375 1654.125 1589.515625 1674.9375 1670.296875 1505.609375 1352.203125 1430.234375 1480.578125 1442.140625 1457.765625 1521.71875 1644.578125 1690.171875 1674.125 1564.875 1644.53125 1619.5 1558.453125 1558.6875 1486.125 1536.125
1293.703125 1269.03125 1289.4375 1306.953125 1378.0625 1412.546875 1384.8125 1424.15625 1435.328125 1516.921875 1588.46875 1571.796875 1389.75 1327.1875 1252.59375 1455.5625 1412.125 1312 1338.90625 1414.90625 1532.375 1566.453125 1505.015625 1535.671875 1487.703125 1463.90625 1523.140625 1614.5 1587.75 1640.203125 1607.734375 1653.875 1662.375 1696.640625 1641.796875 1621.8125 1459.03125 1334.609375 1605.9375 1671.46875 1563.078125 1436.109375 1524.15625 1556.09375 1567.4375 1615.8125 1674.375 1702.75 1651.15625 1647.78125 1614.125 1647.78125 1631.578125 1586.140625 1561.296875 1542.328125 1499.078125
1291.703125 1290.5 1290.3125 1310.84375 1335.3125 1338.875 1346.484375 1360.5625 1394.453125 1560.546875 1606.53125 1536.609375 1370.40625 1234.28125 1145.390625 1296.84375 1190.546875 1088.859375 1224.75 1221.671875 1265.65625 1227.375 1218.1875 1369.6875 1458.984375 1529.34375 1577.890625 1600.125 1571.84375 1614.640625 1640.921875 1627.328125 1645.234375 1703.125 1651.84375 1600.265625 1202.75 1279.375 1524.125 1687.890625 1542.6875 1494.984375 1542.8125 1608.140625 1595.046875 1590.6875 1716.4375 1583.53125 1589.859375 1622.53125 1627.59375 1616.625 1617.34375 1523.34375 1532.0625 1480.265625 1437.265625
1252.203125 1278.453125 1310.15625 1321.921875 1325.09375 1348.015625 1360.5 1401.25 1527.890625 1609.8125 1613.546875 1497.515625 1252.484375 1204.546875 1217.234375 1186.40625 1152.640625 1115.171875 1170 1355.796875 1400.4375 1366.96875 1217.875 1282.25 1267.765625 1298.609375 1502.765625 1599.765625 1604.734375 1598.09375 1645.5625 1636.6875 1679.6875 1697.734375 1689.515625 1671.53125 1469.390625 1289.703125 1478.78125 1598.015625 1506.109375 1574.703125 1609.96875 1645.140625 1686.15625 1646.28125 1615.96875 1633.234375 1593.125 1577.453125 1567.109375 1584.96875 1582.140625 1525.796875 1501.8125 1441.90625 1496.890625
1218.0625 1206.859375 1182.28125 1194.09375 1291.859375 1380.296875 1369.953125 1442.015625 1568.359375 1656.0625 1608.859375 1532.203125 1239.5625 1256.625 1250.703125 1164.90625 1193.1875 1205.53125 1145.703125 1255.484375 1288.859375 1402.625 1386.9375 1182.234375 1132.953125 1165.828125 1157.140625 1517.265625 1611.625 1613.9375 1645.578125 1617.328125 1651.328125 1697.75 1688.109375 1689 1490.984375 1297.1875 1445.6875 1525.78125 1591.078125 1576.890625 1585.234375 1662.46875 1631.421875 1564.453125 1623.125 1565.015625 1554.453125 1539.59375 1553.78125 1589.046875 1577.453125 1550.96875 1513.875 1406 1443.90625
1231.515625 1223.359375 1198.734375 1203.234375 1268.046875 1315.578125 1380.125 1438.921875 1583.28125 1664.390625 1548.28125 1524.953125 1419.84375 1386.1875 1374.8125 1221.453125 1137.421875 1166.078125 1175.96875 1137.546875 1327.5 1523.03125 1275.890625 1127.71875 1104.984375 1128.546875 1090.46875 1289.578125 1466.171875 1609.078125 1615.0625 1561.484375 1685.5 1714.15625 1632.203125 1675.3125 1522.453125 1388.8125 1510.3125 1570.375 1637.703125 1687.8125 1714.171875 1627.84375 1549.125 1533.015625 1610.890625 1628.046875 1527.203125 1462.703125 1498.625 1547.203125 1573.234375 1484.296875 1392.0625 1372.109375 1535.46875
1221.515625 1201.609375 1203.828125 1233.5625 1216.53125 1200.328125 1362.546875 1493.140625 1633.34375 1534.828125 1461.84375 1361.640625 1434.765625 1476.296875 1514.1875 1389.9375 1322.265625 1296.0625 1359.578125 1188.078125 1439.296875 1383.296875 1281.53125 1163.5625 1093.28125 1090.96875 1079.46875 1131.484375 1382.953125 1506.8125 1577.078125 1662.625 1682.578125 1681.09375 1604.140625 1637.203125 1456.1875 1412.296875 1538.03125 1588.71875 1646.4375 1760.671875 1770.875 1670.21875 1587.703125 1553.1875 1608.234375 1660.59375 1629.9375 1549.71875 1443.953125 1471.015625 1478.9375 1389.296875 1363.75 1496.140625 1626.78125
1211.71875 1216.640625 1210.828125 1189.90625 1153.109375 1211.09375 1371.421875 1552.953125 1615.125 1438.828125 1512.6875 1373.25 1379.328125 1490.421875 1539.171875 1570.0625 1499.390625 1435.859375 1521.21875 1523.59375 1473.09375 1173.96875 1203.015625 1275.8125 1165.109375 1123.25 1108.40625 1113.59375 1251.359375 1507.46875 1578.734375 1603.546875 1608.40625 1648.390625 1626.40625 1631.046875 1453.5625 1489.625 1550.265625 1640.734375 1734.640625 1793.046875 1713 1576.59375 1540.78125 1527.5625 1603.703125 1612.09375 1576.28125 1555.28125 1493.78125 1408.125 1402.84375 1442.140625 1500.890625 1604.171875 1589.3125
1257.234375 1248.9375 1237.46875 1178.765625 1153.25 1294.078125 1492.140625 1639.359375 1619.53125 1596.96875 1477.9375 1385.78125 1442.28125 1510.03125 1605.671875 1635.390625 1621.046875 1594.046875 1569.25 1563.6875 1581.453125 1383.921875 1135.28125 1137.234375 1157.796875 1147.1875 1143.9375 1132.6875 1167.375 1199.921875 1138.265625 1243.6875 1340.1875 1510.265625 1616.296875 1643.390625 1657.515625 1648.0625 1615.15625 1639.453125 1677.125 1694.953125 1618.53125 1576.078125 1569.3125 1510.71875 1492.109375 1562.078125 1574.671875 1527.828125 1476.078125 1468.234375 1489.546875 1586.15625 1635.828125 1634.8125 1541.71875
1411.84375 1322.40625 1238.359375 1176.3125 1248.4375 1425.4375 1585.25 1614.078125 1585.75 1601.421875 1549.828125 1398.71875 1434.296875 1518.65625 1586.15625 1611.46875 1615.453125 1622.046875 1623.875 1613.640625 1623.53125 1635.59375 1552.609375 1202.734375 1145.203125 1160.6875 1163.546875 1181.953125 1167.140625 1163.984375 1198.359375 1171 1144.640625 1207.3125 1488.40625 1616.59375 1598.21875 1571.046875 1566.359375 1615.921875 1571.71875 1627.390625 1532.78125 1491.65625 1480.9375 1522.421875 1482.671875 1461.90625 1453.03125 1452.6875 1508.15625 1542.375 1615.109375 1655.71875 1555.46875 1587.84375 1587.828125
1212.21875 1225.5 1273.1875 1301.578125 1228.515625 1481.296875 1516.96875 1538.234375 1517.53125 1535.8125 1502.375 1433.65625 1537 1545.421875 1567.921875 1601.046875 1613.859375 1621.90625 1618.90625 1600.875 1459.703125 1654.046875 1659.234375 1569.875 1194 1149.453125 1156.6875 1171.703125 1174.75 1172.546875 1224.8125 1272.90625 1250.34375 1176.96875 1224.421875 1445.625 1548.75 1550.046875 1553.09375 1570.65625 1579.796875 1553.15625 1556.71875 1533.25 1496.453125 1436.171875 1439.375 1461.75 1493.828125 1519.53125 1574.75 1630.828125 1629.96875 1611.6875 1570.984375 1542.5625 1543.96875
1467.796875 1364.5 1274.578125 1154.90625 1162.328125 1426.28125 1387.578125 1391.109375 1451.171875 1486.5 1519.28125 1544.515625 1541.515625 1550.59375 1580.921875 1600.171875 1597.75 1591.4375 1555.25 1538.65625 1545.90625 1652.328125 1677.953125 1665.28125 1474.390625 1245.40625 1178.203125 1151.984375 1151.78125 1198.578125 1231.015625 1294.578125 1306.953125 1216.734375 1217.234375 1241.84375 1416.515625 1528.65625 1519.671875 1534.21875 1535.5 1526.15625 1501.9375 1510.3125 1484.234375 1454.234375 1426.765625 1454.59375 1482.9375 1556.46875 1630.859375 1610.28125 1642.59375 1567.984375 1518.046875 1560.125 1565.609375
1201.34375 1135.046875 1147.875 1065.109375 1121.421875 1240.734375 1314.375 1133.09375 1411.734375 1519.890625 1545.953125 1537.265625 1543.828125 1560.59375 1582.90625 1597.421875 1599.734375 1568.296875 1549.359375 1505.234375 1590.453125 1658.453125 1697.140625 1688.078125 1570.71875 1527.34375 1445.140625 1218.71875 1135.125 1151.265625 1166.5 1189.90625 1257.265625 1246.453125 1229.890625 1285.390625 1295.453125 1342.328125 1473.625 1538.9375 1496.75 1506.296875 1495.5 1501.984375 1469.390625 1464.6875 1474.03125 1522.015625 1580.28125 1556.25 1468.59375 1550.96875 1666.859375 1630.75 1581.4375 1444.671875 1479.78125
1005.234375 1018.234375 1086.1875 1149.234375 1122.125 1092.90625 1188.328125 1375.40625 1448.796875 1529.34375 1424.75 1248.484375 1359.09375 1544.390625 1581.375 1585.46875 1595.40625 1564.6875 1569.328125 1605.5 1623.71875 1645.765625 1681.734375 1674.53125 1695.703125 1681.265625 1661.625 1558.203125 1324.40625 1250.265625 1195.171875 1205.515625 1195.28125 1241.078125 1253.84375 1268.109375 1301.96875 1315.84375 1360.328125 1423.375 1436.484375 1445.15625 1471.46875 1476.984375 1498.9375 1504.828125 1516.96875 1579.375 1573.546875 1486.421875 1469.3125 1552 1659.3125 1615.453125 1574.9375 1529.890625 1502.859375
1114.265625 1115.359375 1097.765625 1235.6875 1213.3125 1268.875 1169.484375 1453.84375 1503.28125 1520.203125 1512.671875 1394.5625 1368.0625 1506.4375 1537.046875 1554.265625 1567.234375 1572.71875 1590.625 1612.96875 1644.0625 1669.0625 1694.84375 1710.015625 1707.984375 1711.28125 1717.53125 1704.890625 1521.984375 1327.828125 1261.28125 1212.09375 1222.65625 1216.0625 1255.875 1266.6875 1257.453125 1289.953125 1335.453125 1388.6875 1423.5625 1391.828125 1466.109375 1493.75 1513.484375 1506.9375 1541.6875 1551.15625 1511.671875 1491.703125 1566.875 1615.859375 1667.84375 1579.03125 1521.703125 1514.1875 1434.765625
1352 1383.625 1436.875 1452.8125 1267.875 1491.046875 1488.171875 1454.703125 1492.625 1515.8125 1529.078125 1541.34375 1545.359375 1546.5 1549.359375 1552.734375 1566.40625 1581.890625 1582.515625 1579.921875 1621.5 1651.21875 1686.5625 1720.5625 1633.3125 1686.984375 1670.734375 1545.65625 1426.515625 1317.21875 1325.078125 1206.296875 1161.609375 1199.234375 1196.59375 1235.890625 1276.078125 1292.234375 1326.171875 1404.328125 1415 1377.234375 1484.359375 1522.421875 1498.1875 1542.4375 1510.328125 1503.40625 1515.609375 1608.765625 1647.75 1655.765625 1681.109375 1533.015625 1412.265625 1452.1875 1498.890625
1080.375 1068.875 1066.234375 1185.421875 1395.3125 1497.578125 1438.671875 1452.765625 1493.203125 1521.578125 1538.171875 1536.84375 1543.125 1530.390625 1531.40625 1554.828125 1579.265625 1597.140625 1611 1628.09375 1651.984375 1674.890625 1680.65625 1706.359375 1641.3125 1606.671875 1645.53125 1552.75 1413.890625 1349.796875 1364.109375 1339.9375 1231.03125 1185.015625 1186.171875 1184.359375 1271.703125 1328.671875 1340.796875 1464.125 1532.59375 1381.5625 1435 1511 1534.71875 1539.140625 1519.359375 1578.03125 1606.90625 1560.171875 1504.421875 1625.40625 1621.40625 1488.359375 1490.609375 1407.265625 1431.421875
992.78125 1145.046875 1386.5625 1476.3125 1294.53125 1151.203125 1125.3125 1322.53125 1505.3125 1415.9375 1551.4375 1552.671875 1538.96875 1546.203125 1565.640625 1516.703125 1456.515625 1507.78125 1588.640625 1618.40625 1645.4375 1659.53125 1678.609375 1697.90625 1704.90625 1669.34375 1676.6875 1643.984375 1545.375 1469.328125 1416.625 1373.984375 1335.984375 1227.59375 1213.453125 1194.734375 1203.03125 1269.828125 1259.5625 1312.96875 1456.5625 1457.53125 1389.59375 1501.25 1547.984375 1515.015625 1544.125 1530.796875 1583.0625 1490.03125 1535.4375 1623.375 1615.859375 1517.203125 1451.859375 1453.734375 1417.125
1147.5625 1463.21875 1346.4375 1169.6875 1085.671875 1035.796875 1084.15625 1272.125 1341.359375 1411.296875 1545.96875 1559.5 1574.328125 1566.28125 1557.421875 1433.828125 1495.875 1573.625 1608.203125 1621.71875 1613.6875 1619.921875 1669.578125 1700.140625 1725.71875 1725.6875 1715.96875 1711.515625 1663.8125 1603.59375 1569.875 1470.171875 1346.03125 1333.546875 1236.90625 1181.71875 1193.5 1251.15625 1268.578125 1297.609375 1361.21875 1489.359375 1378.828125 1419.515625 1486.234375 1535.15625 1582.875 1593.421875 1572.421875 1523.328125 1545.875 1618.171875 1619.6875 1465.15625 1487.03125 1468.84375 1440.5
1306.6875 1302.46875 1083.234375 1052.59375 1088.203125 1140.234375 1307.796875 1429.328125 1493.640625 1548.859375 1581.390625 1584.625 1499.890625 1587.015625 1579.453125 1592.734375 1615.453125 1628.671875 1649.71875 1656.984375 1642.390625 1649 1670.859375 1691.34375 1703 1728.609375 1700.171875 1673.84375 1696.34375 1616.3125 1557.59375 1495.453125 1414.09375 1401.359375 1284.609375 1206.6875 1170.4375 1170.546875 1263.640625 1274.0625 1348.875 1423.875 1415.40625 1482.765625 1529.28125 1559.203125 1611.53125 1610.65625 1553.9375 1510.671875 1524.359375 1573.59375 1595 1530.046875 1529.8125 1490.046875 1470.734375
1205.625 1067.421875 1081.203125 1153.71875 1347.359375 1464.03125 1529.359375 1590.5 1627.921875 1646.234375 1624.859375 1543.671875 1520.390625 1607.015625 1580.734375 1558.734375 1581.421875 1634.328125 1660.34375 1673.46875 1688.734375 1698.84375 1691.078125 1691.828125 1692.4375 1726.4375 1670.203125 1667.515625 1663.546875 1691.828125 1667.4375 1647.296875 1495.359375 1385.203125 1266.5625 1216.1875 1185.734375 1165.84375 1217.4375 1238.078125 1301.515625 1371.484375 1407.46875 1557.15625 1563.28125 1602.9375 1633.25 1613.796875 1561.515625 1558.65625 1567.796875 1599.5625 1556.75 1483.828125 1465.578125 1477.078125 1476.765625
