Cases/SDM_Urocitellus_beldingi/westernUsClimate_historic/BIO04.asc
NCOLS 316 
NROWS 299 
XLLCORNER -124.820833001 
YLLCORNER 29.1625003333339 
CELLSIZE 0.0666666666645545 
NODATA_value -3.4e+38 
[rows 120 to 143 of 299, columns 0 to 54 of 316]
-3.4e+38 -3.4e+38 -3.4e+38 -3.4e+38 -3.4e+38 -3.4e+38 -3.4e+38 -3.4e+38 -3.4e+38 19589.6923076923 24809.84375 30644.171875 33549.9375 42158.953125 52421.921875 55286.390625 57171.015625 58942.515625 61404.328125 62670.984375 63624.59375 65051.234375 66717.0625 66154.640625 66988.875 65967.65625 64780.296875 62637.515625 60926.125 61720.515625 67182.609375 71348.65625 68375.546875 66921.828125 65901.875 65919.4375 69930.921875 69712.4375 70093.171875 66544.40625 66963 66791.265625 65699.5 65962.78125 65859.703125 67764.4375 69403.703125 67905.765625 67813.171875 68503.875 68989.828125 68301.859375 68252.375 68427.390625 68528.421875
-3.4e+38 -3.4e+38 -3.4e+38 -3.4e+38 -3.4e+38 -3.4e+38 -3.4e+38 -3.4e+38 -3.4e+38 18972.6 19264.8125 25356.640625 33312.875 40853.9375 50657.890625 56187.5 59781.734375 59205.546875 60649.3125 60530.96875 62719.703125 63529.84375 65258.09375 66265.8125 65905.015625 66574.59375 61257.328125 63500.703125 63146.828125 62943.03125 67075.59375 69931.40625 67885.453125 70098.671875 70105.28125 69353.28125 70084.90625 70943.171875 69806.125 67471.5625 68195.375 66762.4375 66941.625 66501.28125 66667.625 67694 67123.046875 67676.390625 67597.28125 68378.25 69554.453125 69104.484375 68265.5625 68659.28125 69052.75
-3.4e+38 -3.4e+38 -3.4e+38 -3.4e+38 -3.4e+38 -3.4e+38 -3.4e+38 -3.4e+38 -3.4e+38 18926.6981132075 19740.5 23134.71875 32397.421875 36202.6875 43535.078125 52124.53125 57943.609375 60747.015625 60946.21875 61938.46875 63101.34375 63857.328125 64286.390625 63567.40625 65352.9375 66865.84375 64959.90625 66592.578125 64614.515625 63330.78125 68822.359375 68248.546875 68676.546875 70657.8125 72301.09375 70664.390625 67980.59375 70549.953125 69535.328125 68633.296875 66583.296875 66421.40625 66543.28125 66491.296875 67001.484375 65730.21875 65955.8125 67121.59375 67297.828125 68459.6875 69201.9375 69319.171875 69684.25 69719.71875 69793.78125
-3.4e+38 -3.4e+38 -3.4e+38 -3.4e+38 -3.4e+38 -3.4e+38 -3.4e+38 -3.4e+38 18837.4545454545 18790.6984126984 19690.46875 25552.984375 28922.265625 35166.140625 43698.96875 51401.5 61005.53125 60423.734375 60660.65625 61653.46875 62999.3125 63307.453125 64580.546875 65214.625 65425.4375 66411.828125 67058.09375 67281.0625 68189.546875 67537.265625 66712.953125 65937.203125 68394.03125 69995.234375 72345.40625 71558.421875 68231.890625 69609.578125 69001.375 69383.484375 66856.546875 66730.171875 67117.328125 66167.15625 65607.265625 64839.765625 65916.25 66278.65625 67034.484375 67967.328125 68779.375 68626.734375 66145.078125 66117.625 67011.953125
-3.4e+38 -3.4e+38 -3.4e+38 -3.4e+38 -3.4e+38 -3.4e+38 -3.4e+38 19187 18723.2456140351 19069.453125 20576.71875 28117.546875 33268.296875 35688.125 41251.828125 54739.03125 56134.671875 62232.234375 61811.8125 62829.3125 62825.5625 64597.140625 65504.828125 65533.71875 65722.671875 66273.546875 66845.046875 67898.4375 66814.953125 66175.21875 66234.359375 67398.40625 68443.03125 68833.34375 72232.234375 72548.171875 69726.390625 69632.4375 69308.46875 68902.65625 67373.203125 66188.34375 65685.875 65416.46875 67146.203125 65391.125 64227.671875 64249.484375 64422.078125 66920.703125 68073.046875 64778.984375 64873.140625 63839.46875 65423.015625
-3.4e+38 -3.4e+38 -3.4e+38 -3.4e+38 -3.4e+38 -3.4e+38 -3.4e+38 19744.59375 19165.65625 22101.34375 26511.59375 31386.859375 36576.953125 40166.9375 44428.640625 55910.03125 56567.09375 58695.8125 61903.515625 62896.28125 63790.78125 63597.375 63579.453125 65339.984375 65463.828125 66243.453125 65520.90625 66830.953125 65291.75 64943.875 64599.25 67945.8125 67824.09375 69821.703125 71702.734375 71104.921875 70179.6875 69521 68789.734375 67251.515625 65776.015625 65475.4375 65288.125 65890.859375 67017.875 66528.859375 63765.921875 62801.015625 64685.625 66052.640625 67905.5 65467.328125 64265.3125 63964.53125 65164.203125
-3.4e+38 -3.4e+38 -3.4e+38 -3.4e+38 -3.4e+38 -3.4e+38 20916.75 20577.9375 21602.140625 25778.078125 31455.328125 34965.296875 35708.015625 43438.078125 48585.109375 52712.046875 53914.8125 59057.78125 61476.671875 62086.0625 63159.640625 62778.5 62927.65625 62126.703125 62339.875 63849.671875 65916.734375 64994.375 63991.15625 65732.359375 64768.9375 66064.359375 67330.78125 70200.1875 71647.96875 69826.984375 70198.65625 69928.078125 69565.8125 68606.125 67059.046875 66357.484375 66203.609375 66508.25 66047.359375 64715.328125 63529.40625 62225.21875 62502.796875 63711.203125 67256.46875 65602.375 63770.59375 64970.390625 65738.875
-3.4e+38 -3.4e+38 -3.4e+38 -3.4e+38 -3.4e+38 -3.4e+38 20639.75 21612.328125 21706.9375 23475.90625 29776.796875 34950.671875 36597.890625 44287.171875 48039.828125 51359.28125 55237.109375 56177.46875 58107.96875 61271.671875 63021.78125 63550.5625 63318.65625 61895.125 61574.5 62783.578125 65237.6875 65841.46875 65035.59375 65460.515625 64759.46875 65538.890625 66170.640625 70542.875 71441.203125 70187.71875 70369.484375 69672.90625 69164.21875 68769.046875 68469.265625 67218.78125 67364.671875 67116.984375 66667.015625 64677.46875 63497.90625 61497.96875 60692.109375 61816.203125 64465.78125 64095.90625 63732.453125 64268.34375 65205.65625
-3.4e+38 -3.4e+38 -3.4e+38 -3.4e+38 -3.4e+38 20882.625 21931.96875 29471.859375 32988.6875 30690.875 27696.265625 31930.828125 35680.921875 40032.34375 50363.09375 50194.375 53277.296875 56601.828125 56056 59280.015625 62687.53125 62685.28125 62638.296875 61700.796875 60078.90625 62527.96875 64248.953125 64244.46875 64978.515625 65587.5625 63920.625 66331.484375 68556.34375 69853.28125 70855.078125 69838.125 69485.59375 69203.09375 68647.03125 67924.234375 68255.859375 67759.71875 67779.078125 66814.828125 65058.671875 63098.65625 62971.546875 61655.265625 59930.65625 60173 61837.921875 62902.03125 62765.09375 62414.609375 64527.046875
-3.4e+38 -3.4e+38 -3.4e+38 -3.4e+38 -3.4e+38 21048.2162162162 24789.28125 32482.625 35773.6875 36338.125 34281.828125 34080.15625 34333.375 35788.6875 43101.421875 47358.90625 52334 54369.46875 57715.484375 56360.578125 60941.078125 63200.8125 63231.09375 63325.703125 61543.109375 61242.234375 62603.4375 62555.296875 64604.75 65988.921875 66545.484375 67525.015625 68683.46875 69418.265625 69432.25 69053.65625 68903.25 68525.75 67660.953125 66676.640625 67510.453125 66532.609375 67677.953125 67123 65196.4375 63468.5 62701.703125 61853.328125 60310.28125 59207.84375 59864.9375 61920 61431.859375 59546.875 62283.671875
-3.4e+38 -3.4e+38 -3.4e+38 -3.4e+38 -3.4e+38 21309.5 23942.21875 36337.265625 38485.25 39820.453125 45166.859375 42321.59375 37142.046875 37414 44329.1875 49556 52193.109375 56241.546875 58436.484375 57270.765625 59275.4375 62452.390625 62202.125 61081.375 62170.75 61503.9375 62574.984375 63215.890625 64835.984375 66103.078125 66669.875 67949.625 68075.78125 68924.1875 68795.203125 68419.5 68142.453125 67706.75 66432.890625 65862.421875 66806.84375 67878.25 68899.3125 67190.9375 64794.765625 65196.671875 63832.671875 61828.8125 60816.09375 60362.46875 61221.984375 62383.453125 64509.21875 63551.859375 63126.3125
-3.4e+38 -3.4e+38 -3.4e+38 -3.4e+38 -3.4e+38 -3.4e+38 20852.71875 27698.734375 34808.15625 37952.515625 44186.703125 47558.5625 46418.703125 39947.703125 42394.203125 48663.3125 50150.90625 51720.4375 59707.046875 59564.5625 58697.8125 58009.515625 60369.265625 62441.65625 61816.453125 61464.796875 62221.734375 62512.96875 65189.171875 66591.359375 67000.859375 68508.796875 68125.359375 68413.171875 68707 68035.5625 67620.65625 67393.546875 67302.46875 66424.4375 67038.78125 67655.359375 67401.921875 65152.203125 64360.046875 65465.109375 63922.1875 62163.34375 60871.796875 60759.796875 62671.640625 62204.578125 64909.109375 66929.640625 66496.65625
-3.4e+38 -3.4e+38 -3.4e+38 -3.4e+38 -3.4e+38 -3.4e+38 20851.350877193 33891.421875 39124.984375 39897.109375 40747.265625 46134.484375 47010.9375 46262.171875 46049.1875 49156.859375 51420.140625 51181.65625 58465.296875 60120.4375 59444.75 59903.09375 58680.140625 60447.75 61262.953125 60499.78125 61309.859375 62365.25 64795.859375 66542.390625 67450.015625 68352.9375 68035.5 68512.640625 68717.0625 68438.90625 67881.96875 67788.734375 67726.015625 67386.109375 66763.640625 64246.453125 64182.90625 64188.484375 65234.140625 65013.296875 64290.671875 62220.609375 60823.046875 60882.921875 62980.90625 64083.3125 65553.265625 66896.96875 66495.0625
-3.4e+38 -3.4e+38 -3.4e+38 -3.4e+38 -3.4e+38 -3.4e+38 20383.6 20935.7868852459 31461.078125 40701.078125 42059.53125 43922.984375 46469.484375 47370.96875 48911.09375 50126.75 53955.84375 52816 53311.578125 60532.578125 62327.359375 59709.703125 60139.171875 59364.421875 60499.109375 60487.625 60212.9375 59898.125 61026.5625 65310.640625 67431.234375 67503.046875 68549.171875 69622.59375 69290.640625 68793.046875 68271.59375 68107.046875 67794.625 67555.78125 67061.796875 64882.71875 63381.609375 61566.28125 63278.734375 64294.875 64231.515625 63449.375 61175.71875 61095.703125 60085.234375 61122.109375 64480.75 65802 65816.46875
-3.4e+38 -3.4e+38 -3.4e+38 -3.4e+38 -3.4e+38 -3.4e+38 -3.4e+38 19591.9166666667 20375.4375 25498.6875 37911.3125 40360.546875 43914.078125 44137.234375 47951.5 50440.65625 55578.6875 56461.515625 53849.28125 60333.421875 62353.53125 60144.828125 60923.375 62419.515625 59642.375 62352.71875 60154.25 60185.484375 62457.6875 63794.375 66011.921875 68299.59375 69039.4375 70106.65625 69486.75 68788.71875 68553.21875 68418.375 68314.609375 67752.859375 67635.6875 65918.5625 62820.375 61469.34375 63587.546875 62843.328125 62925.84375 62007.078125 61608.265625 59437.671875 59530.46875 62691.421875 64549.84375 65310.65625 65153.078125
-3.4e+38 -3.4e+38 -3.4e+38 -3.4e+38 -3.4e+38 -3.4e+38 -3.4e+38 -3.4e+38 -3.4e+38 20168.9032258065 20377.6774193548 32972.875 41153.9375 42576.453125 45965.484375 48306.921875 52151 56312.75 56056.328125 56562.546875 63729.546875 62646.125 61734.28125 63059.6875 61912.953125 61417.59375 60423.53125 59414.21875 62382.3125 63502.203125 64936.5 66907.359375 70153.734375 70754.390625 69792.265625 69093.75 68687.6875 68440.484375 67942.375 67548.53125 67361.625 67337.84375 65718.5625 63327.421875 61729.828125 60943.328125 60896.609375 60981.03125 60423.078125 60061.71875 60937.03125 62272.296875 62751.046875 62881 64088.375
-3.4e+38 -3.4e+38 -3.4e+38 -3.4e+38 -3.4e+38 -3.4e+38 -3.4e+38 -3.4e+38 -3.4e+38 -3.4e+38 19250 21234.8148148148 33185.84375 38053.09375 40795.828125 46093.8125 48838.703125 53847.046875 55540.90625 59727.25 61499.78125 63910.796875 61394.546875 62574.078125 62572.859375 61312.4375 61765.40625 60978.453125 62272.640625 63461.84375 64039.125 66096.59375 69185.390625 70701.21875 70235 69495.78125 68958.953125 68445.359375 67823.46875 67497.90625 67274.90625 67123.640625 66883.125 64685.40625 62117.09375 61475.828125 61743.9375 59282.53125 61270.890625 62477.953125 62718.75 61633.46875 61470.6875 63300.90625 63307.078125
-3.4e+38 -3.4e+38 -3.4e+38 -3.4e+38 -3.4e+38 -3.4e+38 -3.4e+38 -3.4e+38 -3.4e+38 -3.4e+38 -3.4e+38 19368.1666666667 21018.3888888889 35096.703125 40770.078125 42924.71875 45444.703125 52656.484375 55498.40625 58078.09375 58181.59375 61226.875 62734.28125 63517.25 64508.953125 63746.25 63311.375 63419.21875 63092.09375 64676.328125 64549.625 65900.53125 69220.734375 70453.28125 69922.75 69313.6875 68780.546875 68415 67900.5 67836.453125 67563.0625 67064.75 66666.96875 66262.515625 63936.78125 61557.734375 62070.359375 60764.421875 60972.453125 58916.265625 61388.0625 61652.890625 62675.921875 61274.40625 60666.953125
-3.4e+38 -3.4e+38 -3.4e+38 -3.4e+38 -3.4e+38 -3.4e+38 -3.4e+38 -3.4e+38 -3.4e+38 -3.4e+38 -3.4e+38 -3.4e+38 19449 22115.8214285714 34863.03125 41848.3125 44475.078125 47519.140625 49876.703125 54848.609375 56863.171875 62047.40625 63160.71875 60228.875 61638.59375 62664.234375 63237.9375 63925.84375 63776.984375 65304.4375 66009.265625 66760.78125 69866.8125 70767.28125 70621.859375 69709.8125 69164.015625 68650.09375 68058.453125 67598.734375 67110.09375 66386.609375 65789.171875 65460.09375 65085.203125 62803.84375 61613.140625 60957.5625 60411.25 59418.015625 60697.5625 62518.921875 61445.3125 61410.84375 60832.34375
-3.4e+38 -3.4e+38 -3.4e+38 -3.4e+38 -3.4e+38 -3.4e+38 -3.4e+38 -3.4e+38 -3.4e+38 -3.4e+38 -3.4e+38 -3.4e+38 -3.4e+38 19364 23734.8125 41501.390625 43871.390625 45819.9375 49278.578125 51248.5625 56037.015625 56668.59375 61511.671875 58882.703125 58969.609375 61611.390625 62719.3125 62666.671875 65055.5 64772.09375 64564.9375 65965.921875 67697.046875 69583.453125 69277.734375 69186.453125 68986.484375 68763.15625 68022.578125 67514.34375 66879.921875 65939.90625 65125.765625 64554.453125 64314.734375 63864.046875 62778.375 62026.484375 61400.125 61511.546875 61138.890625 61221.34375 61517.640625 61187.34375 60623.390625
-3.4e+38 -3.4e+38 -3.4e+38 -3.4e+38 -3.4e+38 -3.4e+38 -3.4e+38 -3.4e+38 -3.4e+38 -3.4e+38 -3.4e+38 -3.4e+38 -3.4e+38 19239 20069.6545454545 31975.09375 44505.75 45016.3125 48917.078125 48687.3125 52855.765625 56025.640625 57529.578125 57927.328125 58866.78125 60588.8125 64950.53125 62595.578125 61012.703125 62488.703125 64493.265625 64149.109375 67744.09375 69154.296875 68707.84375 68655.859375 68922.390625 68019.671875 67460.9375 67526.90625 66654.265625 65432.46875 64690.703125 64288.21875 64182.390625 63959.734375 63374.796875 63329.328125 62926.390625 62261.421875 62425.453125 61365.6875 60707.203125 60630.390625 61260.46875
-3.4e+38 -3.4e+38 -3.4e+38 -3.4e+38 -3.4e+38 -3.4e+38 -3.4e+38 -3.4e+38 -3.4e+38 -3.4e+38 -3.4e+38 -3.4e+38 -3.4e+38 -3.4e+38 19001.4 22653.5625 37730.734375 45712.203125 48990.609375 48979.140625 50402.09375 54558.09375 57923.640625 60880.953125 58931.53125 59124.546875 61422.953125 63574.265625 60579.859375 62088.984375 64368.046875 65530.765625 67067.25 67012.65625 66804.890625 68020.53125 67879.40625 66644.65625 66267.53125 66150.859375 65612.8125 64878.09375 64290.84375 64056.5625 63992.546875 63955.984375 63528.5 63471.953125 64126.890625 64180.109375 63151.40625 62238.453125 61480.515625 61147.90625 60588.03125
-3.4e+38 -3.4e+38 -3.4e+38 -3.4e+38 -3.4e+38 -3.4e+38 -3.4e+38 -3.4e+38 -3.4e+38 -3.4e+38 -3.4e+38 -3.4e+38 -3.4e+38 -3.4e+38 17889.375 19667.140625 31309.71875 38095.796875 44485.171875 50417.265625 49833.328125 52260.671875 55373.71875 61374.921875 60121.609375 59026.8125 60095.828125 62614.1875 61690.421875 58467.078125 63626.078125 65556.046875 65626.578125 65673 66396.4375 67337.203125 66752.0625 65360.5625 65021 65053.640625 64853.125 64509.984375 64006.1875 63792.515625 63763.703125 63741.328125 63657.4375 63545.078125 63426.15625 62429.953125 62394.25 62353.921875 61865.78125 60459.578125 59258.046875
-3.4e+38 -3.4e+38 -3.4e+38 -3.4e+38 -3.4e+38 -3.4e+38 -3.4e+38 -3.4e+38 -3.4e+38 -3.4e+38 -3.4e+38 -3.4e+38 -3.4e+38 -3.4e+38 17346.3888888889 18008.4375 24064.140625 35567.484375 40259.375 49712.875 50953.09375 51222.046875 53449.0625 55214.609375 57893.21875 62712.21875 62649.109375 61809.875 63137.09375 58150.40625 61425.828125 64404.96875 65638.25 64902.828125 65969.03125 66943.953125 65784.65625 64640.421875 64489.21875 64629.109375 64479.453125 64137.453125 63784.6875 63571.84375 63414.796875 63364.171875 63401.21875 63583.984375 63553.015625 63275.03125 62226.875 62537.328125 61457.765625 60236.890625 60287.015625
