Cases/SDM_Urocitellus_beldingi/westernUsClimate_historic/BIO04.asc
NCOLS 316 
NROWS 299 
XLLCORNER -124.820833001 
YLLCORNER 29.1625003333339 
CELLSIZE 0.0666666666645545 
NODATA_value -3.4e+38 
[rows 72 to 95 of 299, columns 55 to 109 of 316]
63822.15625 62535.46875 60247.1875 60340.328125 62039.046875 63664.890625 64996.40625 65053.375 65214.5625 65677.84375 65880.3125 65870.015625 66035.578125 66673.96875 66269.71875 67941.0625 68321.875 68265.203125 68586.59375 68969.921875 69401.265625 69212.625 69031.390625 70129.25 69890.484375 69346.265625 68825.125 68539.21875 69195.96875 71054.609375 71904.3125 72455.75 72644.453125 73274.40625 73742.890625 73626.0625 72572.859375 72401.375 72444.34375 70408.4375 70378.96875 74568.15625 74146.875 75810.09375 76948.015625 76540.234375 79913.734375 81898.671875 81764.5625 82634.125 83736.75 83645.453125 83983.1875 85882.90625 86685.875
63455.140625 62451.546875 64539.109375 61916.5625 61899.296875 64536.09375 65349.984375 65148.25 65658.34375 65558.65625 66103.828125 66818.75 67524.578125 68019.671875 68027.59375 68813.046875 68790.671875 68789.203125 69141.09375 69877.125 70639.28125 70928.96875 69909.5 69753.921875 69759.28125 69743.203125 68993.171875 69254.265625 69891.828125 70143.484375 70725.328125 71285.71875 71871.734375 72388.046875 72604.828125 72529.1875 72141.875 72857.71875 72753.609375 72534.953125 73017.921875 75742.515625 75567.515625 76955.84375 77638.53125 77539.515625 79093.875 80662.015625 81489.34375 80981.15625 81831.328125 81412.75 83218.25 85268.640625 86783.71875
63389.578125 62999.828125 63044.875 62677.90625 63462.109375 64404.75 63489.703125 64881.390625 66764.734375 66578.671875 65926.625 66710.421875 68134.59375 69090.203125 68941.109375 68569.875 69527.921875 69869.1875 69791.09375 69530.265625 69581.8125 69558.96875 69508.34375 69837.5 69148.28125 69466.90625 69748.109375 69646.265625 69769.046875 70687.53125 71240.859375 71201.640625 71453.625 71640.8125 72742.578125 73313.25 73135.796875 73779.4375 74348.515625 73749.4375 75080.625 76889.78125 78199.09375 78185.9375 78312.875 79064.859375 79632.6875 80543.03125 81970.890625 82552.90625 81974.96875 81819.296875 81763.296875 83502.4375 86609.09375
63442.078125 63211.0625 62969.5 63082.890625 64048.84375 65775.765625 64601.921875 66632.40625 67329.1875 67237.171875 67879.6875 68189.78125 68281.453125 68622.625 69106.6875 69746.609375 69890.5625 70040.140625 69572.859375 69225.5625 69132.046875 68776.46875 68512.59375 68844.765625 69001.328125 69192.875 69778.21875 69891.1875 69815.828125 70877.953125 71446.671875 71806.375 72089.21875 72766.703125 74064.640625 75253.265625 74796.3125 74975.140625 75155.96875 74545.40625 74846.0625 76681 79055.25 79986.15625 79463.234375 80250.4375 80905.484375 81437.84375 83442 84542.125 85136.890625 84425.734375 84905.65625 86620.25 87648.90625
63474.125 63424.53125 63362.203125 63788.109375 66368.296875 67360.4375 65016.921875 65916.96875 66546.0625 66335.078125 66554.828125 66777.234375 67036.59375 67837.59375 68762.6875 69207.578125 69401.375 69345.90625 68702.640625 68764.265625 68498.8125 69051.0625 68327.015625 68915.390625 70174.609375 70420.03125 70109.953125 70490.1875 70233.5 71615.234375 71500.71875 72566.796875 73466.96875 74338.171875 74606.234375 75356.640625 76785.078125 76571.515625 76103.78125 76231.046875 76118.53125 77772.84375 79206.90625 81180.125 80808.59375 81753.46875 81110.875 81737.015625 83216.296875 85098.484375 86711.453125 87668.75 87371.5 86919.53125 87382.75
64329.9375 64247.546875 64147.046875 65206.03125 66390.109375 65914.90625 65444.96875 65626.953125 66360.859375 66371.15625 66128.78125 66096.84375 66388.984375 67501.578125 67970.703125 68689.265625 69236.53125 69266.09375 68854.78125 68154.8125 67744.53125 67473.953125 68095.203125 68577.65625 69993.078125 71059.078125 71506.515625 71994.4375 71698.265625 71903.0625 72433.359375 73285.015625 74280.921875 74578.640625 74550.5 76042.84375 76377.65625 77806.921875 78593 78330.265625 77495.515625 79061.828125 80602.421875 81420 82784.84375 83206.40625 82454.453125 83013.796875 82368.171875 83371.875 85287.328125 86669.46875 86935 87189.65625 87744.328125
64238.203125 63549.734375 63630.640625 64433.46875 65188.359375 65776.25 66189.1875 66500.296875 66744.5625 66469.796875 66574.625 66528.125 66546.3125 66395.25 67042.109375 67753.140625 69443.828125 69290.078125 68388.21875 67923 67393.984375 67269.734375 67614.6875 67968.65625 68453 69026.453125 70724.515625 71020.078125 72253.3125 73741.578125 73039.59375 73788.8125 73253.40625 73842.859375 74434.421875 74032.890625 76608.1875 77049.890625 79630.875 79717.90625 80184.171875 79951.09375 82344.359375 81547.078125 82633.390625 83194.375 82646.953125 83442.375 82710.5 83799.765625 84461.15625 85396.6875 86075.125 85960.890625 86965.421875
64567.78125 62518.34375 63586.84375 66965 65076.046875 65282.390625 66210.328125 66621.734375 66799.28125 66371.203125 66504.671875 66742.953125 66924.734375 67679.28125 66749.234375 68261.921875 69691.90625 70085.40625 68501.03125 68141.5 67674.171875 67905.640625 68837.046875 68811.4375 68802.21875 69233.03125 70611.21875 72387.09375 73214.171875 74343.953125 73160.609375 73041.765625 73793.765625 74783.203125 75811.15625 74577.28125 75605.21875 76435.15625 78499.296875 79114.578125 81676.546875 82103.71875 82519.453125 81227.171875 82786.53125 84412.15625 85075.015625 85176.484375 85817.40625 85492.921875 85409.234375 85489.875 85275.515625 84765.140625 84672.625
64860.8125 62131.8125 62485.1875 63841.671875 64260.25 65014.03125 65745.625 65897.28125 66265.109375 66508.734375 66891 66748.328125 67004.375 67374.515625 67501.46875 68482.109375 69797.21875 71031.765625 68913.234375 68144.90625 68194.09375 68942.9375 69883.4375 71016.40625 70762.90625 70653.96875 71721.03125 71915.78125 72240.171875 73523.203125 74167.25 74470.25 74759.328125 75428.015625 75771.5625 75265.34375 75528.8125 76506.234375 77943.875 78910.953125 81884.15625 80898.71875 81988.59375 82182.53125 83299.328125 85611.5 85345.765625 84021.484375 83710.5 83701.125 84100.1875 84830.125 83026.328125 82208.734375 83501.640625
63684.28125 62692.390625 63131.234375 63861.671875 63980.796875 64804.0625 65232.796875 65480.953125 66206.90625 66325.25 66503.609375 66598.328125 66972.40625 67275.078125 67517.34375 68539.84375 69869.359375 70529.5 69645 67393.671875 68517.375 70711.453125 72501.53125 72963.9375 72623.578125 71870.828125 71880.75 71592.78125 72479.421875 73598.203125 75694.25 76595.234375 76820.734375 77083.15625 77246.8125 76968.921875 77248.0625 77684.265625 77123.046875 78175.546875 80560.40625 80705.78125 81145.4375 83094.671875 82839.09375 83416.59375 84340.09375 82460.203125 82428.296875 82981.453125 83412.453125 83182.015625 82173.84375 82949.171875 83580.734375
62603.03125 62706.328125 63413.515625 63792.921875 63173.34375 63184.53125 64390.28125 65275.53125 66209.078125 65964.78125 65568.3125 66751.53125 67249.40625 67525.640625 67794.28125 68330.234375 69227.6875 69878.96875 68947.171875 68622.296875 70615.3125 74068.90625 75375.765625 75064.96875 74802.53125 74125 73270.703125 73012.140625 73621.078125 74414.171875 76013.484375 77999.96875 79046.796875 79244.796875 78726.015625 78557.75 78751.3125 78837.421875 78071.71875 78048.546875 79409.25 81323.9375 81295.40625 83257.65625 82693.78125 83113.359375 82705.09375 82049.53125 81550.796875 81817.484375 82030.609375 82203.171875 81997.703125 82643.296875 81894.59375
63427.421875 63414.921875 64227.140625 64285.046875 63542.828125 64187.484375 65218.96875 65454.6875 66180 66488.328125 66772.640625 67229.828125 67227.96875 67920.125 67896.203125 67991.109375 69174.78125 69593.546875 69828.46875 71229.640625 73106.6875 74655.390625 75099.640625 74900.796875 74666.578125 74762.4375 75635.53125 76169.296875 76997.671875 77404.34375 76740.609375 78063.484375 78386.8125 78539.359375 78589.921875 78482.171875 78498.984375 78608.3125 78693.21875 78561.5 79771.609375 81360.375 81273.71875 81541.140625 83233.21875 82580.40625 81795.28125 81239.21875 80924.78125 81121.078125 81413.171875 81626.265625 81555.15625 81553.171875 81543.40625
64277.734375 63968.921875 64619.9375 64779.453125 64429.25 64603.390625 64783.40625 65933.328125 66542.015625 66812.859375 66968.890625 67006.265625 67039.828125 67524.28125 68370.421875 68470.96875 68462.171875 69379.53125 70200.59375 71621.03125 73093.140625 74595.921875 74967.40625 74537.421875 74284.953125 74062.96875 75037.34375 75970.859375 77073.84375 77280.25 76615.40625 76666.515625 77091.5 77316.546875 77620.546875 77775.8125 77654.09375 77562.0625 77447.484375 77608.5625 78174.28125 79732.15625 81037.28125 83040.296875 83240.15625 81682.515625 81572.1875 80434.328125 80955.765625 80368.625 80330.71875 80694.671875 81153.65625 81339.25 81725.078125
64630.203125 64800 64952.375 64914.640625 65121.578125 65251.421875 64868.921875 66102.640625 66881.59375 67287.265625 67554.421875 67580.796875 67730.484375 67769.53125 68632.921875 69573.3125 69419.75 69893.359375 70632.984375 70876.84375 72150.28125 73288.140625 73880.0625 73492.8125 73621.1875 73408.71875 73558 73756.34375 74991.546875 76360.4375 76270.921875 76021.53125 76187.640625 76307.9375 76629.515625 77034.515625 77322.546875 77306.703125 77223.390625 77945.109375 78314.78125 79591.34375 81414.640625 81788.015625 80977.078125 81153.4375 80054.28125 80021.53125 80215.171875 80038.859375 79950.25 80313.546875 81572.375 82406.453125 83386.21875
64599.875 64681.921875 64886.953125 65157.609375 65572.4375 65730.875 65792.546875 67043.78125 67630.734375 67641.1875 67915.1875 67992.28125 68291.515625 69263.21875 69010.40625 68982.75 69673.140625 71814.421875 73014.0625 71920.484375 71963.140625 72981.328125 73305.4375 72791.71875 73027.40625 72765.734375 72179.40625 71878.78125 72871.203125 74268.1875 75237.265625 75500.8125 75634.40625 75667.1875 75858.28125 76331.890625 76886.453125 77266.15625 77126.8125 77402.6875 78731.203125 79691.015625 80691.984375 80281.9375 80122.609375 79542.765625 78617.5 79745.5 80362.8125 80651.796875 80273.484375 80746.796875 82100.078125 82866.375 83112.890625
64472.3125 64791.4375 64559.796875 64979.828125 65558.34375 65741.84375 66083.359375 67605.640625 67879.90625 67839.921875 67984.484375 68039.0625 68242.84375 68840.59375 69126.4375 69537.359375 70401.234375 71598.78125 72054.609375 72361.15625 72366.5 72830.203125 73051.296875 73268.296875 72832.390625 72286.265625 71806.1875 72057.25 72105.265625 73267.46875 74364.03125 75033.8125 75424.234375 75394.71875 75567.453125 75987.171875 76459.140625 76961.140625 77274.828125 77489.171875 78481.625 79314.265625 79800.921875 79941.609375 79823.453125 79639.890625 79524.609375 79611.34375 80819.15625 81031.9375 80577.9375 81498.828125 82300.546875 82808.984375 83125.625
65258 65757.25 65330.421875 64577.90625 65334.125 65306.875 65323.375 65649.890625 66563.96875 66754.984375 67607.46875 68133.046875 67956.828125 68053.71875 68682.953125 70013.125 70095.140625 70997.609375 72492.921875 72075.796875 71809.65625 72057.90625 72258.90625 72633.46875 73009.828125 73383.046875 73572.890625 73905.125 74022.90625 73998.84375 74265.578125 74714.578125 75285.265625 75457.515625 75673.546875 75995.203125 76417.90625 76994.96875 77256.265625 76970.171875 77012.578125 78427.328125 79040.8125 79550.140625 79428.59375 79552.9375 80591.859375 81312.71875 81251.4375 81289.984375 81323.296875 82025 82300.125 83182.921875 82279.390625
65629.359375 66311.28125 66234.609375 65923.765625 66030.90625 65574.359375 64737.375 64433.109375 65371.953125 66140.296875 67608.671875 67561.5 68050.234375 68163.0625 68504.078125 70125.609375 70523.671875 70801.28125 71582.5 70726.640625 71751.328125 71358.265625 71629.03125 71494.9375 72428.921875 73078.625 73079.375 72954.46875 73314.859375 74061.625 74583.796875 75066.734375 75778.4375 75608.421875 75919.640625 76492.625 77058.59375 77265.359375 77297.5 78967.6875 78126.9375 78797.453125 79661.15625 80118.921875 79975.890625 79997.109375 80525.6875 80959.4375 81163.171875 81385.703125 81651.265625 82641.421875 81870.5625 82897.953125 82371.125
64545.21875 65052.1875 64840 65222.609375 66261.0625 65449.734375 65304.984375 66233.4375 66085.8125 66568.421875 66667.5 66439.4375 68158.125 68768.65625 68988.859375 70102.96875 70741.796875 71036.65625 71227.15625 71426.8125 71490.9375 71469.234375 71283.015625 71179.25 72244.21875 72703.234375 72591.15625 72547.890625 73273.78125 73692.625 73554.984375 75263.046875 76072.9375 75708.421875 76621.546875 77059.171875 77248.234375 77325.03125 77566.78125 78991.75 78560.3125 78843.921875 79966.109375 79872.03125 79634.671875 79751.5 79933.78125 80302.203125 80980.453125 81837.8125 81931.484375 82181.390625 80983.0625 81023.84375 80636
63946.234375 64050.515625 63648.671875 64340.53125 66535.109375 67299.484375 67991.734375 68016.515625 67070.6875 65655.734375 65503.90625 66031.171875 68375.984375 69318.546875 69434.859375 70474.875 71050.78125 70856.234375 70447.8125 71252.96875 71511.078125 71255.3125 69691.59375 71878.53125 71807.609375 71613.3125 72281 72859.296875 73950.453125 74248.78125 74444.734375 75288.125 76012 75018.90625 75952.6875 76969.375 76794.625 77260.65625 78442.421875 77646.40625 76975.265625 78313.296875 79364.84375 79313.46875 79423.34375 79827.046875 80157.28125 80298.109375 81033.0625 81619.21875 82135.03125 81757.703125 80913.25 80957.421875 80668.171875
64305.609375 64137.546875 62849.421875 63821.140625 66661.078125 67779.75 68048.390625 67997.328125 66792.921875 66709.25 66012.34375 66672.578125 67786.0625 69330.625 69812.890625 70987.328125 71289.875 70008.484375 69875.234375 69828.546875 70835.625 71267.3125 70054.203125 72495.375 72063.046875 71996.28125 72073.21875 72689.0625 73014.390625 73234.6875 73702.890625 74079.671875 75101.328125 75074.203125 75349.75 76789.203125 77640.640625 77659.609375 77080.03125 75377.828125 75252.109375 76271.625 79049.671875 79111 79228.796875 79129.515625 81090.046875 81024.796875 81457.453125 81749.109375 81971.546875 81619.703125 81110.84375 80839.734375 80732.921875
64877.984375 64448.40625 62812.203125 63421.890625 66626.6875 67810.328125 67938.28125 67881.984375 67677.734375 66386.453125 67349.5625 67131.078125 67605.375 68055.890625 69577.71875 70976.140625 71240.328125 69936.703125 69393.984375 69622.671875 70102.546875 71650.84375 72397.53125 73545.53125 73183.296875 72237.15625 73096.765625 73795.8125 73343.015625 73201.671875 73774.8125 74822.609375 75205.421875 74696 73779.4375 76693.4375 75540.8125 74580.859375 75394.8125 74010.015625 73788.734375 79096.015625 79606.90625 79242.796875 77522.53125 77399.65625 80674.40625 81333.90625 81813.765625 82326.78125 82498.953125 81672.046875 81120.875 80805.109375 80414.609375
65250.0625 65546.015625 64548.734375 63651.4375 66927.984375 67450.40625 68359.15625 68554.09375 68702.1875 67650.4375 67348.6875 67089.796875 67413.828125 69527.890625 70387.90625 70427.375 69720.65625 69515.3125 70718.015625 70951.34375 71305.015625 71982.78125 73237.03125 73768.34375 73688.40625 73698.53125 73693.828125 74114.3125 74068.875 74062.34375 74028.015625 75125.703125 75727.40625 76492.046875 75066.453125 74676.65625 72568.4375 71618.09375 70996.90625 70482.75 76893.671875 79730.234375 79973.171875 78589.59375 78057.453125 77617.734375 79939.0625 82285.859375 82704.859375 83448.28125 83244.578125 82124.484375 80927.0625 80809.453125 80511.65625
65597.25 65821.125 64356.203125 62557.296875 65543.09375 66906.8125 67883.265625 68310.328125 68080.515625 68597.828125 68688.953125 66955.859375 67969.9375 70275.84375 70609.34375 70165.015625 68449.671875 69466.03125 71870.078125 72088.828125 72412.265625 72529.5 72719.140625 72994.609375 73503.578125 73546.15625 73380.3125 73961.875 74516.59375 74647.78125 74806.09375 74583.015625 75101.203125 75092.96875 74678.390625 73579.109375 70246.34375 68394.59375 65847.078125 71556.65625 78580.90625 78941.421875 80212.21875 81173.546875 81746.921875 81009.015625 81268.328125 81847.375 82546.078125 83257.984375 83180.625 82131.859375 80931.53125 80728.5 80546.328125
