Cases/SDM_Urocitellus_beldingi/westernUsClimate_historic/BIO01.asc
NCOLS 316 
NROWS 299 
XLLCORNER -124.820833001 
YLLCORNER 29.1625003333339 
CELLSIZE 0.0666666666645545 
NODATA_value -3.4e+38 
[rows 78 to 103 of 299, columns 0 to 58 of 316]
-3.4e+38 -3.4e+38 -3.4e+38 -3.4e+38 -3.4e+38 -3.4e+38 -3.4e+38 -3.4e+38 1073.66666666667 1069.90476190476 1088.671875 1099.34375 1071.4375 1064.09375 1086.53125 1105.875 1110.125 1120.03125 1111.78125 1104.59375 1103.078125 1099.90625 1093.375 1096.4375 1083.6875 1082.234375 1089.09375 1095.09375 1079.921875 1069.984375 1066.984375 1072.25 1065.796875 1098.4375 919.921875 913.890625 1017.5 833.78125 775.015625 776.890625 732 652.25 399.109375 459.109375 510.3125 554.640625 552.53125 572.3125 616.828125 637.828125 658.65625 699.5625 703.71875 640.53125 648.671875 686.40625 704.546875 706.34375 698.015625
-3.4e+38 -3.4e+38 -3.4e+38 -3.4e+38 -3.4e+38 -3.4e+38 -3.4e+38 -3.4e+38 1082.3 1082.546875 1103.78125 1118.78125 1093.4375 1077.46875 1080.921875 1121.265625 1117.390625 1113.328125 1117.75 1109.109375 1100.40625 1097.421875 1094.078125 1092.796875 1079.890625 1071.8125 1074.4375 1071.515625 1071.296875 1088 1045.171875 1024.75 1022.5625 1050.28125 1055.171875 1058.125 1015.59375 964.5 867.40625 762.109375 564.015625 526.34375 402.5625 460.15625 528.234375 583.90625 575.453125 597.890625 625.234375 635.203125 651.15625 664.4375 633.203125 495.984375 532.375 600.703125 630.125 642.640625 624.5
-3.4e+38 -3.4e+38 -3.4e+38 -3.4e+38 -3.4e+38 -3.4e+38 -3.4e+38 -3.4e+38 1087.77777777778 1086.53125 1105.140625 1123.140625 1127.015625 1091 1089.921875 1091.390625 1128.21875 1127.921875 1120.96875 1117.34375 1116.3125 1114.921875 1110.53125 1114.640625 1092.09375 1060.609375 1048.390625 1044.65625 1047.84375 1057.328125 1046.015625 1053.046875 1042.828125 948.171875 1050.59375 1063.890625 1024.34375 913.46875 790.640625 730.03125 557.0625 434.71875 340.21875 450.1875 551.8125 590.3125 597.125 613.265625 620.78125 637.90625 646.9375 638.140625 554.15625 407.359375 427.875 546.734375 579.15625 586.8125 585.546875
-3.4e+38 -3.4e+38 -3.4e+38 -3.4e+38 -3.4e+38 -3.4e+38 -3.4e+38 1092.5 1087.36666666667 1098.609375 1115.125 1127.765625 1109.140625 1090.796875 1093.078125 1118.703125 1135.796875 1165.265625 1153.890625 1148 1127.421875 1137.03125 1132.953125 1116.4375 1084.3125 1047.625 1044.078125 1038.5625 1039.140625 1034.734375 1049.703125 998.921875 970.0625 808.40625 953.78125 1043.921875 989.15625 951.828125 872.984375 766.765625 463 405.625 373.265625 477.3125 561.015625 560.90625 593.3125 598.71875 619.765625 626.015625 622.84375 627.78125 589.0625 461.578125 458.4375 544.96875 558.28125 565.140625 561.734375
-3.4e+38 -3.4e+38 -3.4e+38 -3.4e+38 -3.4e+38 -3.4e+38 -3.4e+38 1092.28571428571 1089.859375 1102.171875 1137.453125 1120.515625 1065.421875 1050.8125 1089.140625 1089.65625 1101.21875 1118.546875 1175.75 1130.203125 1105.859375 1099.0625 1124.359375 1119.78125 1084.09375 1041.828125 1034.234375 1035.890625 1035.015625 1005.40625 995.734375 960.640625 783.546875 791.359375 883.984375 1015.09375 859.71875 731.53125 694.078125 551.296875 524.828125 493.84375 393.484375 452.375 561.109375 508.8125 572.4375 600.359375 610.578125 615.015625 608.21875 619.125 603.578125 572.109375 554.65625 562.953125 543.96875 562.34375 575.9375
-3.4e+38 -3.4e+38 -3.4e+38 -3.4e+38 -3.4e+38 -3.4e+38 -3.4e+38 1097.24390243902 1095.234375 1116.375 1135.984375 1117.890625 1056.359375 1032.46875 1056.25 1091.0625 1072.703125 1076.609375 1128.953125 1140.578125 1086.0625 1082.71875 1103.46875 1086.484375 1069.109375 1042.640625 1056.71875 1017.625 947.953125 942.390625 960.359375 962.0625 922.484375 980.0625 925.96875 1006.515625 829.703125 817.640625 745.65625 458.796875 241.921875 360.3125 481.703125 524.125 547.21875 520.109375 561.90625 593.359375 601.78125 618.609375 618.4375 603.65625 583.6875 578.609375 569.71875 561.34375 555.96875 575.484375 566.78125
-3.4e+38 -3.4e+38 -3.4e+38 -3.4e+38 -3.4e+38 -3.4e+38 1107 1103.25 1104.34375 1120.21875 1133.453125 1105.6875 1087.125 1050.125 1051.046875 1058.40625 1069.984375 1076.875 1115.75 1119.515625 1089.03125 1091.359375 1121.109375 1131.875 1104.84375 1074.953125 1068.515625 1010.5 1008.6875 984.671875 981.53125 964.515625 1018.671875 1016.015625 846.921875 842.046875 916.140625 815 785.296875 685.140625 380.921875 453.796875 511.9375 543.078125 529.171875 565.765625 576.859375 581.3125 600.203125 605.140625 605.5 590.109375 569.75 556.171875 555.203125 574.5625 596.421875 613.375 608.078125
-3.4e+38 -3.4e+38 -3.4e+38 -3.4e+38 -3.4e+38 1099 1104.04651162791 1105.28125 1108.8125 1124.5 1141.578125 1136.78125 1086.53125 1056.40625 1063.140625 1064.65625 1046.90625 1068.21875 1108.0625 1121.5 1113.03125 1146.71875 1141.046875 1119.5625 1096.578125 1086.640625 1068.6875 1062.109375 1050.890625 1026.390625 1035.53125 973.015625 1053.375 1018.59375 782.0625 675 695.921875 666.59375 579.953125 555.65625 375.5625 310.65625 493.234375 533.015625 550.625 555.609375 570.75 571.796875 580.046875 594.65625 585.609375 591.25 588.84375 562.46875 568.3125 608.1875 631.5 635.453125 629.609375
-3.4e+38 -3.4e+38 -3.4e+38 -3.4e+38 -3.4e+38 1097.03333333333 1092.5625 1087.171875 1115.09375 1130.59375 1149.734375 1098.875 1083.0625 1061.40625 1063.15625 1060.375 1063.703125 1076.578125 1099.453125 1133.328125 1168.078125 1120.375 1132.078125 1113.578125 1113.09375 1109.703125 1096.765625 1085.0625 1056.890625 1040.859375 1062.1875 1048.328125 997.984375 961.21875 949.6875 861.59375 798.03125 812.109375 750.140625 641.40625 576.296875 542.484375 424.65625 455.828125 533.921875 547.03125 523.953125 543.453125 566.203125 564.75 552.71875 529.625 525.6875 574.109375 581.234375 608.34375 636.921875 646.34375 650.84375
-3.4e+38 -3.4e+38 -3.4e+38 -3.4e+38 -3.4e+38 1092.7 1088.78125 1115.953125 1154.96875 1154.859375 1126.359375 1099.71875 1079.765625 1059.484375 1059.859375 1040.859375 1047.46875 1056.484375 1059.546875 1131.453125 1178.640625 1172.328125 1136.78125 1124.609375 1124.03125 1102.296875 1091.875 1079.484375 1066.375 1043.828125 936.9375 962.15625 995.265625 957.75 993.65625 952.84375 868.953125 781.859375 712.15625 690.109375 619.46875 462.78125 380.734375 440.203125 535.109375 535.78125 548.71875 564.796875 559.09375 558.390625 530.265625 499.625 457.359375 556.421875 591.578125 603.1875 632.546875 628.96875 651.46875
-3.4e+38 -3.4e+38 -3.4e+38 -3.4e+38 1090 1093.01818181818 1078.4375 1134.5625 1155.34375 1141.75 1131.609375 1127.515625 1102.046875 1052.890625 1037.515625 1026.046875 1004.65625 1014.6875 1083.203125 1145.21875 1153.390625 1183.234375 1157.34375 1149.90625 1120.96875 1094.828125 1086.984375 1068.53125 1029.125 994.265625 1034.59375 902.359375 799.984375 770.390625 839.71875 762.671875 815.453125 593.46875 545.75 525.078125 511.6875 243.875 358.046875 515.5625 531.390625 537.34375 565.359375 560.609375 551 535.421875 511.9375 523.1875 512.203125 560.484375 595.125 639.875 671.546875 661.328125 621.375
-3.4e+38 -3.4e+38 -3.4e+38 -3.4e+38 1090.28571428571 1089.578125 1072.390625 1126.296875 1150.109375 1152.21875 1138.78125 1134.1875 1109.875 1067.21875 1035.46875 1035 1005.296875 1025.015625 1089.703125 1145.4375 1173.96875 1192.515625 1141.015625 1124.65625 1118.671875 1102.40625 1085.796875 1037.0625 1007.390625 976 1023.796875 992.796875 973.46875 976.15625 915.546875 623.78125 648.484375 572.984375 434.765625 470.5 467.34375 349.796875 475.609375 525.734375 548.359375 555.484375 553.46875 564.1875 558.765625 554.375 557.96875 545.375 547.375 575.359375 610.796875 656.4375 692.4375 690.125 679.796875
-3.4e+38 -3.4e+38 -3.4e+38 -3.4e+38 1092.65 1082.25 1082.671875 1127.046875 1121.296875 1133.875 1144.953125 1071.875 1087.4375 1061.6875 1051.109375 1015 1018.3125 1045.8125 1115.78125 1140.921875 1155.6875 1177.53125 1147.109375 1134.3125 1132.5625 1125.25 1099.46875 1056.90625 1014.75 1064.734375 1081.671875 1073.78125 1054.8125 991.90625 827.53125 595.75 642.734375 700.375 586.3125 490.9375 418.671875 435.671875 517.5625 547.6875 566 572.3125 574.34375 580 587.359375 586.734375 597.265625 596.359375 576.5 580.59375 600.546875 618.859375 637.453125 630.828125 646.828125
-3.4e+38 -3.4e+38 -3.4e+38 -3.4e+38 1099.27083333333 1103.546875 1129.859375 1085.78125 1028.71875 1087.84375 1103.5625 1073.921875 1117.203125 1078.21875 1091.8125 1017.671875 1054.125 1047.5625 1090.9375 1124.921875 1097.65625 1118.4375 1161.625 1155.96875 1159.90625 1143.078125 1131.078125 1116.5625 1107.9375 1109.234375 1064.671875 1074.796875 1042.015625 941.59375 889.875 684.375 759.3125 696.765625 569.515625 409.5 362.34375 434.8125 509.25 542 575.203125 586.78125 590.15625 594.90625 602.328125 617.484375 631.984375 578.46875 507.625 520.046875 569.28125 588.34375 576.375 572.640625 584.375
-3.4e+38 -3.4e+38 -3.4e+38 1089.95454545455 1099.171875 1130.265625 1106.046875 1052.078125 1012.25 1097.390625 1112.5625 1089.515625 1083.515625 1059.78125 1004.15625 1043.796875 1053.578125 1044.15625 1088.015625 1142.546875 1149.40625 1174.515625 1171.796875 1172.765625 1160.65625 1154.015625 1150 1129.9375 1126.265625 1088.25 1054.765625 995.703125 908.09375 718.09375 785.765625 838.953125 775.359375 686.96875 566.765625 371.640625 380.078125 382.359375 447.796875 540.359375 568.515625 578.40625 590.53125 595.5625 604.390625 601.96875 618.234375 470.09375 403.515625 472.21875 550.59375 573.84375 585.203125 545.765625 525.375
-3.4e+38 -3.4e+38 -3.4e+38 1071.1935483871 1076.328125 1103.828125 1014.046875 1008.34375 1077.109375 1103.953125 1073.8125 1107.125 1028.375 948.859375 950.234375 1025.546875 1053.78125 1041.453125 1131.8125 1130.671875 1105.765625 1091.546875 1109.625 1121.53125 1102.8125 1081.8125 1097.703125 1054.96875 1088.3125 1056.78125 926.234375 924.171875 876.3125 808.21875 885.3125 870.3125 732.21875 609.359375 540.046875 435.328125 420.609375 463.15625 523.1875 539.671875 555.359375 572.6875 589.046875 597.359375 596.484375 601.53125 612.484375 564.0625 502.59375 531.640625 563.671875 582.234375 591.453125 567.28125 522.40625
-3.4e+38 -3.4e+38 -3.4e+38 1084.13953488372 1099.265625 1139.390625 1107.5 1072.4375 1135.859375 1127.921875 1066.21875 1073.125 1009.640625 995.734375 1009.03125 996.828125 1020.3125 1111.0625 1120.890625 1098.4375 1076.234375 1083.046875 1095.984375 1082.90625 1068.59375 1001.640625 1031.375 981.9375 918.5625 996.171875 950.375 990.796875 1002.234375 939.765625 865.765625 919.921875 808.484375 655.28125 572.5 513.34375 548.59375 592.171875 573.171875 570.78125 561.59375 583.703125 594.796875 596.5625 582.296875 591.46875 615.328125 556.34375 531.09375 564.171875 611.34375 618.765625 632.640625 611.9375 528.40625
-3.4e+38 -3.4e+38 -3.4e+38 1117.63636363636 1129.75409836066 1146.5 1113.53125 1139.515625 1196.578125 1141.21875 1044.640625 1076.46875 1017.71875 1090.875 1167.703125 1102.90625 1025.875 1051.703125 1065.1875 1100.125 1112.8125 1124.234375 1083.53125 1001.265625 884.703125 941.421875 949.296875 911.96875 983.125 1045.4375 1025.25 1061.390625 1031.421875 976.375 977.875 942.21875 859.71875 746.328125 616.96875 556.703125 598.296875 621.65625 621.078125 607.59375 594.34375 601.125 607.53125 597.53125 576.484375 575.4375 610.171875 591.953125 589.5 627.125 647.234375 648.03125 648.65625 610.875 530.28125
-3.4e+38 -3.4e+38 -3.4e+38 -3.4e+38 1134.73333333333 1132.41935483871 1156.171875 1170.84375 1153.25 1152.265625 1042.28125 1151.640625 1127.421875 1101.484375 1058.734375 1059 1160.21875 1134.28125 1121.96875 1156 1153.859375 1136.390625 1092.359375 966.8125 976.234375 1015.265625 1032.328125 990.234375 1047.21875 1085.640625 1094.5 1086.453125 1067.609375 936.859375 743.75 887.90625 795.1875 725.140625 545.15625 537.921875 562.015625 625.015625 647.890625 641.71875 647.40625 644.375 626.34375 614.96875 603.921875 568.359375 571.859375 620.546875 634.859375 640.703125 654.796875 639.921875 638.8125 551.453125 505.03125
-3.4e+38 -3.4e+38 -3.4e+38 -3.4e+38 -3.4e+38 1141.85714285714 1164.296875 1204 1204.109375 1185.796875 1135.203125 1209.84375 1114.0625 977 920.46875 988.0625 1093.734375 1058.171875 1170.53125 1098.03125 1140.46875 1144.546875 1112.46875 995.875 1100.546875 1070.640625 1069.09375 1072.796875 1084.453125 1126.890625 1106 1069.453125 1064.84375 948.84375 819.59375 890.390625 785.28125 664.125 549.6875 521.984375 576.375 638.84375 661.21875 681.21875 656.734375 645.171875 664.140625 650.5 617.3125 597.953125 606.546875 654.6875 665.3125 626.46875 642.25 670.765625 645.9375 535 476.84375
-3.4e+38 -3.4e+38 -3.4e+38 -3.4e+38 1130 1141.36363636364 1192.90625 1216.8125 1198.15625 1182.5625 1190.859375 1240.375 1149.015625 981.921875 1130.015625 1002.828125 972.328125 1109.28125 1140.03125 1162.59375 1219.125 1210.703125 1116.921875 1022.828125 1165.75 1115.765625 1090.171875 1106.578125 1160.125 1173.875 1146.484375 1028.765625 966.234375 926.234375 948.453125 929.21875 839.46875 635.953125 548.296875 514.109375 527.890625 673.0625 686.09375 696.1875 643.96875 608.1875 639.1875 632.234375 693.265625 680.265625 664.9375 690.34375 715.109375 712.34375 709.53125 716.71875 711.390625 650.40625 547.234375
-3.4e+38 -3.4e+38 -3.4e+38 -3.4e+38 1138.57142857143 1151.375 1220.421875 1190.921875 1173.421875 1144.5625 1143.875 1133.015625 1139.546875 1104.71875 1158.21875 1071.109375 992.796875 1097.953125 1062.375 1187.875 1223.515625 1215.375 1170.828125 1094.328125 1153.78125 1140.828125 1144.109375 1176.953125 1181.953125 1189.328125 1177.125 1136.59375 1098.703125 977.25 812.078125 865.96875 790.59375 504.46875 531.359375 616.765625 659.078125 694.953125 702.328125 709.09375 632.28125 582.5 582.09375 623.546875 687.171875 709.6875 702.890625 720.4375 733.375 736.421875 717.484375 728.1875 732.3125 717.9375 605.875
-3.4e+38 -3.4e+38 -3.4e+38 -3.4e+38 1144.125 1156.546875 1210.953125 1127.296875 1080.109375 1034.21875 1042.671875 1156.359375 1158.390625 1155.46875 1148.828125 1074.015625 1092.703125 1044.421875 1107.09375 1166.125 1199.484375 1196.40625 1187.046875 1144.890625 1146.515625 1164.109375 1135.59375 1157.859375 1203.25 1193.84375 1134.921875 1090.84375 1035.15625 1057.234375 904.796875 773.96875 709.34375 609.40625 550.71875 642.0625 579.40625 651.53125 697.59375 719.5 721.21875 664.765625 605.953125 611.734375 679.34375 689.0625 684.625 720.578125 729.578125 723.5625 687.78125 682.984375 730.078125 745 704.625
-3.4e+38 -3.4e+38 -3.4e+38 -3.4e+38 1135.0625 1147.578125 1214.890625 1140.1875 1143.484375 1079.25 1081.625 1075.609375 1110.21875 1050.828125 1031.234375 1124.515625 1069.375 1015.390625 1138.46875 1140.125 1138.515625 1139.984375 1162.171875 1140.421875 1124.765625 1106.828125 984.78125 1073.796875 1180.171875 1177.265625 1070.515625 974.53125 939.65625 926.375 890.640625 823.515625 708.796875 619.203125 549.390625 541.3125 414.75 524.09375 692.171875 737.640625 762.234375 717.65625 728.046875 758.46875 710.359375 750.046875 747.90625 732.65625 670.390625 645.28125 699.890625 692.4375 722.5 731.984375 688.390625
-3.4e+38 -3.4e+38 -3.4e+38 -3.4e+38 1129.55555555556 1136.328125 1177.453125 1182.5 1146.125 1142.65625 1175.703125 1159.578125 1111.390625 1126.625 1081.3125 1038.171875 1091.90625 1121.515625 1142.484375 1125.46875 1127.59375 1034.765625 1080.53125 1150.71875 1159.453125 1130.640625 1095.515625 1027.71875 1045.1875 1111.28125 1144.53125 1018.703125 898.78125 869.859375 796.328125 721.140625 677.578125 622.34375 588.25 615.984375 632.125 644.890625 712.765625 750.734375 785.359375 764.859375 748.34375 773.71875 767.875 766.703125 770.703125 760.546875 746.9375 731.640625 737.40625 729.03125 661.84375 670.890625 662.84375
-3.4e+38 -3.4e+38 -3.4e+38 -3.4e+38 -3.4e+38 1125.93333333333 1151.40625 1193.078125 1154.75 1183.96875 1205.5 1150.78125 1032.6875 1069.46875 1036.03125 1005.84375 1085.40625 1139.328125 1083.78125 1062.4375 963.078125 985.4375 1123.265625 1139.03125 1123.703125 1068.375 1135.171875 1048.625 937.375 941.359375 998.140625 1057.15625 1063.9375 930.71875 780.859375 702.46875 690.921875 722.125 734.953125 638.6875 693.28125 756.125 735.515625 737.046875 780 828.703125 802.359375 788.65625 776.375 779.765625 772.296875 771.984375 766.375 747.21875 762.828125 765.203125 724.03125 683.75 669.6875
