Cases/SDM_Urocitellus_beldingi/westernUsClimate_historic/BIO03.asc
NCOLS 316 
NROWS 299 
XLLCORNER -124.820833001 
YLLCORNER 29.1625003333339 
CELLSIZE 0.0666666666645545 
NODATA_value -3.4e+38 
[rows 140 to 167 of 299, columns 0 to 63 of 316]
-3.4e+38 -3.4e+38 -3.4e+38 -3.4e+38 -3.4e+38 -3.4e+38 -3.4e+38 -3.4e+38 -3.4e+38 -3.4e+38 -3.4e+38 -3.4e+38 -3.4e+38 63 62.1636363636364 58.609375 51.28125 49.953125 48.0625 52.4375 47.328125 48.78125 47.453125 49.796875 49.71875 46.53125 35.859375 37.46875 39.65625 33.96875 36 41.375 34.984375 38.1875 40.578125 40.84375 41.09375 41.953125 42.953125 43 43.5625 44.5 45.015625 45.9375 45.890625 45.28125 43.375 41.671875 40.390625 41.296875 41.484375 40.875 40.5625 42.71875 42.03125 39.40625 41.390625 42.03125 42.234375 42.4375 42.140625 42.171875 44.640625 48.640625
-3.4e+38 -3.4e+38 -3.4e+38 -3.4e+38 -3.4e+38 -3.4e+38 -3.4e+38 -3.4e+38 -3.4e+38 -3.4e+38 -3.4e+38 -3.4e+38 -3.4e+38 -3.4e+38 62.04 61.296875 56.1875 49.25 46.5 50.90625 49.171875 46.484375 46 43.09375 46.703125 49.109375 41.703125 34.03125 39.765625 34.953125 34.625 36.65625 39.515625 42.25 42.421875 41.125 41.90625 43.203125 43.90625 44.109375 44.34375 44.953125 45.125 46 46.171875 45.984375 45.078125 44.140625 42.796875 40.375 41.953125 43.25 42.921875 42.125 41.734375 43 43.984375 43.34375 44.3125 41.5625 41.5625 41.484375 41.09375 41.109375
-3.4e+38 -3.4e+38 -3.4e+38 -3.4e+38 -3.4e+38 -3.4e+38 -3.4e+38 -3.4e+38 -3.4e+38 -3.4e+38 -3.4e+38 -3.4e+38 -3.4e+38 -3.4e+38 63.6875 63.96875 59.671875 56.46875 51.5625 47.609375 50.234375 51.15625 49.796875 40.671875 42.859375 47.828125 46.0625 35.90625 34.90625 40.296875 35.046875 34.03125 37.53125 44.46875 43.109375 41.953125 42.828125 44.015625 44.9375 45.0625 45 45 45.015625 45.5 45.46875 45.515625 45.03125 44.625 42.625 41.546875 41.625 43.59375 44.34375 44.09375 43.765625 45.25 45.234375 43.09375 40.234375 43.3125 45.296875 42.734375 42.296875 43.109375
-3.4e+38 -3.4e+38 -3.4e+38 -3.4e+38 -3.4e+38 -3.4e+38 -3.4e+38 -3.4e+38 -3.4e+38 -3.4e+38 -3.4e+38 -3.4e+38 -3.4e+38 -3.4e+38 64.6666666666667 64.109375 62.625 58.140625 55.078125 47.453125 47.609375 49.515625 47.84375 50.078125 46.328125 38.15625 39.203125 39.578125 35.796875 44.4375 39.28125 35.09375 35.34375 44.84375 43.59375 42.421875 43.515625 44.546875 45.09375 45.390625 45 45 45.015625 45.015625 45.015625 45 44.984375 44.875 43.734375 43.234375 40.8125 42.984375 44.375 45.34375 44.484375 45.09375 45.796875 44.375 43.90625 42.96875 43.375 41.21875 41.75 43.09375
-3.4e+38 -3.4e+38 -3.4e+38 -3.4e+38 -3.4e+38 -3.4e+38 -3.4e+38 -3.4e+38 -3.4e+38 -3.4e+38 -3.4e+38 -3.4e+38 -3.4e+38 -3.4e+38 66.3953488372093 65.625 62.46875 58.4375 55.90625 54.125 51.78125 51.046875 51.484375 51.078125 50.015625 46.28125 37.203125 48.09375 46.828125 47.109375 37.734375 34.515625 38.8125 44.15625 44.921875 43.265625 44.125 44.4375 44.171875 43.484375 43.921875 44.921875 45.03125 45.015625 45.03125 45 44.609375 44.25 44.0625 43.984375 41.828125 43.171875 44.875 45.25 44.96875 45.671875 45.296875 42.921875 42.09375 42.75 43.25 41.34375 41.796875 43.34375
-3.4e+38 -3.4e+38 -3.4e+38 -3.4e+38 -3.4e+38 -3.4e+38 -3.4e+38 -3.4e+38 -3.4e+38 -3.4e+38 -3.4e+38 -3.4e+38 -3.4e+38 -3.4e+38 67 64.9375 61.375 58.8125 58.71875 55.390625 52.671875 50.71875 53.609375 48.65625 49.65625 48.96875 44.84375 47.9375 50.390625 45.515625 35.1875 35.453125 41.46875 46.703125 46.90625 44.265625 44.703125 44.734375 43.609375 42.609375 43.875 44.9375 45 45 45 45 45 44.921875 44.109375 43.796875 42.640625 41.65625 43.953125 44.921875 45.203125 45.765625 45.90625 46.046875 44.984375 41.5625 44 41.140625 40.75 42.40625
-3.4e+38 -3.4e+38 -3.4e+38 -3.4e+38 -3.4e+38 -3.4e+38 -3.4e+38 -3.4e+38 -3.4e+38 -3.4e+38 -3.4e+38 -3.4e+38 -3.4e+38 -3.4e+38 65.6111111111111 64.3125 60.34375 57.75 58.4375 57.34375 53.4375 49.5625 49.671875 47.234375 51.171875 51.84375 47.21875 41.0625 44.5 46.4375 39.15625 36.78125 42 43.3125 47.765625 45.25 45.859375 45.1875 44.375 44.015625 44.828125 45 45 45 45 45 45 45 44.109375 43.453125 42.96875 42.265625 43 45.109375 45 45.6875 46.609375 46.96875 47.03125 46.140625 44.640625 42.90625 43.765625 44.5625
-3.4e+38 -3.4e+38 -3.4e+38 -3.4e+38 -3.4e+38 -3.4e+38 -3.4e+38 -3.4e+38 -3.4e+38 -3.4e+38 -3.4e+38 -3.4e+38 -3.4e+38 -3.4e+38 64.21875 65.046875 61.46875 58.140625 57.75 57.703125 54.03125 52.65625 50.1875 52.46875 51.671875 51.328125 50.265625 43.984375 43.359375 40.6875 42.046875 37.03125 39.96875 43.296875 45.53125 44.84375 45.140625 45.71875 45 44.984375 45 45 44.828125 45 44.546875 44.375 44.96875 44.953125 44 43.25 43.078125 43.25 42.71875 42.96875 44.421875 45.890625 46.578125 46.65625 47.140625 44.71875 42.78125 40.015625 40.90625 41.59375
-3.4e+38 -3.4e+38 -3.4e+38 -3.4e+38 -3.4e+38 -3.4e+38 -3.4e+38 -3.4e+38 -3.4e+38 -3.4e+38 -3.4e+38 -3.4e+38 -3.4e+38 -3.4e+38 63.5 64 62.015625 58.09375 57.546875 57.25 53.96875 51.8125 49.78125 52.015625 52.09375 46.890625 45.578125 48 48.859375 43.234375 39.578125 42.8125 41.90625 42.40625 43.1875 44.53125 45.234375 45.359375 45.40625 45.140625 45 45 45 45 44.140625 43.96875 44.921875 45 44.484375 43.609375 42.9375 43.75 43.03125 42.59375 43.921875 44.90625 45 45.71875 47.234375 45.546875 42.328125 43.359375 41.171875 41.171875
-3.4e+38 -3.4e+38 -3.4e+38 -3.4e+38 -3.4e+38 -3.4e+38 -3.4e+38 -3.4e+38 -3.4e+38 -3.4e+38 -3.4e+38 -3.4e+38 -3.4e+38 -3.4e+38 -3.4e+38 61.3125 61.40625 57.078125 56.390625 56.640625 53.984375 50.4375 43.9375 49.359375 52.65625 47.515625 42.875 47.5 50.328125 48.578125 41.5625 43.375 42.125 43.828125 44.921875 44.109375 45.28125 45.703125 46 45.9375 45.578125 45.125 45 45 45 45 45 45 44.953125 43.78125 42.921875 43.296875 43.9375 43.40625 44.078125 44.96875 45.125 45.4375 44.421875 41.59375 40.453125 40.71875 40.484375 41.296875
-3.4e+38 -3.4e+38 -3.4e+38 -3.4e+38 -3.4e+38 -3.4e+38 -3.4e+38 -3.4e+38 -3.4e+38 -3.4e+38 -3.4e+38 -3.4e+38 -3.4e+38 -3.4e+38 -3.4e+38 61 61.640625 58.90625 54.15625 53.015625 54.390625 53.328125 46.90625 47.625 51.15625 48.265625 41.9375 46.375 49.515625 49.640625 48.171875 43.609375 45.234375 46.53125 44.5625 42.703125 44.1875 44.53125 46.78125 46.625 46.109375 45.875 45.40625 45.65625 45.1875 45 45 45 44.921875 44.078125 43.15625 43.078125 43.921875 43.953125 43.859375 44.828125 45.140625 44.1875 44.140625 41.296875 40.265625 41.21875 41.953125 41.5
-3.4e+38 -3.4e+38 -3.4e+38 -3.4e+38 -3.4e+38 -3.4e+38 -3.4e+38 -3.4e+38 -3.4e+38 -3.4e+38 -3.4e+38 -3.4e+38 -3.4e+38 -3.4e+38 -3.4e+38 61 60.8125 58.34375 54.921875 52.421875 52.484375 53.578125 51.90625 47.828125 49.5 51.921875 47.4375 43.96875 47.875 49.109375 45.46875 47.46875 46.84375 46.421875 47.140625 44.046875 43.390625 43.15625 47.0625 46.765625 46.8125 46.03125 45.703125 45.5625 45.46875 45.640625 45.125 45.03125 44.875 44.140625 43.921875 43.78125 44.171875 44.40625 43.890625 43.640625 44.09375 44.515625 43.921875 42.59375 42.765625 42.21875 41.046875 41.109375
-3.4e+38 -3.4e+38 -3.4e+38 -3.4e+38 -3.4e+38 -3.4e+38 -3.4e+38 -3.4e+38 -3.4e+38 -3.4e+38 -3.4e+38 -3.4e+38 -3.4e+38 -3.4e+38 -3.4e+38 62.6 62.265625 61.515625 54.609375 51.96875 51.6875 52.53125 51.96875 47.4375 45.796875 49.3125 51.15625 43.625 44.65625 46.8125 43.046875 43.5 47.015625 47.609375 43.828125 43.921875 44.734375 44.6875 45.875 44.984375 47.5625 46.71875 46.109375 46.078125 45.953125 46.015625 46.0625 45.828125 45.25 44.890625 44.65625 44.84375 45.296875 45.46875 44.46875 43.203125 43.609375 44.640625 44.703125 43.375 41.921875 40.546875 41.3125 42.328125
-3.4e+38 -3.4e+38 -3.4e+38 -3.4e+38 -3.4e+38 -3.4e+38 -3.4e+38 -3.4e+38 -3.4e+38 -3.4e+38 -3.4e+38 -3.4e+38 -3.4e+38 -3.4e+38 -3.4e+38 63 63.0408163265306 62.65625 57.3125 53.515625 53.21875 52.109375 49.703125 50.03125 50.546875 48.84375 50.71875 44.703125 44.09375 42.78125 42.875 42.28125 43.625 45.90625 46 43.78125 43.515625 43.265625 45.09375 45.4375 46.953125 47.734375 46.921875 46.796875 46.828125 46.875 46.96875 46.75 46.015625 45.125 45 45 45.890625 45.859375 44.859375 43.828125 44.25 45.15625 45.046875 44.65625 44.421875 43.21875 41.0625 40.734375
-3.4e+38 -3.4e+38 -3.4e+38 -3.4e+38 -3.4e+38 -3.4e+38 -3.4e+38 -3.4e+38 -3.4e+38 -3.4e+38 -3.4e+38 -3.4e+38 -3.4e+38 -3.4e+38 -3.4e+38 -3.4e+38 64 63.8958333333333 62.953125 59.25 56.140625 54.40625 52.0625 47.8125 50.453125 50.625 51.890625 52.265625 49.390625 45.59375 42.078125 41.359375 44.578125 48.65625 47.609375 47.34375 45.6875 43.765625 43.921875 47.625 45.265625 47.9375 47.390625 47.4375 47.296875 47.625 47.546875 47.03125 46.6875 45.640625 45 45 45.234375 45.34375 44.40625 44.078125 45 45.53125 45.4375 45.875 46.078125 44.546875 44.625 44.484375
-3.4e+38 -3.4e+38 -3.4e+38 -3.4e+38 -3.4e+38 -3.4e+38 -3.4e+38 -3.4e+38 -3.4e+38 -3.4e+38 -3.4e+38 -3.4e+38 -3.4e+38 -3.4e+38 -3.4e+38 -3.4e+38 -3.4e+38 64 64.0416666666667 63.4754098360656 61.125 55.796875 53.8125 50.375 47.96875 49.65625 52.125 53.65625 53.953125 49.984375 47.8125 44 46.078125 47.171875 47.859375 48.25 47.609375 46.34375 45.9375 45.984375 47.546875 48 47.90625 47.984375 47.921875 48 48 47.4375 46.875 46.046875 45.140625 44.609375 44.71875 44.328125 43.015625 43.421875 44.5625 45.109375 45.90625 46.03125 45.84375 43.6875 43.78125 43.1875
-3.4e+38 -3.4e+38 -3.4e+38 -3.4e+38 -3.4e+38 -3.4e+38 -3.4e+38 -3.4e+38 -3.4e+38 -3.4e+38 -3.4e+38 -3.4e+38 -3.4e+38 -3.4e+38 -3.4e+38 -3.4e+38 -3.4e+38 -3.4e+38 -3.4e+38 63.1333333333333 64.5081967213115 59.328125 55.671875 54.84375 53.75 49.046875 50.625 53.203125 55.3125 57.359375 54.40625 53.6875 48.40625 45.796875 45.640625 48.765625 48.453125 48.796875 47.703125 44.40625 45.890625 48 48 48 48.015625 48.09375 48.15625 47.6875 46.71875 45.671875 45 44.609375 44.125 44.140625 43.828125 43.34375 44.71875 45.28125 46.046875 46.015625 46.25 45.734375 46.796875 45.46875
-3.4e+38 -3.4e+38 -3.4e+38 -3.4e+38 -3.4e+38 -3.4e+38 -3.4e+38 -3.4e+38 -3.4e+38 -3.4e+38 -3.4e+38 -3.4e+38 -3.4e+38 -3.4e+38 -3.4e+38 -3.4e+38 -3.4e+38 -3.4e+38 -3.4e+38 -3.4e+38 65.2 64.672131147541 57.6875 53.421875 52.71875 51.921875 52.6875 52.109375 55.484375 57.875 57.03125 53.890625 53.046875 53.453125 49.578125 48.0625 49.8125 48.421875 47.796875 46.75 45.484375 47.859375 48 48.046875 48.40625 49 48.78125 47.828125 46.46875 45.125 45 45.15625 45.171875 44.984375 44.140625 43.65625 44.15625 45.296875 45.578125 45.75 46.0625 46.640625 46.140625 44.765625
-3.4e+38 -3.4e+38 -3.4e+38 -3.4e+38 -3.4e+38 -3.4e+38 -3.4e+38 -3.4e+38 -3.4e+38 -3.4e+38 -3.4e+38 -3.4e+38 -3.4e+38 -3.4e+38 -3.4e+38 -3.4e+38 -3.4e+38 -3.4e+38 -3.4e+38 -3.4e+38 -3.4e+38 65.0666666666667 65.1639344262295 60.5 51.96875 53.703125 56.484375 56.171875 56.890625 58.8125 58.71875 55.34375 51.546875 49.234375 51.9375 52.78125 49.671875 48.375 47.453125 47.9375 47.171875 47.984375 48.109375 48.609375 48.84375 49 49 48.234375 46.953125 45.9375 45.703125 45.875 45.6875 45 45 44.421875 44.171875 44.96875 45.859375 45.984375 46.03125 46 45.3125 44.75
-3.4e+38 -3.4e+38 -3.4e+38 -3.4e+38 -3.4e+38 -3.4e+38 -3.4e+38 -3.4e+38 -3.4e+38 -3.4e+38 -3.4e+38 -3.4e+38 -3.4e+38 -3.4e+38 -3.4e+38 -3.4e+38 -3.4e+38 -3.4e+38 -3.4e+38 -3.4e+38 -3.4e+38 -3.4e+38 65.4666666666667 65.6333333333333 64.890625 60 58.21875 56.359375 58.359375 59.453125 59.625 59.59375 56.96875 52.4375 49.53125 52.984375 53.921875 49.59375 47.875 47.8125 47.640625 48.390625 48.8125 49.65625 49.21875 49.078125 49 48.5 47.625 47.0625 46.609375 46.390625 46.046875 45.71875 45.625 44.984375 44.3125 44.859375 46.078125 46.578125 46.203125 46.4375 45.296875 44.53125
-3.4e+38 -3.4e+38 -3.4e+38 -3.4e+38 -3.4e+38 -3.4e+38 -3.4e+38 -3.4e+38 -3.4e+38 -3.4e+38 -3.4e+38 -3.4e+38 -3.4e+38 -3.4e+38 -3.4e+38 -3.4e+38 -3.4e+38 -3.4e+38 -3.4e+38 -3.4e+38 -3.4e+38 -3.4e+38 -3.4e+38 65.8 65.5555555555556 64.484375 58.796875 55.140625 57.53125 59.765625 60.015625 60.5 56.6875 54.15625 53.71875 49.84375 52.609375 53.8125 48.515625 47.375 47.84375 48.40625 50.46875 51.203125 50.21875 49.40625 49 48.984375 48.53125 48.109375 47.484375 47.015625 46.546875 46.03125 45.59375 45.03125 44.734375 44.390625 45.453125 45.546875 44.609375 44.984375 43.3125 44.921875
-3.4e+38 -3.4e+38 -3.4e+38 -3.4e+38 -3.4e+38 -3.4e+38 -3.4e+38 -3.4e+38 -3.4e+38 -3.4e+38 -3.4e+38 -3.4e+38 -3.4e+38 -3.4e+38 -3.4e+38 -3.4e+38 -3.4e+38 -3.4e+38 -3.4e+38 -3.4e+38 -3.4e+38 -3.4e+38 -3.4e+38 -3.4e+38 -3.4e+38 63.9166666666667 63.515625 62.53125 61.609375 59.46875 59.34375 59.796875 58.65625 51.4375 54.9375 52.953125 50.671875 56.578125 54.125 47.390625 48.921875 48.4375 50.734375 50.53125 50.015625 49.359375 49.078125 49.734375 49.609375 49.515625 48.59375 47.828125 47.109375 46.5625 45.859375 45.140625 45 44.1875 45 44.84375 44.265625 45.875 45.953125 44.375
-3.4e+38 -3.4e+38 -3.4e+38 -3.4e+38 -3.4e+38 -3.4e+38 -3.4e+38 -3.4e+38 -3.4e+38 -3.4e+38 -3.4e+38 -3.4e+38 -3.4e+38 -3.4e+38 -3.4e+38 -3.4e+38 -3.4e+38 -3.4e+38 -3.4e+38 -3.4e+38 -3.4e+38 -3.4e+38 -3.4e+38 -3.4e+38 -3.4e+38 64 64.344262295082 63.84375 62.6875 61.078125 60.1875 59.3125 59.015625 57.21875 56.1875 59.5 54.828125 56 53.765625 47.796875 50.78125 50.9375 50.09375 49.296875 49.140625 49.25 49.078125 49.671875 50 50 49.734375 48.578125 47.71875 47.140625 46.375 46 45.828125 45.296875 45.125 44.484375 45.0625 45.65625 45.59375 44.296875
-3.4e+38 -3.4e+38 -3.4e+38 -3.4e+38 -3.4e+38 -3.4e+38 -3.4e+38 -3.4e+38 -3.4e+38 -3.4e+38 -3.4e+38 -3.4e+38 -3.4e+38 -3.4e+38 -3.4e+38 -3.4e+38 -3.4e+38 -3.4e+38 -3.4e+38 -3.4e+38 -3.4e+38 -3.4e+38 -3.4e+38 -3.4e+38 -3.4e+38 -3.4e+38 65 64.796875 62.78125 59.15625 57.140625 57.21875 57.71875 57.546875 55.78125 56.15625 57.046875 56.765625 55.6875 49.53125 51.53125 50.65625 50.546875 50.125 49.40625 49.125 48.53125 48.34375 49.21875 49.921875 49.828125 48.84375 48.125 47.703125 47.015625 46.453125 46.4375 46.59375 46.75 46.640625 46.859375 46.25 46.109375 44.21875
-3.4e+38 -3.4e+38 -3.4e+38 -3.4e+38 -3.4e+38 -3.4e+38 -3.4e+38 -3.4e+38 -3.4e+38 -3.4e+38 -3.4e+38 -3.4e+38 -3.4e+38 -3.4e+38 -3.4e+38 -3.4e+38 -3.4e+38 -3.4e+38 -3.4e+38 -3.4e+38 -3.4e+38 -3.4e+38 -3.4e+38 -3.4e+38 -3.4e+38 -3.4e+38 63.6428571428571 63.671875 62.53125 59.4375 55.625 55.171875 54.515625 55.765625 56.53125 56.84375 56.625 56.5 55.359375 50.703125 50.78125 50.796875 50.78125 50.75 50.21875 49.4375 48.609375 48 48 48.484375 49.109375 48.953125 48.828125 48.0625 47.703125 47 47 47.046875 47.609375 48.484375 47.40625 43.9375 46.5625 46.0625
-3.4e+38 -3.4e+38 -3.4e+38 -3.4e+38 -3.4e+38 -3.4e+38 -3.4e+38 -3.4e+38 -3.4e+38 -3.4e+38 -3.4e+38 -3.4e+38 -3.4e+38 -3.4e+38 -3.4e+38 -3.4e+38 -3.4e+38 -3.4e+38 -3.4e+38 -3.4e+38 -3.4e+38 -3.4e+38 -3.4e+38 -3.4e+38 -3.4e+38 -3.4e+38 63.0833333333333 63.03125 62.65625 58.28125 58.59375 55.703125 53 52.921875 56.578125 57.140625 55.890625 54.734375 53.109375 50.796875 51.421875 51.0625 50.296875 50 49.296875 48.984375 48.4375 48.03125 48.046875 48.046875 48.421875 48.484375 48.109375 47.984375 47.3125 47 47 47 47 47.609375 44.671875 44.6875 44.875 45.375
-3.4e+38 -3.4e+38 -3.4e+38 -3.4e+38 -3.4e+38 -3.4e+38 -3.4e+38 -3.4e+38 -3.4e+38 -3.4e+38 -3.4e+38 -3.4e+38 -3.4e+38 -3.4e+38 -3.4e+38 -3.4e+38 -3.4e+38 -3.4e+38 -3.4e+38 -3.4e+38 -3.4e+38 -3.4e+38 -3.4e+38 -3.4e+38 -3.4e+38 -3.4e+38 63.6363636363636 63.734375 63.890625 62.625 56.453125 53.515625 52.9375 54.421875 56.46875 57.015625 54.921875 53.78125 51.15625 48.4375 50.21875 50.703125 50.515625 49.671875 49.796875 49.046875 48.875 48.515625 48 48 48 47.96875 47.40625 46.9375 46.6875 46.984375 47 46.828125 46.90625 47.015625 46.484375 44.53125 45.125 44.375
-3.4e+38 -3.4e+38 -3.4e+38 -3.4e+38 -3.4e+38 -3.4e+38 -3.4e+38 -3.4e+38 -3.4e+38 -3.4e+38 -3.4e+38 -3.4e+38 -3.4e+38 -3.4e+38 -3.4e+38 -3.4e+38 -3.4e+38 -3.4e+38 -3.4e+38 -3.4e+38 -3.4e+38 -3.4e+38 -3.4e+38 -3.4e+38 -3.4e+38 -3.4e+38 64 64.6206896551724 64.1428571428571 63.2142857142857 59.6 58.671875 55.5 52.40625 57.6875 57.625 56.15625 53.65625 50.203125 49.640625 49.78125 50.921875 50.15625 48.078125 47.96875 50.453125 49.21875 48.515625 48 48 48 47.328125 46.421875 46 46 46.65625 47 46.09375 46.125 46.59375 47.015625 45.265625 46.296875 45.84375
