Cases/SDM_Urocitellus_beldingi/westernUsClimate_historic/BIO02.asc
NCOLS 316 
NROWS 299 
XLLCORNER -124.820833001 
YLLCORNER 29.1625003333339 
CELLSIZE 0.0666666666645545 
NODATA_value -3.4e+38 
[rows 225 to 249 of 299, columns 228 to 284 of 316]
1632.3125 1635 1622.421875 1673.078125 1720.234375 1735.625 1774.90625 1821.0625 1862.65625 1770.53125 1759.296875 1761.96875 1843.5 1619.140625 1551.296875 1617.609375 1535.203125 1435.9375 1485.484375 1493.96875 1575.96875 1865.578125 1925.34375 1920.734375 1917.1875 1918.53125 1931.484375 1942.4375 1942.65625 1924.34375 1914.6875 1903.9375 1800.9375 1736.34375 1717.171875 1567.671875 1453.34375 1592.390625 1660.171875 1680.734375 1807.640625 1839.390625 1722.9375 1652.71875 1651.90625 1590.046875 1695.96875 1758.75 1721.671875 1660.046875 1629.78125 1581.546875 1630.28125 1655.484375 1612.25 1565.40625 1505.859375
1610.1875 1638.40625 1643.09375 1649.6875 1652.46875 1697.265625 1781.875 1650.859375 1703.859375 1618.515625 1770.546875 1800.46875 1810.515625 1933.78125 1889.375 1786.15625 1842.21875 1677.484375 1512.421875 1596.25 1599.203125 1801.421875 1627.5 1934.78125 1985.71875 1989.828125 1971.609375 1963.59375 1956.65625 1915.703125 1798.546875 1820.140625 1761.546875 1751.21875 1655.546875 1486.140625 1433.484375 1494.28125 1591.984375 1686.1875 1751.875 1846.0625 1723.03125 1675.5 1680.703125 1686.546875 1745.859375 1766.359375 1713.28125 1643.15625 1629.296875 1564.71875 1613.484375 1621.1875 1608.109375 1602.765625 1576.515625
1544.609375 1605.4375 1658.9375 1659.015625 1670.28125 1719.40625 1723.671875 1497.4375 1670 1631.421875 1939.078125 1993.9375 1819.375 1804.265625 1933.53125 1704.296875 1951.140625 1980.1875 1903.3125 1998.296875 1973.671875 2008.9375 1974.203125 2003.4375 1999.8125 1994.25 1972.140625 1970.8125 1954.984375 1797.671875 1486.046875 1442.328125 1461.34375 1693.359375 1673.453125 1591.671875 1461.484375 1483.765625 1590.40625 1675.78125 1738.046875 1887.453125 1775.46875 1704.328125 1742.6875 1779.9375 1779.671875 1748.8125 1684.90625 1638.765625 1583.25 1512.265625 1589.671875 1641.828125 1628.5625 1627.359375 1589.671875
1612.671875 1635.09375 1679.546875 1683.421875 1714.921875 1712.046875 1707.5625 1661.078125 1751.859375 1835.1875 2055.796875 1981.90625 1673.765625 1731.875 1968.953125 2025.796875 1833.1875 1676.09375 1800.734375 1952.203125 2021.71875 2026.1875 2016.109375 2008.625 2009.015625 1832 1811.953125 1943.40625 1929.703125 1485.1875 1320.09375 1281.296875 1355.75 1536.734375 1736.5625 1698.28125 1551.859375 1600.65625 1658.890625 1682.125 1762.734375 1928.203125 1798.0625 1704.265625 1786.890625 1796.609375 1769.21875 1701.609375 1657.046875 1611.9375 1524.125 1482.15625 1517.046875 1622.921875 1665.90625 1641.40625 1609.34375
1777.15625 1759.484375 1760.890625 1784.890625 1769.5 1738.953125 1718.421875 1696.859375 1794.46875 1988.5 1932.828125 1713 1909.578125 2051.8125 2023.578125 1900.8125 1597.609375 1575.21875 1819.5 2006.375 2033.578125 1990.78125 1994.484375 1913.34375 1877.5625 1537.421875 1431.078125 1792.765625 1887.90625 1802.46875 1524.421875 1350.203125 1368.953125 1581.65625 1710.671875 1742.578125 1670.34375 1673.390625 1682.15625 1701.40625 1814.1875 1919.171875 1821.390625 1758.015625 1795.71875 1790.25 1753.328125 1662.71875 1594.75 1529.953125 1476.4375 1456.53125 1569.078125 1631.96875 1646.03125 1634.984375 1613.34375
1836.421875 1882.5 1869.765625 1857.65625 1813.109375 1767.140625 1747.03125 1756.703125 1985 1651.65625 1566.53125 1941.15625 2119.796875 2081.296875 1814.59375 1645.328125 1537.71875 1501.65625 1656.109375 1995.59375 1982.15625 1497.703125 1512.5 1690.53125 1734.296875 1742.046875 1567.421875 1633.703125 1679.859375 1845.0625 1645.953125 1433.359375 1415.015625 1537.6875 1655.734375 1689.921875 1716.546875 1708.671875 1717.90625 1797.640625 1902.328125 1807.6875 1825.71875 1817.40625 1802.625 1788.140625 1762.203125 1665.203125 1558.453125 1502.953125 1463.203125 1483.328125 1601.890625 1623.109375 1604.765625 1620.859375 1611.90625
1770.484375 1877.171875 1775.15625 1684.515625 1661.734375 1663.84375 1727.109375 1886.5 1694.5 1557.8125 1834.25 1966.75 1956.25 1818.234375 1704.796875 1525.359375 1726.296875 1874.03125 1920.078125 1816.953125 1643.9375 1427.765625 1370.0625 1533.75 1823.953125 1867.0625 1741.765625 1610.75 1673.3125 1812.734375 1670.484375 1430.71875 1380.28125 1450.78125 1564.328125 1667.671875 1703.375 1703.75 1787.296875 1847.578125 1808.140625 1775.546875 1813.46875 1810.78125 1802.078125 1788.921875 1767.171875 1666.359375 1542.90625 1539.734375 1616.3125 1602.125 1630.484375 1609.78125 1615.609375 1616.125 1605.71875
1743.5 1726.140625 1560.15625 1584.453125 1627.75 1670.65625 1877.515625 1928.40625 1623.515625 1798.34375 1844.515625 1889.578125 1918.15625 1640.078125 1889.140625 1889.765625 1638.328125 1725.84375 1816.3125 1478.546875 1580.40625 1744.734375 1737.03125 1811.21875 1830.46875 1920.453125 1752.1875 1478.390625 1664.875 1824.03125 1713.078125 1519.46875 1409.125 1477.734375 1582.53125 1681.140625 1693.640625 1731.0625 1830.28125 1805.03125 1770.859375 1791.6875 1800.171875 1801.203125 1785.671875 1777.3125 1730.796875 1643.078125 1565.921875 1492.953125 1635.109375 1634.75 1658.5 1627.359375 1631.515625 1607.875 1591.296875
1822.234375 1856.109375 1819.328125 1715.734375 1594.546875 1764.25 1770.1875 1529.765625 1535.328125 1862.609375 2008.390625 1905.828125 1678.5 1565.828125 1678.234375 1658.171875 1632.90625 1643.8125 1598.8125 1709.109375 1898.65625 2012.375 1981.078125 1867.953125 1857.046875 1924.5 1667.28125 1544.765625 1735.21875 1741.84375 1679.296875 1687 1508.40625 1526.40625 1628.875 1657.328125 1675.203125 1756.0625 1804.265625 1750.609375 1743.578125 1748.140625 1780.984375 1789.09375 1780.84375 1742.6875 1667.046875 1559.296875 1630.53125 1598.421875 1651.75 1692.265625 1661.4375 1630.59375 1628.09375 1581.5 1482.703125
1706.90625 1842.21875 1765.890625 1516.671875 1631.484375 1743.546875 1914.09375 1755.671875 1689.203125 1997.578125 2083.65625 1980.125 1723.125 1569.90625 1386.453125 1518.765625 1757.90625 1676.578125 1680.34375 1417.359375 1511.140625 1811.046875 1984.03125 1889.484375 1808.265625 1720.109375 1626.515625 1632.359375 1745.09375 1598.578125 1563.875 1705.921875 1643.765625 1625.0625 1644.75 1653.671875 1721.921875 1666 1690.09375 1729.859375 1760.09375 1767.484375 1762.875 1761.40625 1736.453125 1697.359375 1586.5625 1561.0625 1642.140625 1691.65625 1716.8125 1696.5625 1638.453125 1633.796875 1559.078125 1493.84375 1304.890625
1703.0625 1771.828125 1843.21875 1558.8125 1560.703125 1719.765625 1906.921875 1822.015625 1777.25 2009.09375 2038.125 1933.609375 1651.515625 1524.015625 1491.3125 1588.8125 1637.765625 1679.71875 1751.96875 1494.5625 1403.9375 1452.0625 1842.390625 1798.8125 1673.359375 1541.78125 1445.109375 1531.1875 1744.8125 1698.328125 1607.046875 1666.859375 1715.609375 1662.453125 1641.296875 1642.734375 1723.796875 1549.875 1635.78125 1738.15625 1731.75 1715.171875 1678.78125 1662.765625 1648.75 1614.453125 1576.3125 1550.46875 1684.953125 1750.65625 1721.203125 1702.953125 1653.921875 1631.046875 1566.421875 1600.8125 1284.28125
1597.890625 1727.296875 1861 1695.484375 1602.75 1697.21875 1881.609375 1473.828125 1559.46875 1707.78125 1808.734375 1886.703125 1474.296875 1420.484375 1259.078125 1316.984375 1369.21875 1465.40625 1727.921875 1648.515625 1539.4375 1576.578125 1854.09375 1857.75 1613.5625 1514.078125 1411.734375 1558.828125 1700.484375 1762.484375 1582.5625 1654.25 1651.125 1649.375 1613.484375 1606.59375 1714.765625 1523.234375 1594.671875 1732.03125 1698.71875 1631.234375 1559.171875 1531.765625 1531.453125 1445.21875 1398.296875 1539.03125 1727.703125 1760.796875 1739.546875 1714.484375 1667.9375 1623.90625 1613.90625 1568.921875 1355.921875
1637.15625 1744.015625 1709.1875 1439.875 1450.609375 1659.15625 1882.234375 1661.609375 1786.578125 1706.25 1697.8125 1923.75 1560.15625 1423.65625 1330.03125 1276.40625 1364.03125 1463.296875 1556.796875 1682.578125 1792.25 1780.796875 1778.90625 1747.078125 1477.453125 1336.953125 1374.640625 1442.96875 1643.546875 1692.75 1646.46875 1653.453125 1644.4375 1623.59375 1545.578125 1529.328125 1705.71875 1614.03125 1620.640625 1708.28125 1665.578125 1593.890625 1475.90625 1453.203125 1430.78125 1450.09375 1552.078125 1698.609375 1778.625 1778 1765.328125 1725.0625 1676.046875 1633.96875 1615.265625 1434.046875 1552.484375
1430.5625 1699.640625 1636.21875 1317.8125 1371.53125 1719.296875 1823.3125 1806.4375 1680.65625 1831.3125 1905.59375 1953.15625 1851.125 1711.359375 1588.265625 1528.96875 1436.359375 1381.59375 1429.59375 1590.59375 1797.859375 1808.234375 1690.84375 1554.125 1406.3125 1322.5 1357.890625 1520.171875 1667.09375 1658.03125 1618.46875 1637.40625 1640.265625 1574.09375 1537.34375 1598.71875 1675.578125 1637.1875 1694.84375 1724.296875 1677.8125 1622.375 1480.078125 1401.671875 1394.859375 1574.265625 1705.3125 1794.96875 1809.109375 1796.5 1767.203125 1721.65625 1686.921875 1638.46875 1602.40625 1583.5625 1514.828125
1640.984375 1695.265625 1591.21875 1378.375 1453.703125 1642.875 1509.625 1560.09375 1639.640625 1849.609375 1894.984375 1876.9375 1911.953125 1842.515625 1815.984375 1802.390625 1598.4375 1657.203125 1562.515625 1536.828125 1623 1630.953125 1633.46875 1420.84375 1326.71875 1305.734375 1329.78125 1495.703125 1625.984375 1614.578125 1593.203125 1559.3125 1622.28125 1614.25 1584.546875 1649.84375 1549.671875 1557.875 1709.140625 1731.8125 1697.296875 1637.90625 1508.546875 1408.5 1399.921875 1538.34375 1763.375 1821.90625 1815.28125 1782.328125 1759.609375 1714.859375 1670.140625 1635.421875 1620.890625 1616.03125 1482.625
1682.171875 1506.9375 1610.03125 1573.125 1613.96875 1682.1875 1698.515625 1599.4375 1528.59375 1717.734375 1751.1875 1807.296875 1875.546875 1950.015625 1919.453125 1936.875 1832.0625 1743.859375 1697.609375 1730.125 1683.796875 1663.09375 1569.59375 1456.03125 1391.015625 1300.375 1321.046875 1430.5 1515.484375 1554.984375 1582.609375 1600.8125 1603.9375 1609.6875 1683.78125 1615.171875 1499.8125 1586.40625 1694.09375 1740.296875 1716.578125 1622.90625 1496.6875 1419.375 1308.390625 1483.953125 1781.625 1831.125 1835.1875 1816.515625 1794 1728.5625 1669.21875 1627.4375 1620.0625 1612.40625 1368.390625
1575.03125 1544.65625 1482.90625 1667.28125 1664.28125 1710.171875 1768.859375 1779.6875 1636.53125 1547.390625 1595.671875 1697.34375 1664.03125 1809.578125 1976.5625 1985.203125 1945.59375 1795.15625 1629.84375 1558.046875 1574.640625 1575.578125 1623.390625 1610.84375 1557.953125 1351.875 1273.546875 1341.4375 1475.609375 1569.4375 1597.0625 1610 1641.25 1633.328125 1696.875 1530.171875 1345.625 1560.984375 1685.609375 1748.59375 1754.203125 1666.4375 1533.484375 1442.59375 1385.71875 1459.03125 1769.828125 1848.15625 1844.515625 1825.890625 1821.4375 1769.703125 1704.25 1655.578125 1624.8125 1601.84375 1512.8125
1515.96875 1671.953125 1685.671875 1675.359375 1680.875 1761.59375 1811.65625 1824.046875 1864.859375 1645.984375 1635.421875 1649.03125 1734.28125 1741.015625 1923.421875 1960.0625 1878 1771.546875 1717.140625 1601.609375 1474.328125 1397.40625 1376.921875 1536.125 1637.84375 1449.8125 1360.921875 1364.015625 1504.734375 1583.375 1660.34375 1652.375 1648.84375 1651.375 1720.484375 1501.40625 1281.15625 1540.765625 1684.953125 1750.15625 1765.15625 1724.21875 1596.296875 1432.53125 1380.25 1372.890625 1701.46875 1834.546875 1853.75 1843.84375 1841.734375 1810.734375 1752.0625 1685.609375 1624.953125 1551.578125 1383.109375
1786.265625 1799.390625 1719.890625 1688.390625 1609.390625 1782.671875 1853.8125 1894.375 1887.6875 1736.65625 1747.109375 1793.296875 1634.90625 1616.421875 1817.796875 1939.953125 1919.5625 1768.578125 1634.78125 1575.171875 1524.046875 1474.71875 1426.140625 1462.421875 1604.625 1585.578125 1524.140625 1375.34375 1487.84375 1590.890625 1642.15625 1650.46875 1639.140625 1682.59375 1761.15625 1626.3125 1452.53125 1539.328125 1709.421875 1764.359375 1764.65625 1762.6875 1675.875 1504.34375 1358.25 1359.640625 1589.03125 1824.734375 1857.046875 1869.28125 1861.5 1856.734375 1803.53125 1729.0625 1660.53125 1533.84375 1336.6875
1847.265625 1828.53125 1802.734375 1743.71875 1680.09375 1775.4375 1897.5 1959.515625 1936.109375 1873.875 1836.75 1862.109375 1851.0625 1820.796875 1753.15625 1861.296875 1821.078125 1815.171875 1648.890625 1562.34375 1560.0625 1574.046875 1567.953125 1506.34375 1551.25 1630.21875 1598.09375 1468.359375 1470.984375 1546.546875 1625.8125 1618.1875 1650.421875 1705.625 1795.125 1706.703125 1524.609375 1481.8125 1741.71875 1735 1777.46875 1791.421875 1749.59375 1573.3125 1389.421875 1346.515625 1546.625 1790.71875 1849.921875 1862.15625 1878.5625 1894.875 1852.546875 1789.96875 1723 1497.21875 1191.765625
1861.40625 1857.46875 1831.90625 1799.296875 1765.5 1771.375 1865.09375 1963.15625 1973.953125 1929.234375 1883.734375 1886.3125 1894.5 1902.703125 1868.765625 1755.109375 1707.375 1758.40625 1656.625 1583.1875 1600.171875 1593.28125 1581.828125 1554.296875 1580.390625 1580.109375 1659.84375 1569.453125 1494.65625 1573.328125 1577.4375 1658.984375 1658.375 1706.890625 1804.96875 1829.09375 1739.21875 1663.25 1743.671875 1775.28125 1783.921875 1821.734375 1835.125 1753.578125 1576.359375 1353.046875 1434.453125 1737.890625 1808.875 1817.015625 1854.296875 1878.4375 1859.84375 1815.078125 1757.46875 1645.9375 1262.4375
1869.625 1872.1875 1741.71875 1703.703125 1850.796875 1853.0625 1746.890625 1893 1929 1918.5 1891.90625 1864.09375 1891.328125 1878.09375 1837.984375 1749.609375 1632.6875 1633.046875 1627.59375 1594.671875 1614.109375 1593.9375 1598.625 1621.671875 1602.28125 1585.21875 1672.78125 1622.015625 1513.265625 1560.28125 1635.953125 1684.015625 1674.609375 1685.328125 1788.390625 1773.953125 1850.1875 1859.140625 1845.78125 1756.609375 1785.28125 1828.71875 1874.953125 1863.984375 1707.484375 1405.078125 1351.734375 1665.8125 1758.03125 1776.25 1808.203125 1823.203125 1822.59375 1809.828125 1766.75 1695.5625 1463.515625
1867.921875 1882.09375 1825.375 1748.5 1864.1875 1797.953125 1625.1875 1803.828125 1882.734375 1885.703125 1862.46875 1849.15625 1845.421875 1845.234375 1805.46875 1733.296875 1637.90625 1495.890625 1555.890625 1615.59375 1616.46875 1612.25 1635.421875 1673.75 1685.21875 1702.84375 1682.546875 1659.8125 1519.890625 1629.453125 1650.6875 1721.90625 1713.4375 1754.375 1758.296875 1623.9375 1475.9375 1473.34375 1702.65625 1804.84375 1760.46875 1811.46875 1863.09375 1869.5625 1763.5625 1458.5625 1299.78125 1457.84375 1704.59375 1725.09375 1749.28125 1761.4375 1764.96875 1772.078125 1755.28125 1697 1583.015625
1821.984375 1890.75 1892.953125 1872.671875 1877.109375 1829.046875 1734.953125 1812.203125 1874.390625 1867.953125 1852.265625 1847.5 1844.984375 1821.890625 1791.0625 1709.171875 1605.953125 1576.390625 1604.703125 1639.15625 1636.546875 1645.984375 1690.4375 1722.484375 1742.21875 1744.96875 1726.578125 1632.609375 1449.203125 1623.828125 1699.015625 1788.390625 1788.25 1844.03125 1750.453125 1396.421875 1254.40625 1332.234375 1523.25 1755.234375 1744 1688.578125 1752.328125 1821.328125 1717.6875 1404.328125 1266.046875 1394.890625 1674.8125 1697.953125 1710.90625 1710.484375 1695.609375 1714.5 1738.109375 1684.953125 1587.609375
1816.828125 1880.890625 1893.953125 1878.890625 1863 1848.0625 1757.921875 1724.84375 1822.234375 1854.140625 1852.703125 1846.4375 1836.625 1820.578125 1797.28125 1703.578125 1570.421875 1605.875 1648.078125 1665.421875 1677.328125 1685.78125 1719.046875 1752.09375 1774.09375 1778.453125 1746.40625 1698.671875 1653.625 1658.296875 1782.859375 1870.9375 1817.046875 1827.34375 1770.296875 1445.984375 1363.234375 1498.765625 1542.421875 1601.140625 1645.90625 1693.671875 1565.109375 1752.25 1654.15625 1353.234375 1303.5 1459.234375 1670.484375 1681.15625 1689.03125 1685.4375 1624.828125 1665.84375 1707.796875 1653.734375 1550.859375
