Cases/SDM_Urocitellus_beldingi/westernUsClimate_historic/BIO07.asc
NCOLS 316 
NROWS 299 
XLLCORNER -124.820833001 
YLLCORNER 29.1625003333339 
CELLSIZE 0.0666666666645545 
NODATA_value -3.4e+38 
[rows 231 to 251 of 299, columns 184 to 229 of 316]
3803.55234146118 3854.54726028442 3884.58280944824 3952.09730911255 3903.73987197876 3809.53630828857 3755.91719818115 3725.98671340942 3698.22537612915 3680.48008728027 3558.83594512939 3475.48476409912 3615.01991271973 3698.62069702148 3565.02891540527 3496.41366958618 3466.49375534058 3263.828125 3240.94881820679 3288.46521377563 3488.53165817261 3611.33319854736 3676.26522827148 3666.91290283203 3533.43867874146 3569.60586166382 3624.57149124146 3671.20939254761 3663.43516921997 3388.35935974121 3599.74139022827 3648.89219665527 3698.05897140503 3680.81053924561 3685.99570083618 3730.98944091797 3723.41249847412 3675.43865966797 3696.380443573 3700.33086013794 3725.45895004272 3650.83983612061 3576.83280181885 3571.12380981445 3581.61287307739 3667.24570846558
3567.21015167236 3819.83010864258 3825.93748474121 3902.93515014648 3912.64534759521 3838.08006286621 3768.27696609497 3680.77302932739 3672.91054916382 3699.57891082764 3685.01642608643 3588.61444091797 3681.92811965942 3695.94532394409 3538.36561965942 3534.79336929321 3476.90744018555 3372.548828125 3385.69806671143 3470.7929725647 3468.88827514648 3439.33789825439 3587.17811965942 3645.19882583618 3601.57497787476 3538.14802932739 3589.26602935791 3452.74805450439 3545.08710098267 3515.41836547852 3576.78281784058 3643.8789024353 3587.42812728882 3614.93125534058 3641.7523651123 3666.2285118103 3671.15623474121 3702.47031402588 3760.77188873291 3772.13048553467 3749.56056976318 3665.08121871948 3592.01171875 3619.69373703003 3594.85115814209 3547.81367111206
3583.94178771973 3812.32888793945 3832.13594818115 3858.65353775024 3858.34294891357 3831.36912536621 3814.03202056885 3744.90155029297 3600.49843215942 3695.17149734497 3726.42889022827 3696.41954040527 3652.74921798706 3574.98594284058 3512.02970123291 3479.54337310791 3452.49178314209 3423.27461242676 3383.38827896118 3365.76721954346 3317.45627975464 3318.92502975464 3533.99569320679 3585.38904953003 3562.62420272827 3579.333984375 3498.68047714233 3399.34493255615 3469.01094818115 3576.28319549561 3579.65584564209 3644.18282699585 3590.38202667236 3632.87811279297 3629.17070007324 3635.39608383179 3645.66796112061 3648.56954193115 3678.67580413818 3712.8867149353 3726.4804725647 3688.43165206909 3696.03280639648 3703.17812728882 3700.27264404297 3694.77890396118
3823.97539138794 3856.07421875 3868.93984222412 3885.05507278442 3868.48436355591 3833.55625152588 3790.12540435791 3758.54684829712 3763.21678543091 3777.14413833618 3775.47422027588 3731.89685821533 3660.35037231445 3490.34140014648 3380.73359680176 3469.57303237915 3442.64920425415 3353.80976486206 3377.35744476318 3375.35586547852 3230.08280563354 3235.35313034058 3470.87769699097 3528.77618408203 3488.97458648682 3570.25701904297 3507.20936203003 3495.86405563354 3459.47420501709 3664.970703125 3747.07303619385 3734.722240448 3583.4066619873 3638.54726409912 3670.04727554321 3699.09373474121 3679.59959793091 3455.93948364258 3401.75740814209 3634.353515625 3711.47071456909 3737.82929229736 3733.95119094849 3672.66796875 3575.91679000854 3715.64180374146
4004.11288833618 3914.24765014648 3823.02460479736 3826.04609680176 3841.89178466797 3845.28006744385 3798.52186203003 3763.75235366821 3769.84376525879 3811.40233612061 3782.94179916382 3754.625 3698.76329040527 3621.59882736206 3560.73982620239 3527.75548171997 3454.93786621094 3342.20313262939 3326.15196228027 3339.26015090942 3268.24492263794 3230.48241424561 3319.90271759033 3431.32656097412 3404.03282546997 3545.64058685303 3653.7788848877 3663.95429229736 3681.2437210083 3723.8085975647 3898.12224960327 3976.56173706055 3694.12071228027 3551.72109603882 3547.19764328003 3584.34334945679 3689.67695236206 3719.74530792236 3640.03671646118 3368.47772979736 3447.18672561646 3679.29999542236 3731.57305145264 3719.07971191406 3570.45624542236 3663.80624771118
3998.67851638794 3916.32032394409 3729.15977478027 3535.30352020264 3850.76756668091 3850.38400268555 3642.58827972412 3537.58905792236 3758.50194549561 3833.52382278442 3839.04218673706 3798.93751525879 3717.12072753906 3636.98671340942 3637.56172180176 3616.09296798706 3569.0878868103 3516.11993408203 3410.73241043091 3349.82657241821 3284.13670730591 3193.51171112061 3229.21056365967 3288.08633041382 3347.96406173706 3333.20234298706 3480.39727401733 3637.27146148682 3689.35469818115 3630.42069625854 3804.93241500854 3997.43634414673 3651.19102478027 3535.57969665527 3530.3710899353 3550.83164596558 3607.51833724976 3621.86446380615 3662.23477935791 3628.20664978027 3307.93008804321 3358.39179611206 3657.60194778442 3661.12107849121 3468.49530792236 3621.14374923706
3912.72811508179 3894.69063186646 3809.17344665527 3508.24687194824 3358.47031402588 3812.94217681885 3854.70546340942 3857.5375213623 3859.22618103027 3848.39686584473 3859.95195388794 3825.34844207764 3759.7105255127 3692.56446456909 3675.86524581909 3664.04373550415 3613.71171951294 3588.69139480591 3528.89140701294 3364.71292495728 3273.0703086853 3216.75821304321 3181.25039291382 3269.92929840088 3334.56875228882 3274.62264251709 3317.35468673706 3445.15118408203 3421.26993560791 3437.2871055603 3642.880859375 3964.52930831909 3907.77107620239 3812.21678924561 3728.68008041382 3675.67225646973 3609.67422866821 3544.54999542236 3514.2421836853 3607.58750534058 3668.23669815063 3647.75389099121 3413.20194244385 3483.77109909058 3524.92381286621 3655.62342834473
3798.76210021973 3817.60314178467 3857.56835174561 3810.22227096558 3598.00156784058 3478.66914749146 3929.75743103027 3971.82224273682 3952.73593139648 3897.40585327148 3866.52852249146 3843.120677948 3681.11211776733 3659.86717987061 3704.43711471558 3708.75624847412 3673.44061279297 3640.13359069824 3582.62771987915 3386.28358459473 3279.38319396973 3238.50897979736 3204.98240661621 3314.71991729736 3306.9125289917 3364.76485443115 3342.29141998291 3326.95586776733 3471.37110137939 3557.09880447388 3784.34648132324 3928.2890625 3946.07382583618 3929.75470733643 3941.63242721558 3955.08982467651 3881.109375 3591.16446685791 3483.84490966797 3472.33945465088 3637.87968063354 3623.24452972412 3602.49647903442 3464.17928314209 3291.84531021118 3653.38320922852
3671.33864212036 3715.04960632324 3847.77305221558 3885.94842910767 3776.14455032349 3522.07305145264 3988.96600341797 4076.83634567261 4064.17378234863 3975.72302627563 3903.60976791382 3889.12188720703 3782.94221496582 3627.18164825439 3735.30196762085 3760.90390777588 3749.42267227173 3716.75233840942 3692.52694702148 3591.47423553467 3461.11483001709 3487.42266845703 3433.85273361206 3475.08514785767 3396.88006210327 3394.36444473267 3469.95703125 3503.80271911621 3491.42107009888 3535.72928237915 3582.58867263794 3573.92266464233 3507.52226257324 3431.27771759033 3470.517578125 3626.51913833618 3946.05271911621 3890.21096420288 3634.81252288818 3491.59297561646 3537.61017990112 3520.48595428467 3562.83164215088 3643.81405639648 3531.39726257324 3654.99568557739
3612.85703659058 3627.40311050415 3788.39530944824 3867.92347335815 3873.84651947021 3898.2187461853 4037.60584640503 4094.77772140503 4074.00355529785 3992.26444244385 3895.32107925415 3866.79920578003 3873.93125534058 3910.03321456909 3930.45392990112 3878.306224823 3832.17967224121 3818.45115280151 3794.33126831055 3670.59884643555 3575.92069625854 3433.34727859497 3375.07694625854 3431.06211853027 3636.6660118103 3508.1918258667 3393.97225189209 3602.0585899353 3451.82578277588 3385.11758804321 3307.11524581909 3328.22109603882 3320.86485671997 3292.13045120239 3317.89178466797 3426.56405258179 3709.75313186646 3954.70392990112 3952.09608078003 3746.24568557739 3596.91131210327 3513.84296417236 3317.55000305176 3344.30937194824 3613.64804458618 3404.32069778442
3830.79764938354 3691.56914138794 3732.0546836853 3749.52031707764 3767.41131591797 3848.72383880615 3997.66487121582 4057.54295349121 4045.57847976685 3991.89923095703 3839.42813110352 3743.42499542236 3753.46250915527 3843.37189102173 3983.68398666382 3982.02968215942 3890.24414825439 3819.42459487915 3733.7460899353 3548.3105430603 3432.75625228882 3415.81953430176 3401.87265014648 3381.85859680176 3450.82070541382 3691.01563262939 3813.80429077148 3722.0703125 3455.29726791382 3371.39882659912 3279.18243026733 3230.26128768921 3248.62654876709 3324.69257354736 3375.94998550415 3538.90313339233 3697.85584640503 3839.84413528442 3938.39258956909 4001.79296875 3859.61017990112 3613.44766616821 3369.1914100647 3259.83555984497 3472.41171264648 3456.35038375854
3809.66836929321 3608.69920730591 3412.29375839233 3535.93319320679 3756.15504455566 3818.76953887939 3998.37071990967 4072.54025268555 4043.99179077148 4011.98007965088 3981.73435211182 3965.48517227173 3957.33204269409 3940.97619628906 3952.98359298706 3955.73982620239 3879.04881286621 3793.01055908203 3718.3238067627 3578.10354614258 3476.75078582764 3422.38242340088 3427.8613243103 3419.92969512939 3327.44414901733 3371.9976272583 3723.68633270264 3915.43124389648 3437.20427703857 3299.86838150024 3330.09493637085 3422.87656784058 3351.6293258667 3169.38123703003 3187.8906288147 3371.0800743103 3487.81288528442 3714.65546417236 3883.28008651733 3944.23557281494 3930.14138412476 3861.38318252563 3721.4062538147 3523.13516998291 3416.12424468994 3641.52730941772
3718.50429534912 3679.32773590088 3622.42069625854 3645.6152305603 3776.83240890503 3645.55820465088 3876.73163986206 4020.60274124146 4038.40857696533 4009.26095199585 3992.65662384033 3996.5503616333 3985.28357315063 3952.17265701294 3920.97425460815 3911.5996131897 3880.73321533203 3771.48125076294 3680.31132507324 3635.36406707764 3556.25075912476 3443.5624961853 3417.38789749146 3442.15197372437 3359.021068573 3309.38674545288 3518.92304611206 3871.93201828003 3739.72146606445 3475.88242340088 3173.29922103882 3367.70158004761 3503.08007049561 3428.35234451294 3102.9726524353 3103.41639709473 3330.11679458618 3577.19139099121 3778.46562194824 3873.69884872437 3883.81482315063 3883.14647293091 3866.91327285767 3842.72500991821 3783.45935821533 3803.5195274353
3497.84725189209 3517.52539825439 3574.68828582764 3682.42384719849 3772.06679153442 3629.298828125 3499.88008880615 3778.07579421997 3955.75347518921 3984.54921722412 3968.39923477173 3957.18515777588 3891.84216308594 3924.36093902588 3901.39611434937 3890.63673400879 3876.33047103882 3722.48438262939 3712.52422332764 3687.37930297852 3579.65861129761 3477.52110671997 3444.90704345703 3337.55741119385 3275.02812194824 3434.31406784058 3486.82225799561 3582.22420883179 3827.82656478882 3526.69142532349 3166.05977630615 3123.04960632324 3283.6484375 3471.78438186646 3371.24140167236 3196.22733306885 3253.36797714233 3244.1757774353 3402.53673553467 3510.25116348267 3618.05701446533 3768.06953811646 3860.61016464233 3868.31247711182 3849.67697525024 3828.49452590942
3533.72813034058 3450.03048706055 3354.58362960815 3635.96837234497 3762.62187194824 3620.35353088379 3422.69727325439 3706.05625534058 3812.18477249146 3961.12696075439 3943.74922943115 3878.38517379761 3918.19882965088 3898.76291275024 3880.19219970703 3875.55508804321 3845.31797790527 3480.82032012939 3781.26015853882 3738.96758651733 3615.7226600647 3499.00547027588 3477.91092300415 3382.2925567627 3335.11172866821 3496.89999771118 3391.26444244385 3393.96757888794 3699.53086853027 3656.94218063354 3330.52421569824 3127.73360061646 3094.83477020264 3221.63554763794 3370.89959335327 3436.22267150879 3198.58712768555 2993.7836151123 3003.30390548706 2952.71288299561 3046.46991348267 3420.60234451294 3809.68516921997 3850.86991882324 3858.48595428467 3850.72540283203
3656.59727859497 3573.55546951294 3355.18748855591 3593.26092910767 3731.12187576294 3744.84609603882 3704.54763793945 3780.87265014648 3865.49099731445 3837.65663528442 3801.41837692261 3862.86954498291 3850.82148361206 3879.29918670654 3868.84687805176 3860.3769569397 3828.73164367676 3725.53947067261 3799.79259490967 3724.79489135742 3598.51485061646 3503.14493942261 3484.99647140503 3482.77932739258 3496.5429725647 3468.78552627563 3307.13203048706 3336.36250686646 3491.63009643555 3715.73553848267 3548.35194015503 3228.61328887939 3061.21759033203 3044.20857620239 3162.18712234497 3442.74337005615 3392.59960174561 3270.96718978882 3167.93047714233 2992.46990585327 2834.91524505615 3277.48593521118 3722.91288757324 3779.89805984497 3852.93398666382 3864.82500839233
3573.62073135376 3498.86758422852 3410.34725189209 3582.56876373291 3731.94452667236 3769.93788528442 3596.48788452148 3775.37303543091 3837.04217147827 3795.77774429321 3816.19258499146 3778.43788909912 3739.33516693115 3869.21289825439 3855.77577209473 3862.17147445679 3849.96601867676 3804.211353302 3793.43553924561 3712.9496307373 3596.9316368103 3437.86679458618 3348.7148399353 3384.44533538818 3513.60623550415 3384.00157928467 3203.80389785767 3191.85194396973 3355.52698135376 3539.37186813354 3692.01406097412 3479.36248779297 3139.94412231445 3025.45428848267 3074.95584487915 3317.54962158203 3461.449634552 3473.69452667236 3445.58397674561 3323.64258956909 3165.29491424561 3261.73983001709 3616.94998931885 3705.92147445679 3839.54141616821 3873.72892379761
3440.54024505615 3426.49571990967 3598.97421646118 3699.63084793091 3741.82499694824 3691.01639938354 3789.85353088379 3802.35625457764 3788.93632888794 3631.92774200439 3543.25193786621 3788.47929000854 3817.01446151733 3782.55703735352 3818.57732391357 3786.71876907349 3754.97147369385 3792.43282318115 3804.10039138794 3743.38321685791 3624.76991653442 3410.80196380615 3260.77267837524 3372.49060821533 3505.1230430603 3396.29295730591 3128.01601791382 3061.95822525024 3259.3203125 3450.45193862915 3644.51914596558 3613.3125 3296.70937347412 3071.12734985352 3077.31014251709 3296.75625991821 3446.53359603882 3585.02579879761 3582.04807281494 3448.96408081055 3289.10430526733 3334.49024963379 3458.44763946533 3643.37852096558 3788.42851257324 3889.36912155151
3604.59258651733 3588.23711013794 3436.78477096558 3697.84842681885 3760.51718521118 3605.10271453857 3615.90742874146 3824.04685592651 3837.71952819824 3738.01522827148 3663.62225723267 3770.1508102417 3794.87266159058 3683.8413848877 3625.58438873291 3443.00313949585 3488.87461471558 3714.37420272827 3775.38751983643 3757.08281326294 3731.74610900879 3519.08671569824 3337.30583190918 3410.46759033203 3507.76016616821 3268.01330566406 2921.4667930603 2996.27851104736 3186.98906707764 3420.70196151733 3631.37538909912 3660.11678695679 3411.07498550415 3205.70742034912 3067.48399353027 3189.58791732788 3326.29140853882 3601.04806900024 3687.94141387939 3623.67930603027 3465.53047943115 3322.35466384888 3482.560962677 3639.55663299561 3768.97576522827 3873.63515853882
3682.89571380615 3716.43284225464 3471.02305221558 3746.07072067261 3731.27772140503 3710.45741271973 3652.34725952148 3869.73049163818 3894.95662689209 3718.29686355591 3488.12775421143 3769.73593902588 3800.10115814209 3740.03986358643 3558.76717758179 3210.49022293091 3418.15508270264 3666.21288299561 3722.28318786621 3744.54530334473 3751.99610519409 3730.53126144409 3565.78786849976 3540.48164367676 3335.32928085327 3058.75625991821 3006.50154876709 2889.98046875 3025.92385101318 3402.65077972412 3604.67420196533 3727.88475799561 3560.24415206909 3332.94610977173 3220.39180755615 3205.62382507324 3143.98045349121 3441.05079269409 3735.26327133179 3755.37109375 3664.19611358643 3526.37577819824 3577.33476638794 3683.1851348877 3767.77812576294 3845.19765853882
3777.79179000854 3897.52420806885 3877.24139404297 3942.03397750854 3835.40233612061 3841.49725341797 3886.60819244385 3912.78751373291 3920.96995544434 3806.33787536621 3603.73281860352 3789.580078125 3811.57733917236 3749.1660118103 3647.72772216797 3514.70155715942 3485.62540817261 3652.1284942627 3703.88203811646 3714.58242034912 3601.59532165527 3631.11054611206 3712.21132278442 3616.50039291382 3430.49727249146 3336.43901443481 3343.01639556885 3202.93748855591 3173.24220275879 3267.36599731445 3400.54570007324 3695.05856704712 3745.56448745728 3504.14530563354 3351.1660194397 3357.16913223267 3290.02383041382 3348.92693328857 3612.43125152588 3804.45977020264 3799.02890014648 3709.71171951294 3608.85508728027 3695.75938415527 3763.00389862061 3819.64178466797
