Cases/SDM_Urocitellus_beldingi/westernUsClimate_historic/BIO01.asc
NCOLS 316 
NROWS 299 
XLLCORNER -124.820833001 
YLLCORNER 29.1625003333339 
CELLSIZE 0.0666666666645545 
NODATA_value -3.4e+38 
[rows 52 to 77 of 299, columns 236 to 294 of 316]
772.78125 777.15625 785.90625 790.71875 790.328125 796.875 813.71875 815.859375 802.328125 780.171875 753.65625 791.703125 766.890625 769.390625 776.25 787.71875 792.75 796.859375 812.8125 804.5625 787.765625 785.953125 779.703125 778.421875 775 782.359375 761.734375 734.1875 700.96875 665.84375 684.0625 677.125 676.34375 687.21875 692.359375 694.953125 683.234375 716.765625 771.125 744.21875 718.59375 737.0625 738.796875 726.015625 717.765625 705.953125 698.296875 684.625 691.515625 708.140625 705.578125 705.140625 703.78125 709.96875 715.453125 713.9375 720.046875 724.484375 714.734375
766.1875 759.859375 774.59375 789.546875 790.96875 791.28125 797.203125 791.328125 760.515625 742.4375 744.796875 773.421875 784.375 760.375 778.96875 805.765625 813.578125 819.0625 831.734375 817.0625 793.703125 776.09375 778.046875 767 775.453125 782 764.59375 726.390625 698.546875 683 663.96875 656.359375 668.234375 679.515625 681.4375 685.8125 707.890625 728.71875 774.609375 765.890625 736.296875 743.65625 729.984375 733.5625 720.21875 712.546875 691.640625 683.265625 684.125 697.78125 698.03125 705.578125 710.8125 711.984375 715.578125 718.390625 724 716.421875 710.640625
754.8125 761.15625 773.015625 788.390625 780.828125 785.625 783.609375 757.328125 721.734375 727.484375 740.53125 730.34375 774.609375 753.03125 784.546875 810.15625 823.421875 856.59375 856.71875 833.671875 797.359375 791.71875 771.40625 758.6875 755.5625 757.828125 745.046875 717.578125 688.703125 672.046875 657.171875 667.96875 684.796875 708.8125 692.84375 693.6875 699.671875 718.171875 730.421875 726.515625 739.125 723.109375 712.578125 729.328125 721.578125 709.125 690 681.5 670.25 690.59375 695.265625 704.734375 713.34375 724.734375 722.90625 722.546875 721.703125 712.765625 706.78125
749.734375 755.703125 772.9375 780.90625 786.46875 778.984375 761.5625 736.484375 750.625 753.3125 753.484375 744.125 729.25 750.71875 782.640625 811.390625 848.296875 884.484375 873.34375 842.203125 835.59375 807.03125 773.875 743.578125 747.6875 737.859375 723.015625 703.953125 709.671875 708.484375 646.703125 653 650.796875 679.421875 683.484375 687.90625 700.078125 716.515625 730.921875 737.609375 709.3125 686.90625 682.625 716.03125 726 711.59375 686.21875 664.90625 662.84375 679.875 702.765625 714.046875 728.765625 730.984375 727.28125 717.125 718.53125 710.359375 702.203125
738.609375 759.9375 775.90625 774.484375 782.953125 735.609375 697.828125 709.71875 716.875 631.6875 670.765625 716.453125 733.3125 774.796875 805.921875 805.609375 849.625 909.75 878.21875 852.4375 830.125 796.34375 761.59375 732.734375 739.75 735.09375 715.453125 688.203125 742.0625 708.375 647.640625 623.203125 645.765625 664.46875 681.984375 702.953125 719.84375 737.171875 736.03125 722.234375 682.453125 651.921875 653.140625 700.34375 723.890625 721.046875 694.78125 691.28125 705.8125 706.71875 724.515625 729.875 736.375 729.1875 721.15625 715.796875 715.5 708.375 699.75
741.640625 750.21875 764.734375 773.234375 781.40625 732.296875 690.5 649.328125 630.546875 566.625 593.03125 667.75 705.578125 748.796875 790.25 800.265625 830.25 834 833.328125 813.203125 783.28125 755.484375 738.390625 721.078125 724.109375 733.578125 711.625 684.84375 683.875 684.828125 634.453125 634 649.578125 667.8125 692.90625 712.765625 724.140625 732.421875 731.1875 718.953125 706.140625 690.734375 699.015625 719.65625 728.125 724.40625 709.34375 724.609375 729.234375 744.90625 741.4375 744.484375 738.359375 732.34375 731.03125 720.65625 711.59375 704.71875 698.0625
736.84375 743.21875 744.28125 759.78125 785.015625 753.59375 679.703125 521.984375 430.328125 481.046875 457.640625 594.6875 736.40625 759.0625 762.09375 732.703125 678.265625 753.46875 776.703125 740.9375 722.140625 711.65625 710.921875 701.125 703.265625 724.171875 713.015625 689.578125 688.546875 670.0625 638.1875 652.3125 662.03125 689.609375 712.125 711.78125 716.28125 722.171875 720.0625 735.53125 729.78125 732.34375 740.953125 736.421875 735.890625 731.734375 719.875 756.9375 766.125 752.46875 746.40625 737.875 739.421875 744.96875 733.15625 721.890625 713.140625 704.1875 700.625
734.6875 724.84375 738.15625 744.984375 750.015625 740.625 699.015625 605.6875 443.78125 399.875 516.9375 379.40625 755.15625 736.78125 755 581.0625 408.328125 582.078125 636.90625 684.25 663.140625 662.28125 664.65625 677.296875 690.359375 707.5 692.953125 686.8125 675.90625 655.765625 643.390625 664.40625 674.625 673.234375 682.296875 704.59375 710.109375 718.984375 723.609375 731.171875 757.609375 777.921875 770.625 752.609375 739.484375 749.703125 763.515625 784.28125 765.703125 750.15625 737.703125 735.609375 746.015625 730.34375 743.03125 726.171875 714.65625 706.390625 701.5
724.96875 734.65625 743.828125 743.453125 726.515625 716.484375 704.25 718.265625 690.109375 666.640625 708.46875 733.0625 749.765625 743 734.25 611.078125 344.640625 218.75 425.1875 580.1875 611.625 624.046875 637.828125 657.140625 668.453125 676.078125 665.375 670.984375 676.703125 665.890625 666.140625 671.296875 671.3125 649.921875 660.21875 683.5 698.640625 715.65625 721.859375 716.703125 725.90625 752.546875 786.796875 773.78125 762.3125 766.5 780.546875 771.234375 756.4375 760.90625 736.765625 740.78125 737.546875 738.71875 730.578125 729.984375 719.90625 708.15625 704.609375
736.3125 739.46875 724.890625 728.21875 726.390625 716.109375 706.90625 701.796875 716.40625 745.34375 734.828125 738.359375 746.203125 791.296875 734.59375 653.09375 515.078125 189.765625 188.171875 348.3125 488.921875 566.34375 595.34375 584.3125 615.328125 641.625 649.6875 652.5 667 657.28125 677.515625 673.75 645.578125 633.375 663.859375 693.421875 695.3125 727.15625 717.515625 727.796875 740.0625 749.265625 764.96875 780.703125 775.453125 766.421875 757.8125 744.625 743.609375 754.03125 741.53125 743.140625 745.53125 736.125 733.421875 728.59375 719.3125 710.96875 701.265625
738.6875 725.25 723.34375 720.078125 711.234375 707.59375 687.5 679.1875 691.15625 705.84375 722.125 734.734375 735.046875 770.9375 734.453125 650.546875 474.78125 235.375 42.921875 165.0625 372.109375 408.25 390.453125 489.96875 559.6875 611.3125 637.0625 657.84375 668.421875 669.453125 681.21875 676.921875 660.21875 656.5625 676.40625 688.671875 694.71875 719.96875 740.96875 736.1875 739.984375 754.6875 773.296875 773.609375 768.859375 741.703125 732.09375 725.5 736.125 707.765625 716.25 720.453125 725.15625 724.515625 727.984375 723.9375 715.015625 706.671875 689.96875
743.6875 725 709.203125 695.96875 695.46875 691.078125 686.203125 683.5625 693.0625 689.34375 693.890625 715.25 727.6875 747.265625 740.390625 584.484375 245.15625 173.15625 39.34375 132.984375 158.96875 245.78125 306.125 221.1875 260.28125 457.390625 614.859375 659.015625 676.3125 681.828125 686.71875 678.109375 689.703125 673.796875 694.328125 687.28125 699.4375 707.515625 734.390625 753.796875 771.28125 782.625 768.3125 760.25 741.484375 729.984375 743.671875 731.171875 722.09375 723.75 704.53125 709.265625 732.859375 743.96875 754.984375 723.203125 715.125 707.40625 694.15625
732.859375 717.84375 706.421875 692.03125 675.5625 680.265625 688.78125 688.921875 695.375 695.65625 701.375 712.90625 753.34375 743.84375 728.78125 678.8125 548.765625 230.234375 26.640625 25.40625 -10.0625 55.25 124.515625 160.6875 188.625 264.625 405.890625 606.5 658.03125 674.03125 687.875 690.4375 687.046875 692.78125 695.109375 697.03125 703.4375 718.375 735.15625 746.6875 754.203125 759.78125 749.125 737.09375 737.25 737.75 740.59375 737.578125 726.796875 722.15625 725.875 729.484375 734.34375 740.328125 740.734375 726.578125 719.3125 711.5 700.59375
667.125 695.25 702.5 695.859375 702.65625 704.46875 695.046875 694.578125 699.203125 702.234375 717.390625 725.328125 732.890625 737.0625 731.125 702.71875 718.375 672.25 466.78125 183.5 -67.671875 -5.5625 26.34375 51.578125 104.9375 125.953125 212.75 336.515625 622.171875 671.921875 674.046875 691.953125 691.390625 693.34375 697.53125 701.671875 707.40625 720.546875 734.65625 738.5 744.59375 741.28125 730.875 738.90625 735.6875 745.671875 747.953125 728.03125 718.796875 730.75 729.4375 724.21875 726.34375 734.875 739.609375 729.859375 726.84375 719.90625 706.828125
695.109375 701.828125 707.75 707.78125 704.953125 702.734375 699.75 700.1875 700.1875 711.296875 717.0625 730.875 720.625 727.921875 731.125 711.421875 715.6875 706.453125 714.125 504.953125 130.1875 43.515625 -21.5 -29.609375 46.90625 4.46875 116.921875 249.875 421.09375 595.046875 656.1875 672.9375 678.140625 687.234375 694.515625 698.4375 708.296875 714.640625 716.421875 702.9375 698.75 722.84375 757.515625 746.984375 728.96875 730.5 731.28125 753.96875 738.5625 734.15625 725.484375 722.03125 724.296875 739.375 734.84375 740.1875 730.421875 723.6875 717.71875
718.296875 714.984375 737.484375 781.3125 752.125 705.375 702.59375 702.5 700.3125 697.125 698.8125 702.703125 712.703125 725.5625 729.125 727.1875 701.328125 700.53125 705.890625 734.546875 602.953125 470.3125 184.140625 85.71875 -45.015625 -118.15625 47.40625 151.703125 251.109375 312.515625 494.09375 502.75 550.90625 661.875 683.125 691.796875 697.140625 700.390625 693.75 667.9375 682.390625 728.109375 746.484375 735.046875 720.5625 731.484375 734.6875 738.703125 736.09375 747.9375 736.03125 725.046875 723.40625 725.359375 741.984375 746.234375 729.1875 723.5625 713.21875
737.765625 725.484375 692.546875 718 738.1875 693.578125 696.78125 700.953125 694.21875 686.6875 684.21875 692.265625 703.984375 714 720.8125 724.84375 722.46875 722.140625 723.046875 726.9375 766.453125 493.890625 208.765625 123.578125 25.609375 -95.953125 -152.125 37.578125 100.484375 106.125 212.28125 297.078125 463.921875 645.9375 678.484375 689.25 694.90625 700.421875 682.90625 679.265625 705.46875 732.859375 723.328125 715.5625 710.734375 733.765625 744.8125 746.015625 757.625 767.25 748.328125 721.375 722.4375 728.984375 732.015625 726.859375 723 718.171875 712.640625
699.3125 699.5 679.734375 679.109375 680.171875 687.234375 689.625 687.71875 686.90625 686.078125 687.5 693.9375 704.96875 715.5625 722.515625 729.015625 750.203125 736.53125 738.09375 778.9375 805.5625 680.96875 411.390625 204.484375 44.59375 -133.703125 -212.390625 -178.8125 -169.328125 -63.453125 105.4375 184.375 493.78125 680.890625 693.5625 694.0625 705.375 696.9375 704.46875 713.90625 717.9375 702.53125 702.09375 704.578125 703.59375 738.671875 760.625 750.453125 740.03125 755.4375 756.546875 731.90625 722.875 720.09375 727.15625 740.140625 735.328125 717.640625 710.421875
649.671875 652.5625 665.296875 670.640625 679.21875 681.421875 678.15625 685.9375 691.71875 693.0625 695.625 702.53125 711.625 720.59375 728.609375 738.546875 760.34375 768.671875 749.640625 786.671875 816.890625 745.71875 593.421875 402.484375 175.671875 -5.640625 -115.453125 -229.328125 -370.359375 -239.78125 -67.59375 187.203125 338.84375 641.703125 696.96875 701.859375 705.46875 703.8125 710.046875 697.953125 693.359375 713.609375 732.578125 707.859375 714.90625 741.0625 731.515625 745.390625 745.21875 735.28125 736.53125 724.53125 717.875 718.328125 719.671875 724.546875 728.1875 714.359375 706.21875
602.46875 639.03125 627.34375 651.34375 653.625 662.890625 675.921875 701 747.6875 736.8125 704.90625 704.375 715.421875 720 727.75 738.03125 739.921875 742.9375 738.65625 753.25 797.46875 830.71875 820.71875 705.1875 378.796875 232.765625 32.375 -171.21875 -311.765625 -245.359375 11.796875 233.84375 312.109375 473.0625 635.140625 707.9375 703.859375 711.234375 709.484375 707.984375 697.703125 724.984375 723.71875 706.203125 710.375 726.578125 730.03125 721.609375 728.390625 719 720.234375 718.75 719.8125 718.953125 719.859375 717.53125 722.234375 717.25 706.78125
586.46875 608.453125 593.8125 616.8125 636.3125 653.4375 676.09375 745.84375 734.1875 709.9375 706.953125 714.265625 726.078125 734.578125 734.84375 732.984375 730.265625 727.359375 727.078125 726.40625 747.640625 778.921875 796.765625 811.296875 673.6875 375.828125 100.96875 -5.625 -97.578125 -351.0625 -57.734375 217.546875 269.578125 329.453125 665.125 713.328125 715 709.4375 704.875 702.171875 704.453125 721.25 721.359375 704.921875 707.34375 734.609375 716.515625 710.203125 710.265625 707.0625 706.546875 707.375 708.71875 713.703125 716.625 714.375 710.359375 708.21875 702.609375
520.5 537.09375 562.515625 598.9375 647.734375 648.4375 680.078125 692.125 696.046875 703.4375 713.828125 721.859375 724.765625 724.890625 726.25 727.484375 726.125 726.859375 731 736.125 727.828125 766 799.421875 810.328125 769.9375 474.890625 236.40625 122.5 25.953125 -117.546875 -128.046875 133.125 223.1875 385.6875 708.390625 722.875 710.8125 709.46875 703.25 699.828125 709.609375 721.359375 727.484375 716.015625 714.40625 719.625 708.265625 705.8125 701.375 700.515625 693.9375 694.609375 700.75 706.625 709.78125 708.953125 705.109375 705.328125 701.375
465.109375 487.640625 522.125 581.6875 627.421875 637.03125 669.1875 692.03125 699.265625 708.78125 716.640625 721.3125 719.453125 715.625 718.125 716.59375 719.46875 723.46875 736.953125 741.484375 736.328125 726.921875 753.484375 767.46875 817.578125 693.546875 418.359375 298.5625 116.59375 63.734375 16.015625 227.4375 279.25 355.90625 702.65625 691.46875 697.484375 703.40625 705.53125 701.3125 708.375 711.5625 713.109375 704.640625 716.953125 723.75 715.71875 705.515625 700.25 695.5 689.15625 688.859375 694.203125 700.515625 703.203125 704.46875 703.390625 702.953125 699.28125
465.09375 458.09375 526.453125 561.3125 585.921875 627.28125 656.34375 674.828125 695.765625 708.953125 711.390625 717.625 716.078125 715.59375 711.703125 708.46875 707.8125 713.09375 734.78125 726.265625 758.90625 734.28125 768.59375 742.4375 782.4375 818.25 673.234375 393.9375 280.984375 188.640625 121.09375 233.703125 298.03125 374.28125 691 692.5 687.609375 694.609375 702.046875 708.78125 705.421875 703.171875 703.1875 700.75 721.625 718.953125 708.125 704.609375 700.09375 694.21875 685.28125 689.03125 694.125 699.734375 701.65625 702.546875 703.5 701.984375 698.796875
438.21875 468.6875 522.359375 572.78125 607.703125 623.25 648.640625 674.15625 696.140625 717.09375 718.359375 712.109375 712.5 716.453125 713.828125 711.46875 705.5 716.8125 716.953125 727.46875 746.296875 762.296875 771.375 768.59375 755.515625 769.015625 795.25 673.921875 434.09375 287.609375 249.109375 284.09375 301.421875 356.65625 704.9375 700.875 695.3125 709.15625 702.328125 712.3125 710.234375 714.828125 718 708.625 717.5 713.203125 708.859375 700.796875 695.375 688.796875 681.296875 685.03125 691.953125 696.4375 701.34375 703.328125 704.546875 701.859375 696.671875
360.296875 434.96875 504.171875 580.921875 642.921875 659.734375 645.734375 668.28125 693.015625 734.0625 765.953125 742.84375 721.765625 722.4375 715.453125 726.390625 733.4375 733.1875 724.203125 706.46875 704.359375 716.515625 757.0625 759.796875 720.984375 700.046875 745.734375 718.25 448.046875 312.640625 260.28125 266.328125 452.640625 402.5 691.1875 711.328125 713.875 719.625 709.875 711.859375 715.703125 715.34375 712.796875 712.328125 720.515625 724.5 710.46875 697.859375 693.078125 684.90625 681.78125 685.90625 692.765625 700.75 704.875 706.1875 707.6875 700.796875 696.96875
