Cases/SDM_Urocitellus_beldingi/westernUsClimate_historic/BIO05.asc
NCOLS 316 
NROWS 299 
XLLCORNER -124.820833001 
YLLCORNER 29.1625003333339 
CELLSIZE 0.0666666666645545 
NODATA_value -3.4e+38 
[rows 189 to 209 of 299, columns 184 to 229 of 316]
3270.71368789673 3010.88241958618 2817.19648742676 2711.49061584473 2619.65744400024 2533.68047714233 2513.06523132324 2764.30274200439 3198.75742340088 3279.67658996582 3506.59336471558 3285.81720352173 3226.01523971558 3230.39921951294 3256.42539215088 3139.72813796997 3281.72187042236 3303.1914024353 3287.17028045654 3286.73087692261 3259.46759796143 3240.61993026733 3202.42462539673 3188.84884262085 3227.93788146973 3248.09803771973 3236.6035194397 3195.80118179321 3130.659740448 3039.41173171997 3061.30702209473 3125.99375152588 3114.98906326294 3077.60158157349 3034.73984909058 2981.10821151733 2915.29413604736 2982.29218673706 3036.75429153442 3194.88749313354 3198.16953659058 3213.90664672852 3240.30780410767 3297.40313720703 3342.25079727173 3304.77616119385
3686.86600494385 3553.97187423706 3129.81288146973 2729.45820999146 2626.61951828003 2516.39687728882 2458.47733688354 2692.97383499146 3096.28282546997 3255.61054992676 3497.10350799561 3228.2695274353 3225.12382125854 3218.73983383179 3187.33280563354 3212.17618560791 3312.04452514648 3314.71994018555 3314.58711624146 3281.85469436646 3231.85430145264 3252.35041046143 3223.76329040527 3254.92617797852 3261.41913604736 3238.41835403442 3161.82968521118 3106.97732543945 3144.60350418091 3145.13399505615 3173.93787765503 3135.56679916382 3115.42070770264 3060.63437271118 3022.36016464233 2957.88631439209 3008.50782012939 3002.63673019409 2945.24334716797 2945.12188720703 2999.12032318115 3192.33046340942 3250.98516082764 3305.12461090088 3335.39723968506 3283.39375305176
3350.09921264648 3725.94571304321 3097.19297790527 2866.74961090088 2675.29686355591 2502.33711242676 2413.88826751709 2386.52227020264 2718.86289978027 3102.00898361206 3406.36600875854 3160.91212844849 3202.97031402588 3192.34685897827 3189.79960632324 3249.66835021973 3306.7539100647 3304.1308631897 3333.73866271973 3273.47149276733 3249.27227020264 3257.13711166382 3248.45470428467 3261.2343711853 3293.19023895264 3230.4296875 3175.17969512939 3157.86132049561 3208.37656021118 3199.20157623291 3139.99180221558 3055.92500305176 3089.47148895264 3088.80389785767 3038.29843139648 3007.10548400879 3045.70196151733 3011.51797485352 2930.60704421997 2864.81639480591 2816.44375610352 3143.76601791382 3226.96993637085 3302.10391235352 3319.658203125 3259.08789825439
3664.77263641357 3432.15467834473 3496.48085021973 3627.880859375 3070.46757888794 2647.26289749146 2544.72423171997 2432.99335861206 2675.984375 3379.078125 3559.56289291382 3156.80583953857 3177.03046035767 3228.98749542236 3288.32304382324 3264.9785118103 3311.44568252563 3310.00275039673 3321.53163909912 3285.986328125 3291.55625534058 3284.10741043091 3280.86172485352 3288.3398399353 3294.17929458618 3225.79844284058 3202.00311660767 3224.74531555176 3213.86405944824 3157.64571380615 3109.85938644409 3105.15703582764 3141.69062423706 3112.64141464233 3105.46015930176 3107.42890548706 3041.92461395264 2970.87579345703 2866.67071914673 2889.76874542236 2882.15782546997 3089.68475341797 3231.72422409058 3259.92031860352 3313.90312194824 3234.29881668091
3166.37812423706 3573.37344741821 3335.71446228027 3711.59259033203 3286.41757583618 3231.74063491821 2776.02147293091 2944.72852325439 2609.58203887939 2969.12462615967 3444.36093521118 3485.2832069397 3385.42227935791 3341.83124542236 3329.24334716797 3313.13399887085 3339.76483917236 3356.57460403442 3320.26916122437 3324.28593444824 3328.8085975647 3325.78476333618 3328.33982849121 3344.1210975647 3311.99646377563 3297.54256820679 3236.14218521118 3255.326171875 3215.41639709473 3181.7168006897 3129.0503692627 3156.33596420288 3149.10702514648 3163.41717147827 3153.25038528442 3088.27267456055 3051.22578048706 3052.9101600647 2953.13906860352 2984.00351715088 2928.21446609497 3107.07968902588 3203.4374961853 3257.62187194824 3310.40976333618 3226.90507507324
3168.52617263794 3128.66250228882 3024.81132888794 3433.06912994385 3756.51367950439 3608.83359909058 3578.55469512939 3479.38946151733 3179.72384262085 3106.51132965088 3671.69257736206 3351.96016311646 3353.90586090088 3392.92384338379 3395.40078353882 3396.306640625 3392.96445465088 3442.78710174561 3410.14883041382 3387.92694091797 3389.07266616821 3376.03750228882 3364.64102935791 3359.90040206909 3327.3007850647 3300.54375839233 3279.30429840088 3232.23867034912 3188.22305297852 3168.3496131897 3182.82892227173 3176.17070770264 3180.57538986206 3157.13280105591 3138.77460098267 3141.44062042236 3129.09767150879 3078.62031555176 3021.76796722412 3001.46015548706 3060.47265625 3126.76485824585 3211.69959640503 3264.91365814209 3292.13125228882 3243.95781326294
3259.00353240967 3165.43319320679 3097.57733154297 3046.6566619873 3150.67851638794 3281.8749961853 3253.67420578003 3500.87889862061 3633.45314025879 3638.04532241821 3595.50118255615 3056.40352249146 3259.27812957764 3440.79609680176 3377.46015167236 3402.68788909912 3444.40856933594 3506.97578811646 3477.75469970703 3382.20234680176 3350.77891921997 3291.21835327148 3288.13750839233 3339.21405792236 3310.79454803467 3261.89182281494 3206.58477020264 3194.71718597412 3184.99412918091 3195.60703277588 3185.162109375 3196.59531021118 3174.90508270264 3144.40469741821 3168.60783004761 3154.16993331909 3154.97694396973 3122.25272750854 3059.59218597412 3030.65742492676 3118.63672637939 3169.73515319824 3207.74532699585 3245.59372329712 3254.6117477417 3215.39842987061
3280.62655258179 3205.09101867676 3136.50624465942 3085.88084793091 3053.28632736206 2982.1054725647 2927.73085021973 2959.22929382324 3109.84689331055 3080.95977401733 2878.07576370239 2919.02618026733 3195.55310440063 3362.59102249146 3330.80781173706 3411.26602935791 3482.23516082764 3529.41248703003 3510.98241424561 3409.31446456909 3300.43161392212 3268.86601257324 3244.99374008179 3249.7558555603 3258.28085327148 3216.28007888794 3206.41718292236 3204.56952667236 3200.63436508179 3183.24336242676 3204.89688110352 3193.11796951294 3184.35353088379 3178.61873626709 3167.78398513794 3158.53359985352 3166.71055984497 3139.9765625 3033.61209106445 2925.26836395264 3044.51173400879 3140.19062423706 3197.34219741821 3233.40507125854 3246.59921264648 3227.55664825439
3236.89492416382 3206.48123931885 3176.55312728882 3114.31015777588 3060.57696533203 2972.6972618103 2934.79688644409 2883.51954269409 2806.41287994385 2817.19608306885 2959.85507583618 2996.60508728027 3001.88399887085 3119.21680831909 3308.34921646118 3485.70548629761 3524.55624389648 3567.61485290527 3523.8183631897 3481.25507736206 3324.03281784058 3280.54922103882 3235.93946075439 3231.19922637939 3210.39374160767 3197.53632354736 3240.73751068115 3201.93983840942 3166.32774353027 3199.7109375 3191.21601486206 3181.76641082764 3197.23086166382 3181.77227401733 3180.70350646973 3182.61759185791 3156.10469818115 3130.61367416382 3085.66992950439 2981.24531936646 2998.42890548706 3139.80193710327 3182.97654342651 3205.70859909058 3221.080078125 3209.46212387085
3209.00431060791 3192.92734527588 3178.77853012085 3143.98514556885 3102.68632507324 3019.17811203003 2980.42383575439 2937.25118255615 2866.67459487915 2860.251953125 2848.48436737061 2850.5078125 2895.24646759033 2968.83281326294 3019.93788528442 3449.49727630615 3517.65391921997 3581.51131820679 3552.10273361206 3519.71678924561 3388.17107772827 3310.74258041382 3295.62813568115 3269.56914520264 3261.3051071167 3268.82147979736 3230.78242111206 3201.34453964233 3208.56523513794 3212.77499389648 3178.84296035767 3203.49452590942 3208.41368103027 3202.51406478882 3168.56874465942 3147.20232772827 3139.23204421997 3123.82733154297 3081.78554534912 3027.65742874146 2974.93867492676 3111.51287460327 3167.32344818115 3167.78750991821 3130.73006820679 3167.46015167236
3198.6035118103 3202.84531021118 3173.98946380615 3109.08515548706 3114.46403503418 3069.14375686646 3029.29921340942 3009.23944473267 2964.35233688354 2944.01209640503 2921.63866424561 2925.56171417236 2963.80196380615 3042.3988494873 3279.35348892212 3434.24765014648 3494.7187461853 3548.98280715942 3585.01444625854 3517.76445770264 3490.37342834473 3384.54686737061 3311.97031402588 3295.49961853027 3309.00703430176 3274.31601333618 3217.91249847412 3232.21445083618 3258.99062728882 3220.78907394409 3206.58281326294 3250.64962768555 3240.4574508667 3198.02851486206 3146.71170425415 3146.70079040527 3204.4218711853 3185.14687347412 3143.92772674561 3115.66717147827 3095.47462081909 3073.14492416382 3108.05702972412 3097.67929458618 3052.98787689209 3029.39649963379
3202.14571762085 3201.80274200439 3179.10857009888 3122.96599578857 3126.70781707764 3098.70780944824 3062.61875915527 3015.3144569397 2975.97304534912 2957.86639022827 2950.59294128418 2985.39687728882 3021.29727935791 3138.38356781006 3309.58359909058 3378.35818481445 3397.30234909058 3506.443359375 3578.42226409912 3549.72147750854 3504.25741958618 3451.60390090942 3353.41484451294 3309.52265930176 3325.2910118103 3274.39765930176 3258.13787078857 3277.75742721558 3273.43084716797 3258.09297180176 3279.17539596558 3282.48673248291 3234.06406402588 3196.49648284912 3178.5820350647 3208.25587081909 3214.84647750854 3184.68712615967 3165.87383651733 3136.75117492676 3108.54804229736 3060.52030944824 3042.28164291382 3058.62147903442 3049.02852630615 3041.44571685791
3210.39025115967 3196.3125 3178.78361129761 3153.55194091797 3127.35192871094 3102.28358459473 3074.78633880615 3039.01913452148 2969.59414672852 2952.03164672852 2958.12774658203 2986.19295883179 3094.62890625 3197.72303771973 3265.91014480591 3322.28593063354 3362.06797027588 3408.24452590942 3560.02383422852 3542.76170730591 3459.58362197876 3451.48436737061 3383.23593521118 3363.96720504761 3354.13475799561 3307.78281784058 3303.50664520264 3311.71992492676 3286.5253944397 3309.81992340088 3306.64884185791 3288.40195465088 3271.33085250854 3256.11758422852 3237.125 3213.50273132324 3186.61132049561 3187.77694702148 3173.29063796997 3156.00234603882 3117.49763870239 3088.2285194397 3085.66640472412 3109.44297409058 3041.07342910767 2986.35312271118
3200.4687538147 3174.23163223267 3152.52499008179 3125.96797561646 3112.48281097412 3082.35273361206 3058.98711395264 3034.66913986206 2974.78711700439 2935.42736053467 2947.03750228882 3006.55390930176 3089.47969055176 3098.22888183594 3162.09999465942 3268.33477020264 3326.99454498291 3388.13358688354 3572.1308631897 3571.33320617676 3466.86133956909 3422.21406936646 3426.73514556885 3412.91640853882 3381.36212539673 3350.03905487061 3359.85820770264 3334.92341995239 3348.30429458618 3329.87070083618 3315.25118255615 3311.61756896973 3288.49412918091 3259.57813262939 3255.58438491821 3226.78319549561 3217.7890586853 3208.6543006897 3211.88515853882 3194.25546646118 3151.63710784912 3135.70272445679 3116.84141921997 3068.27774047852 3013.44416427612 2974.41366195679
3184.40351104736 3144.65079879761 3127.57420730591 3106.31446075439 3107.94884490967 3061.70781707764 3029.56758117676 2977.45000839233 2877.66757583618 2855.45780944824 2844.85939025879 2874.38124847412 2923.35391616821 2920.7187538147 3022.88124465942 3190.44297409058 3248.72968673706 3353.58084487915 3495.17029571533 3553.62578582764 3481.27460861206 3463.86679840088 3430.80428695679 3409.51873779297 3404.93202209473 3388.14921951294 3381.31288146973 3376.27967453003 3357.38592910767 3338.42459487915 3339.47969055176 3324.40704727173 3267.49414825439 3191.70507049561 3193.78709411621 3183.46874237061 3205.31875228882 3212.80117034912 3222.86483764648 3213.08008956909 3206.30780410767 3137.59844970703 3072.8398399353 3034.28046417236 2998.45743179321 3024.53554916382
3157.65507125854 3160.45194244385 3128.66993713379 3071.416015625 3077.21797943115 3044.45077133179 2957.99491119385 2905.60076904297 2832.53829574585 2748.18123626709 2676.46602630615 2683.98474884033 2656.45938491821 2779.47459793091 2960.72929382324 3048.20468902588 3167.77812576294 3259.626953125 3331.61639022827 3478.60078430176 3489.80585479736 3462.79140853882 3450.38124465942 3379.64765930176 3378.41913986206 3399.08632278442 3397.52617263794 3389.45938491821 3374.48125076294 3367.07147216797 3330.10194778442 3311.47187805176 3255.642578125 3207.54296875 3182.61991500854 3162.43438720703 3214.67695236206 3245.29804992676 3215.55195617676 3244.48866271973 3224.47737121582 3162.10624313354 3114.63945007324 3063.06288909912 3031.65585708618 3055.35235595703
3227.38243103027 3172.78475570679 3130.76210784912 3032.08283233643 3035.45858001709 2983.74297714233 2903.03476333618 2835.14491271973 2770.51406478882 2717.63788986206 2475.16094589233 2536.65391540527 2460.21250534058 2450.53633499146 2749.81248474121 2798.6484413147 2980.84258270264 3153.85037994385 3263.64571762085 3373.14804840088 3428.81365966797 3446.22422027588 3458.22463989258 3435.85039138794 3371.7714805603 3378.52850341797 3395.34921264648 3386.91484451294 3374.63203048706 3367.31718444824 3335.06092834473 3315.63008499146 3268.55898284912 3255.48320007324 3215.53945541382 3213.85272216797 3247.88203048706 3289.57578277588 3229.82970046997 3241.69570159912 3254.42148590088 3208.2617149353 3142.06093597412 3096.59646987915 3114.53827285767 3133.22109603882
3269.53671264648 3159.29061508179 3080.52579116821 3009.94725799561 2973.34922409058 2930.65586090088 2907.47891616821 2824.1445350647 2658.8652381897 2702.97773361206 2642.54298019409 2551.58790206909 2249.26680183411 1871.19453430176 2597.828125 2860.2675743103 2818.13555145264 3025.5331993103 3163.49298095703 3206.74141311646 3280.98085021973 3363.47578048706 3430.98008346558 3452.21209335327 3431.04609680176 3424.06523513794 3417.18828201294 3397.90470123291 3363.96641540527 3350.42304611206 3349.07733535767 3325.28279495239 3288.43008804321 3238.94650268555 3234.02266311646 3272.68631362915 3292.95273590088 3318.2792930603 3294.50115966797 3279.40391159058 3255.04843521118 3219.79061126709 3203.37343597412 3176.49687957764 3177.6289100647 3112.45859527588
3266.33632278442 3224.72850036621 3141.54490280151 2998.14022445679 2881.71524429321 2871.12539672852 2854.71483612061 2851.4375038147 2813.5742149353 2748.84022903442 2711.99997329712 2631.56600952148 2621.65352630615 2547.07968139648 2617.03868484497 2919.01602172852 2964.19998550415 3018.6543006897 3104.35782623291 3157.90428543091 3234.01951980591 3269.51601028442 3365.28552627563 3432.36680221558 3448.54336547852 3439.13398742676 3436.07576751709 3420.72225189209 3379.9238319397 3345.39919281006 3334.8265838623 3317.60390090942 3286.48671722412 3231.21836853027 3269.17148971558 3336.02186584473 3334.4906463623 3265.03518295288 3267.97539901733 3274.58749389648 3293.98866653442 3276.34296417236 3249.18202590942 3202.62031173706 3123.12226104736 3079.74726486206
3299.25820922852 3269.25352859497 3190.45390701294 3010.84296798706 2918.42071533203 2843.20664215088 2887.15272521973 2899.59961700439 2874.94804763794 2814.93592834473 2749.50547790527 2681.82109451294 2651.55389785767 2753.74063491821 2802.60666275024 2857.205078125 2933.65351867676 2987.75625991821 3046.33632278442 3101.62422561646 3170.12071990967 3211.85272216797 3285.10312271118 3370.82538604736 3431.34492874146 3429.8203086853 3422.21797180176 3427.47226333618 3418.02265167236 3396.68476104736 3365.55898666382 3315.158203125 3294.12381744385 3282.16874694824 3348.68203735352 3363.75312423706 3337.06170272827 3302.13515090942 3325.51092910767 3310.10623550415 3291.79923248291 3270.39296722412 3252.64218902588 3219.84140777588 3162.51015472412 3151.03358840942
3250.6171836853 3282.07656860352 3228.1249961853 3071.94687652588 2995.43282318115 2958.84102249146 2921.44374847412 2943.95235443115 2930.63554763794 2874.49687576294 2783.45389556885 2702.28592681885 2701.66758346558 2735.36133956909 2752.06797409058 2752.13631057739 2831.83085250854 2921.04062652588 2986.951171875 3050.27499771118 3086.17617797852 3130.17226028442 3167.26601791382 3260.87148284912 3356.39140319824 3384.4668006897 3395.5316619873 3415.18984603882 3420.58906936646 3394.1640586853 3355.2558555603 3333.85820770264 3340.88907623291 3370.68358612061 3360.76837158203 3344.42343139648 3344.45936584473 3348.1714630127 3323.48867416382 3292.25234222412 3287.10039901733 3299.42851638794 3272.18631362915 3263.48282241821 3228.30858230591 3218.8554649353
