Cases/SDM_Urocitellus_beldingi/westernUsClimate_historic/BIO12.asc
NCOLS 316 
NROWS 299 
XLLCORNER -124.820833001 
YLLCORNER 29.1625003333339 
CELLSIZE 0.0666666666645545 
NODATA_value -3.4e+38 
[rows 0 to 20 of 299, columns 184 to 229 of 316]
36130.2380022321 35856.1481584821 35384.243233817 35266.3978097098 35539.8409598214 35284.2867606027 35051.1173270089 35073.0060686384 34848.7043805804 34426.8480747768 33801.4790039062 32706.8210797991 32057.3829171317 32064.5343540737 32567.8258928571 32637.0039411272 33136.0572335379 34829.1995326451 36936.8656529018 36759.0050223214 35321.8327287946 33750.1345563616 31776.0933314732 30224.165562221 29391.1866280692 28980.7446986607 28875.8567940848 28728.1695731027 29602.1222098214 30527.4603097098 30890.6598074777 31127.0987374442 30532.4416852679 29286.0922851562 28312.0004185268 27969.5245535714 28258.6481584821 28860.7712751116 29259.0383649554 29486.2754255022 29662.3941824777 29827.5419573103 30100.7075892857 30345.8129185268 30513.6011439732 30769.4361746652
36747.7540893555 36364.4513549805 35926.2150268555 35403.3599853516 35161.7742919922 35310.411315918 35251.7176513672 35383.4673461914 35353.8380126953 35193.5071411133 34245.525390625 32853.3387145996 32592.9594421387 33922.1083374023 38405.9692382812 38850.8403320312 34845.5739746094 34433.3268432617 36043.16015625 36371.8851318359 36585.7618408203 34974.6109008789 31997.0108642578 29438.6547546387 28453.4094238281 28178.9917297363 28495.4445495605 28491.4082641602 27931.7923583984 27999.7875671387 28273.6976623535 28488.3522644043 28370.9621582031 27825.8383178711 27350.0398254395 27221.4006958008 27581.8788452148 28205.4179077148 28456.8414001465 28868.1754455566 29226.0910644531 29515.8069458008 29785.1535644531 30090.731262207 30334.0351257324 30677.0985412598
37714.326171875 37769.3767089844 38206.0864868164 37745.2899169922 36849.9556274414 35840.5139770508 35287.720703125 35271.088684082 35032.3698120117 33978.0003356934 32963.3851623535 32223.9488525391 32720.8492431641 34709.6373291016 41503.0356445312 44406.0234985352 36819.0547485352 36144.8968505859 36405.4616699219 36726.9760742188 39898.0616455078 40920.0228271484 35451.0531311035 30970.4732666016 28305.6033935547 27644.7496032715 27592.5253295898 27856.8222045898 27746.5492248535 27484.680480957 27343.1711425781 27319.7441711426 27556.8419189453 27720.3598022461 27562.7835693359 27548.9015197754 27841.4067687988 28247.6496887207 28511.192565918 28951.0148620605 29172.5238952637 29434.8764648438 29595.6960144043 29895.8024291992 30316.1264953613 30557.1444702148
36954.7065429688 36991.7297363281 38277.7205200195 38769.0207519531 37438.2670898438 36539.0697021484 36180.4567260742 35450.391784668 33277.6092834473 32109.7960510254 31712.9124145508 31945.435546875 32813.2851257324 32836.9230957031 33484.3527832031 33933.3533630371 34736.6330871582 42360.7807006836 40529.1347045898 38525.7244873047 46493.8689575195 54715.1423950195 43034.9595336914 34708.8928833008 29676.0085144043 28123.249786377 27648.6944580078 27529.8051147461 27669.4812316895 27610.0160827637 27542.389831543 27499.6312561035 27505.8739318848 27633.2234191895 27842.4336242676 27855.6762695312 28019.1184387207 28441.7008361816 28888.9831848145 29275.9691162109 29368.155090332 29471.9270019531 29588.7703552246 29754.9081726074 29995.622253418 30308.2262268066
34901.540222168 35075.8009033203 35451.3345947266 35746.7002563477 35616.7890014648 35432.9353027344 34291.1772155762 33654.6534423828 31232.5094299316 30211.3453063965 30607.3380126953 30882.8253479004 31173.3949890137 30869.8660583496 30378.5753479004 30258.2460021973 31119.5516967773 33589.1251831055 34425.3880310059 35282.0588989258 37026.9136352539 38776.4635009766 36048.440246582 33064.5344238281 29698.5352478027 28434.9007568359 28022.3280639648 27796.4426269531 27650.1456298828 27518.2194824219 27501.0699462891 27461.4436950684 27533.1981506348 27698.3343811035 27939.8120727539 28047.5226745605 28188.862121582 28584.5449523926 28995.6426696777 29438.2090148926 29634.8719177246 29591.341003418 29535.3109130859 29472.490447998 29728.2286071777 30097.1602172852
32539.0350646973 32492.539642334 32543.1467285156 32573.3296813965 32823.3246459961 31853.1622009277 30453.2605895996 29653.6461181641 28979.3139343262 28938.1343383789 29309.460144043 29585.7465820312 29658.0089111328 29658.075012207 29457.6226501465 29297.2101745605 29360.7878417969 30112.1363830566 31078.2793884277 31450.9141235352 31669.4680786133 31365.1587219238 30126.1319580078 29578.918762207 28808.5249328613 28208.7210388184 27747.5723266602 27460.4894104004 27498.7749633789 27513.7725830078 27442.1054992676 27323.5394592285 27512.3780822754 27588.1374511719 27909.0805664062 28120.9320373535 28385.1917419434 28778.1799926758 29234.4613647461 29560.4562683105 29726.1616210938 29612.8636779785 29468.6847229004 29261.9538879395 29611.210144043 30226.4182434082
32033.2535095215 31431.9792480469 30566.1205749512 30618.5890197754 30988.5400085449 30488.8255310059 28957.7281799316 28085.4254455566 27786.2585754395 27890.4949951172 27982.3140563965 28379.0731201172 28939.7180175781 29217.4769287109 29328.6084899902 29221.73828125 28989.7295837402 29288.2769165039 29766.2699890137 29798.357421875 29786.1015625 29540.1837158203 28739.8730773926 28245.6363220215 28117.2378845215 27582.3499450684 27177.4934387207 27066.4297485352 27130.1017456055 27372.6417541504 27450.790222168 27464.6917724609 27553.0875244141 27881.229309082 28085.7507019043 28382.994934082 28661.1386413574 29072.2044372559 29395.6819152832 29664.5344543457 29977.1347045898 30262.9175415039 30512.0848999023 30535.9687194824 30512.9625549316 30778.3305358887
31961.4023132324 30871.3375244141 30066.974609375 29968.8895263672 30691.7133789062 29845.3828125 28305.4167785645 27960.4463806152 27300.596496582 26723.2414855957 26872.1940612793 27275.2596130371 27955.3758239746 28417.0057983398 28648.71484375 28823.3764953613 28632.6725463867 28649.7377319336 29007.557800293 29241.5148620605 28795.2797241211 28557.2577819824 27985.8342895508 27583.2480163574 27454.4765319824 26965.3149719238 26634.8262329102 26604.6015319824 26887.8159790039 27279.4625854492 27601.8378295898 27572.7205200195 27581.9730224609 27921.5894165039 27990.0524597168 28655.2055358887 29416.4314880371 29750.5137634277 29681.1793823242 29883.0600585938 30194.7422790527 30458.5051574707 31533.5914611816 32278.2269287109 31999.8167114258 31614.5519714355
32681.9495239258 31648.9852600098 30898.4675598145 29985.6225891113 29894.274597168 29462.4367675781 29065.5559082031 28878.7222290039 27872.396484375 27279.7472839355 27526.3344116211 27798.1168823242 27999.750793457 28134.787902832 28138.9116821289 28197.9469299316 28104.3215637207 28020.7297058105 28287.7461853027 28604.3897399902 28261.4797668457 27816.5195922852 27411.9120483398 27194.9273376465 27106.9643859863 26939.4577636719 26547.9862976074 26538.3399047852 26890.8538208008 27296.5512084961 27455.923034668 27401.2608947754 27458.6512756348 27814.7254333496 28146.9114074707 29206.9943847656 30069.6519470215 30273.2797851562 30058.6058654785 30394.106262207 30691.530456543 30621.3617858887 31295.745300293 32357.5340881348 32584.7707214355 32161.7890014648
32250.7018432617 31167.9811096191 30732.4432067871 30101.9844970703 29549.6374816895 29138.4722900391 28620.8815917969 28512.3812561035 28291.296875 28458.4123535156 28473.9313964844 28538.3827209473 28388.2704772949 28330.9456787109 28446.6679382324 28316.8048095703 28093.448425293 27730.4569091797 27718.132019043 27746.3778381348 27674.7249145508 27436.7203674316 27105.7743225098 26994.8742370605 27067.4710998535 27152.7816772461 26986.1879272461 26939.5413513184 27140.783996582 27226.1332397461 27410.5180053711 27458.2575378418 27622.0750732422 28040.3581542969 28491.0221862793 29410.8710327148 29877.6317138672 30042.6042480469 30135.1382141113 30647.6788635254 31361.8156433105 32651.0155029297 33855.5687866211 34712.1827697754 35801.861328125 35093.7850952148
33254.6628417969 31651.5066833496 31114.8836669922 30314.5183410645 29979.2231140137 30108.727722168 30114.416595459 29296.19921875 28805.8805847168 28791.6555480957 28459.5362854004 28312.6386413574 28376.1618652344 28466.8082275391 28841.4961853027 28839.1095581055 28426.5205993652 28111.1816101074 27733.0641479492 27405.1145324707 27306.1813049316 27239.5639953613 27009.0155639648 26653.4332885742 26657.5386962891 26696.3486633301 26764.7394714355 26846.5615234375 27041.8594055176 27214.7012939453 27448.2125244141 27693.7269592285 28020.2613525391 28448.3430480957 29108.578125 29548.8855285645 29862.6218566895 30067.2514648438 30237.2069702148 31047.4811096191 32700.8961791992 35126.4807128906 37256.0723876953 38305.4052124023 40642.0938720703 39206.7104492188
32217.5207519531 31575.8132019043 31153.4366149902 30754.7000427246 30658.7582702637 30526.2756652832 30646.7836303711 30468.4533996582 29971.420715332 30054.5588989258 29482.7277526855 28820.8162841797 29449.6452941895 29992.9570007324 29824.4011535645 29527.3438110352 28976.3636474609 28382.0941467285 27918.4909973145 27480.4890136719 27215.0543212891 27087.1832885742 27011.2414550781 26547.7832336426 26003.5277404785 25980.1924438477 26283.6500244141 26547.6656799316 26993.9625549316 27358.2722167969 27729.5858459473 28143.5108337402 28609.7688293457 29268.0824584961 29972.1356201172 30442.3050537109 30576.1737976074 30562.0943908691 31107.6427001953 33364.635559082 35320.4212646484 39346.3551025391 45117.2680053711 42874.891784668 45669.5551757812 43232.8492431641
32154.5953674316 32525.3578491211 32466.7684936523 32181.8615112305 31552.7047424316 31250.0308227539 31016.8801879883 30695.9707336426 30419.5742492676 30031.2879943848 29540.6030578613 29347.2546386719 30069.2351074219 30388.8229980469 30484.0354003906 30484.0979919434 29953.1051330566 29308.2249755859 28595.120300293 27954.4296569824 27658.2108764648 27347.8726501465 27012.0035400391 26421.3105773926 25828.6649169922 25694.0957641602 26086.4218444824 26782.3703613281 27377.4612731934 27917.3757324219 28441.4491577148 28974.3027648926 29556.5613708496 30241.8125610352 30881.2635498047 31055.5409240723 31142.1491699219 31174.6267089844 32608.3803405762 34888.4838867188 37457.5394287109 40476.1084594727 46162.647644043 47820.580871582 49774.4794311523 46693.3367919922
34396.7460327148 34570.7701416016 34287.3255615234 33603.6610717773 32931.7980041504 32540.7254943848 31963.5877990723 31090.5851135254 30173.3198852539 29890.4515991211 29850.7427368164 29782.3074035645 29665.4690856934 29875.731628418 29786.5729980469 29710.2038879395 29633.5078735352 29409.3500366211 29114.0314941406 28926.8618164062 28702.6675720215 28346.7020874023 27895.6430053711 27339.438293457 27180.1448059082 27084.6688842773 27370.2503662109 27854.8667907715 28392.7977294922 29046.9746704102 29571.7762145996 30074.7546081543 30568.5692749023 31112.8784179688 31362.6542663574 31571.2989196777 32088.8019104004 32763.3353881836 34690.6945495605 37558.1723632812 44453.4575195312 47741.5308837891 57745.4180908203 59840.6860351562 60492.325012207 52029.2876586914
38184.4359130859 35952.0836181641 36606.1614990234 36610.1452636719 35578.5162353516 33647.4895629883 32071.7915039062 31239.7823791504 30731.7164611816 30519.8616333008 30318.0816040039 29998.8273010254 29746.392364502 29626.4742736816 29491.4700927734 29714.2398376465 29930.2262573242 29965.4926147461 30027.4171142578 30061.7514648438 30142.9105529785 29762.7632141113 29248.7109680176 28873.5569763184 28911.6628417969 29126.822265625 29768.1540527344 29693.3080444336 30008.1949462891 30458.1797180176 30774.3198547363 31064.2637023926 31432.8491210938 31881.2933349609 31805.5624694824 31888.1012878418 32832.4757995605 34088.9094238281 36273.2365112305 38060.8435058594 41800.5645751953 48600.5408325195 57284.850769043 59806.7789916992 52209.9089355469 54793.3955688477
39829.0186157227 36753.817199707 36728.7093505859 35664.5327758789 34889.1356201172 33738.8161010742 32729.4733886719 31949.1727905273 31408.4014892578 30794.4218444824 30181.596496582 29934.830078125 29796.6907958984 29896.4916992188 30087.5093078613 30336.8401794434 30481.9023742676 30768.7051391602 30810.3264160156 30922.1250305176 30886.1565246582 30245.4328613281 30269.8394165039 30558.2390441895 30433.2757568359 31076.3468933105 31664.6242675781 31086.9564208984 31441.2145385742 32185.9764709473 32423.735168457 32551.0556945801 32319.4726867676 32126.8033752441 31892.1039123535 32045.9292602539 32972.96875 34563.6047973633 35845.67578125 37490.9926757812 40212.4315185547 40637.9673461914 39995.9012451172 40476.6147460938 40894.7977294922 45350.6994628906
37533.8539428711 34346.5191650391 33590.9097595215 32311.845123291 31799.1021728516 31838.366027832 31806.7315673828 31497.6398010254 31238.7012329102 30780.7940368652 30507.4210510254 30337.15234375 30274.4649658203 30435.0191650391 30609.8680725098 30712.0566101074 30923.649230957 31228.7821044922 31158.725769043 30962.6899108887 30892.8406066895 30995.6128845215 31831.7551574707 32062.0094299316 31571.9699401855 31746.653503418 32372.8662414551 32184.8840026855 32396.3453979492 32824.0396118164 32855.9208374023 32857.587310791 32410.2001647949 32072.7137145996 32417.7528076172 32650.8027648926 32695.610168457 33703.2930908203 35100.2525634766 35967.2695922852 36063.3839111328 36243.2319946289 36648.3422241211 37262.6236572266 37264.4951782227 38541.7969360352
38961.4627075195 35060.5070800781 34105.4520263672 32767.7676391602 31736.0952758789 31431.983215332 31466.0355224609 31306.1401672363 31173.2881469727 30984.8968505859 30620.4968261719 30524.2023010254 30484.4057312012 30687.2105102539 30792.1481323242 30796.8352050781 30908.0780334473 30914.1001281738 30758.607421875 30707.8866882324 30860.7268371582 31223.9316101074 31787.807800293 32114.198059082 32306.4858703613 32687.3614807129 32836.0692443848 32975.2531738281 33177.8703613281 33031.7568054199 32690.2573242188 32646.0803527832 32928.0265197754 33366.8367919922 34283.0676269531 34318.3483886719 33798.8481445312 32491.0223083496 32941.501159668 33655.1362304688 34352.9758911133 35034.2908935547 35604.169128418 35596.219543457 35306.5895996094 36275.880065918
40098.3190917969 37141.0186157227 35062.4324951172 33547.4705810547 32226.6682434082 31711.2359619141 31420.1073608398 31010.9065856934 31230.1111755371 31329.6195068359 31319.1305847168 31317.9148864746 31362.5444641113 31344.7952880859 31445.8897094727 31693.0438232422 31801.819732666 31789.0110168457 31775.1820678711 31793.6136779785 31930.1758728027 32057.6859741211 32365.2680358887 32772.2797546387 33069.6821899414 33517.143737793 33938.6663208008 34071.9351196289 33840.8506469727 33525.8501586914 33746.7560424805 34606.9917602539 35673.991027832 35887.0476074219 36135.5609130859 36089.7702026367 34964.2086181641 32712.8379516602 33690.2918701172 33082.4950561523 32835.0836791992 33671.1164550781 34553.1624755859 34096.9645385742 34090.3297729492 34954.1675415039
39788.6331176758 36909.5458984375 35235.908996582 34281.8013916016 32565.8000793457 31601.9395446777 31571.7358093262 31296.7648925781 31819.7222595215 31843.5858764648 31740.1557617188 31592.9532470703 31662.8605041504 31534.8455810547 31788.2316894531 32145.5983886719 32647.8442077637 32985.5099487305 33185.1287841797 33278.6088256836 33211.5063171387 32963.6116027832 32995.9019775391 33169.4696044922 33508.2020263672 33971.3210449219 34329.243347168 34386.1915283203 34873.7974853516 36085.9495239258 37446.1167602539 38648.0208129883 38568.9857788086 37565.5405883789 37358.7691040039 36609.8385009766 35304.0384521484 33590.5261230469 32975.4810791016 33092.4078369141 33069.7073364258 31971.9440612793 31233.0264587402 31828.8480529785 33280.9729309082 33369.001373291
40271.5620117188 37087.5910644531 35079.1556396484 34010.7147827148 33836.2549743652 33559.1752319336 31473.2956848145 31168.8233947754 31517.3059082031 31665.7291870117 31469.8851928711 31313.6054992676 31118.5508728027 30886.9010925293 31022.7809448242 31533.0672912598 32357.3934326172 33182.5783691406 33920.0855712891 34056.1475830078 34010.9985351562 33994.3561401367 33530.798828125 33314.1576538086 34473.4323120117 36272.4974365234 37607.1976928711 38659.4567260742 37631.1511230469 39235.3049926758 41113.8421630859 39591.147644043 38930.0048828125 37718.1205444336 37010.063659668 36193.6742553711 35426.8505249023 35706.2164306641 35055.5294799805 33289.71875 31575.2112121582 33147.1246032715 31327.9296264648 30083.3980407715 31321.9900512695 33140.6396179199
