Cases/SDM_Urocitellus_beldingi/westernUsClimate_historic/BIO18.asc
NCOLS 316 
NROWS 299 
XLLCORNER -124.820833001 
YLLCORNER 29.1625003333339 
CELLSIZE 0.0666666666645545 
NODATA_value -3.4e+38 
[rows 100 to 124 of 299, columns 0 to 56 of 316]
-3.4e+38 -3.4e+38 -3.4e+38 -3.4e+38 8647.6875 8813.703125 11217.5625 15569.1875 18590.59375 19819.890625 18006.46875 12607.09375 11554.8125 11688.578125 9092.359375 9304.8125 6360.078125 5611.421875 4561.5625 3120.96875 2846.53125 2774.4375 2950.328125 3588.4375 3270.859375 3280.96875 3806.84375 3529.25 3185.421875 3212.609375 3981.40625 4662.109375 5457.015625 5088.78125 6217.171875 6886.1875 7189.71875 7739.5 7364.6875 5564.1875 5519.15625 4197.0625 3687.921875 3433.125 3459.0625 4348.109375 5265.765625 4891.25 3698.5 3553.125 3695.0625 3619.5625 3680.625 3907.03125 4354.65625 4411.0625 4402.40625
-3.4e+38 -3.4e+38 -3.4e+38 -3.4e+38 8453.875 8702.703125 11347.078125 14838.953125 15960.921875 18105.6875 17751.3125 17228.671875 15131.296875 19884.5625 16763.1875 5878.296875 5276.109375 5358.265625 3569.53125 4171.6875 5126.15625 4070.640625 3202.75 3342.734375 4236.75 4904.640625 5725.03125 4684.6875 3279.5 3464.046875 4689.5625 6306.46875 6259.734375 6280.171875 6200.84375 6340.328125 6696.625 6912.265625 7165.703125 7041.859375 6446.234375 5089.953125 4237.78125 3536.625 3176.625 3801.015625 3817.484375 3347.34375 3738.203125 3628.515625 3812.6875 4058.765625 4750.4375 4934.625 4260.84375 4426.765625 4801.9375
-3.4e+38 -3.4e+38 -3.4e+38 -3.4e+38 8239 8145.421875 9930.796875 12687.03125 16157.75 16038.578125 13405.515625 14191.90625 16628.796875 14031.984375 16982.75 9772.21875 4619.390625 3556.875 3452.890625 4638.703125 6190.328125 6580.984375 5118.46875 2944.875 3340.515625 4584.875 4485.484375 4777.96875 4655.125 4204.375 3962.40625 5525.703125 6534.921875 6105.015625 6413.71875 6010.71875 5653 6677.546875 6802.421875 6484.171875 5305.46875 4725.90625 4289.375 3951.609375 3258.40625 3648.890625 4107.125 3821.984375 3536.546875 3647.609375 3647.703125 3740.953125 3846.4375 3815.953125 3648.921875 3692.828125 4482.125
-3.4e+38 -3.4e+38 -3.4e+38 -3.4e+38 -3.4e+38 7607.4 8470.5625 13870.375 16376.671875 14832.8125 11647.96875 15041.703125 20725.40625 19230.828125 19422.84375 11687.5 4170.203125 2801.296875 4584.828125 5759.40625 7662.046875 6491.4375 3639.84375 3531.265625 5075.796875 5455.46875 4186.171875 4437.53125 5059.78125 5799.28125 5064.265625 4614.765625 4565.171875 4789.90625 5725.90625 6061.28125 5438.765625 5115.28125 5389.53125 6599.515625 5383.515625 3861.890625 4295.109375 4394.34375 3718.171875 3089.921875 3207.328125 3568.796875 3471.671875 3571.75 3546.5625 3581.03125 3560.75 3562.609375 3474.03125 3505.609375 3738.765625
-3.4e+38 -3.4e+38 -3.4e+38 -3.4e+38 -3.4e+38 7253 7272.65079365079 11863.875 13548.375 12139.90625 13628.078125 14262.734375 17706.625 21979.640625 21572.59375 15460.796875 6051.84375 2598.078125 3054.484375 4344.59375 5233.65625 5880.703125 5686 5466.359375 6766.328125 5156.53125 4345.15625 4493.28125 4722.8125 5843.1875 6487.28125 5712.375 4863.671875 4424.8125 4960.21875 5438.109375 4786.1875 4596.140625 4652.53125 5135.28125 5183.8125 3934.375 4372.90625 4128.109375 3358.90625 3074.21875 2851.875 3391.28125 3906.40625 3408.65625 3498.21875 3707.15625 3654.140625 3565.859375 3529.34375 3538.4375 3635.75
-3.4e+38 -3.4e+38 -3.4e+38 -3.4e+38 -3.4e+38 -3.4e+38 7353.275 8231.75 10463.046875 11003.578125 12378 12670.890625 15828.21875 18165.078125 19493.859375 13817.15625 3992.65625 3332.125 4686.5625 5779.875 5584.859375 5810.171875 5562.703125 5341.671875 5621.953125 4666.234375 5033.671875 5591.8125 6174.59375 6826.015625 6673.90625 5867.03125 4857.234375 4865.578125 4916.265625 5079.390625 4603.703125 4625.765625 4707.6875 4894.4375 4821.671875 4834.984375 5545.296875 4457.203125 3166.203125 2933.890625 3134.0625 3285.703125 3486.640625 3527.6875 3420.953125 3575.796875 4058.65625 3679.859375 3559.015625 3563.953125 3580.8125
-3.4e+38 -3.4e+38 -3.4e+38 -3.4e+38 -3.4e+38 -3.4e+38 7453 7582.9512195122 7875.078125 9777.21875 10772.390625 11934.078125 14014.15625 14119.59375 13829.265625 9830.640625 4516.984375 6269.578125 5893.375 6491.265625 6108.515625 5253.21875 5042.09375 4985.453125 4693.578125 4420.03125 5374.78125 5908.03125 6558.4375 6449.546875 5039.578125 4416.890625 3945.390625 4353.359375 4209.171875 3990.734375 4267.46875 4293.515625 4612.328125 4500.109375 4610.578125 4583.546875 4214.875 3732.84375 2929.125 2776.46875 2867.75 3089.125 3256.5 3294 3212.59375 3257.75 3624 3719.8125 3660.78125 3732.640625 3786.078125
-3.4e+38 -3.4e+38 -3.4e+38 -3.4e+38 -3.4e+38 -3.4e+38 -3.4e+38 -3.4e+38 7342.88636363636 7722.46875 8549.515625 11308.90625 12315.140625 13295.578125 9044.6875 6095.84375 5996.375 10281.53125 8576.265625 6545.234375 4618.640625 4047.40625 3933.421875 4119.703125 4521.703125 4901.5 5243.296875 5914.4375 5775.671875 4670.484375 4691.40625 4475.859375 4377.8125 3753.28125 3751.546875 4111.15625 4265.03125 4554.453125 4942.234375 4392.40625 3745.984375 3767.015625 3442.109375 3420.109375 3427.375 3088.640625 3121.46875 3298.65625 3546.53125 3312.578125 3228.484375 3254.5 3412.484375 3596.546875 3726.703125 3879.609375 3935.21875
-3.4e+38 -3.4e+38 -3.4e+38 -3.4e+38 -3.4e+38 -3.4e+38 -3.4e+38 6963.33333333333 7019.56451612903 7234.203125 7769.265625 10981.359375 10222.078125 11635.125 8372.21875 5612.390625 8733.59375 12964.421875 9796.75 5096.625 4167.203125 3492.875 3411.328125 3402.296875 3405.265625 3519.28125 3418.015625 3766.546875 4218.96875 3690.984375 3946.796875 3522.484375 3947.078125 3906.515625 4200.09375 4918.984375 5234.59375 5129.046875 5452.046875 4822.96875 3592.578125 3472.953125 3450.453125 3484.390625 3679.3125 3241.90625 3343.34375 3615.453125 3693.71875 3348.296875 3322.828125 3310.921875 3408.359375 3610.5625 3659.515625 3803.6875 3832.359375
-3.4e+38 -3.4e+38 -3.4e+38 -3.4e+38 -3.4e+38 -3.4e+38 -3.4e+38 7075 7068.421875 6994.71875 7988.90625 9413.953125 10256.078125 11383.328125 11202.5 11450.140625 16007.4375 14431.734375 11134.515625 5857.984375 5330.53125 3205.28125 3150.3125 4554.3125 4366.140625 3699.875 3103.9375 3505.5625 4233.515625 4129.6875 4894.578125 4076.59375 3818.296875 3978.953125 4869.625 5363.859375 5769.125 5531.28125 5118.6875 4782.1875 4409.1875 3571.234375 3474.9375 3482.765625 3313.828125 3557.03125 3318.25 3621.734375 3487.015625 3432.734375 3384.40625 3400.40625 3416 3491.890625 3518.015625 3727 3732.96875
-3.4e+38 -3.4e+38 -3.4e+38 -3.4e+38 -3.4e+38 -3.4e+38 -3.4e+38 -3.4e+38 7108.89583333333 7040.71875 8240.96875 10057.9375 10242.921875 9827.0625 9552.078125 15044.921875 16610.015625 16001.8125 7936.109375 4856.828125 4026.109375 3970.5625 4597.78125 5377.28125 5391.28125 4247 3590.375 3324.5625 4486.5 4819.671875 4635.609375 4397.75 3726.171875 3686.765625 4439.21875 5303.53125 5543.578125 5496.84375 4919.1875 4819.21875 4430.75 4209.21875 3894.03125 3685.640625 3381.046875 3328.078125 3623.96875 3765.25 3631.84375 3688.609375 3505.75 3410.5 3406.453125 3440.015625 3500.703125 3571 3629.375
-3.4e+38 -3.4e+38 -3.4e+38 -3.4e+38 -3.4e+38 -3.4e+38 -3.4e+38 -3.4e+38 6973.33333333333 6892.98 8109.8125 10185.84375 12781.5625 9871.09375 8708.53125 8528.828125 19100.71875 17690.59375 10860.0625 6378.609375 4002.0625 4515.375 5108.25 5106.296875 5465.03125 3002.40625 3120.609375 3265.78125 3319.3125 3361.5625 4029.75 4240.3125 4099.375 3699.859375 3947.25 4818.84375 4920.0625 4784.328125 4307.359375 4396.609375 4730.5 3660.546875 3837.515625 3817.40625 3680.140625 3816.9375 3827.078125 3513.953125 3257.5 3373.75 3649.453125 3515.5 3477.90625 3481.734375 3435.421875 3345.84375 3465.40625
-3.4e+38 -3.4e+38 -3.4e+38 -3.4e+38 -3.4e+38 -3.4e+38 -3.4e+38 -3.4e+38 -3.4e+38 6670.5 6930.546875 8334.28125 10352.875 11960.21875 14501.171875 15232.203125 20577.515625 11928.046875 5827.46875 4598.734375 4505.109375 5589.921875 6455.78125 6223.546875 6307.09375 3903.203125 4062.21875 2677.453125 2556.546875 3119.015625 3339.1875 3768.40625 4799.125 4254.703125 3751.296875 4173.328125 4171.234375 3951.984375 4080.15625 4266.734375 5437.953125 3925.65625 4241.65625 4243.828125 4098.90625 4523.359375 4330.8125 3939.296875 3670.28125 3652.4375 3582.296875 3720.515625 3553.515625 3450.109375 3438.3125 3430.09375 3537.9375
-3.4e+38 -3.4e+38 -3.4e+38 -3.4e+38 -3.4e+38 -3.4e+38 -3.4e+38 -3.4e+38 -3.4e+38 6614.66666666667 6627.33333333333 7268.21875 7888.609375 13190.015625 11999.671875 14412.984375 17942.296875 13049.1875 5195.59375 4464.25 6562.09375 7145.53125 7614.90625 6534.90625 5670.703125 5104.359375 4202.359375 2992.53125 2140.453125 2494.3125 3388.234375 3969.203125 4422.484375 4112.03125 3703.984375 3573.265625 3421.15625 3405.515625 4307.796875 5618.75 5694.96875 4842.84375 5054.359375 3883.953125 3761.296875 3857.125 3721.203125 3579.25 3561.671875 3559.25 3732.53125 3427.703125 3382.40625 3430.75 3527.5 3707.90625 3807.625
-3.4e+38 -3.4e+38 -3.4e+38 -3.4e+38 -3.4e+38 -3.4e+38 -3.4e+38 -3.4e+38 -3.4e+38 -3.4e+38 6385.09756097561 6599.140625 7320.75 8331.140625 9595.1875 9528.703125 15254.921875 15138.296875 8753.078125 4686.765625 5564.578125 5781.03125 5648.71875 5792.4375 5054.625 4963.765625 5395.84375 4876.015625 2934.375 2303.25 3287.84375 4154.203125 4668.5625 4491.59375 4491.1875 3335.984375 3210.171875 4136.6875 5415.328125 5614.03125 4636.171875 4296.875 4050.59375 3579.546875 3443.125 3426.6875 3404.484375 3431.515625 3416.5625 3434.28125 3571.671875 3437.75 3523.421875 3666.25 3834.4375 4058.703125 3927.515625
-3.4e+38 -3.4e+38 -3.4e+38 -3.4e+38 -3.4e+38 -3.4e+38 -3.4e+38 -3.4e+38 -3.4e+38 -3.4e+38 5860.1 6103.09375 7792.296875 7186.671875 12789.203125 18247.46875 15897.703125 15214.609375 9631.984375 5218.75 4660.03125 4915.90625 6408.5 6191.203125 4871.109375 4917.140625 5437.34375 5123.3125 3335.609375 2600.640625 3205.40625 3551.53125 4392.515625 6164.28125 4571.796875 3872.59375 3620.125 4670.328125 4582.53125 5003.53125 4407.453125 3989.390625 3850.96875 3817.515625 3902.359375 3416.015625 3323.359375 2960.078125 2826.953125 2898.484375 3386.75 3711.546875 3729.390625 3823.578125 4069.140625 4319.53125 4104.796875
-3.4e+38 -3.4e+38 -3.4e+38 -3.4e+38 -3.4e+38 -3.4e+38 -3.4e+38 -3.4e+38 -3.4e+38 -3.4e+38 5036.57692307692 5125.765625 7872.21875 8954.890625 8016.015625 15920.171875 12210.328125 10414.984375 5092.75 4529.234375 6045.796875 3791.828125 4280.28125 4272.109375 3994.515625 4675.28125 4113 5744.703125 4060.484375 3201.390625 3254.15625 3576.15625 6352.8125 7307.6875 4985.875 4424.234375 3977.0625 3956.484375 4448.734375 4453.546875 4790.78125 4414.375 4179.46875 4182.21875 4087.234375 3507.21875 3201.546875 2762.78125 2535.65625 3235.15625 3623.953125 3757.59375 3582.1875 3585.828125 3753.28125 3988.375 4286.21875
-3.4e+38 -3.4e+38 -3.4e+38 -3.4e+38 -3.4e+38 -3.4e+38 -3.4e+38 -3.4e+38 -3.4e+38 4801.30769230769 4613.09375 5341.3125 9852.140625 11519.59375 8937.546875 7501.109375 11618.515625 4497.703125 4221.3125 5343.21875 7906.046875 4021.328125 2693.84375 3222.34375 4696.671875 4690.796875 5111.015625 6215.046875 5385.40625 3982.921875 4704.671875 5626.96875 5271.953125 5031.90625 4904.125 4062.265625 4262.515625 4381.109375 4474.921875 4418.03125 3656.875 3903.46875 4799.734375 4663.78125 4123.28125 3359.125 3049.765625 2595.46875 2502.84375 2773.40625 3510.171875 3829.34375 3804.953125 3685.15625 3466 3469.734375 4075.234375
-3.4e+38 -3.4e+38 -3.4e+38 -3.4e+38 -3.4e+38 -3.4e+38 -3.4e+38 -3.4e+38 -3.4e+38 4494.125 4690.046875 8562.265625 7917 11212.09375 12228 7979.640625 5922.53125 5204.6875 6243.75 6074.28125 7968.734375 6582.703125 3493.421875 3189.28125 3429.578125 4149.3125 3949.890625 5337.265625 5498.09375 5307.578125 6330.578125 6548.625 4558.6875 5285.453125 5954 4922.90625 4710.671875 4744.03125 4163.3125 4069.171875 3815.296875 4230.375 5388.484375 6510.40625 7085.8125 4758.265625 2923.5 2555.15625 2520.03125 2527.4375 2638.265625 2804.21875 4053.484375 3826.625 3360.109375 3236.359375 3356.625
-3.4e+38 -3.4e+38 -3.4e+38 -3.4e+38 -3.4e+38 -3.4e+38 -3.4e+38 -3.4e+38 -3.4e+38 4016.40740740741 4864.9375 7468.71875 10555.609375 8310.890625 12248.3125 7250.84375 5176.75 5236.015625 6748.796875 9271.296875 8416.609375 6910.890625 4603.734375 4378.921875 3706.40625 3498.3125 3393.84375 4930.65625 4852.484375 4968.875 6521.40625 6840.109375 5281.90625 4597.25 5410.65625 6182.078125 4996.515625 3977.375 4916.03125 4229.125 4386.59375 4741.390625 7124.203125 5272.703125 6168.84375 6374.453125 4539.59375 2819.25 2526.53125 2493.640625 2592.828125 2578.9375 3241.34375 4019.578125 3255.515625 3076.9375 3323.96875
-3.4e+38 -3.4e+38 -3.4e+38 -3.4e+38 -3.4e+38 -3.4e+38 -3.4e+38 -3.4e+38 -3.4e+38 3659.46153846154 4811.03125 6199.546875 7550.640625 7567.171875 7385.03125 10367.5 5282.359375 4423.484375 6436.1875 8645.8125 9553.734375 5221.3125 3999.15625 4707.953125 4464.734375 4479.203125 3863.125 4421.71875 4609.390625 5578.46875 7004.171875 5841.140625 6284.796875 5099.84375 6498.171875 6419.140625 4588.78125 4925.734375 5904.40625 4415.9375 5237.375 5509.5625 5701.625 5333 7263.78125 7940.265625 3539.890625 2510.84375 2700.859375 2546.640625 2494.8125 2537.625 2606.78125 3437.34375 3703.609375 3365.0625 3830.828125
-3.4e+38 -3.4e+38 -3.4e+38 -3.4e+38 -3.4e+38 -3.4e+38 -3.4e+38 -3.4e+38 -3.4e+38 3369.525 3626.140625 4367.0625 5887.359375 7886.859375 6549.125 10833.859375 10989.4375 4019.21875 4300.8125 5147.515625 6738.65625 4779.9375 3488.34375 3981.53125 4198.09375 4226.65625 5941.1875 5239.640625 4725.375 4675.359375 5554.546875 4379.25 3983.9375 4250.359375 5519.34375 4959.921875 4524.5625 6655.328125 7051.375 5481.625 8694.390625 7019.359375 6327.796875 5794.203125 6429.609375 5994.171875 2645.421875 2438.875 2234.546875 2453.453125 2627.203125 2643.71875 2666.75 3080.3125 3983.046875 4810.09375 5361.5
-3.4e+38 -3.4e+38 -3.4e+38 -3.4e+38 -3.4e+38 -3.4e+38 -3.4e+38 -3.4e+38 -3.4e+38 3340.11320754717 3480.765625 3899.59375 5651.4375 5437.515625 5935 8286.609375 9383.546875 4320.375 3346.5625 4239.125 4420.78125 3214.203125 3828.6875 4742.671875 4300.109375 3786.171875 5049.578125 4250.84375 3727.328125 4046.6875 3022.171875 2771.3125 2910.953125 4228.78125 5590.328125 4774.734375 4326.9375 6389.625 6045.03125 7459.953125 7570.796875 7682.1875 6627.5625 5784.78125 6517.84375 5010.84375 2785.171875 2350.5625 2321.984375 2437.90625 2885.546875 3134.25 3585.015625 3819.65625 4250.609375 5615.4375 5290.78125
-3.4e+38 -3.4e+38 -3.4e+38 -3.4e+38 -3.4e+38 -3.4e+38 -3.4e+38 -3.4e+38 3223.72727272727 3191.7619047619 3231.578125 4081.359375 4621.78125 5464.421875 6909.75 6829.953125 10576.265625 4333.484375 2686.21875 3042.109375 3304.03125 3725.40625 3837.625 3664.84375 3909.390625 3110.59375 3721.125 3784.109375 3159.515625 2432.9375 1965.3125 1991.859375 2606.609375 3130.890625 5231.203125 5071.375 4261.40625 5064.625 4859.609375 8431.921875 6656.921875 6610.640625 5310.734375 4699.328125 5819.453125 5324.765625 3187.046875 2963.640625 2945.15625 2642.78125 3166.21875 3948.28125 4391.390625 4906.875 5112.671875 4809.1875 4654.578125
-3.4e+38 -3.4e+38 -3.4e+38 -3.4e+38 -3.4e+38 -3.4e+38 -3.4e+38 3247.5 3198.21052631579 3113.046875 3201.0625 4236.140625 6484.125 4728.78125 6053.96875 8946.65625 9194.765625 7675.375 3448.4375 3635.609375 3378.234375 3295.546875 2874.25 3190.453125 3504.578125 2480.078125 2979.875 4091.09375 2861.921875 2166.328125 1959.25 2441.015625 2567.6875 2562.796875 4774.296875 5358.484375 3823.921875 3671.03125 4827.796875 4884.46875 4625.828125 4483.40625 4182.890625 4188.28125 5352.609375 5702.109375 4308.859375 5200.796875 4926.1875 3463.78125 3008.953125 3717.65625 3687.421875 3873.140625 4670.828125 5051.96875 5686.296875
