Cases/SDM_Urocitellus_beldingi/westernUsClimate_historic/BIO16.asc
NCOLS 316 
NROWS 299 
XLLCORNER -124.820833001 
YLLCORNER 29.1625003333339 
CELLSIZE 0.0666666666645545 
NODATA_value -3.4e+38 
[rows 231 to 251 of 299, columns 138 to 183 of 316]
4841.46369171143 4784.04844665527 5824.9047164917 5248.83867645264 4731.19062042236 4551.77965545654 4393.66173553467 4380.92697906494 4417.55856323242 4442.62422943115 4458.5765914917 4811.64608001709 4572.90155029297 4393.07423400879 4434.90511322021 4507.97228240967 4738.10155487061 4861.62106323242 5103.85821533203 5281.22653961182 4987.63830566406 4996.34998321533 5604.72348022461 6235.61599731445 6629.52338409424 6546.27346038818 6233.31295013428 6505.35779571533 6899.7269821167 7381.23477935791 7457.38509368896 7296.92657470703 7202.24806213379 7262.15972137451 7392.92813873291 7589.73629760742 8174.5422744751 9068.48516845703 9931.54296875 9632.85227966309 9098.48751831055 8455.71015930176 8216.69921112061 8232.28005981445 8648.69956970215 9118.11715698242
4939.65233612061 5209.49687957764 6104.70195007324 7014.31677246094 5752.33478546143 4835.53946685791 4553.04918670654 4407.99339294434 4415.80545806885 4417.60192108154 4405.52071380615 4374.35511016846 4390.66872406006 4366.28164672852 4435.53434753418 4525.87228393555 4832.11052703857 4894.55744934082 5372.36874389648 5401.68166351318 4942.04879760742 5072.01955413818 5667.24922180176 6483.24221038818 7486.13279724121 7413.89024353027 6682.4066619873 6442.87502288818 6611.73597717285 6861.72653961182 6897.62341308594 6995.28476715088 7061.64603424072 7063.79490661621 7149.35124969482 7154.25118255615 7340.89417266846 8029.3344039917 7955.82263946533 8060.02576446533 7944.39766693115 7899.57692718506 7739.27229309082 7811.29763031006 8781.21016693115 12785.799621582
5739.57851409912 6138.50194549561 5850.26365661621 6196.60548400879 6046.03087615967 5187.46519470215 4755.23164367676 4581.52185821533 4479.9448928833 4478.65585327148 4411.12812805176 4468.80625152588 4457.19766235352 4363.42264556885 4441.83946228027 4595.8343963623 4740.19765472412 4929.47971343994 5259.37967681885 5360.2191696167 5053.28517150879 5094.81482696533 5616.59605407715 5960.22380828857 6628.53433227539 7111.70198822021 7244.69220733643 6777.00703430176 6661.64884185791 6688.54570770264 6775.58479309082 6986.94181060791 7226.36328125 7150.14023590088 6931.30309295654 6817.39453125 6708.75662994385 6774.52226257324 7197.50507354736 7304.58905792236 7268.43711853027 7278.15306091309 7344.17343139648 7454.64919281006 8060.62729644775 10865.3621063232
6798.22303009033 6759.42855072021 6383.51327514648 6363.99689483643 6402.46362304688 5864.91988372803 5727.86331176758 5043.75392150879 4771.52543640137 4701.57111358643 4575.38826751709 4483.75859069824 4325.13085174561 4360.13594818115 4497.33123016357 4661.63202667236 4683.44922637939 4885.91640472412 5045.03943634033 5035.861328125 4932.68788909912 5087.5922088623 5704.27381134033 6058.72894287109 6567.96795654297 7090.96446990967 7279.90201568604 6864.32581329346 6707.65119171143 6715.6996307373 6809.02381134033 7044.16368865967 7533.46600341797 7668.40237426758 7123.14572906494 6732.23126220703 6601.48748779297 6597.4359664917 7000.01206970215 7018.52854156494 7049.10898590088 7029.1616973877 7049.72383117676 7153.94451141357 7400.38907623291 7899.16989135742
4654.72385025024 5207.57927703857 5535.79684448242 6178.45508575439 6479.83438110352 5881.58554840088 5245.6664352417 5165.19841766357 4844.4741973877 4712.37773895264 4630.64529418945 4564.13868713379 4341.72188568115 4309.85545349121 4527.21520996094 4646.26523590088 4744.80390930176 4897.71213531494 5059.38244628906 5134.13631439209 4996.87731170654 5206.576171875 5939.88357543945 7221.92419433594 7611.33082580566 7387.98830413818 7168.63433837891 7133.23633575439 6849.86521148682 6564.34492492676 6819.36135864258 6838.36360168457 6920.54296112061 7055.8207244873 7361.10231018066 6769.26013946533 6695.8823928833 6661.11051177979 6900.82110595703 6818.27808380127 6842.50628662109 6891.69339752197 6952.50667572021 6996.05821228027 7050.31525421143 7084.35466766357
3391.51249694824 3684.66131591797 3991.44532775879 4863.81053924561 6214.60973358154 6271.01482391357 5442.44024658203 5028.27460479736 4725.36524200439 4649.19261169434 4549.16720581055 4529.35509490967 4479.14532470703 4242.03672790527 4492.84455108643 4696.967628479 4996.07927703857 5001.85544586182 5064.20079040527 5229.64763641357 5239.50353240967 5418.93434906006 5958.52460479736 7212.90703582764 7436.98162078857 6905.68282318115 6585.5659942627 6279.19965362549 6066.7035369873 6349.69097900391 6232.24769592285 6044.85430145264 6354.16329193115 6414.55667877197 6535.90231323242 6722.72777557373 6831.29605865479 6605.92224884033 6469.78868103027 6553.36017608643 6549.83477020264 6656.41249847412 6767.81170654297 6913.64920806885 6946.67184448242 7027.63748168945
3247.00508117676 3374.61172485352 3513.58437347412 3885.76794815063 4990.82027435303 6186.41796875 6198.19997406006 5624.64221191406 5025.96407318115 4776.80155181885 4594.49687194824 4471.98162078857 4290.89492034912 4166.60739135742 4394.92887115479 4806.30626678467 5113.58671569824 5232.90662384033 5315.82424163818 5645.31442260742 5483.76876831055 5592.5551071167 5503.28988647461 5474.43788146973 5639.49143218994 6140.51839447021 6095.03358459473 5833.18947601318 5676.31951904297 5527.65704345703 5376.67887878418 5364.99569702148 5764.96252441406 6033.64529418945 6197.32303619385 6401.87499237061 6705.05037689209 6583.3480758667 6404.45037078857 6582.15039825439 6514.35703277588 6584.54025268555 6642.63283538818 7001.61052703857 7026.76758575439 7127.91249084473
3258.41017913818 3340.82225799561 3427.55351638794 3602.81171035767 3999.66053009033 5371.19847106934 6682.92771911621 7124.53472900391 6515.5933380127 5566.79021453857 4947.89370727539 4720.07151031494 4480.35038757324 4260.64999389648 4352.07774353027 4651.66522216797 4832.80270385742 4922.47655487061 4894.07073974609 5031.74296569824 5365.61209106445 5913.29257965088 5367.6820526123 5167.7191619873 5106.33983612061 5166.20550537109 5401.89769744873 5564.54377746582 5508.37382507324 5381.67931365967 5183.60079193115 5068.96875 5235.9613571167 5377.73907470703 5518.28591918945 5573.857421875 5837.8715057373 6049.88049316406 5984.72966003418 6342.94924163818 6760.38354492188 7022.05742645264 6706.96440887451 6565.76957702637 6839.00077056885 7339.55114746094
3349.98556518555 3372.09141921997 3404.34377288818 3535.39923858643 3709.94375991821 3964.79531860352 4400.73084259033 5085.57303619385 6474.82852935791 7049.12812042236 5635.09648132324 5110.84375 4749.79842376709 4274.00897979736 4363.28242492676 4531.50000762939 4424.33983612061 4478.01955413818 4482.51128387451 4645.03673553467 4971.5093460083 5753.13554382324 5725.38242340088 5226.29569244385 4983.65818023682 4885.08907318115 4889.71561431885 5062.11598968506 5150.34371185303 5182.34803771973 5030.07618713379 4941.64880371094 4936.83124542236 4946.12813568115 4915.1156539917 5038.76091766357 5396.62969970703 5234.54295349121 5285.91050720215 6212.76915740967 6532.56136322021 6731.98322296143 6850.95155334473 6448.21055603027 6582.37380218506 7333.71329498291
3453.28244018555 3487.44062423706 3525.78085327148 3555.21053314209 3704.28475952148 3894.45080184937 4025.08713150024 4148.33984375 4412.31055450439 4781.76518249512 4916.65586853027 5690.48867797852 5142.77616119385 4123.52109909058 3967.43396759033 4149.1289024353 4054.37892150879 4002.70897674561 4111.11446762085 4369.17736816406 4625.84962463379 5200.06017303467 6047.70895385742 5605.09378814697 5011.86325073242 4698.57032775879 4597.34882354736 4712.61013031006 4792.6508026123 4911.29491424561 4860.77695465088 4835.21913909912 4781.87811279297 4724.86680603027 4702.64294433594 4723.35193634033 4862.13981628418 5011.01913452148 5027.01718139648 5495.37500762939 5704.10581970215 5879.38871765137 6139.25975799561 6382.71915435791 6270.091796875 6928.44727325439
3686.05038070679 3681.29455184937 3608.06248855591 3648.72968292236 3723.45584869385 3867.43358230591 4018.6480255127 4165.30351638794 4266.76992034912 4494.39646148682 4540.42109680176 4722.38397216797 4819.85157775879 4277.82657623291 4010.59180450439 3911.06015777588 3797.11834335327 3660.18943405151 3856.25158309937 4102.86795806885 4316.08673095703 4719.79807281494 5425.82420349121 5607.61056518555 5094.68009185791 4487.23979949951 4353.29099273682 4391.42458343506 4518.68864440918 4766.76016235352 4823.67658233643 4705.58595275879 4664.59098052979 4647.12383270264 4570.04648590088 4568.57540130615 4681.61483001709 4792.49141693115 4938.23043060303 5272.52855682373 5495.01444244385 5649.27112579346 5844.97891998291 5932.01754760742 6119.7152557373 6642.60901641846
3724.72110366821 3685.04257965088 3610.25900650024 3705.83748626709 3748.67305374146 3850.50508880615 3897.88045501709 4073.38592910767 4193.26835632324 4353.39337921143 4499.65896606445 4524.2066192627 4713.79763031006 4332.43049621582 4175.25546264648 4017.40741348267 3738.72460174561 3543.69528579712 3630.07774353027 3844.26291656494 4057.8871307373 4348.54219818115 4529.21480560303 4719.98518371582 4690.73514556885 4328.44299316406 4190.61720275879 4182.90512084961 4248.46403503418 4385.60627746582 4503.95116424561 4585.08087921143 4582.5023651123 4538.599609375 4495.54803466797 4561.18710327148 4629.99101257324 4786.78200531006 4892.13868713379 5126.48084259033 5458.7554397583 5770.51448059082 5907.55425262451 5973.60005187988 6174.41520690918 6739.52735137939
3548.11756134033 3568.04724502563 3490.05936431885 3692.52616119385 3695.49726486206 3814.20038986206 3869.19142150879 3910.72576141357 4118.45896148682 4191.71480560303 4347.51016235352 4440.08240509033 4641.28904724121 4125.02500534058 3855.13007736206 3790.97147369385 3593.09608840942 3462.83594512939 3504.31016159058 3643.72693634033 3886.62657546997 4133.94256973267 4273.16448974609 4371.66015625 4288.30898284912 4165.19493484497 3971.14962768555 3971.24335861206 4108.64181518555 4205.69139862061 4368.50156402588 4441.48712158203 4499.55117797852 4498.33596038818 4518.79019165039 4626.92733764648 4627.50741577148 4727.63712310791 4802.72616577148 5079.92498779297 5500.25939941406 5959.32890319824 6099.60079193115 6216.67185974121 6434.52733612061 7113.82539367676
3455.44647216797 3496.94297790527 3519.93202590942 3598.64024734497 3643.8862953186 3757.21171951294 3783.61016464233 3802.78831481934 3933.09259033203 3990.70154571533 3995.58981704712 4000.67383575439 3935.70584487915 3747.68941879272 3591.62110519409 3535.47655487061 3501.18478393555 3475.41757965088 3495.59064483643 3649.31523513794 4105.89023208618 4301.42304611206 4409.16250610352 4200.53907775879 4165.10430908203 4148.32302093506 3972.42852783203 3880.64257049561 3950.56758117676 4190.57615661621 4379.12500762939 4433.15117645264 4511.88748168945 4551.59176635742 4548.61560821533 4610.08791351318 4637.57423400879 4736.41097259521 4845.20310974121 5216.00313568115 5723.16449737549 6189.33160400391 6464.32151031494 6725.09490203857 6911.03124237061 7807.63245391846
3499.59881210327 3508.15428924561 3507.00352859497 3600.39256668091 3648.54374694824 3760.24179077148 3761.29763793945 3760.51055908203 3858.86092376709 3838.56639480591 3790.40469360352 3684.89573669434 3576.13515472412 3497.02970123291 3474.71600341797 3461.021484375 3498.61251449585 3536.88399124146 3637.39022445679 3670.77618408203 4053.0039100647 4456.91832733154 4453.29922485352 4323.57151031494 4204.70897674561 4230.91563415527 4024.11092758179 3858.48319625854 3903.04922103882 4121.76327896118 4335.244140625 4428.17774963379 4476.14022827148 4570.87770080566 4632.4370880127 4627.82696533203 4701.64684295654 4798.71172332764 5077.14025115967 5535.82733154297 6018.40041351318 6507.99453735352 7207.77773284912 7417.47891235352 7530.73162841797 7955.41797637939
3501.98907470703 3476.27227783203 3485.40079498291 3600.01053237915 3665.17500686646 3750.46208572388 3757.43240356445 3755.33123779297 3788.05355072021 3818.92108535767 3679.33399200439 3562.16561508179 3514.0625 3464.02421569824 3525.26095199585 3572.21249008179 3486.8164024353 3569.42268371582 3669.513671875 3974.37889480591 4328.24415588379 4659.61133575439 4712.02931213379 4533.05312347412 4337.95236206055 4183.57733154297 4050.00660705566 3902.62501907349 4086.02852249146 4210.18790054321 4225.0835723877 4281.3765335083 4414.02421569824 4629.73240661621 4699.95584869385 4661.46326446533 4800.21051025391 5143.08438110352 5837.89962005615 6482.78126525879 6584.83203887939 7102.09884643555 7953.54023742676 8859.88906860352 8473.71292877197 8582.13008117676
3526.04270935059 3519.2291615804 3509.93802388509 3630.82010408727 3663.67501627604 3750.75317382812 3758.47500610352 3755.09375 3725.71243286133 3815.06561279297 3605.47749023438 3571.03177552304 3548.4589805603 3581.24647903442 3815.04103088379 3807.33592987061 3611.78945159912 3621.88826370239 3758.99254989624 4798.70975494385 4678.12580108643 4698.56757354736 4732.63008880615 4587.23004150391 4489.6558380127 4326.37267303467 4108.74686050415 3978.87733459473 4092.63006210327 4417.97109985352 4377.85157012939 4289.08477020264 4403.56716918945 4568.29611968994 4734.8359375 4801.74259185791 5157.69651794434 5807.5668258667 7056.8140411377 7759.60543823242 7488.21206665039 7723.95932769775 8182.28086853027 9052.38905334473 10088.0980224609 9990.75970458984
-3.4e+38 -3.4e+38 -3.4e+38 -3.4e+38 -3.4e+38 -3.4e+38 -3.4e+38 -3.4e+38 -3.4e+38 -3.4e+38 -3.4e+38 3583.03019512824 3566.7910194397 3583.99843215942 3670.34608840942 3713.33242416382 3588.13162994385 3598.06408691406 3709.38592529297 4306.40938186646 5560.00780487061 5024.54257965088 4657.23438262939 4739.83397674561 4886.88516998291 4476.37149047852 4208.12462234497 4107.65238189697 4116.54025268555 4195.02421569824 4291.56171417236 4414.75621795654 4459.68904876709 4565.81329345703 4663.02071380615 4950.13986968994 5600.63436889648 6789.34339141846 7190.31407165527 7611.05621337891 8075.86993408203 8345.57186126709 8553.88314819336 9089.81761169434 10555.9339752197 11625.6629943848
-3.4e+38 -3.4e+38 -3.4e+38 -3.4e+38 -3.4e+38 -3.4e+38 -3.4e+38 -3.4e+38 -3.4e+38 -3.4e+38 -3.4e+38 3587.1849609375 3576.71785094246 3569.14570617676 3572.4960975647 3582.6508026123 3591.69060897827 3609.9468421936 3663.58007049561 3845.61953353882 4611.59142303467 4847.41722106934 4549.57968902588 4635.30625152588 4881.2554397583 4592.57460784912 4416.44567871094 4213.22933578491 4171.08828735352 4210.73122406006 4245.50001525879 4561.58670043945 4645.24925994873 4656.48361968994 5362.54340362549 5298.46716308594 5853.50077819824 7390.56286621094 7796.08008575439 8154.17308807373 8854.52739715576 8776.11128234863 9120.63168334961 10325.4007873535 10514.4480285645 12492.9386444092
-3.4e+38 -3.4e+38 -3.4e+38 -3.4e+38 -3.4e+38 -3.4e+38 -3.4e+38 -3.4e+38 -3.4e+38 -3.4e+38 -3.4e+38 -3.4e+38 3580.80263157895 3569.43489736881 3575.53643902278 3579.25900268555 3597.63046646118 3620.81247711182 3661.65703582764 3748.79962921143 4033.96286010742 4200.56758499146 4507.6499710083 4446.31052398682 4636.62775421143 4906.76948547363 4922.87925720215 4611.67575836182 4268.80859375 4266.70974731445 4364.18043518066 4686.83238220215 5074.16522216797 4858.95272064209 6023.90623474121 5782.49568939209 5952.947265625 7488.62376403809 8010.04530334473 8210.6577835083 8993.55853271484 8829.06330871582 8814.07078552246 9223.32225036621 10101.5667114258 12078.6554107666
-3.4e+38 -3.4e+38 -3.4e+38 -3.4e+38 -3.4e+38 -3.4e+38 -3.4e+38 -3.4e+38 -3.4e+38 -3.4e+38 -3.4e+38 -3.4e+38 -3.4e+38 -3.4e+38 -3.4e+38 3591.58551346628 3614.84864600929 3642.91292317708 3711.88321685791 3740.21250534058 3816.19063186646 4006.46445465088 4329.16092681885 4675.92035675049 4580.56405639648 4824.05394744873 5697.13555908203 5173.15546417236 4595.18475341797 4471.65392303467 4983.37461853027 4994.36407470703 4822.47499847412 4942.73129272461 5304.47812652588 5682.44298553467 5950.8882522583 7023.59255981445 8704.38666534424 8567.89098358154 9106.73675537109 9037.03123474121 8833.83207702637 9539.88986206055 10049.7558288574 11562.2890472412
