Cases/SDM_Urocitellus_beldingi/westernUsClimate_historic/BIO10.asc
NCOLS 316 
NROWS 299 
XLLCORNER -124.820833001 
YLLCORNER 29.1625003333339 
CELLSIZE 0.0666666666645545 
NODATA_value -3.4e+38 
[rows 25 to 49 of 299, columns 171 to 227 of 316]
1198.71875 1260.3125 1252.875 1261.78125 1281.46875 1277.578125 1208.421875 1129.640625 1120.75 1133.859375 1265.453125 1379.625 1412.5 1495.984375 1554.78125 1571.359375 1612.1875 1637.0625 1670.203125 1701.890625 1719.546875 1727.359375 1759.96875 1786.78125 1789.421875 1786.796875 1810.9375 1830.1875 1850.203125 1858.328125 1842.015625 1855.5 1828.703125 1821.953125 1804.671875 1790.90625 1785.671875 1797.765625 1775.53125 1722.84375 1660.53125 1506.578125 1490.484375 1482.53125 1612.90625 1746.4375 1798.71875 1845.40625 1860.609375 1846.359375 1837.6875 1839.203125 1832.140625 1825.390625 1838.515625 1855.5 1881.671875
1171.3125 1214.546875 1205.5625 1155.265625 1171.953125 1288.90625 1248.328125 1098.609375 1057.171875 1115.328125 1211.890625 1226.140625 1323.234375 1388.640625 1495.859375 1551.296875 1594.375 1639.328125 1683.078125 1705.171875 1691.421875 1650.5625 1691 1737.421875 1774.921875 1800.640625 1824.015625 1835.65625 1831.4375 1835.21875 1803.421875 1767.4375 1730.609375 1765.609375 1747.703125 1719.078125 1718.953125 1759.734375 1757.390625 1726.921875 1669.296875 1608.203125 1644.4375 1686.703125 1719.734375 1747.078125 1779.109375 1801.1875 1793.265625 1794.734375 1787.484375 1773.140625 1775.34375 1793.390625 1822.65625 1860.375 1846.703125
1241.484375 1227.765625 1179.453125 1277.828125 1161.703125 1232.65625 1280.421875 1226.328125 1170.5 1161.359375 1177.59375 1265.21875 1264.765625 1352.125 1402.796875 1512.28125 1599.390625 1654.125 1705.65625 1748.703125 1731.90625 1621.09375 1541.5625 1567.421875 1716.171875 1791.75 1819.65625 1821.8125 1811.21875 1813.40625 1802.375 1752.9375 1711.84375 1694.3125 1678.6875 1671.359375 1652.375 1695.078125 1665.578125 1670.359375 1668.15625 1664.140625 1670.90625 1695.90625 1711.25 1713.3125 1727.078125 1743.828125 1752.265625 1755.25 1747.5 1748.765625 1770.125 1798.5625 1817.546875 1844.734375 1835.46875
1392.828125 1284.125 1268.25 1403.75 1260.265625 1229.15625 1252.28125 1303.90625 1278.984375 1195.53125 1194.78125 1205.03125 1169.65625 1278.09375 1298.03125 1452.265625 1607.34375 1660.625 1720.75 1763.78125 1769.046875 1736.484375 1595.609375 1642.578125 1774.65625 1763.40625 1754.265625 1781.015625 1772.78125 1780.421875 1773.375 1704.828125 1609.4375 1602.296875 1598.609375 1548.46875 1555.875 1626.484375 1527.796875 1545.640625 1589.890625 1546.21875 1596.859375 1626.625 1640.296875 1654.65625 1700.109375 1711.6875 1728.9375 1728.9375 1731.203125 1748.375 1767.046875 1776.828125 1781.109375 1810.34375 1825.984375
1476.328125 1483.5 1458.4375 1473.265625 1398.78125 1285.359375 1349.046875 1303.875 1246.96875 1254.234375 1161.578125 1271.21875 1279.953125 1256 1315.03125 1421.84375 1507.28125 1546.609375 1607.015625 1662.75 1728.96875 1789.546875 1805.890625 1735.59375 1621.984375 1595.96875 1509.78125 1627.921875 1712.59375 1716.1875 1650.671875 1639.59375 1637.625 1484.53125 1488.953125 1444.546875 1520.296875 1559.25 1525.453125 1482.5 1473.6875 1446.84375 1378.671875 1470.703125 1522.125 1591.84375 1641.53125 1677.3125 1698.21875 1703.828125 1723.640625 1717.453125 1718.390625 1732.5625 1754.46875 1781.5625 1797.734375
1530.90625 1511 1495.421875 1505.640625 1496.796875 1443.65625 1467.234375 1481.796875 1318.6875 1254.4375 1213.890625 1298.890625 1347.3125 1384.53125 1373.546875 1381.828125 1390.9375 1486.796875 1600.453125 1708.953125 1772.625 1834.234375 1788.703125 1691.4375 1518.5 1465.171875 1503.953125 1569.75 1656.9375 1611.09375 1555.25 1603.78125 1604.03125 1501.53125 1403.171875 1396.34375 1407.0625 1373.6875 1457.1875 1486.703125 1389.421875 1318.140625 1296.515625 1303.453125 1433.8125 1487.828125 1545.65625 1600.484375 1661.359375 1692.234375 1687.984375 1689.0625 1702.625 1716.375 1744.984375 1770.984375 1761.09375
1559.359375 1545.484375 1521.796875 1506.75 1500.234375 1504.5625 1509.4375 1488.609375 1430.84375 1425.796875 1482.59375 1458.5 1434.390625 1444.21875 1423.453125 1343.3125 1316.59375 1433.21875 1523.703125 1671.15625 1774.703125 1789.984375 1583.125 1576 1519.359375 1475.71875 1532.609375 1538.078125 1543.171875 1499.15625 1556.671875 1621.03125 1562.421875 1455.90625 1370.609375 1344.265625 1288.703125 1253.671875 1336.75 1402.34375 1336.734375 1229.546875 1139.46875 1272.640625 1284.5625 1356.640625 1421.828125 1521.671875 1608.859375 1641.78125 1668.953125 1688.453125 1701.59375 1717.890625 1741.8125 1746.1875 1736.859375
1593.859375 1524.0625 1420.890625 1456.359375 1484.015625 1491.296875 1508.84375 1494.671875 1499.28125 1495.96875 1533.65625 1506.59375 1454.921875 1359.203125 1328.3125 1378.5 1405.4375 1407.140625 1566.96875 1677.28125 1527.421875 1650.578125 1769.0625 1580.796875 1479.78125 1401.25 1400.859375 1431.03125 1409.171875 1438.484375 1478.515625 1539.171875 1572.046875 1477.375 1435.03125 1340.578125 1271.203125 1214.328125 1186.453125 1252.109375 1253.421875 1182.671875 1138.4375 1166.609375 1231.875 1275.96875 1376.703125 1450.765625 1552.234375 1610.96875 1642.75 1658.78125 1684.125 1706.359375 1734.296875 1733.078125 1715.578125
1555.453125 1522.984375 1351.90625 1404.890625 1471.328125 1481.96875 1509.828125 1521.703125 1438.046875 1391.421875 1411.578125 1353.59375 1343.796875 1309.109375 1309.875 1473.609375 1559.453125 1518.96875 1621.046875 1629.53125 1662.734375 1691.84375 1712 1512 1491.0625 1468.609375 1403.125 1344.25 1388.515625 1437.8125 1541.296875 1544.90625 1545.671875 1548.65625 1472.078125 1403.984375 1343 1247.9375 1217.421875 1185.703125 1200.953125 1172.921875 1180.765625 1245.421875 1261.5625 1336.15625 1454.1875 1520.359375 1438.65625 1528.125 1570.1875 1610.25 1657.53125 1704.703125 1729.875 1721.375 1647.03125
1476.671875 1462.890625 1396.765625 1453.40625 1488.03125 1492.34375 1460.671875 1434.5625 1471.296875 1493.890625 1478.8125 1399.046875 1325.09375 1273.25 1407.359375 1481.90625 1550.1875 1647.203125 1668.84375 1558.984375 1632 1743.265625 1769.984375 1707.828125 1671.046875 1465.234375 1456.953125 1387.3125 1324.34375 1402.265625 1437.328125 1443 1477.96875 1586 1562.40625 1458.203125 1375.203125 1358.75 1290.375 1231.328125 1179.984375 1151.625 1165.0625 1197.734375 1262.28125 1284.40625 1346.71875 1392.46875 1367.578125 1430.3125 1491.375 1559.4375 1642.484375 1700.890625 1735.515625 1708.65625 1548.15625
1574.53125 1587.5625 1558.34375 1513.71875 1507 1478.015625 1422.921875 1385.015625 1302.84375 1391.421875 1493.796875 1468.171875 1335.46875 1239.625 1334.5 1362.1875 1349.953125 1475.890625 1669.59375 1719.578125 1796.5625 1819.609375 1827.734375 1834.71875 1750.453125 1643.765625 1521.703125 1488.703125 1418.59375 1361.359375 1410.515625 1463.6875 1570.28125 1606.5 1589.71875 1513.3125 1379.265625 1315.453125 1353.703125 1259.265625 1243.25 1218.828125 1217.546875 1225.96875 1249.5625 1283.265625 1319.140625 1228.5625 1222.21875 1266.1875 1299.5 1380.8125 1484.40625 1595.21875 1705.71875 1715.140625 1633.4375
1583.453125 1577.453125 1558.046875 1627.828125 1618.375 1538.265625 1498.859375 1487.796875 1402.296875 1367.65625 1383 1480.171875 1455.9375 1429.09375 1394.953125 1368.734375 1383.171875 1515.8125 1632.25 1733.5 1815.109375 1858.484375 1867.40625 1861.671875 1846.609375 1809.015625 1720.375 1608.359375 1524.96875 1430.828125 1394.515625 1428.03125 1535.296875 1598.015625 1615.21875 1562.140625 1472.828125 1450.46875 1396.453125 1379.921875 1406.765625 1371.046875 1344.15625 1321.90625 1318.390625 1297.3125 1277.859375 1253.03125 1292.0625 1352.5 1440.921875 1513.8125 1578.0625 1638.9375 1699.328125 1726.1875 1668.296875
1498.34375 1538.59375 1562.625 1605.765625 1615.28125 1611.640625 1580.78125 1566.125 1547.125 1464.953125 1418.71875 1512.5625 1526.734375 1519.59375 1495.484375 1398.6875 1384.640625 1491.46875 1628.28125 1713.296875 1764.9375 1802.9375 1845.0625 1838.0625 1831.78125 1747.125 1839.9375 1814.265625 1695.453125 1537.734375 1395.578125 1287.78125 1393.3125 1510.46875 1567.203125 1612.515625 1597.90625 1479.96875 1511.6875 1482.953125 1413.84375 1387.3125 1454.78125 1460 1436.984375 1422.53125 1498.921875 1490.3125 1487.40625 1520.34375 1535.140625 1582.390625 1622.171875 1661.015625 1693.59375 1721.03125 1718.53125
1433.1875 1513.859375 1565.109375 1565.65625 1542.84375 1524 1564.375 1577.4375 1588.59375 1576.625 1571.6875 1478.375 1500.3125 1437.578125 1407.0625 1478.265625 1358.53125 1471.90625 1493.9375 1499.53125 1512.4375 1672.9375 1737.515625 1687.1875 1659.21875 1716.171875 1792.9375 1831.875 1795.890625 1669.9375 1377.765625 1254.078125 1294.96875 1366.734375 1496.109375 1590.671875 1625.671875 1623.703125 1538.125 1355.6875 1306.703125 1329.15625 1383.328125 1453.140625 1512.03125 1577.828125 1587.125 1585.46875 1591.4375 1611.109375 1613.59375 1651.828125 1670.859375 1695.5625 1707.015625 1725.203125 1747.296875
1376.71875 1437.21875 1515.40625 1478.375 1307.71875 1264.328125 1335.09375 1490.921875 1571.15625 1583.59375 1601.65625 1553.984375 1467.296875 1377.875 1370.5 1341.421875 1267.953125 1297.59375 1309.234375 1464.046875 1598.640625 1708.28125 1555.78125 1472.90625 1325.375 1577.75 1743.15625 1811.21875 1826.09375 1778.875 1626.6875 1465 1202.84375 1200.9375 1321.078125 1520.984375 1579.5625 1600.71875 1459.703125 1208.296875 1197.625 1317.46875 1409.03125 1451.203125 1469.75 1572.921875 1607.53125 1641.734375 1663.546875 1673.765625 1695.625 1726.203125 1730.046875 1732.5 1729.515625 1736.65625 1754.953125
1429.625 1487.046875 1400.6875 1358.765625 1255.125 1077.21875 1141.46875 1294.65625 1541.25 1574.296875 1608.25 1588.1875 1461.765625 1259.671875 1290.078125 1252.125 1214.828125 1133.90625 1225.796875 1450.21875 1582.1875 1612.265625 1400.28125 1198.9375 1157.703125 1289.203125 1601.71875 1822.5 1820.859375 1810.9375 1739.40625 1583.46875 1380.375 1286.78125 1357.96875 1382.28125 1491.265625 1550.8125 1522.609375 1410.453125 1358.5 1421.953125 1453.328125 1489.3125 1530.5625 1527.34375 1546.40625 1609.78125 1634.734375 1645.671875 1684.03125 1669.828125 1694.390625 1723.625 1751.09375 1774.65625 1789.515625
1422.75 1519.90625 1342.03125 1169.078125 1130.828125 1079.578125 1030 1269.265625 1549.578125 1544 1564.9375 1553.984375 1308.375 1154.1875 1169.90625 1286 1310.765625 1232.265625 1240.578125 1481.96875 1524.3125 1301.5625 1121.890625 1122.953125 1322.984375 1384.859375 1537.5 1797.34375 1803.25 1798.5 1757.671875 1671.078125 1554.703125 1490.453125 1392.953125 1434.1875 1480.859375 1472.53125 1464.578125 1505.625 1469.875 1401.53125 1374.625 1306.125 1417.5 1453.921875 1445.65625 1501.078125 1523.25 1564.84375 1628.734375 1613.125 1660.78125 1698.78125 1705.140625 1717.21875 1751.890625
1440.859375 1484.359375 1296.609375 1143.765625 1098.203125 1107.671875 1276.046875 1500.609375 1566.671875 1554.15625 1572.15625 1499.828125 1325.59375 1336.171875 1401.875 1418.4375 1486.25 1480.1875 1522.1875 1612.75 1574.96875 1348.90625 1193.671875 1199.171875 1322.78125 1510.421875 1648.765625 1684.453125 1792.796875 1792.703125 1759.875 1615.859375 1480.640625 1409.765625 1396.328125 1462.921875 1515.859375 1483.9375 1514.296875 1514.40625 1491.28125 1407.71875 1373.1875 1275.015625 1297.96875 1307.234375 1140.578125 1321.078125 1475.25 1528.546875 1560.96875 1584.671875 1634.203125 1663.65625 1696.96875 1743.03125 1768.53125
1449.953125 1383.03125 1308.8125 1283.09375 1267.4375 1231.515625 1372.90625 1547.4375 1591.203125 1578.765625 1576.15625 1414.578125 1320.828125 1297.421875 1411.34375 1357.84375 1361.765625 1360.953125 1515.3125 1620.890625 1614.03125 1566.34375 1564.53125 1415.859375 1392.453125 1565.3125 1749.9375 1787.90625 1806.125 1807.609375 1738.390625 1605.171875 1440.984375 1423.71875 1438.015625 1515.171875 1508.890625 1438.46875 1448.375 1461.765625 1503.765625 1426.703125 1400.53125 1392.5 1296.3125 1251.28125 1161.609375 1315.640625 1410.625 1455.703125 1490.984375 1573.546875 1618.875 1639.703125 1687.734375 1725.046875 1762.5625
1343.328125 1171 1152.171875 1174.515625 1215.125 1309.484375 1527.6875 1609.3125 1607.15625 1606.09375 1508.5 1405.234375 1409.28125 1308.40625 1333.6875 1399.859375 1173.453125 1267.453125 1406.234375 1552.453125 1337.625 1681.390625 1713 1662.046875 1583.734375 1667.828125 1769.40625 1794.546875 1797.046875 1785.171875 1739.125 1705.34375 1586.78125 1595.46875 1660.515625 1625.140625 1461.015625 1444.375 1385.96875 1434.96875 1545.0625 1504.921875 1512.90625 1467.6875 1340.328125 1042.359375 1049.546875 1274.765625 1371.59375 1447.0625 1522.046875 1580.21875 1607.34375 1606.046875 1612.015625 1644.140625 1685.28125
1101.15625 1029.8125 973.09375 887.796875 940.890625 1077.859375 1371.5625 1538.109375 1590.21875 1613.71875 1551.15625 1510.265625 1520.0625 1349.25 1319.859375 1217.4375 1172.953125 1213.671875 1426 1646.78125 1302.28125 1454.296875 1721.046875 1706.4375 1675.96875 1737.515625 1782.78125 1792.65625 1763.90625 1736.53125 1803.421875 1678.890625 1472.75 1578.9375 1538.265625 1481.609375 1414.96875 1377.0625 1379.9375 1487.625 1571.578125 1570.40625 1561.375 1499.421875 1222.359375 941.6875 847.875 1003.375 1286.859375 1444.8125 1537.9375 1621.15625 1674.125 1692.984375 1690.75 1632.84375 1647.46875
939.140625 969.953125 1043.3125 1144.4375 1268.328125 1333.390625 1339.84375 1292.984375 1403.5 1536.828125 1566.578125 1582.890625 1598.40625 1598.453125 1344.890625 1259.546875 1335.625 1366.265625 1501.046875 1695.15625 1413.578125 1452.9375 1730.828125 1707.140625 1635.375 1746.203125 1791.8125 1796.3125 1706.796875 1829.140625 1807.328125 1568.328125 1527.296875 1636.546875 1578.703125 1371.84375 1358.625 1388.75 1487.875 1545.25 1576.875 1599.515625 1588.09375 1541.203125 1383.796875 1130.4375 874.390625 907.90625 1382.46875 1529.234375 1596.5625 1692.140625 1750.53125 1745.78125 1740.328125 1715.5625 1653.5625
1032.453125 1175.03125 1304.96875 1353.046875 1390.890625 1362.0625 1188.40625 1106.03125 1195.15625 1337.3125 1465.3125 1546.109375 1506.984375 1586.21875 1477.609375 1373.359375 1540.03125 1631.9375 1677.125 1743.25 1577.828125 1615.96875 1744.203125 1668.828125 1729.5 1774.1875 1793.453125 1825.65625 1852.765625 1847.328125 1744.65625 1700.5625 1661.71875 1710.6875 1633.84375 1397.71875 1114.234375 1361.640625 1436.8125 1409.53125 1523.53125 1633.390625 1619.25 1561.4375 1487.171875 1378.3125 1247.921875 1234.40625 1471.671875 1556.828125 1676.65625 1775.90625 1826.296875 1788.03125 1788.015625 1798.75 1731.15625
1280.921875 1357.234375 1375.3125 1294.5625 1339.796875 1352.046875 1215.390625 1174.9375 1254.515625 1263.125 1473.203125 1468.9375 1382.25 1474.765625 1423.15625 1408.671875 1530.625 1702.5 1748.546875 1755.890625 1743.25 1747.4375 1736.390625 1620.109375 1653.46875 1750.21875 1798.765625 1822.75 1834.109375 1833.671875 1821.125 1805.96875 1786.96875 1760.359375 1731.875 1656.609375 1338.8125 1300.234375 1355.890625 1437.28125 1544.3125 1632.5 1690.75 1652.84375 1571.625 1504 1535.421875 1578.90625 1628.828125 1707.953125 1800.5625 1884.21875 1914.28125 1871.046875 1860.5625 1842.328125 1732.03125
1366.453125 1387.578125 1357 1195.765625 1174.296875 1289.234375 1407.796875 1423.453125 1339.40625 1302 1487.34375 1363.1875 1296.75 1236.84375 1196.984375 1368.5625 1564.671875 1703.015625 1744.609375 1693 1615.65625 1608.953125 1708.6875 1688.6875 1773.25 1792.078125 1801.796875 1795.046875 1810.671875 1774.71875 1766.828125 1774.21875 1756.03125 1736.15625 1727.40625 1695.4375 1425.96875 1263.625 1323.1875 1297.40625 1398.890625 1573.15625 1690.234375 1752.03125 1720.4375 1597.328125 1641.078125 1759.015625 1793.03125 1844.03125 1882.953125 1892.515625 1899.125 1924.921875 1920.453125 1853.015625 1777.34375
