Cases/SDM_Urocitellus_beldingi/westernUsClimate_historic/BIO15.asc
NCOLS 316 
NROWS 299 
XLLCORNER -124.820833001 
YLLCORNER 29.1625003333339 
CELLSIZE 0.0666666666645545 
NODATA_value -3.4e+38 
[rows 28 to 55 of 299, columns 252 to 314 of 316]
65.65625 65.84375 66.015625 66.453125 66.765625 67.375 67.265625 67.71875 68.421875 67.6875 66.71875 66.859375 66.03125 65.359375 65 65.03125 65.203125 65.296875 65.8125 65.421875 66.0625 66.0625 66.46875 67.015625 67.296875 66.90625 67.203125 66.765625 66.46875 66.3125 66 65.8125 65.28125 64.953125 64.796875 64.90625 65.484375 66.625 67.421875 67.0625 65.453125 64.703125 64.875 65 65.640625 67.203125 67.484375 68.015625 67.921875 67.875 68 68.28125 68.59375 68.84375 69.1875 70.078125 70.40625 70.234375 70.109375 70.015625 70.3125 70.609375 70.9375
64.78125 64.84375 65.140625 65.84375 66.375 66.78125 67.25 68 68.640625 67.4375 66.453125 66.90625 66.25 65.96875 65.109375 64.984375 65.375 64.890625 65.015625 65.125 65.125 65.15625 65.46875 66.3125 66.046875 65.984375 66.0625 65.859375 65.796875 65.390625 65.125 64.921875 64.140625 63.703125 63.53125 64.96875 67.96875 69.65625 69.703125 68.28125 66.046875 65.703125 65.515625 65.453125 66.09375 66.921875 67.25 67.421875 67.046875 67.3125 68 68.015625 68.3125 67.921875 69.109375 70 70 70.03125 69.890625 69.953125 70.125 70.5 70.71875
65.109375 64.234375 64.640625 65 65.046875 65.4375 66.328125 67.59375 68.3125 67.125 66.234375 65.96875 65.8125 65.765625 65.109375 64.75 64.734375 64.765625 64.828125 65.015625 64.859375 64.703125 64.8125 65.5 65.984375 65.53125 65.46875 65.3125 64.96875 64.1875 64.0625 63.1875 62.28125 61.90625 63.15625 65.890625 68.625 69.515625 69.78125 69.015625 67.0625 66.0625 66.1875 66.65625 67.140625 67.46875 67.25 67.3125 67.359375 67.828125 67.8125 68.265625 68.21875 68.03125 68.1875 69.359375 70.0625 70.453125 70.59375 69.828125 69.859375 69.515625 69.6875
64.890625 64.328125 63.765625 64.5 65.03125 64.921875 65.640625 66.546875 66.609375 66.0625 65.90625 65.640625 65.046875 65.140625 65.03125 64.875 64.765625 64.703125 64.953125 64.828125 64.609375 64.671875 64.359375 64.90625 64.625 64.671875 64.875 64.59375 64.015625 63.671875 63.25 62.59375 61.484375 61.453125 62.78125 64.765625 66.390625 67.53125 68.515625 68.46875 68 67.671875 68.03125 67.859375 68.265625 68.609375 68.125 67.84375 68.21875 68.46875 67.953125 68.328125 68.765625 68.78125 68.515625 68.703125 70.421875 71 70.984375 69.484375 68.3125 68.15625 68.53125
64.28125 64.234375 64 64.546875 64.984375 65.265625 65.8125 66.015625 66.34375 66.125 65.28125 64.953125 63.3125 63.796875 64.328125 64.34375 64.6875 64.546875 64.3125 64.125 64.171875 64.359375 64.046875 64.296875 63.90625 63.609375 63.84375 63.5 63.25 63.40625 62.921875 62.765625 61.8125 62.09375 63.015625 64.40625 65.78125 67.078125 67.515625 68.1875 68.859375 68.953125 69.25 69.03125 68.890625 69.09375 69.046875 69.3125 69.4375 69.234375 69.21875 69.0625 69.046875 69 68.171875 67.828125 69.21875 70.265625 69.40625 66.75 66.609375 66.609375 68.046875
64.484375 63.703125 63.59375 63.859375 64.609375 64.6875 65.390625 66.03125 66.140625 66.125 66.15625 66 65.875 65.03125 64.0625 64.203125 64.65625 64.328125 64.0625 63.953125 63.890625 63.734375 63.84375 63.734375 63.046875 63.015625 62.46875 62.515625 62.421875 62.703125 62.8125 63 62.5625 62.265625 63.65625 64.09375 65.40625 66.4375 67.515625 68.34375 69.15625 69.671875 69.84375 69.703125 69.921875 69.6875 69.359375 69.578125 69.859375 69.796875 70.140625 70.453125 69.46875 68.828125 67.328125 65.640625 66.953125 67.625 67.40625 66.484375 66.265625 66.9375 68.296875
63.71875 63.125 63.046875 63.453125 63.96875 63.84375 64.53125 65.25 65.6875 65.859375 66.640625 67.28125 67.3125 66.40625 65.03125 64.75 64.359375 64.328125 64.09375 64 63.65625 63.359375 63.265625 63.5625 63.03125 62.640625 62 61.921875 62.046875 62.15625 62.03125 62.53125 62.390625 63.03125 63.625 63.984375 65.453125 66.328125 67.640625 68.484375 69.71875 70.265625 69.6875 69.609375 69.375 68.6875 69.125 69.625 69.671875 70.140625 70.90625 71.4375 70.390625 67.96875 65.4375 63.625 64.671875 66.1875 67 67.015625 67.3125 67.9375 68.765625
63.3125 63.15625 62.96875 63.046875 63.65625 63.75 64.953125 64.890625 65.515625 66.078125 67.015625 67.765625 68 67.09375 66.484375 64.796875 64.0625 63.59375 63.40625 63.21875 62.96875 62.984375 62.796875 62.25 62.125 62.4375 62 62 62 62 62.0625 62.53125 62.453125 62.859375 63 63.671875 65.15625 66.1875 67.5625 68.15625 68.921875 69.125 68.890625 69.234375 69.46875 69.796875 69.65625 69.671875 70 70.15625 70.671875 70.140625 69.453125 67.59375 64.96875 63 64.0625 65.390625 66.453125 66.96875 67.734375 68.03125 68.734375
62.609375 62.8125 62.75 62.890625 63 63.484375 64.21875 64.125 64.875 65.765625 66.234375 67.3125 67.4375 66.75 65.984375 65 64.609375 63.390625 63.078125 62.703125 62.5 62.3125 61.984375 61.984375 62 62 62.0625 62.09375 62.15625 62.078125 62.0625 62.03125 62.1875 62.359375 62.96875 63.25 64.6875 66.046875 66.125 66.765625 67.609375 67.75 68.015625 68.421875 69.109375 70.203125 70.4375 69.78125 69.203125 69.1875 69.171875 69.0625 68.1875 67.296875 65.953125 63.765625 64.484375 65.921875 66.03125 66.5625 67.453125 68.375 69.21875
62.375 62.953125 62.875 62.75 62.53125 62.359375 63.46875 63.453125 64 64.34375 65.03125 65.484375 65.203125 64.75 64.109375 63.859375 63.3125 62.765625 61.90625 61.8125 61.765625 61.8125 61.5625 61.96875 62.015625 62.109375 62.59375 62.21875 62.125 62.1875 62.03125 62 62.546875 63.015625 63.4375 64.1875 64.4375 64.4375 64.625 65.359375 66.71875 66.421875 67.078125 67.71875 68.46875 68.796875 69.375 69.140625 68.296875 67.515625 67.375 66.65625 66.734375 66.8125 66.859375 66.15625 65.484375 66.0625 66.828125 67.046875 67.984375 68.796875 69.53125
62.4375 62.328125 62.390625 61.375 59.546875 59.671875 61.515625 62.296875 62.09375 62.078125 62.765625 63.203125 63 62.71875 62.078125 61.515625 61.1875 61.140625 61.328125 61.015625 60.828125 60.765625 60.515625 61.25 61.734375 61.6875 61.796875 62 61.984375 61.734375 61.890625 61.625 61.875 62.5625 63.359375 63.125 63.1875 63.421875 63.859375 64.515625 65.359375 65.5625 65.875 66.375 66.984375 67.296875 67.6875 67.859375 67.265625 67.0625 66.328125 65.53125 65.75 66.484375 66.625 67.0625 66.890625 66.734375 67.171875 67.9375 68.515625 68.953125 69.453125
60.453125 60.078125 59.484375 59.765625 59.796875 59.21875 59.296875 60.015625 60.375 59.84375 60.0625 60.46875 60.53125 60.640625 60.40625 60.171875 60.09375 60.125 59.953125 60.046875 60.15625 59.90625 59.859375 60.40625 60.828125 60.640625 60.796875 61.609375 61.9375 61.640625 61 60.75 61.09375 62.140625 62.28125 61.640625 61.46875 62.484375 63.046875 63.625 64.609375 64.671875 65.125 65.703125 66.3125 66.796875 66.671875 66.5625 66.609375 66.15625 65.28125 64.53125 64.734375 65.359375 66.375 67.078125 67.828125 68.015625 68.546875 68.078125 68.6875 69 69.59375
57.828125 56.765625 57.4375 58.4375 58.578125 58.59375 58.296875 58.265625 58.734375 58.515625 57.859375 58.21875 58.109375 57.984375 58.40625 59.015625 58.8125 58.765625 58.640625 58.671875 58.828125 59.0625 59.34375 60.109375 60.09375 60.5625 60.03125 61.578125 62.03125 61.53125 61.046875 60.328125 61.0625 61.421875 61.109375 60.296875 60.3125 61.453125 61.875 63.015625 63.96875 64.28125 64.875 65.171875 65.34375 66.15625 66.6875 66.234375 66.109375 65.578125 65 64.484375 64.46875 65.171875 66.515625 67.375 67.890625 68.453125 68.84375 68.78125 68.40625 68.828125 69.0625
54.546875 55.109375 56.265625 56.484375 56.421875 57.1875 57.484375 57.328125 57.203125 57.21875 56.875 56.921875 56.609375 56.78125 57.15625 57.875 58.125 58.046875 58.328125 58.015625 58.59375 59.484375 59.921875 60.15625 60.625 61 60.625 61.375 61.640625 61.453125 61.328125 60.84375 60.921875 61.515625 60.71875 60.46875 60.453125 60.953125 61.375 62.625 63.765625 64.046875 64.375 64.875 64.953125 65.84375 65.984375 66.109375 66.328125 65.984375 65.828125 65.46875 65.5625 66.0625 67.03125 67.703125 67.984375 68.21875 68.953125 68.734375 68.1875 68 68.640625
51.0625 52.578125 54.46875 55.484375 55.5625 55.15625 55.828125 56.734375 56.890625 56.59375 56.28125 56.109375 56.1875 56.859375 57.046875 57.5625 58.015625 58.0625 58.546875 58.46875 59.140625 60.09375 60.234375 60.328125 59.984375 60.15625 60.296875 60.09375 59.734375 59.796875 59.921875 59.90625 59.78125 60.640625 61 60.921875 60.875 60.9375 61.6875 62.328125 63.375 63.875 63.671875 64.125 64.40625 65.3125 66.0625 66.375 66.234375 66.15625 66.03125 66.453125 66.640625 67 67.8125 68.4375 68.890625 68.921875 69.125 68.8125 68.453125 68.125 68.671875
50.3125 50.8125 53.125 54.75 56 55.765625 55.703125 56.765625 57.234375 56.1875 54.578125 55.859375 56.34375 56.328125 56.640625 57.234375 57.6875 58 58.1875 58.15625 58.875 59.75 59.828125 59.34375 59.0625 58.765625 58.28125 58.515625 58.796875 58.8125 58.546875 58.46875 58.75 59.875 60.234375 60.84375 60.75 60.96875 61.171875 61.859375 62.453125 63.09375 63.15625 63.828125 64.234375 64.78125 65.953125 66.046875 66.4375 66.4375 66.53125 66.890625 67.078125 67.5 68.203125 69 69.375 69.484375 69.96875 69.75 69.421875 69.109375 69.265625
51.953125 52.375 53.578125 54.96875 56.109375 56.578125 57.53125 57.78125 57.453125 55.828125 52.734375 52.515625 54.390625 54.3125 55.15625 56.109375 57.84375 58.203125 57.96875 58.515625 58.953125 59.125 58.8125 58.640625 58.390625 57.953125 57.96875 58 58.15625 57.609375 57.21875 57.25 58.03125 58.625 58.796875 59.125 59.828125 60.421875 60.859375 61.21875 62.0625 62.84375 63.25 63.671875 64.234375 64.3125 65.5625 66.359375 66.96875 67 66.984375 67.015625 67.328125 68.25 69.203125 70.390625 71.109375 71.390625 71.28125 71.203125 70.703125 69.96875 70.1875
53.6875 54.15625 54.5 54.921875 55.3125 55.1875 56.34375 57.203125 56.3125 54.96875 53.421875 52.375 52.625 52.625 52.5 53.53125 56.4375 57.71875 57.9375 58.171875 58.6875 58.84375 58.03125 57.734375 57.875 57.15625 57.84375 57.78125 57.65625 57.0625 56.765625 56.859375 57.09375 57.703125 58.03125 58.484375 59.546875 59.875 59.671875 60.703125 61.046875 61.453125 62.25 63.453125 64.0625 64.28125 65.09375 66.078125 66.84375 66.984375 67.046875 67.6875 68.078125 69.140625 70.203125 71.140625 72.015625 72.25 72.046875 71.390625 71.0625 70.953125 71
54.15625 54.21875 53.515625 52.1875 52.4375 53.78125 55.1875 55.75 53.953125 53.359375 53.265625 52.40625 52.359375 51.984375 51.828125 52.015625 56.015625 57.40625 58.015625 58.375 58.109375 58.3125 57.46875 56.921875 56.671875 56.703125 57.125 56.875 57.046875 57.03125 56.875 56.953125 57.109375 57.84375 58.0625 58.15625 59.09375 58.90625 59.125 60.25 60.984375 61.78125 62.796875 63.140625 63.703125 64.09375 64.78125 65.390625 66.6875 67.109375 67.71875 68.09375 68.609375 69.34375 70.28125 71.796875 72.328125 72.6875 72.46875 71.90625 71.484375 71 71
53.328125 52.03125 51.625 51.046875 50.578125 53.453125 54.390625 53.625 52.46875 52.234375 52.59375 52.453125 52.5 52 51.34375 51.25 56.171875 57.6875 58.5625 59.4375 58.953125 58.9375 57.90625 56.140625 55.25 55.25 55.109375 54.953125 55.96875 56.515625 56.484375 57.25 57.734375 58 58.15625 58.3125 58.109375 58.484375 59.359375 60.265625 60.5625 61.109375 62.1875 63.078125 63.9375 64.234375 64.875 65.453125 66.5 67.15625 67.84375 68.15625 68.375 68.53125 69.4375 71.84375 73.34375 73.78125 73.640625 72.671875 72 71.53125 71.0625
51.609375 51.1875 52.046875 51.8125 51.59375 51.609375 51.703125 51.921875 51.453125 51.578125 51.953125 52.25 52.421875 51.859375 51.546875 50.59375 52.84375 56.734375 58.234375 58.375 58.46875 58.734375 57.421875 55.40625 54.515625 53.578125 53.328125 53.578125 54.578125 55.734375 56.125 56.9375 57.90625 58.21875 58.96875 58.96875 58.46875 58.28125 58.96875 59.734375 60.25 60.9375 61.796875 62.921875 63.78125 64.390625 64.78125 65.3125 66.28125 67.125 67.453125 67.796875 68.40625 68.890625 69.421875 71.53125 73.09375 73.734375 73.953125 73.015625 72.171875 71.890625 71.171875
50.90625 50.875 51.21875 51.40625 50.859375 50.171875 49.984375 50.546875 50.203125 50.625 50.6875 50.71875 51.515625 51.875 51.859375 51.703125 50.1875 54.9375 56.9375 57.625 57.59375 56.78125 56.15625 55.25 54 53.296875 53.109375 53.890625 54.171875 55.53125 56.53125 57.40625 57.515625 58.40625 58.9375 58.765625 58.140625 58.1875 58.796875 59.359375 60 60.359375 61.15625 61.9375 62.765625 63.6875 64.3125 65.171875 65.75 66.421875 66.65625 67.28125 68.125 68.46875 69.59375 70.328125 71 71.625 72.140625 71.84375 71.5625 71.421875 71.015625
50.203125 50.140625 50.265625 50.390625 49.953125 49.453125 49.28125 48.921875 48.71875 48.59375 49.1875 49.5 50.390625 51.078125 51.59375 52.046875 50.875 54.09375 56.21875 56.859375 56.71875 56.40625 55.890625 55.515625 54.84375 53.640625 53.484375 53.96875 54.890625 56.203125 56.375 58.09375 58.1875 58.09375 58.3125 58.03125 58.25 58.171875 59.171875 59.828125 60 60.421875 61 61.046875 62.03125 63.03125 63.9375 64.546875 65.109375 65.40625 66.171875 67.421875 68.03125 68.125 68.375 68.546875 67.625 67.90625 69.75 70.734375 70.671875 70.796875 70.40625
51.328125 50.21875 49.78125 49.453125 48.96875 47.71875 47.96875 46.640625 46.125 46.28125 46.234375 48.28125 49.859375 50.75 51.859375 51.015625 52.5625 53.5625 55.515625 57 57.6875 57.046875 55.09375 55.375 54.875 54.234375 54.65625 55.09375 55.390625 56.296875 56.171875 58.59375 58.46875 58.125 58.09375 58.421875 58.46875 58.25 58.921875 59.203125 59.859375 60.09375 60.6875 61.34375 62.09375 62.84375 63.578125 64.171875 64.25 64.78125 66.25 67.25 67.5625 67.203125 66.921875 66.75 65.390625 65.015625 67.65625 69.65625 70.28125 70.640625 70.609375
52.171875 51.671875 50.6875 49.53125 48.09375 47.09375 46.46875 45.421875 44.984375 44.453125 43.75 45.390625 48.578125 51.203125 52.265625 52.109375 52.640625 53.1875 54.90625 57.609375 57.4375 56 53.0625 52.890625 54.359375 54.90625 55.3125 56.0625 56.15625 56.828125 56.8125 57.5 58 58.4375 58.609375 58.765625 58.828125 58.09375 58.671875 58.953125 59.328125 59.640625 59.453125 60.296875 61.578125 62.46875 63.59375 64.109375 64.171875 64.828125 65.765625 66.09375 66.875 66.5625 66.078125 65.71875 64.1875 64.5 66.578125 69.09375 70.90625 70.75 70.0625
52.84375 52.5 51.75 49.5 48.125 46.828125 44.65625 44.09375 44.828125 44.28125 43.859375 43.734375 45.890625 48.625 51 52.609375 52.1875 50.75 52.359375 53.28125 53.671875 52.171875 50.578125 51.03125 54.703125 55.40625 55.546875 56.21875 56.453125 56.703125 57.015625 57.390625 57.8125 57.953125 58.03125 58.046875 58.078125 58.015625 58.15625 58.21875 58.234375 58.703125 59.171875 59.84375 60.90625 62.078125 63.0625 63.75 63.921875 64.34375 64.875 65.265625 66.125 66.5625 65.96875 65.21875 64.90625 66.25 68.25 69.53125 70.890625 70.59375 69.96875
53.640625 53.9375 53.015625 50.5 47.53125 46.25 44.984375 44.359375 43.171875 43.5625 41.515625 41.28125 41.890625 44.4375 48.375 49.390625 47.875 46.53125 47.09375 48.515625 48.40625 50.109375 52.078125 54.765625 56.375 56.046875 55.53125 57.421875 57.1875 57.171875 57.84375 57.4375 58 57.875 58 58.078125 57.828125 57.671875 57.28125 57.171875 57.5625 58.390625 59.265625 59.953125 60.484375 61.296875 62.328125 62.640625 62.53125 63.453125 64.015625 64.765625 65.484375 65.75 65.4375 65.34375 65.671875 66.65625 68.1875 68.984375 69.078125 68.5 68.203125
52.3125 54.03125 53.03125 50.28125 49.1875 49.078125 47.6875 47.046875 44.171875 41.59375 40.59375 40.484375 40.296875 40.984375 44.21875 45.46875 44.59375 43.84375 46.109375 48.140625 50.953125 53.875 55.90625 56.484375 54.421875 54.46875 55.25 58.21875 58.671875 57.84375 57.765625 57.34375 57.796875 57.6875 57.8125 57.984375 57.671875 57.765625 56.828125 57.3125 57.84375 58.71875 59.75 60.25 60.640625 60.875 61.25 61.609375 61.890625 62.828125 63.578125 64.09375 64.734375 64.953125 65.234375 66 66.5625 67 67.59375 68.0625 67.84375 66.421875 66.75
