Cases/SDM_Urocitellus_beldingi/westernUsClimate_historic/BIO12.asc
NCOLS 316 
NROWS 299 
XLLCORNER -124.820833001 
YLLCORNER 29.1625003333339 
CELLSIZE 0.0666666666645545 
NODATA_value -3.4e+38 
[rows 168 to 188 of 299, columns 184 to 229 of 316]
36699.4725036621 27630.8390808105 27514.8613586426 34088.3909606934 51513.708984375 50741.2191162109 43900.0295410156 32407.5038146973 30457.4030456543 49371.4732055664 64239.8858642578 44244.782409668 37099.174987793 31625.0073547363 31003.0341796875 27952.8999938965 27078.9019470215 26344.3324584961 25761.917175293 25416.8069763184 24541.6941223145 26566.3464355469 23949.5863647461 21549.580078125 21480.7879943848 21292.2683410645 22970.6604614258 32942.1664428711 33107.3062438965 22004.8813476562 20054.5089111328 20004.1709594727 18436.5372314453 21652.836730957 23336.6340942383 24339.7019042969 27306.8667907715 30557.1995849609 33188.7875671387 35782.4430541992 41340.2533569336 51076.1184082031 42595.6831665039 43354.763671875 54635.2747192383 69179.9373779297
41114.8487243652 32324.0454101562 29106.9393920898 36559.4078369141 45215.2228393555 44174.0060424805 37561.0314331055 33563.197052002 36548.2286987305 54252.3352661133 50671.0198364258 35637.669921875 30446.0121154785 28042.6340332031 28267.1261291504 27067.4417419434 25382.9019165039 24455.0469360352 23756.2987670898 24524.6869812012 24177.9234619141 24985.0085144043 25316.0628356934 21311.9895324707 20342.2363586426 19928.4672851562 20668.5221557617 21377.8293762207 22471.3202514648 25156.0656738281 21199.7889404297 18681.0719299316 18788.9695739746 22205.0277099609 23907.4554443359 25505.9113769531 28576.9784545898 31504.1202392578 33796.6715087891 38624.1911010742 37816.5989990234 50672.4732055664 40350.1488037109 40280.8521118164 49992.9003295898 60476.7702636719
48230.3869628906 39571.9124145508 31509.7664794922 39681.3534240723 41707.4711914062 37135.1219482422 35218.3362426758 36595.4975585938 39329.4010009766 52337.0327148438 52201.4552001953 34583.1991577148 30796.3843994141 29542.987121582 26400.3199157715 25499.5949707031 25169.1358947754 23998.2644958496 22486.7097473145 22300.419128418 24004.2590026855 23984.9360351562 23560.0796203613 23184.2522888184 20577.9136352539 20397.7247009277 20304.748840332 20390.6875610352 22766.5961303711 23270.6366271973 19997.7176208496 18720.3515930176 20748.6476135254 24127.7581481934 23751.9254150391 24556.8367614746 28080.6118469238 32440.2808837891 37990.6940307617 39039.1757202148 41601.2346801758 44780.1097412109 36348.2165222168 33621.9975585938 37749.9072875977 42873.8064575195
46267.0191650391 35730.9519348145 33799.6131286621 46175.8988037109 42680.2495727539 38876.4089355469 34545.1157836914 31600.8032226562 31745.8046569824 36369.246887207 36518.2438964844 37303.0552368164 33384.0668029785 29993.3796386719 28154.2069702148 24647.9479064941 23365.8020019531 22929.825378418 21931.9931030273 21183.2707214355 21834.8697814941 22971.5930175781 22021.4795837402 24495.7429504395 21923.5824584961 20048.0582885742 19700.8139343262 18853.8622741699 19283.7799682617 20260.2953186035 19343.471862793 20492.4515991211 20731.8160400391 22618.1656188965 25450.2110290527 25383.4297485352 26008.5895080566 30151.8000488281 34983.1676025391 41730.6319885254 49200.6237182617 39440.3175048828 36350.1300354004 31299.8097229004 33988.4848937988 36379.5779418945
43945.3337402344 36458.9266967773 46545.2521362305 57590.9583129883 49770.2019042969 41027.4973754883 32743.3619995117 29176.8992004395 28854.2082824707 30991.5871582031 34146.4407653809 39497.417175293 35327.9257507324 31778.5903015137 31520.5407104492 30295.7797241211 24719.7945556641 23094.1317443848 21959.4546813965 22845.8771972656 21539.2277526855 21766.0229492188 21625.485534668 23772.3809509277 23664.4695739746 18542.2437133789 17234.0754394531 17262.5162963867 17699.1265869141 18106.9234313965 20420.0093078613 22909.0374450684 23902.9336547852 22612.5766296387 25077.6382141113 27474.8709411621 26794.5516662598 28784.1526794434 29925.1983337402 32524.4526367188 39568.8040771484 33243.8898925781 31919.6865234375 29680.06640625 30652.3965454102 32950.9889221191
45455.4827270508 46450.647644043 59257.97265625 62940.7970581055 53813.4343261719 34526.8991394043 29767.0062255859 28479.7127990723 29140.7969055176 30134.4167480469 32360.5901794434 32151.7545776367 33697.5905761719 31749.3108215332 29987.0155334473 28950.3403015137 27565.438293457 26047.8367004395 22723.5899963379 21758.5856323242 21268.3362426758 20877.66796875 20616.5668029785 22003.0930480957 23130.0180053711 19535.3140258789 16803.705078125 16791.0753479004 16883.364440918 18926.3711242676 21346.4172668457 23290.3605041504 24122.8949890137 24472.6119689941 23773.1133117676 23526.4613647461 26656.4871826172 28234.6929016113 28902.7234191895 29728.6288146973 30199.4055786133 29585.6984863281 27981.6356811523 26076.0653991699 29252.0667724609 29567.2375183105
46121.3834838867 49441.1001586914 59260.5701904297 63988.1251220703 55491.9345092773 36415.2838439941 30077.9613342285 29157.3304748535 29223.8777160645 29822.5917358398 30132.7406311035 29154.3393859863 30672.746307373 30945.8940124512 30891.7564086914 30351.596862793 29933.0488586426 31354.8881835938 29984.3319702148 22939.4621276855 20844.0269775391 20437.9145812988 19982.3261413574 19906.5549621582 21196.2769165039 21749.9033203125 18323.7491760254 16770.8736572266 17135.9860229492 18895.2584838867 20569.4757995605 22629.5073852539 25263.4510803223 26824.1507568359 26598.7923278809 21776.9489440918 22974.3316955566 25234.9348754883 27827.4227294922 29629.4257507324 28474.9403381348 26596.9390563965 25141.9305114746 22596.7179260254 27389.8701782227 26462.2987976074
42776.1559448242 42295.807800293 50514.0671386719 48046.4918823242 39439.2009277344 33218.1641540527 32864.2102050781 29474.89453125 29394.0058288574 30116.0969543457 30436.405456543 28626.4480285645 28617.7174987793 29837.9231262207 30162.7405700684 29286.7194519043 29300.950012207 29175.3094177246 30467.6947021484 34925.0740661621 24161.1994934082 20178.2848205566 19040.6011657715 18652.5640258789 18912.0645141602 20102.0690612793 19989.776550293 18131.1610107422 19037.2542419434 19565.3075561523 21262.9542541504 23079.1975402832 24937.6797180176 24086.811706543 20671.1651306152 19643.5116577148 22139.0877990723 25279.6465454102 28279.362487793 29876.9820251465 27690.3418273926 24241.8590393066 21048.307434082 22034.7241821289 24009.120300293 24165.8342285156
41388.0014648438 41596.6170654297 39877.9216308594 38486.6565551758 33938.2246704102 32293.3238220215 31216.0784301758 28743.6438903809 27072.9449157715 28938.2830505371 31481.0789489746 31387.1123962402 30746.1520690918 31745.1199035645 31687.5219421387 26953.3206787109 27358.4487915039 29109.9362487793 27189.7308349609 33748.3843383789 39735.1530151367 29823.8043823242 19111.7093505859 18348.1827392578 17831.9129333496 17949.5077819824 18686.7827758789 19868.2406921387 21658.3977050781 22537.2480163574 22170.8246765137 21706.4481506348 20439.6001586914 19106.8333435059 18344.9109802246 18746.1640014648 20319.2141113281 24287.9860839844 26970.2338867188 26164.2128601074 22902.0843200684 21945.5729370117 21229.790222168 21525.2899169922 22269.7994995117 23032.5940551758
40699.7894287109 40820.8980712891 39319.361328125 38245.2890625 36009.2864379883 30388.2980651855 29368.1667480469 28877.1739807129 25582.2054443359 27283.1409301758 30573.0358581543 29086.6803894043 28453.3894348145 29052.9766235352 26025.1265869141 27002.9970397949 25865.8812866211 26444.8285217285 22067.576171875 22632.1211853027 24598.4425354004 41031.0409851074 33728.1823425293 20052.7986755371 18338.3094482422 17738.8695373535 18414.5968933105 18857.7937011719 19255.5144042969 23747.1780395508 19625.3945617676 18103.4956970215 16952.3964385986 17814.540222168 18024.7691345215 18898.4781494141 19586.3930358887 20626.7231140137 23058.703704834 21160.8046264648 19545.5502624512 20275.1996459961 21177.6312866211 20624.1792602539 21157.2477111816 21839.4652099609
38977.6363525391 40132.5049438477 39059.5959472656 39365.0198974609 39187.5109863281 31724.8366088867 28444.7159729004 27408.9777832031 24861.4698181152 25261.653137207 26657.3613891602 24956.1738891602 22964.9813232422 25293.3469238281 24354.016784668 23939.5629882812 26181.6010742188 22260.3208618164 18904.6574401855 19682.5249938965 18980.0492553711 25395.7448120117 35069.2337341309 23412.4035644531 17872.9128723145 17187.6937561035 17143.5683746338 16398.5957336426 17296.3575439453 17135.7710418701 16027.4366912842 17176.3710174561 15387.5198822021 17583.2198486328 18172.3703308105 18777.3249206543 20532.5168457031 19931.279296875 19389.2859191895 19433.2527160645 18754.9952697754 19934.6078796387 19565.0141601562 20392.356628418 21050.5801086426 22338.0516052246
39008.0051269531 40942.6986083984 37896.5663452148 37083.7743530273 37879.1204223633 31489.4914550781 26912.8460998535 26898.1585998535 25552.3190307617 21953.223449707 22324.1604919434 19145.2690734863 18746.3937683105 22376.7000732422 24060.419921875 20359.6512756348 19152.4855957031 21168.7765808105 18914.0136413574 18191.7322998047 18182.5293884277 18264.1952819824 18875.8710632324 18321.5722961426 17470.9234619141 17372.6511077881 17646.6898193359 17305.9583129883 19541.7145080566 19742.9704284668 18907.8344421387 16459.5046386719 16395.8507537842 17818.4117126465 18105.8374328613 18624.8722839355 19760.8937072754 18972.3812866211 19558.8460998535 19150.4374694824 18455.1996154785 19656.4594116211 19144.3489074707 20286.8117370605 20550.3929443359 21044.7172241211
38472.1172485352 43480.2280883789 38581.3571777344 35219.6599121094 34888.8369140625 31014.301940918 30966.1383056641 29118.1748657227 25036.0617370605 22795.1590270996 21346.1242675781 21217.6296691895 20904.2903137207 18635.7484130859 18048.8844299316 17480.3963928223 16986.1141052246 18038.4687194824 16742.6722106934 16966.45703125 18102.5488128662 19650.8627624512 19156.5735168457 19546.0401611328 24148.4924621582 38286.1514282227 24292.4596862793 20001.0489501953 23259.8859558105 22318.8737945557 18955.7680664062 17075.5238342285 18250.8366699219 17763.2315673828 18278.8582763672 18777.2659606934 18816.5796813965 17412.6038513184 17645.5598754883 18086.1164245605 18242.3984375 18958.3742370605 19069.9277648926 20070.5562438965 20548.4409484863 20787.5104675293
31003.6186828613 34011.4918823242 31911.9963378906 29896.977935791 29641.8140869141 30865.4435119629 34020.1012268066 29015.6019592285 25250.7496032715 23969.7187805176 22803.8692626953 21696.3720092773 23104.2159118652 21025.80859375 18073.1672363281 16950.7880249023 16554.3964233398 16920.7687988281 17290.2324523926 17477.1160888672 18118.1852111816 19901.419128418 22474.0726623535 20871.5129394531 27045.5790100098 38375.2629089355 26725.1401062012 23003.0140686035 25508.6472473145 26432.5239257812 20339.5382995605 20238.6636352539 23133.8043212891 18281.466003418 19265.0738220215 18520.6187438965 16546.069519043 15445.3340148926 16535.5425872803 17043.3500366211 17441.335144043 18242.463684082 18529.4752807617 18808.4222106934 19602.8468933105 20446.6913146973
27143.6949157715 28125.7921447754 28334.7250671387 28946.7313232422 30134.1839294434 34955.6600341797 36105.2555541992 29475.1953735352 29973.2676696777 29626.91796875 28054.5644226074 25921.617980957 23972.606628418 20826.6465759277 19591.341003418 17481.55078125 17319.2643432617 17787.4477539062 18439.0846862793 18969.7320556641 18891.5360107422 19169.2125854492 20920.9364318848 21594.0496826172 22657.7292785645 26721.227355957 27539.762512207 27708.5136413574 26366.2918701172 27102.595703125 21125.1542053223 26133.8844604492 21913.0321044922 18247.8991699219 18743.3073730469 18214.0156860352 16804.6957397461 15749.2558898926 16300.539855957 16884.2155151367 17124.1234130859 17638.6745910645 17284.0648498535 18149.9906921387 18725.5038146973 20004.3200683594
27264.8768615723 27698.7204284668 29058.5221862793 31110.423034668 34768.5064086914 40613.9723510742 40081.8198242188 32686.5803527832 31007.4100952148 33696.303527832 30662.0952148438 28627.4354858398 28374.5756530762 22991.7327270508 18637.2976379395 18769.864074707 18677.7893981934 18614.7532958984 19607.7205505371 19017.059387207 18648.2257385254 18974.9382324219 19564.9081115723 19628.9214172363 20106.5502929688 22250.3051147461 25597.081451416 28669.8112792969 28656.1620483398 32865.911315918 25869.5862731934 29761.899230957 22497.6340942383 20691.0007019043 19804.5731201172 20172.2415161133 19274.3757629395 17708.1756896973 17112.3203125 16803.1093139648 16657.7070007324 16575.0035095215 17090.3305053711 18214.0602111816 18676.1612854004 19042.5534973145
26680.8312988281 27305.7988586426 29835.0563659668 35714.0545959473 45982.1636962891 48702.4429931641 44810.4907836914 33393.801574707 37264.3367919922 36690.6048583984 33153.9981384277 33161.4558410645 23843.5122680664 18171.2644042969 19737.0823364258 20017.372253418 20282.7092895508 19970.9195251465 20164.903137207 20052.2203674316 19354.6702575684 20832.2893676758 21320.7292480469 21201.0876159668 20625.1407775879 20702.6245117188 23315.2285461426 28840.4457092285 31755.0233764648 33988.7708740234 33497.0083007812 33659.1081542969 25478.0883483887 24540.7121276855 21803.6395263672 19668.5015869141 18724.1557922363 17613.5882568359 17073.0470275879 16941.4559326172 16858.1426391602 16916.3988647461 17326.0042724609 18078.3327331543 19444.8309020996 20881.4133300781
25079.8339233398 26955.1914367676 32410.872467041 44195.4800415039 53039.9477539062 54364.9170532227 46529.0418701172 30614.3120422363 26672.0852355957 28454.7608337402 33701.3127746582 24896.2551879883 19141.8694458008 19916.0901794434 23106.2152709961 21271.3818969727 20870.0304260254 20617.2281799316 20457.1695251465 20812.1382446289 20494.4211120605 20399.0938720703 21518.022644043 22361.0866699219 22955.8847351074 21341.0859985352 23008.6637573242 27597.5625915527 30189.9089355469 30782.5148620605 30609.5235290527 32560.1035766602 25436.4218139648 22122.2965698242 20811.4168395996 19637.2987670898 18941.5635986328 18662.4053955078 18339.6175842285 18315.5011291504 17449.2742919922 17596.4808349609 18095.7485046387 18187.7569885254 19673.7542724609 22054.0511779785
25729.7926025391 29471.180480957 38724.9848327637 50914.0738525391 57260.7853393555 59753.6189575195 49425.3408203125 37139.1262817383 24721.2048034668 22349.939453125 22311.2934875488 20761.7804260254 21127.5284729004 22340.8452453613 23727.8199768066 21304.6925964355 20861.4422912598 20971.9742126465 20810.2187805176 21046.7777404785 21109.2878723145 21292.3413391113 22124.1973266602 23474.5339355469 24019.1855773926 23162.8070068359 25593.1356201172 28238.2596435547 28169.3116455078 29485.3843994141 30327.7673034668 28653.5566711426 31276.3125915527 32919.1319274902 27010.0395507812 20490.2226257324 19911.6860656738 19669.6194763184 18956.5249938965 18353.234375 18354.6171569824 18788.0407409668 18946.5792541504 18603.3494873047 19780.0307922363 21323.8030700684
27015.1866760254 33636.5163269043 44882.2729492188 53257.8576049805 59086.7803955078 62982.0568847656 56841.4163818359 44452.6333007812 26140.0226745605 22996.6318969727 22707.0799560547 21611.9872131348 22669.4463806152 22806.6695556641 23715.5636291504 22186.164855957 21110.5098266602 21157.3194580078 21217.6086425781 21384.2713928223 21876.2788391113 22685.9632568359 23952.1026306152 27007.2942504883 27694.8483886719 27212.0663757324 26184.0469665527 26224.979095459 27034.4952392578 28127.9088745117 28780.1160888672 30010.2037353516 32707.6566162109 34952.6957702637 35452.6813964844 24504.5442810059 21435.3605041504 19972.7984924316 19978.8877868652 19731.7791748047 19595.9262695312 19823.48046875 19342.9792785645 19693.8725585938 19666.9141540527 20841.107421875
27243.3957519531 36697.5093078613 47876.1517944336 53892.2395019531 60318.709777832 65236.6700439453 65463.8709106445 50123.3554077148 27875.221862793 24715.7090148926 22426.8135375977 22845.2009277344 22993.9871520996 22614.4333496094 23249.262878418 23334.7866210938 21003.5042114258 20866.9346618652 21888.5191345215 22380.6770629883 23590.9468994141 24115.7816162109 25263.0714416504 27499.6745605469 26530.2525634766 25314.6945495605 24564.4370727539 24723.4355773926 25686.5539550781 27559.6552124023 30381.6553344727 29335.7238769531 28734.8164367676 30411.1722106934 31684.7049865723 29733.654296875 23378.2007751465 21654.6706542969 22016.3183288574 20577.8196411133 21131.3410949707 21109.0104980469 20374.5686645508 20855.9194335938 19934.2195739746 21111.2573852539
