Cases/SDM_Urocitellus_beldingi/westernUsClimate_historic/BIO16.asc
NCOLS 316 
NROWS 299 
XLLCORNER -124.820833001 
YLLCORNER 29.1625003333339 
CELLSIZE 0.0666666666645545 
NODATA_value -3.4e+38 
[rows 21 to 41 of 299, columns 0 to 45 of 316]
-3.4e+38 -3.4e+38 -3.4e+38 -3.4e+38 -3.4e+38 104585.409242021 120897.806152344 140781.462402344 140192.622802734 145357.477539062 156146.026611328 164124.729736328 167085.614257812 155393.315917969 162393.931640625 170884.553466797 196187.285888672 188689.944335938 190511.700195312 220246.051025391 193847.174804688 143612.19128418 126131.907836914 117295.00769043 118612.307617188 114783.53918457 90127.0345458984 75841.4653930664 57206.946472168 50788.7594604492 51037.0615844727 53024.9807128906 49545.2012939453 47198.5553588867 45780.2736816406 42912.0170898438 40693.8579711914 39556.0302124023 39401.4274902344 43447.2161254883 44311.628112793 47873.0201416016 48846.1552124023 48029.5428466797 55205.2587890625 67093.2088012695
-3.4e+38 -3.4e+38 -3.4e+38 -3.4e+38 -3.4e+38 106628.005371094 112095.969970703 129276.536743164 135836.377929688 147202.160644531 144813.103637695 151800.323730469 159746.556396484 173189.849121094 179920.609375 182165.016113281 191311.589355469 176675.319824219 185669.662353516 191632.882080078 177882.815429688 143019.017333984 124509.742797852 123198.972290039 116425.778198242 108068.513549805 102065.065307617 70076.1555175781 62144.3815917969 64954.8080444336 68019.3724365234 60383.0179443359 55293.1950073242 51223.7813720703 47392.8718261719 43880.6473999023 40514.1375732422 39327.8379516602 39553.0543212891 42212.6138305664 45687.4095458984 47325.271484375 50174.7357788086 47709.4143676758 61873.657409668 68020.2965698242
-3.4e+38 -3.4e+38 -3.4e+38 -3.4e+38 -3.4e+38 -3.4e+38 108813.881713867 118511.662963867 126149.73815918 132501.50402832 143822.565917969 161663.280273438 172984.527832031 182665.568359375 171067.157470703 152906.330566406 170637.046875 193398.087402344 248280.947998047 251864.634277344 190763.230224609 136199.857421875 124101.212524414 122281.851196289 116572.171020508 109155.791748047 87463.3482666016 81025.9741210938 83008.68359375 72788.3774414062 71029.5223388672 63116.34765625 56726.7227783203 54890.2525024414 50544.532043457 46437.0123901367 43357.3217773438 40366.1342163086 40318.9329833984 44145.9525146484 54661.9436645508 51885.0845947266 66390.5237426758 68232.4218139648 65744.9378051758 66164.6303100586
-3.4e+38 -3.4e+38 -3.4e+38 -3.4e+38 -3.4e+38 -3.4e+38 104159.096106151 113527.903442383 123505.323974609 131538.345947266 137701.44152832 145880.794555664 148092.294189453 147919.808837891 158114.008300781 179100.354003906 219192.955322266 253515.036132812 257003.561035156 262420.202392578 165196.623779297 149236.927490234 136753.003051758 127113.119018555 121491.544433594 104260.51550293 89280.6838378906 89166.1589355469 81310.490234375 67006.5954589844 63935.9337158203 63126.0317382812 58362.9699707031 55919.6123657227 54001.4844360352 52214.305847168 44790.3588256836 42047.8006591797 42079.1126098633 44862.4349975586 49408.0039672852 52062.8697509766 64464.7681884766 83334.4934082031 92945.2899169922 87177.5071411133
-3.4e+38 -3.4e+38 -3.4e+38 -3.4e+38 -3.4e+38 -3.4e+38 98955.7400072674 107546.28918457 122406.012451172 130216.952148438 124289.591430664 120337.8359375 127977.83190918 148141.087402344 198484.959716797 173709.73046875 204927.829345703 198975.483398438 187920.900390625 229974.546386719 196884.423583984 158516.765625 129957.206054688 122013.125976562 114696.023681641 100110.927612305 92890.8198242188 78264.9027099609 72349.1169433594 67899.3598632812 64293.4226074219 63912.3309936523 59345.1304931641 55142.6838989258 52558.9848632812 49837.327331543 45217.1527709961 43277.1414794922 43307.742980957 46965.9899902344 50688.9499511719 51919.4084472656 55555.169128418 62651.9050292969 75297.7923583984 108676.044921875
-3.4e+38 -3.4e+38 -3.4e+38 -3.4e+38 -3.4e+38 -3.4e+38 95732.5078125 95881.7369791667 104134.578369141 113677.634643555 117219.491943359 125199.744628906 128471.222045898 137868.409057617 148987.468994141 155173.643066406 177051.548828125 169057.9375 205636.541748047 216514.834960938 206765.358886719 198197.512695312 133248.576538086 102272.119750977 102577.880981445 95042.7893066406 88101.7545166016 79582.9471435547 71551.0727539062 66236.014465332 63124.3252563477 61237.3438110352 58373.4478149414 53669.9202270508 48717.88671875 45391.883605957 44963.1868286133 45689.651184082 44999.2955932617 46206.7775268555 48490.4924926758 51198.583190918 57067.0539550781 61101.7557373047 85538.5498046875 91688.9925537109
-3.4e+38 -3.4e+38 -3.4e+38 -3.4e+38 -3.4e+38 -3.4e+38 -3.4e+38 94276.1253125 95664.4046630859 103815.28503418 111973.11730957 131295.854370117 132552.797363281 128279.211547852 132045.827514648 147930.981201172 154299.512695312 138029.178710938 145215.989135742 130987.94519043 129773.224365234 130204.616577148 116539.280151367 99911.5443115234 89543.8369140625 81932.0064697266 79557.8459472656 74058.7827148438 66969.8106079102 63912.3239746094 61957.5291137695 59372.7769165039 56154.4400634766 51939.5313720703 48219.7725830078 44427.8649902344 44815.7678222656 45583.1934204102 45593.1663818359 46544.3655395508 47268.696105957 48059.9735717773 50753.9280395508 64009.5754394531 94894.1004638672 82967.7738037109
-3.4e+38 -3.4e+38 -3.4e+38 -3.4e+38 -3.4e+38 -3.4e+38 -3.4e+38 93823.7265625 92557.5340909091 96183.6722412109 104542.979614258 115931.184692383 116889.641967773 123918.430297852 125823.261474609 122103.119873047 120598.540893555 120039.829223633 118477.506713867 112603.315795898 108764.980712891 106420.177978516 104624.963989258 98824.2475585938 89503.7202148438 80382.6917724609 76385.2939453125 70891.8359375 63902.5606689453 62220.7398681641 59895.4713134766 57315.8961181641 53663.4346313477 49572.5957641602 47221.4418945312 46468.4477539062 46129.99609375 44836.3354492188 45331.1641235352 47040.2133178711 47606.6633911133 47512.6647949219 48591.9607543945 59994.9287719727 81804.653503418 90439.1948242188
-3.4e+38 -3.4e+38 -3.4e+38 -3.4e+38 -3.4e+38 -3.4e+38 -3.4e+38 -3.4e+38 93325.3986742424 96163.1672363281 102110.091918945 102382.685668945 112310.005126953 119256.284423828 113878.610717773 107138.530273438 111794.079223633 110238.805908203 108895.159179688 103324.182006836 98408.6534423828 102375.195800781 110565.213500977 110129.912719727 94647.0161132812 85213.896484375 72549.5798339844 65627.3695068359 62021.5275268555 61727.3179321289 59172.7990112305 55519.520324707 50457.5235595703 47033.9143066406 46728.5885620117 47202.1348266602 47592.5016479492 46685.6829833984 46209.5836791992 47226.5227050781 47671.3499755859 48647.8912963867 54173.4848632812 63472.1845703125 69572.525390625 71809.4716186523
-3.4e+38 -3.4e+38 -3.4e+38 -3.4e+38 -3.4e+38 -3.4e+38 -3.4e+38 -3.4e+38 95034.0803222656 96163.9644775391 98057.2542724609 96466.1199951172 102702.456176758 105203.592163086 109180.260864258 106432.640014648 108970.344848633 106833.625854492 109137.122924805 98573.8713378906 95173.1688232422 96323.3995361328 98791.669921875 103975.5703125 109774.468139648 89007.0979003906 79059.8006591797 63955.2545166016 62807.2141723633 62473.6328735352 59131.2697753906 54990.4961547852 49486.8364868164 46433.4364013672 47018.6420288086 48116.3541259766 48522.6167602539 48204.9257202148 48179.3775634766 48315.8050537109 54151.7683105469 59554.352722168 64807.4682617188 70062.5982055664 78850.4541015625 83951.7076416016
-3.4e+38 -3.4e+38 -3.4e+38 -3.4e+38 -3.4e+38 -3.4e+38 -3.4e+38 -3.4e+38 93058.20625 92806.5186767578 91678.0966796875 90953.4161376953 92343.4206542969 92552.0462646484 100991.138793945 102852.054443359 106823.359008789 101973.843505859 103066.970825195 91649.9266357422 82280.1489257812 80660.23046875 87546.2901611328 109076.934448242 131616.059448242 120440.708374023 87579.3988037109 63995.7239990234 62246.3502197266 61824.543762207 59379.0845947266 55450.0703125 51224.5502319336 49286.154296875 49187.0305786133 49373.6606445312 48710.6882324219 48186.1504516602 47838.2861938477 51830.0845947266 64166.4031982422 66183.0155639648 67722.2575683594 72843.1878662109 73308.5754394531 82918.9564208984
-3.4e+38 -3.4e+38 -3.4e+38 -3.4e+38 -3.4e+38 -3.4e+38 -3.4e+38 -3.4e+38 90893.0034722222 89512.2764616935 88669.6473388672 88967.3959960938 89117.7919921875 93008.4899902344 102441.78527832 105643.292236328 104651.681030273 103786.024902344 106660.523803711 105095.288574219 97735.6290283203 87879.7271728516 79352.3435058594 103098.501342773 96498.8314208984 85147.5871582031 69071.6718139648 61111.7800292969 60656.6149902344 60494.8563842773 58965.5816650391 56453.3754272461 53219.4317016602 51044.7033081055 49203.7309570312 48030.378112793 46393.8430786133 44747.1876220703 45206.8171386719 61686.5064086914 67981.1192016602 68392.1898193359 67694.2166137695 71840.3910522461 79667.6673583984 88423.9191894531
-3.4e+38 -3.4e+38 -3.4e+38 -3.4e+38 -3.4e+38 -3.4e+38 -3.4e+38 -3.4e+38 -3.4e+38 85616.5404296875 85388.7543945312 87041.7886962891 92994.1614990234 100868.581298828 108767.646850586 107625.23034668 108577.2890625 106031.912597656 102237.885864258 99527.6220703125 103041.19934082 83223.1872558594 68884.9989013672 68685.5848388672 71644.0731201172 67438.6972045898 61087.0302734375 58593.9436035156 58272.7020263672 58878.6546630859 58526.478515625 57937.0554199219 55388.5752563477 51437.7150268555 47735.513671875 42941.4210205078 39972.3714599609 39091.5962524414 47174.8128051758 63981.5886230469 71447.0369873047 72178.6246337891 79323.17578125 78321.9779052734 109087.416992188 115447.051147461
-3.4e+38 -3.4e+38 -3.4e+38 -3.4e+38 -3.4e+38 -3.4e+38 -3.4e+38 -3.4e+38 -3.4e+38 82812.7875976562 82761.6507568359 90610.4069824219 97700.1365966797 101710.117431641 108018.124267578 109522.263671875 107123.096557617 105940.60949707 99685.3487548828 94391.8159179688 97975.8218994141 85683.6627197266 68239.3367919922 66244.3569335938 64615.7854003906 61070.6221923828 57439.3632202148 56205.3388061523 55964.2329101562 56320.0305175781 57101.9736328125 58456.7952270508 58145.1631469727 53956.3834838867 50458.9569091797 45553.9649047852 48775.6129150391 53027.545715332 58699.3806762695 81789.4373779297 78334.6975097656 76601.0067138672 83730.9010009766 98437.3289794922 115023.620483398 130049.564086914
-3.4e+38 -3.4e+38 -3.4e+38 -3.4e+38 -3.4e+38 -3.4e+38 -3.4e+38 -3.4e+38 -3.4e+38 82409.3359375 83402.0592570755 87238.7408447266 89010.986328125 91425.9305419922 99408.9066162109 120914.723510742 103080.338745117 99384.9471435547 99754.0737304688 100690.278076172 101145.661132812 98724.4647216797 76889.6990966797 64872.6006469727 62228.8541259766 61466.7547607422 57942.5969848633 54155.6751098633 54751.7355957031 55142.6497192383 56547.9303588867 58996.3692016602 65022.9689941406 62000.6990356445 58406.4248046875 66290.5079956055 68454.6612548828 82504.9580078125 94429.7821044922 87974.837890625 90542.5457763672 83463.7637939453 78330.7593994141 83180.2677001953 84808.8123779297 100461.494873047
-3.4e+38 -3.4e+38 -3.4e+38 -3.4e+38 -3.4e+38 -3.4e+38 -3.4e+38 -3.4e+38 -3.4e+38 -3.4e+38 84404.65625 84614.6393008475 85404.3479003906 90079.6629638672 96212.6960449219 99297.7507324219 96293.1450195312 95524.8344726562 98608.7354736328 101375.329345703 103507.84375 93201.2056884766 75889.8074951172 65579.5797119141 62532.0509033203 60350.3480224609 56265.6717529297 51452.7109375 54111.2890625 56378.5922241211 57716.0620727539 60995.7435302734 65673.7183837891 69445.7995605469 77117.9268798828 83346.9616699219 92366.0804443359 103389.022827148 98090.5756835938 98949.2479248047 99906.1112060547 92512.6081542969 87873.7310791016 94245.0073242188 93724.59375 91474.4842529297
-3.4e+38 -3.4e+38 -3.4e+38 -3.4e+38 -3.4e+38 -3.4e+38 -3.4e+38 -3.4e+38 -3.4e+38 -3.4e+38 84639.5777529762 85048.9512939453 85316.0977783203 88729.9067382812 106828.497436523 119847.029296875 119190.05456543 99417.3592529297 104776.148925781 112643.329223633 116079.048828125 91180.5616455078 67633.6376953125 64356.9094238281 63122.8267822266 60168.676574707 60887.4960327148 55762.0924072266 54922.2790527344 55203.2053833008 56743.4098510742 58914.8635864258 60906.6918945312 62814.7162475586 65817.5219116211 79224.2512207031 86400.0830078125 96798.7996826172 83238.1566162109 91847.1080322266 99382.9428710938 91120.515625 88819.09765625 82593.2301025391 91291.5255126953 92116.7072753906
-3.4e+38 -3.4e+38 -3.4e+38 -3.4e+38 -3.4e+38 -3.4e+38 -3.4e+38 -3.4e+38 -3.4e+38 -3.4e+38 85142.9640625 85886.8507080078 86704.1284179688 88553.5544433594 103009.023681641 136258.828491211 165265.198486328 128629.200927734 129876.80090332 123197.241577148 126336.711914062 113776.024291992 80742.6658935547 77272.7124023438 70224.3740844727 60816.1370239258 64531.9750976562 62785.4320068359 56315.9169311523 55336.9266357422 54926.0585327148 56560.2549438477 58375.3682861328 59917.6930541992 59418.5736083984 63518.5153808594 69219.1447753906 77398.8696289062 79304.0485839844 80896.0228271484 83328.8153076172 77271.2794799805 71795.7589111328 71152.1641845703 76433.4663085938 76799.4808349609
-3.4e+38 -3.4e+38 -3.4e+38 -3.4e+38 -3.4e+38 -3.4e+38 -3.4e+38 -3.4e+38 -3.4e+38 -3.4e+38 85768.636328125 87170.609375 89642.8438720703 93574.3770751953 105796.908813477 139061.402709961 138393.760375977 130897.180297852 141558.873046875 144396.916015625 133894.826416016 129686.032348633 97762.6730957031 94626.5830078125 92038.3818359375 70438.3521118164 61660.3536376953 58723.6678466797 54331.3706665039 51706.6890869141 51880.3472900391 54807.9058227539 59180.4877929688 63250.7645263672 65613.1547851562 69248.5355224609 80691.1556396484 88762.4733886719 76233.8779296875 78405.385925293 85869.2502441406 81629.4923095703 77788.5218505859 74707.7657470703 83160.2531738281 86082.3038330078
-3.4e+38 -3.4e+38 -3.4e+38 -3.4e+38 -3.4e+38 -3.4e+38 -3.4e+38 -3.4e+38 -3.4e+38 -3.4e+38 85211.9513671875 88817.4709472656 90804.3673095703 108647.907226562 107819.913208008 148680.280273438 131433.611572266 127389.577514648 128166.670043945 136092.07434082 130224.446533203 134514.713134766 122315.467041016 103795.295532227 90832.1022949219 72500.4935302734 61704.3366088867 61823.7504882812 53084.3771972656 54228.5133666992 55354.1953735352 57312.5119628906 60374.0678100586 62409.505859375 66545.6517944336 72683.2774658203 88626.5621337891 96111.318359375 102212.900756836 108321.539672852 112865.937744141 104066.55078125 93652.7666015625 100768.491088867 97944.2735595703 90299.5190429688
-3.4e+38 -3.4e+38 -3.4e+38 -3.4e+38 -3.4e+38 -3.4e+38 -3.4e+38 -3.4e+38 -3.4e+38 -3.4e+38 77339.0409757653 83349.466796875 90097.7232666016 107009.009765625 129507.286987305 126639.765991211 119642.421875 116741.527954102 122427.521362305 119090.592773438 111320.058959961 107228.342163086 109652.92980957 99611.4104003906 99262.3421630859 84269.2923583984 76976.0074462891 66602.9359130859 57742.5183105469 59610.8565063477 59227.1962280273 59851.7045288086 61663.5852050781 67807.3409423828 67817.284362793 77982.7652587891 104776.050170898 118543.163818359 123703.187866211 126371.706420898 117667.045043945 110793.746582031 108095.391113281 113411.943847656 109512.677490234 103189.274291992
