Cases/SDM_Urocitellus_beldingi/westernUsClimate_historic/BIO14.asc
NCOLS 316 
NROWS 299 
XLLCORNER -124.820833001 
YLLCORNER 29.1625003333339 
CELLSIZE 0.0666666666645545 
NODATA_value -3.4e+38 
[rows 210 to 230 of 299, columns 230 to 275 of 316]
987.403123855591 1014.2984418869 1055.15703201294 1126.3007774353 1131.837890625 1184.96328544617 1258.08827781677 1276.21953201294 1262.70429229736 1248.27188110352 1270.47109985352 1456.60859870911 1606.71210479736 1619.07538414001 1673.42030715942 1602.44101333618 1719.14883232117 1870.38358879089 1968.04297065735 2298.86444854736 1855.47538566589 1609.58086585999 1586.48359489441 1402.90234184265 1217.71796226501 1243.16210746765 1248.78671264648 1170.40507316589 1156.65156364441 1201.41093444824 1164.41952896118 1095.81679344177 1060.19882202148 1106.08046531677 1135.2402381897 1102.74414634705 1093.13242340088 1094.99570083618 1111.02852249146 1136.37538909912 1152.29062843323 1053.38164138794 955.043752670288 1019.28867435455 1294.53945159912 1991.62969398499
1116.05391120911 1126.06718635559 1137.7753944397 1155.35194969177 1179.33867073059 1256.4636631012 1287.13983535767 1274.73241996765 1335.03437805176 1428.25039672852 1480.85586166382 1581.94413566589 1653.51640319824 1695.80272674561 1662.57734298706 1531.23398208618 1570.42851257324 1852.32813453674 1927.92461204529 1956.44452667236 1741.84453582764 1657.17109298706 1573.3976688385 1385.72930145264 1285.78476333618 1329.70156097412 1336.87147521973 1281.94336509705 1271.59570121765 1212.14570236206 1177.01992225647 1126.24843597412 1028.13632678986 1028.39843559265 1054.12031269073 1043.86172199249 1074.00507640839 1042.42538928986 1093.46172237396 1145.99218177795 1105.86367797852 974.99961566925 931.160943031311 1097.87734413147 1297.83320236206 1849.24062728882
1149.95625114441 1216.47655487061 1213.66484642029 1165.2890586853 1184.20819854736 1280.35821151733 1286.45664405823 1297.43203163147 1343.89259147644 1435.5265712738 1534.72422218323 1528.58242416382 1550.13593673706 1607.73866844177 1670.42539215088 1661.10858726501 1699.41600990295 1817.58202934265 1943.26836204529 1911.98320007324 1767.00937652588 1607.95820808411 1384.19062423706 1310.43828392029 1329.89452552795 1483.25389862061 1403.92695617676 1348.69413948059 1296.37070655823 1227.45898246765 1144.51874923706 1082.38750076294 981.830471038818 962.000389099121 860.534767150879 921.973048210144 990.317577362061 1035.45819187164 1145.46055221558 1194.26601219177 1146.18516921997 1020.3550786972 1016.52188205719 1130.08749675751 1310.22344207764 1747.08163833618
1135.33905792236 1194.08242034912 1143.66993331909 1166.22813034058 1211.65899085999 1220.63827705383 1247.09843444824 1313.80859565735 1370.93203163147 1405.98359870911 1478.84804153442 1479.04335594177 1500.78397941589 1576.31679916382 1652.95273780823 1696.97227096558 1779.00781059265 1829.47929763794 1900.67577934265 1819.46132659912 1739.19023704529 1580.11483955383 1465.57734680176 1495.04179000854 1510.66328430176 1546.84805107117 1513.40468406677 1445.34999847412 1345.45663070679 1253.69687271118 960.986326217651 938.734374046326 999.319529533386 735.952341079712 688.897264480591 787.182811737061 930.925389289856 1037.701171875 1187.88554763794 1211.52383041382 1106.9960975647 988.267182350159 1033.97773742676 1143.60703086853 1308.6445350647 1667.16132926941
1095.96444892883 1091.85078430176 1116.42423057556 1144.08944988251 1132.22148323059 1192.39686775208 1285.72186851501 1308.15078353882 1357.28593063354 1385.68281745911 1416.255859375 1426.08945465088 1476.80585670471 1537.19219207764 1585.95351219177 1650.6308631897 1703.42734336853 1821.90038871765 1742.95077323914 1701.28125 1696.2246131897 1645.19335365295 1618.69570159912 1595.7206993103 1788.38437271118 1786.45937538147 1588.75311851501 1552.01641082764 1504.2382774353 1340.65312385559 1174.72187995911 1155.80976676941 1106.43789291382 881.005462646484 809.652347564697 802.635938644409 917.507817268372 1017.66093921661 1122.34805202484 1154.71133041382 1095.25233745575 915.36171913147 1039.3831987381 1114.16367149353 1311.50077819824 2237.56406784058
1081.95819950104 1050.39179706573 1075.16094970703 1070.78477287292 1121.41366577148 1234.00898361206 1348.07539367676 1365.7038974762 1333.68046760559 1342.44922065735 1392.67500495911 1396.82968330383 1411.84844207764 1461.57734298706 1526.07695579529 1601.19296836853 1648.2421836853 1688.71405982971 1690.97148132324 1662.24569702148 1665.30938148499 1599.60625457764 1530.62539100647 1540.03828430176 1744.53085517883 1845.73359870911 1689.08320808411 1589.88555526733 1554.29219055176 1413.61563110352 1258.14024162292 1304.61563301086 1217.34023284912 1119.77851581573 1165.97734260559 1017.22265625 1056.7132806778 1036.72773361206 1021.10351753235 1111.95468711853 1071.49805259705 1025.0414018631 1046.65585803986 1094.74297332764 1296.73555183411 2325.59686470032
1037.93828392029 1045.13085746765 1063.11992645264 1118.85859107971 1186.98593139648 1241.67694854736 1341.22382164001 1381.65897750854 1397.61758422852 1402.16874504089 1390.00077819824 1347.69415092468 1342.47266197205 1404.61248588562 1413.67694664001 1475.29686737061 1563.57773208618 1623.82148361206 1653.54609298706 1676.74218559265 1660.53866577148 1557.46914291382 1513.65820121765 1510.79648590088 1609.19882583618 1770.80976867676 1795.25585746765 1702.83164024353 1568.87617301941 1433.97227287292 1386.06915092468 1356.70156097412 1292.50273132324 1311.89803886414 1213.20234680176 1181.58984375 1144.55976486206 1115.44961261749 998.814845085144 1056.55039596558 1035.36015129089 1023.4214849472 1022.15468406677 1068.61719322205 1411.54024124146 2684.44687080383
1054.46601867676 1048.50586509705 1074.6640663147 1120.01211166382 1162.48320198059 1192.62343978882 1247.94413757324 1302.03281211853 1352.69257926941 1394.90938568115 1409.65937232971 1451.62928771973 1389.4003944397 1402.40976142883 1411.49960708618 1437.98163795471 1487.09296417236 1585.54921913147 1599.19102287292 1634.45313072205 1592.9960899353 1529.20664405823 1506.59844017029 1503.57851791382 1630.84571456909 1699.71680641174 1868.66133117676 1692.1359462738 1526.15975952148 1541.302734375 1384.0175743103 1315.98829078674 1368.09101486206 1295.03046607971 1214.62225914001 1164.50234222412 1113.37695121765 1061.14375114441 932.544140815735 922.946873664856 884.366403579712 920.510547637939 941.085935592651 1051.587890625 1602.40234565735 3130.82501220703
1089.84530830383 1074.43281364441 1104.19688034058 1189.5117149353 1188.15781593323 1177.48945045471 1209.58438110352 1257.38750267029 1319.71640586853 1280.68906402588 1277.11172485352 1319.6261806488 1336.98711013794 1352.09452629089 1390.82695960999 1391.74374771118 1453.73320007324 1549.80663108826 1582.36679458618 1597.6125087738 1601.23945426941 1513.74452972412 1504.28125762939 1560.27499389648 1686.71131896973 1619.75703048706 1691.13125991821 1560.52069091797 1498.08984184265 1440.4324131012 1311.19648170471 1310.92031669617 1335.64843559265 1308.38203430176 1265.64414787292 1172.70664215088 1090.80117797852 974.173823356628 871.063281059265 830.590236663818 767.250392913818 840.508594512939 905.880464553833 996.551561355591 1417.96718788147 2212.73476982117
1139.43905830383 1114.673828125 1158.91875267029 1257.20624351501 1296.62344169617 1251.08202934265 1257.68359375 1247.51718139648 1257.01289558411 1261.35741996765 1236.04335594177 1221.14218139648 1271.38555526733 1383.14491844177 1336.53554725647 1360.54257965088 1436.61836051941 1515.95663833618 1577.29686927795 1587.76016044617 1591.26133346558 1511.54258918762 1525.34999847412 1675.51601791382 1682.7168006897 1607.61874008179 1570.0242099762 1469.07461166382 1412.04609107971 1384.7109336853 1330.03866767883 1268.88827896118 1269.76484107971 1309.99843788147 1236.85976791382 1268.51679992676 1208.85703468323 998.390623092651 837.000393867493 777.660546302795 733.646095275879 812.330075263977 892.79453086853 1010.18672275543 1268.77733230591 1568.94961547852
1141.72578430176 1144.89335823059 1237.26406669617 1294.69179344177 1317.99922561646 1319.45742797852 1302.83397293091 1278.93671798706 1267.65116882324 1264.19569969177 1257.76132392883 1263.49960899353 1303.81171989441 1328.0410118103 1273.15000534058 1335.14999580383 1410.66641044617 1453.80703353882 1500.27265930176 1533.15781402588 1578.41522979736 1551.89570045471 1569.0078125 1650.93944549561 1642.83789825439 1569.64961051941 1535.95664215088 1463.16054916382 1410.17226600647 1334.18165206909 1246.63008499146 1241.64102172852 1231.56210708618 1228.873046875 1227.89179992676 1281.31679725647 1199.93124389648 1024.40469551086 852.903123855591 730.285550117493 741.76914024353 844.863279342651 943.819924354553 1275.1273431778 1581.26992225647 1495.80663871765
1156.32304382324 1129.90312767029 1229.06992530823 1264.37851142883 1333.36952590942 1330.98125839233 1314.09375 1345.74258041382 1326.02460861206 1311.88905715942 1312.34921836853 1312.0964756012 1297.55469322205 1275.36953544617 1224.76445579529 1216.01093482971 1321.65468978882 1447.34843063354 1498.78984451294 1510.55194854736 1584.47850990295 1618.55585861206 1616.59882926941 1740.94844245911 1669.86522483826 1590.72421646118 1396.23945617676 1492.42500495911 1494.67695617676 1485.30781936646 1389.37460517883 1347.98828315735 1412.03788566589 1302.82226753235 1220.80781364441 1075.03359794617 966.782420158386 906.154297828674 861.363667488098 761.136720657349 833.620306968689 942.17148399353 1093.96093654633 1642.623046875 1680.99961280823 1635.04883003235
1161.40273284912 1080.61250686646 1129.75274085999 1219.99530410767 1279.9062538147 1263.37734413147 1319.99687004089 1364.71640777588 1385.36640548706 1414.93085479736 1333.63632965088 1324.13787651062 1316.05975723267 1319.79218482971 1282.93476676941 1319.77812004089 1309.76367378235 1444.93241500854 1504.17148208618 1545.22967910767 1584.79726791382 1648.14608192444 1698.16133117676 1714.93086051941 1588.95859527588 1516.2382774353 1378.61758422852 1330.7597618103 1303.8046913147 1428.76875495911 1450.32421302795 1391.40078544617 1441.90625762939 1283.25742149353 1178.94062995911 1071.25741767883 1045.28945064545 939.242190361023 875.581643104553 867.757813453674 997.007806777954 1059.87460517883 1249.20233917236 1434.79805374146 1559.03672599792 1630.1210975647
1305.88203811646 1104.52460670471 1093.31328201294 1169.40351486206 1184.48476028442 1214.7597694397 1306.99960899353 1412.67147636414 1380.54023742676 1434.50390625 1390.33242607117 1323.22734069824 1319.76328659058 1358.76133155823 1398.37149429321 1459.85039329529 1414.67656326294 1353.98828125 1555.60741424561 1557.30703544617 1504.67811584473 1650.31680488586 1618.75038528442 1603.21602058411 1447.77343940735 1385.78085327148 1239.01211166382 1156.79374313354 1186.1308631897 1295.72304344177 1437.40195083618 1340.66327857971 1281.80781936646 1241.06327438354 1175.94062995911 1140.47266387939 1139.21562576294 1054.13671588898 905.372268676758 938.778511047363 1036.84453392029 1224.8359336853 1347.77812385559 1519.79531288147 1499.71405792236 1458.67852592468
1534.15937423706 1269.16561889648 1133.67460441589 1160.39140510559 1217.37695884705 1202.88125228882 1264.75508308411 1402.80780410767 1544.73789787292 1599.49493026733 1435.45546913147 1364.45820617676 1385.32382965088 1404.84218978882 1444.6308555603 1444.18125152588 1437.23242378235 1390.20586013794 1489.14999580383 1515.96600723267 1461.03944969177 1538.95428657532 1677.89101409912 1599.22227478027 1366.1621055603 1280.36366462708 1177.00703811646 1094.59805107117 1089.45936584473 1174.46758079529 1388.50351715088 1344.02187156677 1256.37851333618 1211.06367301941 1247.12890625 1163.41094589233 1145.28672027588 1042.56875133514 944.057815551758 955.062891960144 1091.84921550751 1292.64335441589 1444.68789672852 1606.54454040527 1442.69724845886 1379.34922599792
1814.59217834473 1689.708984375 1591.03437614441 1474.76406097412 1359.42501068115 1254.71718025208 1209.80663108826 1388.31249809265 1672.52774620056 1670.86562538147 1542.76522636414 1586.20038795471 1591.43242454529 1532.17851829529 1520.98280334473 1500.45819664001 1482.78436851501 1522.82421684265 1508.9706993103 1341.70273017883 1293.73632049561 1330.99687385559 1419.9570274353 1358.90938186646 1312.1464805603 1246.58711624146 1170.07969284058 1135.55976486206 1140.4257850647 1180.74843978882 1349.09920883179 1363.7949180603 1307.76523017883 1374.20664405823 1407.63945007324 1286.36835670471 1157.06366920471 1141.87969017029 948.473832130432 937.250776290894 1109.48905849457 1302.62851142883 1391.3175868988 1476.18906211853 1377.0781211853 1318.44765853882
1902.17812347412 1926.4609336853 1890.09335708618 1667.70429801941 1470.69688034058 1542.82890701294 1536.94453239441 1777.28633117676 1723.31290054321 1646.19999885559 1568.18320655823 1466.505859375 1436.87108802795 1443.33164215088 1463.80233573914 1487.61679458618 1528.43476295471 1512.23671340942 1473.89883041382 1342.30898475647 1309.87968635559 1283.72226524353 1296.83359146118 1202.04570579529 1216.63829040527 1177.42148590088 1216.56680297852 1276.24530792236 1397.00272941589 1220.08905792236 1238.48476028442 1306.11171722412 1364.58671379089 1492.69413375854 1575.18476867676 1380.79922294617 1222.58242607117 1034.13242149353 906.881641387939 910.360544204712 1053.27343463898 1258.23593521118 1276.18632507324 1312.30665016174 1289.5214881897 1248.73085403442
1798.82773780823 1825.2343788147 1877.81680297852 1843.42382049561 1756.28359222412 1931.54765319824 1793.13320922852 1770.07773590088 1590.89686965942 1540.87304878235 1537.62655830383 1468.23672676086 1393.35703659058 1405.18749427795 1387.40390205383 1448.36054801941 1485.69140815735 1433.05897903442 1465.66796684265 1303.54765319824 1261.62343978882 1307.08984375 1398.91562461853 1384.6953163147 1402.96484565735 1253.419921875 1345.78281593323 1557.15976524353 1668.17538452148 1528.89805221558 1278.54726791382 1097.31250572205 1201.04765701294 1270.21444511414 1445.87929153442 1346.13516235352 1146.68671512604 1016.04726409912 895.638670921326 875.160939216614 962.24608707428 1085.28867530823 1144.06132316589 1130.43866920471 1106 1124.29922103882
1895.64493179321 1925.4296913147 1945.34180450439 1933.96992874146 1819.66093444824 1757.71719169617 1715.25351333618 1640.236328125 1489.86757850647 1491.21406936646 1594.0527381897 1491.22929763794 1385.62187957764 1389.29883003235 1466.18554878235 1552.91874694824 1534.68476676941 1348.25625801086 1249.50156402588 1258.01914024353 1318.39023971558 1494.30819892883 1599.8632850647 1679.32148361206 1676.95820236206 1399.21796798706 1524.95937538147 1781.94101333618 1778.85391235352 1680.50859451294 1344.96015167236 1190.09141540527 1025.75860023499 1002.29765701294 1093.90351867676 1041.58476924896 957.879294395447 934.698048591614 883.837110519409 871.58945274353 950.348441123962 1046.19375133514 1050.35938453674 1026.419921875 1039.06680393219 1110.92968559265
1854.39649200439 1831.73281097412 1861.14023590088 1861.13437843323 1855.099609375 1794.16758537292 1748.02890014648 1560.34883117676 1500.84921455383 1535.12187004089 1366.84179878235 1297.04531478882 1375.27265357971 1478.47734642029 1671.12734603882 1723.76640892029 1577.04726982117 1295.13710403442 1315.28085899353 1432.82538604736 1545.50820541382 1631.93046569824 1703.79803466797 1875.36678695679 1949.30273246765 1605.53633308411 1620.44062805176 1710.48359489441 1759.73633384705 1686.97266387939 1464.20859909058 1132.19608402252 957.005858421326 905.981253623962 939.582420349121 879.478902816772 861.950781822205 911.966407775879 871.706246376038 860.730467796326 931.59140586853 1008.19336223602 981.317965507507 992.941014289856 1023.95585918427 1078.37695121765
1499.54258155823 1663.95937538147 1789.14179039001 1824.67577552795 1765.46562004089 1714.1074180603 1659.93593406677 1641.79179191589 1554.95585250854 1353.51914024353 1186.61015129089 1231.89336395264 1419.97226333618 1660.36444854736 1831.76796340942 1749.34335899353 1651.82188034058 1369.51288604736 1417.24921226501 1724.09687995911 1779.04335975647 1770.08242607117 1746.28633117676 1777.30155944824 1819.15545845032 1633.97891235352 1603.23359870911 1569.45741271973 1727.35469055176 1699.94492340088 1361.79061317444 1140.24139308929 954.236328125 880.717580795288 783.203519821167 778.901172637939 825.918356895447 854.553514480591 858.187499046326 886.962100028992 916.749610900879 936.500001907349 952.172263145447 954.308977127075 1008.54687690735 1048.73163414001
