Cases/SDM_Urocitellus_beldingi/westernUsClimate_historic/BIO16.asc
NCOLS 316 
NROWS 299 
XLLCORNER -124.820833001 
YLLCORNER 29.1625003333339 
CELLSIZE 0.0666666666645545 
NODATA_value -3.4e+38 
[rows 189 to 209 of 299, columns 230 to 275 of 316]
9211.70510864258 9765.09451293945 10110.8819732666 11282.53175354 15046.5461425781 17495.0843353271 15718.4082946777 15770.4597473145 12181.9499816895 9921.10308837891 9051.64454650879 8440.08906555176 8115.37968444824 7945.68823242188 8223.53871154785 8654.51054382324 9514.19683837891 10568.4848480225 11147.2914428711 10479.4023132324 10322.6988220215 10330.5823974609 10748.0085754395 11362.5015258789 11647.0475921631 11163.546081543 11001.0851593018 11790.9347839355 11769.323059082 11779.5823516846 12024.7616729736 12338.2636260986 12840.4261322021 13827.3070983887 14811.078918457 15922.3098144531 16882.3053741455 18327.1788024902 19195.6933898926 18042.0746154785 19079.76171875 17404.4765472412 16547.182800293 15945.4526519775 16473.6664276123 16618.8690643311
9947.23554992676 10442.0014953613 10734.3621063232 10967.3843688965 13071.7969360352 17386.1195068359 16819.8628540039 14127.7926635742 11518.7898254395 10209.2230529785 9152.99876403809 8475.94923400879 8208.14765167236 8084.53204345703 8436.4066619873 8779.91564941406 9367.46987915039 10166.3247070312 10844.0241851807 10917.2409515381 10746.8547210693 10882.2167816162 11052.8105316162 11363.3289642334 11762.5117034912 11491.3667297363 11387.3125152588 12102.3554229736 11922.6656951904 12266.7621307373 11890.1765594482 12565.9172363281 13697.4253540039 14666.0172576904 15246.3499298096 15492.6605224609 15712.405090332 17087.5921173096 17570.2331237793 16039.7488098145 17186.8793792725 18094.2292633057 18889.8821411133 18178.0058288574 16460.0202178955 16658.1187896729
10478.6980438232 11083.4151916504 11390.4297027588 11602.1136627197 12869.397644043 15365.5113372803 19078.3031311035 17986.2171478271 13536.1098022461 10707.2300720215 9292.22425842285 8548.22187805176 8332.01290130615 8132.19143676758 8196.71373748779 8842.05895996094 9392.16798400879 9898.68310546875 10203.0425567627 10345.2823944092 10374.9765930176 10719.7777252197 11218.2554321289 11655.6093597412 11902.2581939697 11710.0917663574 11862.7050933838 12643.5550842285 12553.4170837402 12045.98046875 11767.5425567627 12320.2926025391 13021.9055328369 13537.1855163574 14107.3437957764 14162.1042785645 14725.2883758545 16442.2413635254 16162.7680053711 14974.284286499 18216.2504577637 20984.037322998 15809.3323669434 16598.76902771 13892.6976928711 14296.6847229004
11071.9147949219 11601.3703918457 12040.1616973877 12325.0847167969 12492.2793579102 13216.7813262939 15542.0414581299 18799.7979125977 16018.7200164795 11199.2667388916 9690.61019897461 8732.08628845215 8566.64891052246 8310.97848510742 8545.26916503906 8830.24055480957 9058.94261169434 9341.0930480957 9522.21876525879 9674.58671569824 9879.67735290527 10134.5773773193 10765.5913848877 11321.2840118408 11802.2949829102 11946.7488555908 12135.9706573486 12341.8839416504 12731.4296569824 12239.8933105469 12222.1398468018 12334.215713501 13124.9058227539 14389.2855224609 15062.5199584961 14725.6578521729 15049.9008026123 16374.7472839355 16028.4734191895 16103.7750549316 19860.485534668 23570.6847229004 22047.296081543 16264.627822876 12768.569152832 12265.231262207
11356.7167663574 11602.7547302246 12454.3746185303 12922.0366668701 13402.8914489746 13009.8854370117 15307.2808990479 17877.2597045898 18591.1266479492 13328.189956665 10821.7899169922 9364.18000793457 8876.75073242188 8684.51176452637 8770.78749084473 9060.62301635742 9163.42459106445 9328.65785217285 9676.38990783691 9970.96408081055 10038.1077423096 10075.0140075684 10372.2035064697 10885.3965454102 11108.4570159912 11422.5796661377 11939.2461547852 12227.294921875 12517.3121032715 12723.4496002197 12691.6289672852 12621.9804382324 13283.5812835693 14414.8237915039 15381.1859436035 15644.1801452637 16123.9226074219 16542.0398101807 18335.3829345703 20174.5265197754 20693.0958251953 20838.6451721191 18509.0038909912 14662.5090332031 15982.1913909912 15381.1230773926
11189.1276702881 11647.2293243408 11982.7792358398 12331.9515380859 12629.1835784912 13024.1979827881 14208.5948791504 15947.8304595947 19350.8262023926 17209.0475158691 13624.8375091553 10781.1199035645 9293.01524353027 8922.06448364258 8985.19021606445 9312.79568481445 9327.14764404297 9690.2645111084 9866.93515014648 9786.53358459473 10065.3774108887 10124.8222503662 10066.6148071289 10201.6355133057 10384.7574462891 10810.0301361084 11477.9769744873 11863.3975982666 12104.7850952148 12746.2944793701 13449.8672790527 13570.600402832 13280.5269470215 13953.1515197754 14505.2414093018 15401.7120666504 16232.9477539062 16051.1187286377 19242.6441040039 27339.6303100586 26595.5249023438 21267.1299743652 20171.6034088135 21153.3246459961 22900.670715332 21878.231262207
11394.2238616943 11924.6980438232 12193.4597167969 12913.1640167236 13114.228515625 13463.1167755127 13312.8202972412 13793.7235107422 17267.0481109619 18722.4359130859 15497.6306610107 11496.6796875 9510.36479187012 9116.53829956055 9051.31367492676 9314.62892150879 9658.4781036377 9862.63789367676 10133.4008026123 9987.29298400879 10033.7643890381 9970.97305297852 10047.4027252197 10141.0499420166 10213.0351867676 10527.8988342285 11195.3109741211 11661.3350830078 12121.1961669922 12531.2398376465 13396.1855621338 14468.4664001465 14556.911315918 14564.6367034912 15541.3296508789 15971.0699157715 15996.9941253662 15714.1242370605 17904.5991973877 27547.5692749023 26583.4090576172 24008.7785949707 22984.9367370605 25118.9766235352 26246.1512451172 26659.1038208008
11367.4305267334 12402.0030822754 13189.9156036377 13404.5120697021 13767.9210968018 14155.2355194092 13520.2061309814 13762.3823852539 15620.6991271973 18440.2012329102 17061.5507049561 13009.9902038574 10297.4261627197 9419.55113220215 9282.4331817627 9668.59521484375 10095.0769500732 10246.896484375 10381.479309082 10421.5015716553 10400.4195404053 10318.23046875 10251.1488037109 10069.2449035645 10438.4777679443 10804.7133026123 11138.3710784912 11409.8581390381 11945.3745880127 12186.6723327637 12776.2679138184 13304.7726898193 13678.7589263916 14098.6000061035 14366.4406738281 14571.7242736816 14745.507019043 15031.337097168 16344.0707244873 21469.4887084961 22234.5769958496 23240.2993164062 23555.5140991211 24112.0791625977 25553.0915527344 29141.5581970215
11342.0166778564 12678.0297088623 13481.729675293 14301.7176971436 14794.8405914307 14603.0277404785 13718.5464324951 14304.0558319092 15180.655456543 17213.3388977051 17686.7004394531 14572.6156311035 10983.0804748535 9658.13754272461 9769.76014709473 10018.2445220947 10501.4683532715 10670.2097625732 10631.3421630859 10701.6468963623 10769.3046569824 11107.6011199951 11226.2984008789 10944.5511627197 10817.4682769775 11372.7648925781 12401.4180450439 12282.2679290771 12069.0976104736 12024.5245056152 12178.1620788574 12608.3930206299 12850.7304077148 13315.7343902588 13357.3921813965 13899.2152252197 14409.0104980469 13837.8817138672 15846.1308746338 21754.5215454102 21790.4266357422 22499.684967041 22661.347869873 23623.9922485352 23709.2809753418 27029.3751831055
11954.6941070557 12900.3749847412 14066.9633026123 14953.7816314697 15153.3695678711 14490.4796600342 13712.986328125 15228.2878112793 15306.1093902588 14740.9656066895 13670.0086517334 11777.1547393799 10685.0031738281 10181.5781402588 10308.3207244873 10649.7960662842 11018.2141418457 11403.2156524658 11280.3511962891 11363.9231262207 11441.7832183838 11587.2246398926 12053.2308349609 12140.1695251465 11787.9519348145 11807.4112701416 12126.5679321289 13021.6031036377 13494.9539337158 13162.1093292236 12925.4820404053 12379.3598327637 12299.1375274658 12479.4636688232 12791.1335601807 13526.3257598877 14048.8546142578 13960.3520507812 15885.220703125 22246.759979248 20628.061706543 21269.4933166504 21029.4316101074 22953.4952697754 25055.8686828613 26199.7730407715
12290.8515319824 12801.2816314697 13711.8129119873 14684.9902954102 15083.5406036377 13921.0750732422 13225.7026977539 15249.2015380859 14500.9308929443 12878.0738067627 12017.7027587891 11113.0582733154 10832.3296813965 11228.2957000732 11170.8684387207 11449.2246704102 11748.5308837891 12096.6909790039 11987.2757720947 12190.7312469482 12280.6793060303 12024.2671508789 12176.0316314697 12452.0270080566 12533.4991455078 12699.0688171387 12667.5683288574 12585.1949462891 12665.5761566162 12800.2730560303 13151.2637023926 13111.1765899658 12711.5476531982 12118.6316680908 12238.0773773193 12615.5815887451 13430.5114135742 13072.8833007812 15196.2057952881 21798.271484375 19361.3077697754 20080.9624328613 19767.9367980957 21409.7643432617 25692.1676025391 24612.8168029785
12268.1898651123 12843.1253814697 13609.0407562256 14381.6093902588 14849.7234649658 13617.0456390381 12741.4750213623 13956.8495635986 14315.0991821289 12930.2178955078 12087.8578643799 11677.111618042 12128.2773742676 13052.5168304443 13300.4676055908 13578.6520080566 13873.4949188232 13491.2281494141 12892.9375305176 12834.9110107422 12918.7734222412 12722.9297332764 12675.5253448486 12814.7652282715 12857.3851013184 13099.3360137939 13074.0054931641 12620.6766357422 12082.9429321289 11959.7475585938 12242.1772918701 12590.6183319092 12494.5050354004 11986.7483825684 12004.6890869141 12309.6234588623 12824.3734893799 13039.1219024658 13946.2777252197 20668.2829589844 17906.6057739258 17163.2186889648 18853.000793457 20789.955078125 23630.5268859863 20534.4801635742
12847.5730438232 13317.0453948975 13667.1714477539 14126.6999511719 14196.0461120605 12899.0578460693 12676.4313049316 13272.294128418 13384.8425140381 13159.6058044434 13037.2887115479 13346.2510986328 14274.1359710693 14571.5749664307 14658.2570037842 14838.6624298096 15385.5655975342 15194.1804962158 14889.5644073486 14393.9054107666 13775.1464385986 13392.748916626 13256.6707763672 13450.0679168701 13627.3363647461 13542.3909759521 13279.6085357666 12737.6251220703 12298.6480865479 12337.1390991211 12355.4542999268 12455.6237640381 12455.9241638184 12236.4980926514 12099.5148010254 12024.6499023438 12030.6656494141 12203.3647918701 12352.9999847412 17135.7441864014 15041.3187713623 12743.296081543 15627.7863311768 19228.8065795898 19427.9172363281 16400.4465484619
13279.3309326172 13571.0104827881 13766.9987792969 14057.2605285645 14052.9473266602 12985.8007965088 12605.4465179443 12750.1464233398 12654.9633483887 12877.8734588623 13637.3402404785 14468.6402587891 14343.2530975342 13933.0339508057 14228.7558746338 14450.0593414307 14481.3558502197 14600.4299468994 15194.8875579834 15714.4266204834 15147.1750183105 14727.7793579102 14495.3749694824 14331.3265991211 14158.9491882324 13656.9769287109 13122.5851745605 12786.4276733398 12733.7074737549 12711.6050720215 12689.5468597412 13895.6503601074 14621.8145141602 14150.8003845215 12085.8027038574 12308.4608917236 12520.688293457 11412.2460327148 11083.9503326416 12397.0105438232 11531.6387176514 11243.7070159912 14146.9156494141 15325.4339447021 15279.9152526855 13811.5755004883
13481.4250335693 13807.5226593018 13944.0812530518 13829.940536499 13792.7695159912 13157.2707519531 12536.1460418701 12436.7477111816 12630.4605255127 12712.1441650391 12967.5452880859 13329.1034851074 13416.4729766846 13608.5843200684 14038.6175842285 14368.6204071045 14795.0647125244 15593.9160614014 15511.7371673584 15482.4183654785 14826.713394165 14634.6363372803 15004.8531188965 15305.2167816162 14675.6597900391 14438.6445617676 13874.1203613281 13400.8831634521 12977.8836975098 13298.4058837891 13876.8078155518 17599.568939209 20159.4488220215 17768.1756744385 12767.6023254395 11803.8124542236 14639.0457763672 12561.9030761719 11706.7461395264 11415.179397583 11051.3315429688 11392.7410125732 12137.8628692627 13678.4871063232 14224.219543457 12037.5902709961
13287.2015991211 13456.2539672852 13758.9121246338 13624.7410430908 13410.3625640869 12706.6047058105 12788.4074249268 12561.6359710693 12796.2149353027 13017.1218109131 13222.1820373535 13880.7476043701 14450.7469024658 14473.4230194092 14730.150680542 14519.0827636719 14538.4648590088 15149.6508026123 15814.3164520264 15535.786315918 14831.9706878662 14380.2367706299 14489.1540222168 14921.8416900635 14575.0245513916 15032.6246643066 14973.5522766113 14211.3734436035 13817.1335296631 14486.7137298584 16709.2498779297 20246.4090881348 22657.0038146973 18848.3901519775 13659.9141082764 11966.123916626 14693.129699707 12632.6352539062 12048.3816375732 12128.8351745605 11939.7042388916 11626.1195068359 11325.1249847412 13507.6148376465 13403.9539337158 11861.6820373535
12595.2610015869 12921.3046875 13465.3582305908 13228.4886779785 13145.9715270996 13237.2914276123 12822.6261138916 13026.6878509521 13581.6175231934 13834.039932251 14026.2163085938 14231.4824981689 15143.5558319092 16684.8901672363 16753.0304718018 16658.2581787109 16095.1535491943 15322.4094390869 14719.7530822754 14450.564453125 14349.8496398926 14202.4453582764 14420.206237793 14595.2870788574 14565.0180358887 14488.8480377197 15073.2628936768 14961.9468383789 15095.1359405518 17851.6062774658 20753.998840332 23727.6408996582 24231.5651855469 19709.3211212158 14576.5918579102 12192.7515258789 13331.5981292725 12435.0734710693 12365.2784729004 13227.0952758789 13038.102722168 12674.6277313232 11848.2343292236 11201.3074493408 11316.8734893799 11384.817276001
12368.0366973877 12458.5913848877 12848.3929290771 12666.7262115479 12462.8589935303 12822.2074127197 12892.2902984619 13599.7675476074 13772.888671875 14122.7301025391 14296.60987854 14445.6675872803 14855.0996704102 15639.8393859863 16438.4914093018 17167.7026977539 17151.2972106934 16130.7945404053 15497.8472290039 15219.2581634521 15120.6058044434 14595.9898834229 14281.9702453613 14485.7604980469 14506.6051025391 14499.0316162109 14804.0715179443 15446.5230560303 18966.8456268311 21964.0328674316 23378.7722167969 24566.8590393066 21189.6382141113 16319.8534698486 14200.5949401855 12759.8706359863 11856.8586120605 11759.2582092285 12152.6249389648 13060.0007476807 12559.6702728271 12455.9929962158 11956.5944824219 10904.7304840088 10752.5336608887 12780.3355865479
12047.1007232666 12197.8222503662 12326.8941955566 12181.4339447021 12318.71484375 12569.4824523926 13154.7110137939 13786.4390563965 13896.3648681641 14178.6519775391 14370.8722229004 14439.5308227539 14438.0034332275 14533.3713989258 15388.0370941162 16652.2862701416 17239.0844421387 16873.2976837158 16556.7565917969 16231.6773681641 15964.0104827881 15281.7351226807 14267.9667816162 14276.7570343018 14335.8179626465 14503.1730651855 16194.4179840088 22158.7230072021 27144.046875 25047.0385742188 23331.6617126465 22578.236328125 19033.6043548584 17059.6202850342 14805.098815918 13544.9617614746 12267.6499328613 11643.4902038574 11960.1930541992 12833.2444458008 12530.9983825684 11992.8941650391 11025.9612579346 10426.3636627197 12513.082824707 17525.2230072021
11585.6578369141 11866.7141265869 11990.4366912842 12186.9859313965 12379.9600982666 13090.4956359863 13407.8066253662 13862.3483581543 14200.0336608887 14259.8613128662 14460.2125549316 14504.9777984619 14581.8007965088 14862.7336730957 15320.3905334473 15591.7765350342 16547.603515625 17098.2250366211 16793.9910583496 16386.3390655518 16704.6324768066 15583.912902832 14813.2300720215 14310.9383087158 14523.5386810303 14804.0620880127 15661.286315918 19992.7851867676 24668.4903259277 21619.0901489258 21153.8007507324 16567.6887359619 14717.6520233154 14580.1241760254 14685.33984375 13568.8929595947 12460.2464752197 11708.3640289307 11571.7437286377 12486.7129058838 12182.5050506592 11340.1840209961 10370.3683166504 10530.2277069092 13242.1703643799 18712.3152618408
11324.5480957031 11869.3320770264 12276.504699707 12547.9183349609 12989.8910217285 13194.0249938965 13695.7601318359 14002.7300109863 14137.0854949951 14246.1218414307 14092.5644989014 14277.5625457764 14645.9398956299 14841.3702850342 15143.40625 15437.0780639648 15544.7269744873 16253.76902771 17129.627822876 17374.3362121582 16723.0737915039 15968.1862487793 16217.37940979 15003.9672546387 13929.4316558838 14506.9500427246 15629.7906188965 16311.3746185303 17028.2065887451 15220.0992279053 16079.2358856201 14736.8460388184 13337.9928283691 13632.725402832 14147.3835754395 12827.3140869141 12191.2945709229 11598.2222747803 11414.1656494141 12234.1253814697 12003.7827758789 10922.9254150391 9951.50033569336 10342.7602233887 12338.6566009521 18962.6484527588
