Cases/SDM_Urocitellus_beldingi/westernUsClimate_historic/BIO15.asc
NCOLS 316 
NROWS 299 
XLLCORNER -124.820833001 
YLLCORNER 29.1625003333339 
CELLSIZE 0.0666666666645545 
NODATA_value -3.4e+38 
[rows 168 to 195 of 299, columns 63 to 125 of 316]
89.953125 89.984375 89.96875 90.078125 91.453125 90.328125 90.375 90.015625 89.765625 88.359375 85.4375 83.234375 83.84375 87.53125 91.171875 91.953125 91.15625 82.375 78.625 78.109375 77.34375 75.65625 76.640625 77.59375 73.4375 72.3125 70.28125 69.09375 66.671875 61.1875 55.8125 57.1875 54.984375 40.296875 37.703125 37.359375 26.9375 23.03125 22.953125 22.015625 22.203125 25.75 28.203125 26.984375 23.953125 23.40625 23.671875 24.3125 24.078125 24.375 28.390625 31.09375 27.515625 27.40625 27.265625 27 26.96875 26.875 26.34375 26.6875 25.359375 26.25 28.734375
89.546875 89.84375 90 90.359375 92.125 91.1875 90.90625 90.609375 90.390625 88.09375 86.890625 86.78125 89.578125 89.640625 91.125 89.703125 92.015625 86.96875 83.625 86.296875 77.96875 76.984375 79.625 81.234375 81.734375 79.796875 78.03125 73.15625 67.328125 64.625 64.421875 59.296875 55.453125 38.515625 35.390625 38.5 28.8125 22.734375 19.5 21.890625 29.234375 32.140625 35.46875 32.984375 23.984375 21.28125 21.4375 23.9375 25.640625 27.5625 30.640625 34.46875 29.171875 29.09375 28.65625 26.46875 26.265625 27.328125 26.515625 26.4375 25.78125 25.25 25.71875
88.953125 89.3125 90.34375 90.5 90.890625 90.953125 90.90625 90.9375 90.921875 90.109375 88.359375 87.546875 90.25 90.171875 87.890625 84.3125 87.3125 90.25 87.03125 86.40625 77.71875 76.125 77.96875 83.265625 81.265625 76.484375 73.953125 69.984375 72.015625 67.140625 68.9375 61.828125 58.515625 52.90625 35.703125 39.15625 34.609375 23.9375 19.921875 27.9375 37.734375 37.6875 34.09375 26.703125 21.875 21.5625 22.890625 26.015625 29.84375 30.6875 30.046875 30.703125 28.71875 30.1875 30.421875 27.71875 26.078125 25.9375 26.5625 26.125 25.78125 26.015625 26.984375
88.953125 89.65625 90.078125 90.4375 90.625 90.53125 90.453125 90.1875 90.125 90.953125 91 91.078125 91.03125 89.234375 91.828125 92.265625 94.0625 92.96875 89.796875 92.953125 91.390625 82.421875 83.203125 90.609375 85.265625 77.09375 74.3125 72 70.875 70.015625 68.359375 64.796875 58.484375 59.875 41.78125 37.828125 38.75 29.796875 19.234375 23.34375 32.15625 33.765625 30.28125 22.578125 21.203125 22.109375 24.359375 27.203125 30.09375 29.421875 29.375 29.328125 27.9375 29.609375 31.84375 34.1875 31.578125 25.640625 26.0625 26.453125 26.34375 28.84375 33.1875
88.859375 88.96875 88.96875 88.53125 90.078125 90.828125 90.796875 90.515625 90.953125 91.359375 91.921875 92.4375 92.109375 91.71875 91.1875 93.671875 97.109375 96.5 94.34375 97.859375 96.265625 94.859375 88.78125 91.875 96.140625 87.671875 79.453125 73.40625 69.734375 68.4375 67.03125 63.578125 55.4375 60.390625 44.796875 37.109375 39.4375 35.109375 25.15625 20.109375 29.125 37.4375 30.25 24.671875 21.921875 22.28125 24.984375 27.53125 27.921875 27.953125 28.734375 28.203125 26.6875 29.859375 33.53125 34.75 35.296875 27.625 25.875 27.296875 27.375 32.046875 36.8125
89.15625 88.65625 88.15625 87.609375 88.078125 90.109375 90.59375 91.171875 92.703125 93.609375 93.03125 92.65625 91.65625 91.375 91.484375 90.984375 94.234375 94.40625 94.234375 93.28125 92.078125 88.1875 87.9375 91.390625 97.078125 95.203125 87.984375 78.71875 67.75 65.140625 59.9375 53.546875 53.171875 62.984375 50.859375 38.53125 41.4375 39.671875 38.71875 33.609375 25.25 32.203125 31.234375 33.0625 32.296875 27.609375 25.484375 26.40625 27.171875 27.46875 27.8125 28.59375 29.015625 29.578125 30.734375 35.28125 36.25 31.4375 26.84375 27.171875 28.53125 35.328125 38.65625
89.609375 89.296875 88.8125 88.46875 87.875 89.25 90.1875 90.75 91.859375 91.734375 92 92.28125 92.265625 90.59375 89.578125 89.953125 91.78125 91.21875 89.734375 89.78125 88.109375 85.203125 89.484375 95.625 94.03125 95.578125 94.859375 92.3125 76.46875 63.28125 45.5625 44.984375 51.703125 65.125 58.71875 42.9375 39.8125 39.78125 39.96875 46.375 38 30.15625 31.484375 30.453125 31.390625 27.796875 24.453125 25.703125 27.421875 27.328125 27.671875 28.46875 30.109375 32.125 33.140625 35.890625 34.25 32.015625 30.1875 30.15625 29.296875 31.125 35.9375
90.859375 90.203125 89.21875 88.34375 86.546875 86.890625 89.609375 90.40625 90.625 91.046875 91.71875 92.125 91.890625 91.765625 91.390625 91.515625 91.984375 92.875 90.734375 90.328125 86.28125 85.78125 86.4375 91.71875 91.28125 94.453125 95.90625 93.984375 79.1875 61.78125 50.296875 49.46875 54.609375 65.1875 60.9375 48.625 36.015625 36.484375 37.546875 41.921875 41.65625 34.53125 35.1875 31.578125 29.453125 27.203125 28.15625 33.140625 32.984375 30.28125 29.46875 29.78125 30.90625 33.015625 33.78125 34.4375 36.234375 31.609375 32.46875 32.609375 32.125 33.453125 35.46875
89.875 89.40625 89.015625 88.546875 87.6875 88.71875 91.921875 91.515625 90.984375 91.3125 91.90625 92.90625 93.3125 93.875 94.1875 92 92.84375 93.671875 91.03125 90.0625 85.859375 88.828125 91.984375 88.75 86.53125 93.359375 95.984375 95.015625 83.671875 70.8125 62.234375 57.234375 54.859375 66.5625 63.078125 51.046875 35 36.078125 37.890625 40.046875 38.0625 29.890625 34.890625 30.453125 30.703125 33.296875 37.828125 35.71875 31.25 27.328125 27.671875 29.828125 31.4375 32.75 33.140625 34.734375 35.0625 30.203125 30.859375 31.828125 33.25 33.84375 34.0625
89.46875 89.328125 89.1875 89.03125 89.59375 90.546875 93.265625 92.453125 92.484375 92.90625 92.578125 93.171875 93.984375 94.859375 93.421875 91.734375 91.3125 92.65625 90.984375 88.0625 87.265625 88.265625 92.203125 92.703125 90.890625 90.921875 94.8125 95.703125 93.8125 82.34375 62.109375 64.03125 60.640625 64.921875 69.03125 54.65625 38.03125 34.421875 36.90625 39.09375 34.625 38.34375 39.109375 33.71875 35.546875 42.078125 42.0625 39.703125 36.875 29.171875 29.328125 31.34375 31.59375 31.5 32.578125 33.828125 35.125 30.578125 31.484375 33.5 34.203125 34.015625 33.859375
89.109375 89.171875 89.09375 89.140625 89.75 89.90625 90.421875 91.25 92.046875 93.65625 91.765625 92.546875 93.765625 94.390625 93.640625 92.3125 91.359375 91.609375 91.140625 88.78125 82.09375 85.0625 88.640625 91.046875 93.59375 95.640625 93.078125 95.71875 94.734375 86.15625 68.3125 69.625 65.125 62.65625 72.265625 63.625 51.046875 35.734375 30.234375 35.6875 37.859375 50.484375 47.515625 41.5625 37.90625 41.03125 41.375 40.921875 37.53125 35.765625 33.84375 34.25 32.546875 32.40625 32.75 33.359375 36.40625 39.171875 36.21875 37.25 36.265625 34.921875 34.78125
89.03125 88.65625 88.828125 88.96875 88.921875 88.90625 89.140625 89.296875 89.8125 90.75 90.984375 92.375 94.78125 95.328125 93.796875 92.015625 91.203125 90.984375 91.8125 88.109375 83.296875 84.046875 88.75 94 93.015625 94.265625 93.1875 92.8125 94.78125 92.078125 78.453125 77.46875 63.5 57.015625 69.171875 67.15625 55.453125 45.171875 34.890625 39.3125 40.984375 47.625 53.953125 48.96875 44.921875 38.578125 40.65625 42 42.71875 42.609375 39.125 36.8125 34.65625 35.09375 33.265625 34.125 37.421875 42.296875 43.75 41.140625 37.84375 35.59375 35.078125
89.046875 88.484375 87.921875 87.78125 87.984375 88.15625 87.71875 87.953125 88.171875 88.28125 88.859375 90.828125 92.703125 93.828125 93.796875 92.390625 91.203125 91.046875 93.5625 91.203125 89.28125 85.84375 86.109375 89.21875 90.359375 91.375 91.3125 91.484375 91.1875 92.6875 84.453125 87.046875 84.34375 66.96875 69.234375 73.59375 59.921875 44.734375 39.421875 48.734375 44.140625 38.53125 41.5 53.09375 47.515625 39.5 42.34375 41.78125 41.6875 42.578125 42.984375 39.65625 31.890625 38.921875 38.90625 38.96875 41.6875 43.75 44.53125 42.59375 38.75 35.109375 33.84375
88.125 87.53125 87.46875 87.453125 87.375 87.265625 87.015625 86.25 86.234375 87.171875 88.296875 89.28125 90.0625 89.921875 91.5 92.078125 91.953125 91.96875 92.171875 91.484375 90.28125 88.875 87.953125 86.875 87.796875 89.703125 89.6875 91.90625 93.09375 90.265625 87.5 90.390625 89.40625 75.703125 71.0625 76.328125 66.5 46.375 42.765625 44.875 54.0625 49.828125 47.953125 47.75 46.375 37.71875 43.671875 44.765625 43.703125 40.671875 42 38.328125 32.921875 34.828125 38.671875 39.671875 39.609375 43.6875 46.71875 43.515625 42.25 37.46875 35.140625
87.8125 86.828125 86.25 86.453125 86.65625 86.890625 86.453125 85.890625 85.15625 86.171875 88 89.765625 89.828125 89.203125 90.6875 91.234375 91.59375 92 91.9375 91.703125 90.53125 89.015625 87.9375 87.59375 87.265625 88.5625 89.390625 89.140625 89.828125 90.09375 90.390625 89.203125 91.3125 84.671875 69.65625 76.8125 76.140625 65.203125 45.28125 50.359375 67.421875 66.984375 60.09375 48.296875 48.671875 37.0625 42.953125 42.21875 47.296875 46.71875 41.28125 40.515625 36.84375 33.75 37.375 39.046875 41.09375 48.125 48.984375 45.609375 45.703125 40.0625 37.828125
87.25 86.421875 85.9375 85.65625 85.875 86.15625 86.578125 86.359375 86.453125 86.8125 87.90625 89.46875 89.90625 89.796875 89.921875 89.953125 90.71875 91.671875 92.078125 91.984375 91.375 89.65625 88.609375 87.578125 87.53125 88.171875 88.296875 87.671875 89.359375 90.53125 89.890625 84.890625 84.109375 85 72.53125 76.140625 75.984375 75.1875 62.671875 66.84375 70.734375 62.015625 62.640625 60.328125 55.078125 44.734375 41.140625 35.984375 43.046875 52.359375 42.703125 42.515625 42.03125 40.828125 41.328125 46.09375 50.0625 51.640625 48.796875 48.09375 47.0625 46.75 46.3125
87.296875 86.46875 85.171875 85 85.046875 85.671875 86.1875 86.90625 87.3125 87.96875 88.21875 89.34375 89.453125 89.28125 89.84375 89.96875 89.703125 90.546875 91.4375 91.953125 90.828125 89.390625 88.1875 87.625 86.25 86.453125 87.265625 87.375 87.078125 87.65625 87.28125 81.296875 84.71875 89.09375 76.421875 74.90625 76.15625 76.34375 72.328125 58.8125 70.3125 65.78125 65.640625 62.703125 57.375 58.25 50.09375 37.125 43.484375 54.640625 46.53125 37.140625 42.078125 44.9375 46.546875 46.578125 48.09375 47.96875 46.59375 47.4375 45.578125 44.921875 44.265625
87.765625 86.765625 85.625 85.109375 84.9375 85.15625 86.203125 86.8125 87.734375 88.421875 89.125 89.09375 89.09375 89.765625 89.953125 89.96875 88.9375 89.34375 90.40625 90.9375 90.8125 89.296875 88.421875 87.3125 85.703125 85.921875 86.921875 87.484375 87.171875 87.59375 86.65625 81.65625 80.265625 89.40625 80.8125 74.359375 77.8125 78.484375 77.4375 62.5 73.171875 68.265625 66.03125 65.828125 61.953125 61.375 55.03125 42.890625 46.484375 54.625 46.421875 39.21875 36.75 41.03125 43.34375 45.515625 46.796875 45.46875 45.265625 46.34375 46.125 46.1875 47.796875
89.1875 87.359375 86.640625 85.703125 85.09375 85.484375 86.28125 87.34375 88.34375 88.765625 89.078125 89.46875 89.171875 89.328125 89.4375 89.5625 88.578125 87.96875 87.984375 88.4375 89.796875 89.6875 88.109375 87.078125 86.21875 86.015625 86.359375 88.53125 90.625 88.921875 86.953125 83.421875 84.203125 89.46875 85.6875 75.0625 79.6875 82.46875 82.25 79.234375 73.890625 76.453125 68.703125 65.609375 63.65625 61.40625 54 50.71875 50.03125 55.265625 48.703125 39.328125 37.4375 36.90625 38.125 39.96875 45.078125 45.53125 45.109375 46.4375 45.25 46.171875 49.453125
89.640625 88.046875 88.96875 88.1875 86.453125 85.890625 86.515625 87.609375 88.15625 88.4375 88.78125 89.078125 89.140625 89.03125 88.578125 88.796875 88.78125 87.6875 87.21875 87.875 88.4375 88.859375 88.171875 87.015625 86.125 85.578125 85.65625 87.015625 89.3125 90.0625 87.53125 86.75 87.40625 89.203125 87.546875 80.71875 81.28125 85.90625 88.15625 87.9375 86.53125 83.484375 74.828125 61.546875 60.453125 60.640625 46.34375 50.921875 51.328125 54.546875 51.203125 42.5625 42.8125 38.65625 34.640625 34.578125 38.328125 43.84375 45.734375 45.90625 46.25 45.015625 44.75
92.984375 89.96875 90.515625 89.765625 87.953125 86.796875 87.203125 87.125 87.09375 87.359375 87.5 88.046875 88.28125 88.375 88.375 88.265625 88 88.125 87.625 87.40625 87.53125 88.15625 87.78125 87.046875 86.28125 85.796875 84.609375 84.828125 85.953125 86.203125 85.390625 86.25 88.203125 91.734375 88.921875 87.4375 81.671875 84.1875 91.625 89.9375 87.328125 80.6875 71.03125 59.109375 55.609375 55.15625 50.640625 52.34375 53.421875 54.953125 54.734375 53.28125 50.640625 48.5625 35.890625 32.84375 36.515625 42.34375 45.015625 45.65625 46.546875 46.1875 45.296875
98.25 93.53125 90.03125 89.421875 88.921875 88.15625 88.15625 87.921875 86.71875 85.921875 86.140625 86.46875 87.0625 87.8125 88.09375 87.671875 87.8125 87.828125 87.453125 87.4375 87.15625 87.0625 87.15625 87.40625 86.71875 86.53125 85.296875 83.375 85.515625 84.953125 87 90.40625 93.375 96.484375 91.234375 93.3125 86.203125 82.796875 91.71875 90.03125 81.09375 79.046875 75.15625 63.5 60.0625 58.453125 56.25 53.140625 52.5625 52.53125 53.71875 53.53125 50.34375 51.359375 42.265625 37.421875 40.03125 42.5625 44.828125 45.03125 45.0625 47.921875 49.71875
98.328125 95.03125 91.09375 89 88.65625 88.6875 88.65625 87.90625 86.65625 84.1875 84.328125 84.8125 86.234375 87.375 88.03125 87.9375 87.421875 87.484375 87.546875 87.03125 87.09375 86.890625 86.171875 86.59375 87.75 86.5625 85.359375 84.171875 86.9375 87.953125 92.375 93.8125 92.609375 97.5625 97.265625 99.515625 97.1875 92.40625 91.703125 91.09375 79.515625 77.90625 77.203125 70.296875 64.71875 63.28125 56.203125 53.859375 52.515625 52.84375 52.96875 52.875 52.796875 51.59375 45.75 37.609375 37.796875 42.28125 43.84375 44.328125 43.03125 47.703125 53.453125
95.984375 96.796875 97.328125 93.359375 89.078125 88.578125 88.15625 87.59375 86.296875 83.703125 83.5 84.328125 85.890625 87.28125 88 87.96875 87.203125 86.921875 87.328125 86.953125 86.984375 86.578125 86.6875 86.71875 86.984375 86.3125 85.84375 86.390625 86.53125 87.546875 86.515625 87.375 92.3125 97.59375 100.828125 99.8125 99.578125 97.625 89.078125 88.859375 79.796875 74.484375 77.546875 74.453125 63.640625 62.40625 55.765625 52.671875 52.71875 48.96875 53.96875 51.640625 51.5 52.578125 48.890625 40.796875 36 41.90625 45.203125 45.375 44.390625 48.359375 53.359375
99.109375 98.96875 98.671875 96.96875 92.234375 89.734375 90.046875 90.703125 87.5625 85.453125 84.953125 85.375 86.109375 86.671875 87.21875 87.0625 86.40625 86.609375 86.65625 86.640625 86.203125 86.140625 86.46875 87.390625 87.03125 86.640625 86.828125 87.515625 85.796875 85.609375 86.609375 87.65625 90.234375 95.5 98.71875 101.0625 100.03125 97.46875 82.234375 77.625 74.671875 64.25 62.375 69.859375 65.234375 61.84375 58.078125 54.15625 49.8125 46.984375 49.46875 54.625 46.890625 44.03125 51.03125 42.484375 35.78125 37.484375 46.875 46.0625 44.796875 48.765625 52.53125
99.953125 100.265625 96.453125 92.671875 92.078125 89.84375 90.640625 92.4375 89.953125 86.015625 86.28125 86.3125 86.046875 85.953125 85.546875 84.109375 84.0625 84.984375 85.96875 86 85.921875 85.46875 86.109375 87.328125 87.4375 87.03125 87.546875 88.140625 88.90625 85.828125 86.03125 88.359375 92.625 94.71875 97.171875 99.59375 98.890625 98.640625 84.859375 71.25 69.671875 69.640625 57.546875 52.953125 66.421875 62.9375 53.640625 51.96875 49.765625 48.28125 45.6875 50.671875 44.328125 44.671875 51.234375 45.90625 36.640625 35.9375 46.671875 48.109375 44.890625 42.25 48.296875
94.21875 97.640625 95.8125 91.125 90.703125 89.421875 88.90625 89.359375 89.53125 87.578125 86.6875 86.65625 86.03125 85.25 84.78125 82.140625 80.640625 83.125 85.015625 85.984375 85.40625 85.046875 85.484375 85.8125 86.921875 87.53125 87.375 87.859375 89.65625 86.71875 86.171875 89.890625 94.34375 94.5625 96.65625 99.328125 99.5 97.953125 87.96875 71.59375 70.25 71.40625 71.421875 68.46875 71.359375 67.46875 47.3125 42.578125 50.140625 48.8125 46.109375 49.9375 45.5 43.171875 51.140625 47.859375 38.59375 33.6875 42.78125 47.421875 45.375 39.75 43.578125
85.921875 92.8125 93.421875 90.1875 88.421875 88.296875 87.28125 86.875 87.28125 88.390625 88.34375 87.859375 87.296875 85.625 84.203125 82.375 80.671875 83.234375 84.015625 84.921875 85.0625 84.640625 84.5 84.953125 86.21875 87.921875 87.734375 87.625 88.828125 87.53125 86.359375 93.5625 94.8125 97.515625 96.9375 98.875 97.984375 96.296875 88.90625 72.453125 70.015625 70.375 70.5 71.359375 74.484375 74.53125 55.046875 43.640625 53.3125 49.796875 48.921875 52.578125 47.078125 43.515625 50 47.453125 40.609375 33.40625 42.109375 50.671875 50.265625 49.859375 56.0625
