Cases/SDM_Urocitellus_beldingi/westernUsClimate_historic/BIO19.asc
NCOLS 316 
NROWS 299 
XLLCORNER -124.820833001 
YLLCORNER 29.1625003333339 
CELLSIZE 0.0666666666645545 
NODATA_value -3.4e+38 
[rows 150 to 174 of 299, columns 0 to 55 of 316]
-3.4e+38 -3.4e+38 -3.4e+38 -3.4e+38 -3.4e+38 -3.4e+38 -3.4e+38 -3.4e+38 -3.4e+38 -3.4e+38 -3.4e+38 -3.4e+38 -3.4e+38 -3.4e+38 -3.4e+38 49210.5 51441.734375 68183.640625 70426 66014.234375 56507.0625 61249.171875 69989.359375 68510.796875 59025.9375 56401.703125 59976.265625 51138.703125 42161.328125 38639.453125 46649.234375 52638.84375 43624.640625 40917.390625 41450.015625 36246.46875 31413.390625 30393.328125 25885.03125 24662.34375 23393.09375 23282.046875 23923.203125 24901.3125 25612.25 26127.4375 26594.71875 27039.078125 27637.296875 29061.75 30835.546875 30877.65625 33027 37881.984375 43878.234375 46921.125
-3.4e+38 -3.4e+38 -3.4e+38 -3.4e+38 -3.4e+38 -3.4e+38 -3.4e+38 -3.4e+38 -3.4e+38 -3.4e+38 -3.4e+38 -3.4e+38 -3.4e+38 -3.4e+38 -3.4e+38 47466.0833333333 48866.59375 72013.96875 75298.828125 71818.46875 65459.1875 60306.15625 65948.109375 70687.53125 64638.46875 53557.0625 54653.34375 53652.234375 45148.796875 37612.90625 52858.109375 36558.640625 38268.953125 38871.515625 36649.53125 31974.84375 30649.90625 31449.421875 28246.953125 27837.453125 25960.25 25217.984375 25507.890625 25856 25977.6875 26048.984375 26098.4375 26273.84375 26577.484375 27528.140625 28672.1875 29070.453125 30918.96875 34650.734375 40514.53125 45536.1875
-3.4e+38 -3.4e+38 -3.4e+38 -3.4e+38 -3.4e+38 -3.4e+38 -3.4e+38 -3.4e+38 -3.4e+38 -3.4e+38 -3.4e+38 -3.4e+38 -3.4e+38 -3.4e+38 -3.4e+38 48706.1 51574.9375 65484.140625 80963.125 81062.09375 73248.046875 72835.90625 72434.25 76658.765625 71451.515625 63874.078125 55743.5 61322.59375 53792.75 51117.921875 66337.640625 50754.578125 39351.625 38464.484375 41484.515625 38766.8125 32629.5625 32414.03125 30498.4375 30529 28468.78125 27135.390625 26809.1875 26415.234375 26145.234375 25875.09375 25760.5 25785.453125 25853.5625 26090.78125 27647.59375 28868.46875 29714.8125 31557.828125 35892.265625 44543.21875
-3.4e+38 -3.4e+38 -3.4e+38 -3.4e+38 -3.4e+38 -3.4e+38 -3.4e+38 -3.4e+38 -3.4e+38 -3.4e+38 -3.4e+38 -3.4e+38 -3.4e+38 -3.4e+38 -3.4e+38 51157.3333333333 53205.0204081633 59447.078125 73478.125 79989.09375 79263.28125 79672.171875 87212.875 75382.453125 69643.4375 68639.890625 60439.75 65963.609375 65039.703125 73858.5625 87681.375 80296.671875 53142.390625 43399.4375 42387.59375 42110.375 40028.703125 37480.828125 33028.046875 30725.421875 29791.953125 27913.578125 27491.96875 26687.390625 26194.625 25591.75 25302.796875 25521.40625 26009.796875 26454.078125 27537.859375 28832.8125 29503.4375 31405.84375 35161.390625 39898.125
-3.4e+38 -3.4e+38 -3.4e+38 -3.4e+38 -3.4e+38 -3.4e+38 -3.4e+38 -3.4e+38 -3.4e+38 -3.4e+38 -3.4e+38 -3.4e+38 -3.4e+38 -3.4e+38 -3.4e+38 -3.4e+38 52527 52382.6666666667 58257.75 66353.59375 71475.390625 72540.328125 81161.265625 89347.078125 75896.203125 70455.40625 66006.609375 60712.90625 63716.3125 66300.59375 82684.171875 74932.15625 60343.953125 52838.53125 52696.8125 46210.9375 44380.671875 41164.546875 35801.453125 28571.78125 29811.359375 28043.578125 28192.828125 27570.484375 26603.953125 25680.71875 25138.859375 25413.546875 26253.296875 27207 28247.84375 29306.390625 30093.46875 31062.796875 32708.625 35709.09375
-3.4e+38 -3.4e+38 -3.4e+38 -3.4e+38 -3.4e+38 -3.4e+38 -3.4e+38 -3.4e+38 -3.4e+38 -3.4e+38 -3.4e+38 -3.4e+38 -3.4e+38 -3.4e+38 -3.4e+38 -3.4e+38 -3.4e+38 52574 52068.2916666667 53099.3442622951 59917.46875 68710.6875 78005.453125 86978.078125 90475.109375 81458.859375 70690.578125 61285.40625 58887.609375 63561.859375 67084.5625 72003.609375 65241.40625 65770.515625 63371.984375 55344.234375 46747.046875 42702.875 38986.578125 31343.484375 28337.46875 28912.375 29304.515625 28758.65625 27620.859375 26783.21875 26088.8125 26003.90625 26500.078125 27435.28125 29126.015625 30221.4375 30834.421875 31712.484375 32557.265625 33822.984375
-3.4e+38 -3.4e+38 -3.4e+38 -3.4e+38 -3.4e+38 -3.4e+38 -3.4e+38 -3.4e+38 -3.4e+38 -3.4e+38 -3.4e+38 -3.4e+38 -3.4e+38 -3.4e+38 -3.4e+38 -3.4e+38 -3.4e+38 -3.4e+38 -3.4e+38 51770 51493.1475409836 66109.0625 73330.5 80482.234375 88397.4375 93867.828125 88837.578125 72624.75 61789.921875 58255.171875 59490.34375 58557.953125 67684.1875 70450.796875 66019.265625 56409.453125 49366.734375 41973.609375 37338.1875 43409.5 35539.59375 31395.375 31078.703125 29625.953125 28092.796875 27197.078125 26731.40625 26306.96875 26123.734375 26588.828125 28671.109375 30171.875 30163.375 31530.5 33425.28125 33490.0625
-3.4e+38 -3.4e+38 -3.4e+38 -3.4e+38 -3.4e+38 -3.4e+38 -3.4e+38 -3.4e+38 -3.4e+38 -3.4e+38 -3.4e+38 -3.4e+38 -3.4e+38 -3.4e+38 -3.4e+38 -3.4e+38 -3.4e+38 -3.4e+38 -3.4e+38 -3.4e+38 52896.6666666667 54580.6721311475 74232.109375 90158.96875 102740.34375 99733.59375 90722.3125 88227.03125 70684.703125 59140.40625 57384.90625 57016.734375 58118.171875 58579.234375 59693.015625 58056.359375 50652.140625 43778.9375 35066.453125 41654.71875 44944.546875 36076.953125 33037.546875 30984.578125 28303.890625 26691.25 26196.546875 25790.640625 25060.703125 24509.8125 25814.8125 27316.078125 26708.625 28089.1875 30597.890625 31217.765625
-3.4e+38 -3.4e+38 -3.4e+38 -3.4e+38 -3.4e+38 -3.4e+38 -3.4e+38 -3.4e+38 -3.4e+38 -3.4e+38 -3.4e+38 -3.4e+38 -3.4e+38 -3.4e+38 -3.4e+38 -3.4e+38 -3.4e+38 -3.4e+38 -3.4e+38 -3.4e+38 -3.4e+38 53700 54369.7213114754 72639.703125 110911.625 111652.140625 86711.734375 81666.09375 74474.953125 58161.71875 53676.796875 58075.90625 62704.171875 68205.953125 58893.390625 53349.34375 52942.265625 48749.390625 38598.921875 36117.875 42108.4375 38867.59375 34472.296875 32372.75 28613.5625 26206.3125 25720.9375 25455.234375 24475.125 23724.28125 24579.4375 25867.359375 25923.25 26752.59375 28316.421875 28580.734375
-3.4e+38 -3.4e+38 -3.4e+38 -3.4e+38 -3.4e+38 -3.4e+38 -3.4e+38 -3.4e+38 -3.4e+38 -3.4e+38 -3.4e+38 -3.4e+38 -3.4e+38 -3.4e+38 -3.4e+38 -3.4e+38 -3.4e+38 -3.4e+38 -3.4e+38 -3.4e+38 -3.4e+38 -3.4e+38 54766.4666666667 54701.3666666667 61380.265625 80172.359375 81255.234375 81168.890625 69943.703125 58635.484375 52210.328125 48163.640625 54255.046875 64639.359375 66661.984375 54100.359375 48840.015625 49501.796875 45671.890625 39654.53125 46074.03125 40635.453125 36731.75 34014.421875 30088.984375 27198.34375 26126.015625 25407.421875 24719.53125 24335.796875 24516.703125 25308.796875 25960.296875 26443.546875 27068.484375 27459.53125
-3.4e+38 -3.4e+38 -3.4e+38 -3.4e+38 -3.4e+38 -3.4e+38 -3.4e+38 -3.4e+38 -3.4e+38 -3.4e+38 -3.4e+38 -3.4e+38 -3.4e+38 -3.4e+38 -3.4e+38 -3.4e+38 -3.4e+38 -3.4e+38 -3.4e+38 -3.4e+38 -3.4e+38 -3.4e+38 -3.4e+38 55529.2 53331.0740740741 54274.1875 75929.328125 85199.203125 74794.25 62127.296875 54179.453125 47754.109375 58350.65625 62931.609375 57960.46875 63899.375 49930.21875 40857.21875 48578.875 43142.359375 47777.34375 44776.28125 37532.109375 35174.671875 30613.1875 27362.40625 25869.125 25163.46875 24921.5 24788.875 24640.328125 24610.53125 25024.34375 25538.6875 26256.578125 27026.28125
-3.4e+38 -3.4e+38 -3.4e+38 -3.4e+38 -3.4e+38 -3.4e+38 -3.4e+38 -3.4e+38 -3.4e+38 -3.4e+38 -3.4e+38 -3.4e+38 -3.4e+38 -3.4e+38 -3.4e+38 -3.4e+38 -3.4e+38 -3.4e+38 -3.4e+38 -3.4e+38 -3.4e+38 -3.4e+38 -3.4e+38 -3.4e+38 -3.4e+38 52499.8541666667 54848.59375 60065.5 58843 63960.25 62228.953125 50822.875 50298.109375 73189.671875 53931.921875 57548.71875 55786.21875 39773.84375 38088.296875 47638.421875 38876.21875 40304.921875 33642.75 31489.671875 28932.234375 26689.703125 25291.421875 24741.0625 24508.875 24162.859375 23566.28125 23462.40625 23924.796875 24348.3125 24864.078125 25863.296875
-3.4e+38 -3.4e+38 -3.4e+38 -3.4e+38 -3.4e+38 -3.4e+38 -3.4e+38 -3.4e+38 -3.4e+38 -3.4e+38 -3.4e+38 -3.4e+38 -3.4e+38 -3.4e+38 -3.4e+38 -3.4e+38 -3.4e+38 -3.4e+38 -3.4e+38 -3.4e+38 -3.4e+38 -3.4e+38 -3.4e+38 -3.4e+38 -3.4e+38 51421.5384615385 49904.9180327869 52769.515625 57169.546875 56600.109375 57028.859375 54903.9375 41796.40625 43137.75 47698.84375 38106.921875 42753.28125 37343.953125 35959.6875 41478.96875 33116.40625 31770.984375 28313.828125 26711.9375 27007.3125 26224.828125 24775.984375 24210.21875 23983.90625 23469.390625 22558.28125 22264.375 23027.40625 23488.09375 23640.125 24283.671875
-3.4e+38 -3.4e+38 -3.4e+38 -3.4e+38 -3.4e+38 -3.4e+38 -3.4e+38 -3.4e+38 -3.4e+38 -3.4e+38 -3.4e+38 -3.4e+38 -3.4e+38 -3.4e+38 -3.4e+38 -3.4e+38 -3.4e+38 -3.4e+38 -3.4e+38 -3.4e+38 -3.4e+38 -3.4e+38 -3.4e+38 -3.4e+38 -3.4e+38 -3.4e+38 48353.2631578947 48759.125 53186.46875 59944.21875 62862.53125 60987.078125 52777.3125 42933.203125 44195.5625 39235.078125 31524.328125 30443.359375 31555.671875 33812.5 27434.15625 26010.875 26619.5625 26525.59375 26783.84375 25549.296875 24635.9375 24070.265625 23421.40625 23035.71875 22287.546875 22185.28125 22969.296875 23406.5625 23478.71875 23499.375
-3.4e+38 -3.4e+38 -3.4e+38 -3.4e+38 -3.4e+38 -3.4e+38 -3.4e+38 -3.4e+38 -3.4e+38 -3.4e+38 -3.4e+38 -3.4e+38 -3.4e+38 -3.4e+38 -3.4e+38 -3.4e+38 -3.4e+38 -3.4e+38 -3.4e+38 -3.4e+38 -3.4e+38 -3.4e+38 -3.4e+38 -3.4e+38 -3.4e+38 -3.4e+38 44522.0714285714 44828.296875 48087.984375 52228.34375 60709.71875 64143.953125 62582.703125 51999.34375 40016.234375 35491.40625 31281.859375 28817.859375 28455.625 31393.90625 29914.703125 25289 25324.578125 25549.859375 26068.84375 24282.828125 24089.796875 23356.390625 21558.640625 20348.078125 20507.015625 21880.453125 23324.171875 23638.296875 23087.953125 22782.890625
-3.4e+38 -3.4e+38 -3.4e+38 -3.4e+38 -3.4e+38 -3.4e+38 -3.4e+38 -3.4e+38 -3.4e+38 -3.4e+38 -3.4e+38 -3.4e+38 -3.4e+38 -3.4e+38 -3.4e+38 -3.4e+38 -3.4e+38 -3.4e+38 -3.4e+38 -3.4e+38 -3.4e+38 -3.4e+38 -3.4e+38 -3.4e+38 -3.4e+38 -3.4e+38 43210.0833333333 44456.15625 47403.9375 56616.046875 52806.34375 58968.90625 69298.828125 62618.03125 42439.15625 36816.359375 32377.25 28608.828125 27311.078125 27580.296875 26006.9375 24390.21875 24336.765625 24220.984375 22395.453125 20694.875 21271.015625 20990.921875 18909.734375 17743.171875 18227.109375 20801.125 22569.390625 22818.828125 22049.5 21645.078125
-3.4e+38 -3.4e+38 -3.4e+38 -3.4e+38 -3.4e+38 -3.4e+38 -3.4e+38 -3.4e+38 -3.4e+38 -3.4e+38 -3.4e+38 -3.4e+38 -3.4e+38 -3.4e+38 -3.4e+38 -3.4e+38 -3.4e+38 -3.4e+38 -3.4e+38 -3.4e+38 -3.4e+38 -3.4e+38 -3.4e+38 -3.4e+38 -3.4e+38 -3.4e+38 42542.6363636364 43321.09375 42228.046875 45316.28125 59992.09375 67373.65625 72526.359375 62352.421875 53931.375 39487.21875 32275.328125 29746.078125 29490.984375 30637.078125 27562.046875 24198.046875 24477.796875 27193.484375 23098.390625 19077.578125 18573.203125 18888.109375 18415.640625 18016.328125 18704.25 20597.0625 21506.453125 21307.796875 20430.5625 19941.5625
-3.4e+38 -3.4e+38 -3.4e+38 -3.4e+38 -3.4e+38 -3.4e+38 -3.4e+38 -3.4e+38 -3.4e+38 -3.4e+38 -3.4e+38 -3.4e+38 -3.4e+38 -3.4e+38 -3.4e+38 -3.4e+38 -3.4e+38 -3.4e+38 -3.4e+38 -3.4e+38 -3.4e+38 -3.4e+38 -3.4e+38 -3.4e+38 -3.4e+38 -3.4e+38 41399 40551.1724137931 40229.4285714286 40152.0714285714 42473.92 49556.15625 65374.609375 77303.21875 54516.078125 38782.921875 31002.078125 30605.796875 33850 34843.921875 35336.1875 27916.40625 25510.796875 29512.34375 29681.765625 22329.171875 18735.96875 18448.09375 18466.859375 18617.8125 19093.125 20114.375 20546.484375 19369.015625 18627.96875 18537.75
-3.4e+38 -3.4e+38 -3.4e+38 -3.4e+38 -3.4e+38 -3.4e+38 -3.4e+38 -3.4e+38 -3.4e+38 -3.4e+38 -3.4e+38 -3.4e+38 -3.4e+38 -3.4e+38 -3.4e+38 -3.4e+38 -3.4e+38 -3.4e+38 -3.4e+38 -3.4e+38 -3.4e+38 -3.4e+38 -3.4e+38 -3.4e+38 -3.4e+38 -3.4e+38 -3.4e+38 -3.4e+38 -3.4e+38 -3.4e+38 36511.6666666667 35209.1818181818 36424.953125 44307.8125 46627.015625 35133.015625 29282.53125 28370.0625 32845.1875 36176.03125 36014.5625 32725.078125 27912.625 32063.546875 30910.375 27726.71875 21113.828125 17816.140625 17503.3125 17679.203125 17875.0625 18016.171875 18095.03125 17490.390625 17526.078125 17663.34375
-3.4e+38 -3.4e+38 -3.4e+38 -3.4e+38 -3.4e+38 -3.4e+38 -3.4e+38 -3.4e+38 -3.4e+38 -3.4e+38 -3.4e+38 -3.4e+38 -3.4e+38 -3.4e+38 -3.4e+38 -3.4e+38 -3.4e+38 -3.4e+38 -3.4e+38 -3.4e+38 -3.4e+38 -3.4e+38 -3.4e+38 -3.4e+38 37592.4 36184 -3.4e+38 -3.4e+38 -3.4e+38 -3.4e+38 -3.4e+38 -3.4e+38 35746.3333333333 32271.8085106383 31140.75 30511.25 27308.90625 26598.25 28340.03125 32390.1875 34052.953125 35580.1875 31325.046875 29982.59375 31728.078125 30937.375 25897.453125 20122.671875 16696.703125 16368.203125 16304.9375 16651.21875 16863.984375 16924.328125 17063.84375 17099.59375
-3.4e+38 -3.4e+38 -3.4e+38 -3.4e+38 -3.4e+38 -3.4e+38 -3.4e+38 -3.4e+38 -3.4e+38 -3.4e+38 -3.4e+38 -3.4e+38 -3.4e+38 -3.4e+38 -3.4e+38 -3.4e+38 -3.4e+38 -3.4e+38 -3.4e+38 -3.4e+38 -3.4e+38 -3.4e+38 -3.4e+38 -3.4e+38 -3.4e+38 35810 34797.25 34513.3333333333 -3.4e+38 -3.4e+38 -3.4e+38 -3.4e+38 -3.4e+38 27969.4814814815 27592.234375 34428.453125 27728.25 24596.609375 24991.40625 25818.4375 30060.484375 32687.921875 34824.953125 30405.859375 28192.015625 22979.03125 22964.109375 24357.46875 17460.828125 14664.375 13196.34375 13739.296875 14817.65625 15786.171875 16384.109375 16602.453125
-3.4e+38 -3.4e+38 -3.4e+38 -3.4e+38 -3.4e+38 -3.4e+38 -3.4e+38 -3.4e+38 -3.4e+38 -3.4e+38 -3.4e+38 -3.4e+38 -3.4e+38 -3.4e+38 -3.4e+38 -3.4e+38 -3.4e+38 -3.4e+38 -3.4e+38 -3.4e+38 -3.4e+38 -3.4e+38 -3.4e+38 -3.4e+38 -3.4e+38 -3.4e+38 -3.4e+38 -3.4e+38 -3.4e+38 -3.4e+38 -3.4e+38 -3.4e+38 -3.4e+38 27589 27823.828125 36670.6875 28930.09375 25300.75 24687.03125 24349.84375 25046.65625 29770.15625 37086.921875 32327.171875 22934.609375 20653.609375 23006.875 26473.046875 19183.203125 15423.5 12988.65625 12264.6875 13161.78125 14169.859375 15411.359375 16079.0625
-3.4e+38 -3.4e+38 -3.4e+38 -3.4e+38 -3.4e+38 -3.4e+38 -3.4e+38 -3.4e+38 -3.4e+38 -3.4e+38 -3.4e+38 -3.4e+38 -3.4e+38 -3.4e+38 -3.4e+38 -3.4e+38 -3.4e+38 -3.4e+38 -3.4e+38 -3.4e+38 -3.4e+38 -3.4e+38 -3.4e+38 -3.4e+38 -3.4e+38 -3.4e+38 -3.4e+38 -3.4e+38 -3.4e+38 -3.4e+38 -3.4e+38 -3.4e+38 -3.4e+38 29699.6666666667 32172.21875 48225.625 34498.65625 27457.75 24204.1875 23321.28125 22387.1875 22762.859375 29748.0625 31197.4375 24389.734375 26666.03125 30005 31359.5625 23757.765625 19409.6875 16501.34375 13487.875 13025.703125 13703.046875 14887.34375 15834.296875
-3.4e+38 -3.4e+38 -3.4e+38 -3.4e+38 -3.4e+38 -3.4e+38 -3.4e+38 -3.4e+38 -3.4e+38 -3.4e+38 -3.4e+38 -3.4e+38 -3.4e+38 -3.4e+38 -3.4e+38 -3.4e+38 -3.4e+38 -3.4e+38 -3.4e+38 -3.4e+38 -3.4e+38 -3.4e+38 -3.4e+38 -3.4e+38 -3.4e+38 -3.4e+38 -3.4e+38 -3.4e+38 -3.4e+38 -3.4e+38 -3.4e+38 -3.4e+38 -3.4e+38 31259.4482758621 35827.984375 53027.578125 48464.734375 31356.5 24891.5625 23303.5625 22095.96875 20890.5 21386.671875 26156.484375 30628.171875 33211.8125 31827.234375 30618.1875 29505.03125 26914.3125 23165.4375 19894.421875 16324.078125 14542.375 14643.265625 15538.15625
-3.4e+38 -3.4e+38 -3.4e+38 -3.4e+38 -3.4e+38 -3.4e+38 -3.4e+38 -3.4e+38 -3.4e+38 -3.4e+38 -3.4e+38 -3.4e+38 -3.4e+38 -3.4e+38 -3.4e+38 -3.4e+38 -3.4e+38 -3.4e+38 -3.4e+38 -3.4e+38 -3.4e+38 -3.4e+38 -3.4e+38 -3.4e+38 -3.4e+38 -3.4e+38 -3.4e+38 -3.4e+38 -3.4e+38 -3.4e+38 -3.4e+38 -3.4e+38 -3.4e+38 32030.2 34278.0185185185 37715.34375 47279.828125 47673.421875 33513.875 24474.0625 21606.609375 20200.25 20430.6875 22539.25 30560.21875 33172.1875 31614.15625 31353.640625 31052.328125 31929.421875 28672.890625 24383.796875 20558.15625 17808.046875 15228.53125 15177.453125
