Cases/SDM_Urocitellus_beldingi/westernUsClimate_historic/BIO11.asc
NCOLS 316 
NROWS 299 
XLLCORNER -124.820833001 
YLLCORNER 29.1625003333339 
CELLSIZE 0.0666666666645545 
NODATA_value -3.4e+38 
[rows 104 to 129 of 299, columns 0 to 57 of 316]
-3.4e+38 -3.4e+38 -3.4e+38 -3.4e+38 -3.4e+38 848 853.888888888889 747.328125 698.9375 679.171875 640.484375 582.59375 527.984375 424.671875 427.09375 419.34375 417.71875 422.96875 414.390625 383.953125 365.609375 339.953125 255.46875 425.546875 443 411.703125 405.234375 332.203125 199.984375 116.609375 85.875 168.390625 197.1875 244.84375 101.1875 1.625 13.53125 8.390625 -24.703125 -58.84375 -70.03125 -36.6875 -74.234375 -84.625 -86.546875 -85.234375 -92.265625 -72.265625 -47.125 -87.671875 -92.875 -82.53125 -89.734375 -87.296875 -89.375 -94.1875 -125.1875 -136.109375
-3.4e+38 -3.4e+38 -3.4e+38 -3.4e+38 -3.4e+38 -3.4e+38 865.025 841.59375 766.65625 715.265625 636.703125 597.671875 538.046875 464.375 438.578125 443.34375 391.671875 387.34375 397.28125 391.1875 349.890625 205.59375 202.578125 356.28125 346.1875 357.234375 371.0625 322.21875 125.40625 6.5 15.484375 -15.296875 122.078125 122.171875 112.234375 55.234375 58.671875 67.5625 0.359375 -25.203125 -29.46875 -39.328125 -116.203125 -74.8125 -74.671875 -68.484375 -77.125 -80.984375 -59.28125 -79.6875 -86.25 -78.96875 -144.5625 -81.953125 -80.078125 -96.515625 -122.71875 -130.09375
-3.4e+38 -3.4e+38 -3.4e+38 -3.4e+38 -3.4e+38 -3.4e+38 868 868.707317073171 866.3125 753.171875 657.765625 605.359375 547.953125 482.859375 467.625 449.328125 358.421875 402.265625 372.828125 286.984375 213.515625 254.265625 175.421875 214.25 315.71875 324.765625 322.15625 214.640625 62.140625 40.9375 143.625 135.59375 154.5625 152.6875 133.1875 174.8125 176.90625 159.453125 74.40625 100.015625 19.109375 -42.34375 -59.5 -64.359375 -65.625 -65.59375 -75.953125 -83.265625 -82.984375 -80.625 -81.78125 -84.828125 -71.03125 -77.078125 -86.734375 -122.015625 -128.921875 -139.703125
-3.4e+38 -3.4e+38 -3.4e+38 -3.4e+38 -3.4e+38 -3.4e+38 -3.4e+38 -3.4e+38 844.272727272727 797.046875 700.640625 627.046875 549.84375 496.265625 471.5 428.609375 389.953125 326.9375 282.765625 292.71875 347.984375 385.984375 318.515625 300.171875 229.21875 279.609375 226.078125 41.3125 85.046875 238.484375 223.8125 197.234375 181.25 232.796875 233.390625 248.578125 225.21875 130.109375 -1.3125 15.453125 -24.875 -58.265625 -84.125 -84.984375 -63.109375 -72.59375 -77.15625 -79.078125 -79.828125 -77.9375 -78.171875 -80.734375 -74.640625 -56.609375 -94.34375 -138.640625 -163.96875 -161.203125
-3.4e+38 -3.4e+38 -3.4e+38 -3.4e+38 -3.4e+38 -3.4e+38 -3.4e+38 818 821.403225806452 817.625 733.8125 665.796875 608.609375 536.015625 478.28125 429.984375 390.890625 283.25 224 359.953125 395.234375 397.046875 408.375 376.5 371.03125 357.140625 330.453125 319.453125 276.34375 290.703125 260.578125 250.59375 211.640625 226.90625 232.296875 242.65625 190.15625 79.703125 -131.359375 -81.296875 -50.953125 -85.046875 -89.65625 -93.3125 -40.21875 -71.53125 -72.328125 -55.84375 -71.765625 -78.546875 -77.8125 -81.0625 -82.28125 -76.703125 -119.421875 -148.390625 -159.890625 -161.796875
-3.4e+38 -3.4e+38 -3.4e+38 -3.4e+38 -3.4e+38 -3.4e+38 -3.4e+38 808.857142857143 807.6875 813.328125 738.46875 661 610.859375 550.328125 455.796875 419.796875 346.890625 312.59375 255.59375 323.265625 414.234375 438.28125 441.125 420.859375 374.890625 336.328125 342.03125 337.96875 285.734375 265.421875 233.5625 220.25 226.359375 226.984375 214.5 216.921875 217.40625 151.34375 -71.09375 -164 -80.625 -101.078125 -84.875 -62.109375 -18.96875 -28.96875 -58.859375 -24.734375 -70.296875 -75.203125 -75.1875 -79.125 -88.140625 -66.328125 -98.359375 -136.640625 -148.65625 -153.65625
-3.4e+38 -3.4e+38 -3.4e+38 -3.4e+38 -3.4e+38 -3.4e+38 -3.4e+38 -3.4e+38 811.625 810.15625 692.625 621.171875 597.46875 561.328125 482.859375 389.5 378.828125 303.796875 371.4375 422.75 455.875 454.8125 415.890625 364.328125 210.109375 190.921875 234.375 309.96875 217.609375 180.71875 176.109375 188.890625 213.015625 224.609375 220.609375 213.03125 216.1875 200.265625 -5.25 -78.078125 1.296875 -25.421875 -76.40625 -28.28125 -51.8125 -37.859375 3.9375 -4.734375 -11.078125 -19.96875 -60.984375 -75.453125 -82.453125 -82.5 -99.65625 -116.078125 -134.921875 -135.578125
-3.4e+38 -3.4e+38 -3.4e+38 -3.4e+38 -3.4e+38 -3.4e+38 -3.4e+38 -3.4e+38 815 810.28 690.03125 630.484375 569.078125 542.9375 512.34375 458.28125 327.46875 284.375 380.265625 468.203125 486.625 439.046875 360.96875 135.78125 121.46875 266.609375 262.6875 244.96875 219.265625 206.625 179.71875 207.3125 217.046875 234.734375 239.71875 229.03125 225.125 205.046875 -25.234375 13.546875 22.40625 5.546875 -46.96875 -47.3125 -23.953125 27.046875 17.96875 -69.96875 -123.296875 -92.09375 -39.0625 -65 -77.4375 -77.1875 -92.09375 -83.375 -94.015625 -119.859375
-3.4e+38 -3.4e+38 -3.4e+38 -3.4e+38 -3.4e+38 -3.4e+38 -3.4e+38 -3.4e+38 -3.4e+38 819.888888888889 794.640625 694.125 631.25 564.09375 489.859375 417.4375 294.40625 384.59375 433.71875 508.46875 465.5625 356.140625 148.421875 131.78125 20.9375 98.109375 -1.8125 223.328125 216.640625 200.59375 210.140625 204.96875 146.890625 221.59375 254.0625 246.65625 241.78125 224.78125 151.859375 72.4375 6.015625 10.5 -33.546875 -0.375 6.75 -74.015625 -97.90625 -218.453125 -291.09375 -299.53125 -60.0625 -29.140625 -72.28125 -78.125 -70.34375 -62.46875 -80.03125 -74.421875
-3.4e+38 -3.4e+38 -3.4e+38 -3.4e+38 -3.4e+38 -3.4e+38 -3.4e+38 -3.4e+38 -3.4e+38 823.333333333333 822.266666666667 747.46875 699.765625 560.046875 530.15625 463.25 411.796875 399.890625 468.109375 530.5 430.296875 203.515625 138.4375 213.515625 125.828125 -71.46875 57.71875 171.484375 216.015625 211.859375 213.328125 182.0625 184.15625 226.65625 259.890625 262.40625 249.625 221.5625 141.265625 62.984375 -112.671875 -8.796875 -107.1875 -55.65625 -72.3125 -110.40625 -100.671875 -117.296875 -163.421875 -129.578125 -79.609375 -55.765625 -67.1875 -71.609375 -53.75 -57.375 -51.140625 -44.75
-3.4e+38 -3.4e+38 -3.4e+38 -3.4e+38 -3.4e+38 -3.4e+38 -3.4e+38 -3.4e+38 -3.4e+38 -3.4e+38 832.560975609756 743.578125 675.4375 653.140625 601.0625 538.703125 444.8125 428.046875 471.4375 551.796875 474.0625 413.328125 371.125 287.65625 120.328125 76.375 50.28125 36.578125 186.109375 234.5625 214.203125 169.421875 163.671875 167.765625 169.359375 261.640625 220.53125 150.734375 -67.15625 -233.390625 -64.59375 -50.421875 -26.359375 -7.90625 17 15.9375 34.03125 30.625 13.5625 15.453125 4.578125 -42.171875 -55.671875 -54.828125 -33.953125 -46.875 -24.265625 -34.09375
-3.4e+38 -3.4e+38 -3.4e+38 -3.4e+38 -3.4e+38 -3.4e+38 -3.4e+38 -3.4e+38 -3.4e+38 -3.4e+38 834.75 759.21875 748.859375 704.453125 606.9375 482.828125 447.125 443.75 462.640625 548.296875 550.078125 513.421875 318.625 91.296875 129.015625 187.109375 87.15625 30.21875 139.4375 237.84375 208.4375 176.265625 139.21875 -75.234375 9.921875 145.515625 159.296875 115.71875 -365.125 -695.859375 -126.890625 52.0625 61.328125 66.5 3.3125 36.375 53.015625 56.703125 54.25 60.328125 21.703125 -12.359375 -36.0625 -38.484375 -13.453125 -38.25 -22.171875 -22.46875
-3.4e+38 -3.4e+38 -3.4e+38 -3.4e+38 -3.4e+38 -3.4e+38 -3.4e+38 -3.4e+38 -3.4e+38 -3.4e+38 856.596153846154 771.96875 764.90625 747.8125 704.53125 527.125 567.96875 517.171875 544.0625 563.609375 450.5625 493.875 332.640625 193.9375 290.703125 214.4375 228.515625 12.90625 64.578125 205.65625 197.734375 173.5625 41.015625 -93.421875 -119.4375 -96.953125 179.296875 196.796875 57.390625 -21.5625 128.828125 132.421875 122.0625 84.546875 35.765625 57.90625 60.5 73.90625 49.15625 61.84375 46.734375 23.328125 8.484375 -11.234375 -13.078125 -5.359375 -2.703125 -18.765625
-3.4e+38 -3.4e+38 -3.4e+38 -3.4e+38 -3.4e+38 -3.4e+38 -3.4e+38 -3.4e+38 -3.4e+38 859.923076923077 870.578125 782.65625 777.96875 748 700.96875 660.03125 542.0625 651.578125 642.625 560.9375 255.28125 412.984375 443.09375 383.46875 252.109375 198.9375 119.90625 -29.75 -58.265625 86.15625 2.828125 12.984375 89.671875 89.0625 -64.5 41.734375 195.296875 261.8125 279.25 255.53125 210.75 199.1875 165.25 124.09375 91.875 94.484375 86.4375 83.28125 64.25 76.140625 74.09375 67.78125 51.03125 11.875 -1.59375 1.09375 -14.609375 -0.75
-3.4e+38 -3.4e+38 -3.4e+38 -3.4e+38 -3.4e+38 -3.4e+38 -3.4e+38 -3.4e+38 -3.4e+38 857.03125 837.078125 777.84375 735.90625 721.765625 636.390625 632.828125 647.984375 614.078125 520.609375 527.015625 252.765625 152.40625 330.625 371.0625 321.03125 200.703125 196.8125 14.921875 -76.84375 -81.359375 -113.640625 32.0625 193.453125 106.953125 -21.515625 26.1875 161.421875 295.28125 355.140625 306.53125 280.078125 253.890625 176.921875 57.671875 34.78125 92.84375 129.375 119.546875 96.453125 85.390625 83.125 95.703125 62.96875 39.03125 4.390625 7.890625 3.53125 -2.484375
-3.4e+38 -3.4e+38 -3.4e+38 -3.4e+38 -3.4e+38 -3.4e+38 -3.4e+38 -3.4e+38 -3.4e+38 851.777777777778 798.484375 766.484375 769.96875 733.578125 571.3125 668.21875 654.78125 616.28125 551.84375 250.203125 221.296875 145 179.921875 162.875 254.5 251.65625 167.8125 -15.828125 20 75.9375 82.015625 178.484375 196.15625 186.84375 137.578125 79.984375 324.5 425.53125 345.078125 383.515625 360.09375 321.03125 176.15625 257.484375 225.875 132.734375 130.375 176 145.375 114.5 104.890625 115.859375 85.3125 46.609375 25.109375 13.40625 4.546875 -10.34375
-3.4e+38 -3.4e+38 -3.4e+38 -3.4e+38 -3.4e+38 -3.4e+38 -3.4e+38 -3.4e+38 -3.4e+38 862.153846153846 820.0625 780.640625 791.25 751.53125 659.65625 553.59375 640.046875 640.921875 530.15625 318.578125 152.953125 291.765625 284.65625 69.140625 104.296875 90.171875 103.859375 48.453125 -21.6875 -122.890625 94.890625 268.796875 226.09375 210.453125 120.21875 176.828125 475.265625 481.859375 367.4375 473.78125 406.59375 361.9375 385.28125 410.78125 328.328125 143.296875 225.0625 203.34375 201.640625 144.265625 107.546875 118.71875 118.5 96.34375 55.09375 26.28125 10.59375 -17.4375
-3.4e+38 -3.4e+38 -3.4e+38 -3.4e+38 -3.4e+38 -3.4e+38 -3.4e+38 -3.4e+38 -3.4e+38 880.325 879.203125 797.34375 804.078125 676.34375 647.65625 536.96875 498.484375 627.21875 605.078125 504.1875 326.265625 339.46875 311.421875 221.4375 143.359375 126.984375 -118.03125 -105.25 -124.265625 -74.984375 120.515625 286.4375 341.046875 315.484375 335.515625 468.1875 533.015625 496.484375 381.890625 530.296875 434.296875 476.625 485.484375 470.71875 382.671875 266.109375 259.34375 219.265625 225.046875 223.765625 126.125 94.09375 114.390625 103.171875 73.640625 28.25 9.453125 -35.578125
-3.4e+38 -3.4e+38 -3.4e+38 -3.4e+38 -3.4e+38 -3.4e+38 -3.4e+38 -3.4e+38 -3.4e+38 882.433962264151 883.859375 840.890625 808.90625 746.5625 684.46875 588.984375 548.171875 581.09375 573.59375 481.3125 383.390625 411.828125 335.359375 102.015625 128.234375 207.5 1.046875 25.71875 36.015625 8.46875 238.375 279.28125 318.234375 310.640625 408 535.453125 612.984375 561.09375 588.15625 580.953125 578.0625 570.109375 549.578125 503.234375 285.671875 265.859375 226.625 184.609375 204.140625 197.671875 171.53125 112.53125 112.28125 96.3125 72.34375 22.296875 2.9375 -39.546875
-3.4e+38 -3.4e+38 -3.4e+38 -3.4e+38 -3.4e+38 -3.4e+38 -3.4e+38 -3.4e+38 884.545454545455 887.920634920635 887.890625 842.078125 804 750.640625 629.015625 607.484375 382.609375 536.78125 592.859375 556.1875 479.359375 415.5625 292.90625 306.84375 250.3125 294.484375 223.171875 76.28125 194.421875 264.40625 298.46875 285.125 287.90625 336.953125 403.59375 522.296875 677.671875 606.890625 626.890625 581.984375 634.859375 619.71875 589.5 545.890625 318.5625 218.765625 180.53125 147.484375 181.96875 166.171875 152.78125 132.53125 135.0625 99.90625 71.40625 -6.359375 -36.453125 -52.515625
-3.4e+38 -3.4e+38 -3.4e+38 -3.4e+38 -3.4e+38 -3.4e+38 -3.4e+38 895.5 890.842105263158 893.28125 879.21875 820.34375 837.65625 757.8125 679.96875 491.265625 471.96875 343.046875 526.609375 488.796875 483.203125 433.296875 434.765625 344.875 306.8125 366.71875 326.25 79.046875 216.484375 274.1875 302.59375 295.046875 318.515625 305.421875 336.09375 434.28125 667.96875 631.515625 590.328125 657.265625 665.203125 672.765625 644.59375 570.203125 284.140625 171.875 191.96875 85.859375 163.640625 163.328125 120.203125 115.046875 34.3125 19.90625 18.8125 -1.59375 -74.40625 -90
-3.4e+38 -3.4e+38 -3.4e+38 -3.4e+38 -3.4e+38 -3.4e+38 -3.4e+38 899.15625 901.03125 869.4375 817.859375 785.15625 772.796875 714.03125 689.296875 395.5625 377.15625 450.796875 486.078125 486.1875 351.84375 347.96875 333.890625 414.375 368.546875 282.984375 410.28125 325.859375 342.453125 338.9375 347.75 330.765625 347.171875 323.859375 393.296875 564.796875 659.3125 690.328125 691.765625 759.6875 737.046875 711.234375 672.375 533.3125 314.234375 113.125 96.953125 57.75 9.71875 111.578125 103.859375 53.859375 -6.390625 -68.078125 -102.46875 -130.6875 -151.6875 -150.046875
-3.4e+38 -3.4e+38 -3.4e+38 -3.4e+38 -3.4e+38 -3.4e+38 899.3125 899.484375 891.03125 854.859375 832.734375 822.796875 808.578125 676.71875 650.40625 533.296875 454.421875 400.015625 336.234375 480.140625 450.28125 404.6875 336.40625 299.90625 266.546875 277.890625 369.734375 391.859375 388.484375 330.421875 247 272.9375 418.59375 451.171875 451.359375 713.53125 793.5625 806.5 803.765625 808.484375 801.765625 772.359375 712.796875 629.46875 493.015625 299.4375 105.578125 -6.984375 -29.40625 48.546875 33.328125 5.140625 -52.046875 -102.21875 -166.0625 -220.671875 -232.390625 -225.09375
-3.4e+38 -3.4e+38 -3.4e+38 -3.4e+38 -3.4e+38 -3.4e+38 906.458333333333 894.859375 897.75 884.171875 840.28125 825.953125 770.203125 721.125 669.65625 567.15625 459 459.375 371.46875 351.34375 485.484375 415.765625 391.375 356.65625 334.484375 334.421875 314.3125 349.21875 375.578125 305.0625 240.796875 253.390625 274.921875 417.375 598.921875 782.53125 833.4375 820.3125 814.09375 809.296875 803.171875 793.09375 720.859375 648.0625 527 367.71875 185.90625 68.984375 7.78125 17.15625 -30.3125 -47.40625 -99.046875 -139.421875 -164.46875 -208.671875 -213.140625 -220.53125
-3.4e+38 -3.4e+38 -3.4e+38 -3.4e+38 -3.4e+38 901.9375 887.125 852.828125 850.265625 843.953125 857.1875 825.453125 776.90625 707.703125 605.921875 623.90625 540.140625 451.984375 444.375 323.734375 424.09375 411.421875 387.015625 357.953125 377.921875 329.140625 310 322.046875 325.515625 320.328125 263.328125 304.734375 374.96875 483.625 640.734375 776.6875 812.03125 808.625 807.734375 804.390625 800.078125 772.21875 668.3125 551.8125 413.953125 348.734375 300.515625 171.609375 -8.046875 -100.46875 -92.28125 -114.9375 -148.015625 -208.1875 -206.265625 -209.625 -215.6875 -202.671875
-3.4e+38 -3.4e+38 -3.4e+38 -3.4e+38 -3.4e+38 898.594594594595 871.546875 856.984375 839.28125 804.65625 825.03125 817.5625 796.8125 755.59375 706.03125 683.765625 573.140625 502.4375 405.0625 422.078125 364.859375 414.90625 369.96875 357.40625 322.515625 297.921875 280.59375 255.65625 367.328125 371.328125 399.546875 451.484375 626.921875 723.828125 754.3125 806.90625 817.34375 809.375 799.46875 791.703125 793.640625 752.5 650.578125 579.171875 549.3125 444.609375 311.140625 155.375 -78.90625 -221.078125 -133.546875 -129.90625 -143.171875 -164.296875 -179.875 -187.765625 -204.03125 -186.171875
