Cases/SDM_Urocitellus_beldingi/westernUsClimate_historic/BIO17.asc
NCOLS 316 
NROWS 299 
XLLCORNER -124.820833001 
YLLCORNER 29.1625003333339 
CELLSIZE 0.0666666666645545 
NODATA_value -3.4e+38 
[rows 42 to 62 of 299, columns 138 to 183 of 316]
10887.7429046631 10182.5203552246 10580.8136901855 9962.20341491699 11889.0418243408 13678.5484924316 14684.6007995605 14673.6801605225 13681.4918212891 13232.8512878418 12126.5601043701 12989.1398010254 13223.3352355957 11776.5948791504 12014.842590332 12639.6777496338 13111.2304382324 15127.5402374268 14302.1109161377 13681.1860046387 10704.3991851807 7030.09915924072 5882.21485137939 6936.18782806396 8939.10502624512 10572.2437286377 11495.174621582 11714.4691467285 11401.4058380127 10342.7261962891 9751.22691345215 7837.53710174561 8038.83673095703 7228.32145690918 6367.65235137939 10003.0606231689 12539.7934417725 13736.2421875 13634.5625305176 10409.6710968018 6189.28672027588 4513.1605758667 4183.73908233643 4474.78910446167 6875.43555450439 11395.47265625
9521.59533691406 9960.61676025391 10697.7754516602 11147.4484405518 13321.549621582 14009.6324462891 14688.867980957 13608.8566436768 13410.6206970215 11502.1925048828 10449.8902130127 10460.8242492676 11537.4858856201 11756.2121124268 13195.2898712158 13909.1226043701 14228.880569458 16262.0561218262 14562.5362854004 13487.6425628662 11022.1749191284 7282.67777252197 7195.73946380615 8082.40744781494 8924.46876525879 9798.10305786133 9971.93910217285 11060.6884155273 10661.280090332 11330.354309082 9929.4995880127 8034.94379425049 7798.92109680176 7013.08979797363 8633.28633880615 9734.0811920166 9751.81908416748 10489.509727478 11045.1910171509 8000.62381744385 5759.17658996582 4381.56402587891 4362.53594970703 5083.27460479736 7520.00616455078 9788.0843963623
9452.66989135742 10751.6764984131 11731.1859741211 12128.2151489258 11389.5597076416 12446.0230255127 13376.0499267578 11039.0004425049 10254.7714233398 10376.1238098145 10493.0765686035 11714.584777832 12703.6223449707 12736.6484527588 12743.8511657715 12277.197769165 14679.3043670654 14944.9687042236 13449.5742492676 12664.0289001465 10280.1643981934 7458.72773742676 8218.09495544434 8889.49530029297 9361.68635559082 10000.2230224609 9771.4144744873 10870.9588775635 11068.049987793 10325.3140869141 9959.35348510742 9020.96048736572 8455.71755981445 9215.29920959473 11252.6613922119 10960.1948394775 10740.0906219482 10064.2389984131 8688.40309143066 6062.71990966797 5171.72774505615 4350.404296875 4544.9300994873 5872.68357849121 7219.18357849121 7654.05593109131
11234.1035308838 10190.8222961426 10764.6286010742 9865.00862121582 9134.3828125 10204.1734771729 9889.60585021973 10997.3508453369 11444.8636169434 12296.4797058105 11852.5316314697 10471.5738677979 10981.0788879395 11630.5522766113 12048.9425811768 12441.5143890381 14420.5539398193 15895.5234222412 13165.2902679443 11802.1753845215 9040.60974884033 7705.11723327637 9109.91674804688 10014.5179595947 9968.31680297852 10323.3086242676 10890.0617218018 11972.7800598145 11118.9562530518 11078.3011016846 10351.4289245605 10067.1754150391 12303.8651428223 13232.1124420166 12709.0738220215 12820.4684295654 14204.1027069092 13776.7515258789 11532.3144226074 7673.04648590088 6120.21990966797 5114.16683197021 4562.95509338379 5400.94451904297 5799.69255828857 5789.77890014648
12291.326461792 12070.9667663574 13421.2121429443 13006.786315918 11171.2007904053 11344.2261657715 12870.14453125 14363.7968902588 14183.5120849609 14188.642578125 12725.1632537842 9521.01132202148 10524.0058746338 11809.7612915039 12398.6504211426 13407.535949707 13880.2984161377 14262.8452758789 13735.3988494873 11731.1535186768 10487.6828155518 8076.80938720703 8434.36600494385 9252.16795349121 9587.1456451416 9961.021484375 10767.0355377197 11238.8008117676 10675.3090362549 12080.0969085693 12379.475402832 13407.8675537109 17199.6766204834 16928.9779663086 15884.607421875 14088.1137237549 12234.7909545898 9979.82073974609 7842.82611083984 7117.91840362549 7423.63672637939 6346.32852172852 5492.44260406494 4993.049949646 4666.01564788818 4832.55859375
12407.2097625732 13004.7382659912 12142.0269775391 13514.4855804443 12790.046875 9958.2706451416 12177.7746276855 14390.7695007324 15467.8672180176 14652.7695922852 12685.6464385986 9247.39845275879 10470.40184021 11328.0367126465 12079.895690918 11974.0487823486 12083.1711120605 13316.8019256592 14182.8058776855 12057.9581451416 11051.306930542 9476.74608612061 8333.80042266846 9627.98042297363 9049.81916046143 8819.91253662109 10001.9437103271 9680.21176147461 9611.74841308594 10515.8480377197 13635.5250091553 16902.5190429688 16435.4598083496 15168.6722564697 12215.8737945557 9540.22696685791 9080.44993591309 7285.72575378418 6492.55309295654 8528.25115203857 9022.14298248291 7896.15779876709 6583.12421417236 5544.13283538818 5084.36798095703 5850.9769821167
10948.0317230225 11399.5109558105 10156.2640686035 11957.7953033447 13145.2855529785 11300.1504364014 11459.6781463623 12496.1984405518 14391.9706268311 13171.4656219482 11262.865524292 11484.8273925781 10601.0797424316 10197.3429870605 11043.2105407715 10858.1381835938 11084.690246582 12013.8397979736 12589.2902069092 11684.4518890381 10254.1507720947 10264.3367919922 10824.0828399658 9830.94761657715 8950.86015319824 8084.91948699951 9628.16877746582 10057.9800872803 11336.0039215088 11721.3934173584 15280.7617645264 14740.6307830811 11721.0856170654 9715.74494934082 7651.19072723389 7407.38789367676 8792.21956634521 7327.823097229 6036.58435058594 8014.95662689209 8328.50397491455 7534.56365203857 7392.91600036621 5400.21248626709 5731.17226409912 7002.74919128418
10818.9257202148 10649.9055023193 10475.3367919922 10920.9414367676 12056.1171264648 12822.2718505859 12992.194519043 13087.3981018066 13143.0391082764 12444.760635376 12576.9945220947 13073.6288909912 10819.1183776855 9966.24807739258 10223.9394683838 10555.9179534912 10711.3804779053 10605.7652282715 9931.349609375 9444.2488861084 9436.13124084473 10886.342956543 10738.663772583 10169.2008056641 9602.02346801758 9400.12574768066 10214.3260803223 11422.3035125732 11934.6058959961 11005.2090911865 10640.9000244141 9271.51834106445 8157.34646606445 7370.66133880615 7033.63320159912 7547.01128387451 10096.1694869995 10041.3031234741 6785.81559753418 4716.85545349121 5174.86092376709 6489.82108306885 6876.48672485352 5045.15312957764 6374.56406402588 7599.70545959473
12069.9816741943 11448.3312835693 12132.7441558838 11214.2257385254 11612.0152130127 11935.7616424561 12428.4094238281 12748.4917602539 12153.8026885986 12551.9967803955 12266.2636260986 11731.6186828613 10691.6764526367 9676.88629150391 9589.57421875 9493.86445617676 9479.13049316406 9720.8311920166 9474.94680786133 9154.05039978027 9834.59210205078 10766.1894989014 9892.98402404785 9723.07229614258 9823.56562805176 9758.07884216309 9984.46943664551 10056.7117156982 9996.39567565918 9052.94100952148 8202.07337188721 7398.92029571533 6524.01168060303 6105.06172943115 7958.66407775879 10726.3015289307 11945.9643554688 12870.0274047852 8965.958984375 6801.57340240479 9030.33163452148 8038.45505523682 6219.89925384521 4761.06015777588 6072.0366973877 7174.53164672852
12635.6847381592 12448.1590270996 12037.9518737793 11492.5180053711 11996.3202972412 12121.0504302979 12670.3664398193 11967.0405883789 12527.4964752197 13086.0414276123 12872.0629119873 12382.3917541504 11724.4523925781 9583.4253692627 9655.43125915527 9766.21365356445 9752.55467224121 10175.4124755859 9996.20614624023 8966.23477172852 9503.50201416016 9561.43634033203 9469.19804382324 9620.314453125 8857.02346801758 9022.65593719482 8962.33042907715 9252.96598815918 9221.81484985352 8492.76525115967 7468.23866271973 6393.17151641846 5514.27769470215 5731.44334411621 9694.46755218506 12278.0738525391 11008.7895202637 10006.1629486084 8692.26683044434 12601.482711792 11026.787109375 7540.18832397461 5502.2406463623 4427.36093521118 4369.82734680176 5587.66951751709
12008.6656036377 10336.5836181641 9342.88479614258 10144.3336029053 10919.2988586426 12047.2859039307 10391.5753936768 12061.0972900391 13988.4187774658 12669.37059021 12811.4742126465 12657.1077880859 10860.6402282715 9693.45475769043 9498.82818603516 10283.6492614746 10759.4577636719 10768.2222442627 9966.0323638916 9283.99139404297 9406.63748168945 9185.88394165039 9535.29336547852 9858.47346496582 8069.01599884033 8106.41915130615 8520.880859375 9396.44410705566 8878.64458465576 7768.01015472412 7170.23750305176 6122.63594055176 5229.94960021973 5668.32029724121 9309.46601104736 11999.4515533447 10607.0507354736 8680.80666351318 10880.6574478149 12956.5820007324 12590.7160949707 11232.0910491943 5824.54998779297 3996.61600112915 3741.30429077148 4516.85857009888
10010.0773773193 8694.66210174561 8111.39566802979 9402.5913848877 8823.57851409912 10051.8813247681 11332.2737426758 10417.0011291504 11235.4948883057 11236.8101806641 13077.3113555908 13492.3777008057 12231.3257751465 10160.2562408447 10074.5742340088 10358.7901763916 10041.2550811768 10372.5077209473 10264.190246582 9316.66989135742 9982.49014282227 9049.39068603516 9023.53907012939 7688.05349731445 6801.04135131836 6648.30976104736 8341.49487304688 9361.93742370605 8954.00427246094 7705.43009185791 7089.99922943115 6608.77774047852 5631.93048858643 6810.15933227539 10117.7461090088 10133.966796875 9995.24725341797 9854.83869934082 10050.9508209229 12812.7851257324 11733.6020050049 11301.7820587158 6260.36251068115 3630.30271911621 4268.95821762085 4480.61561584473
9397.71138000488 9613.37969970703 8599.86869812012 9053.5203704834 11064.9566192627 13338.7000274658 11878.9629516602 10568.7550964355 11775.0566253662 10800.5348358154 10516.9773254395 12257.6293182373 11935.9382324219 10004.5730133057 10160.3230514526 9516.02619934082 9498.35504150391 10056.1019592285 10219.8094177246 10044.7066497803 8978.68324279785 8049.32227325439 7989.69298553467 7498.53318786621 6449.32580566406 7765.49025726318 9165.23400115967 10929.3233337402 10730.7191314697 8526.13516998291 7304.79650115967 6631.4925994873 5737.4917755127 8213.70855712891 9521.8956451416 9531.1141204834 10110.7597808838 9128.55514526367 11500.8636779785 12486.3246002197 10907.8183898926 8025.60740661621 5246.89963150024 3434.64296722412 3308.77186965942 3460.68555450439
8196.4390411377 8165.88284301758 8816.27891540527 11062.2183990479 12415.3698883057 11542.8402252197 10163.5140533447 10131.8316192627 9782.5933380127 9733.17607879639 10321.5155792236 10418.5730438232 9583.97772979736 7684.47269439697 8485.15118408203 9849.15036010742 9630.38121795654 9062.75113677979 9368.43395233154 8310.42221069336 6904.17897033691 7030.14337921143 7068.50117492676 6943.01448059082 6613.63594055176 6495.06050872803 7815.62071228027 10685.8621520996 11238.6609954834 8995.28990936279 7806.10202789307 7135.14841461182 6251.02304840088 6631.23477172852 8643.47232055664 9542.04963684082 10015.196434021 6646.51681518555 10410.9245910645 11738.2875671387 10959.8531188965 8222.34577178955 4553.82540512085 3602.87148666382 3477.00859069824 3471.84647369385
8748.84335327148 8449.19416046143 9117.5054473877 10068.8703155518 11057.7660064697 10194.4555206299 9348.76361083984 8929.88787841797 8562.32659912109 8701.10942840576 10045.0167388916 10555.4508056641 10881.8101196289 9445.46836090088 7128.12343597412 8229.98089599609 7253.62891387939 6834.58634185791 6934.76363372803 7058.08789825439 7402.52028656006 9227.78985595703 10055.6203308105 9216.08202362061 8829.74019622803 6058.70704650879 6664.05857849121 8428.93163299561 12073.5578308105 11171.2101898193 8771.96137237549 7691.66331481934 7208.1734085083 6732.849609375 7682.20623016357 8712.11009216309 7163.70785522461 5453.89958190918 9281.46761322021 10139.7812805176 8344.11446380615 6835.94216156006 4167.37112808228 3698.8129119873 3723.490234375 3744.0585899353
8432.03123474121 8382.10620117188 8538.43050384521 9668.28909301758 9720.19453430176 11121.5800628662 9977.11210632324 9964.7613067627 9288.60507965088 9782.04219055176 10119.2714385986 11190.1309509277 11313.537902832 9682.31130218506 7548.65625762939 8172.61600494385 8635.2172164917 7629.04530334473 6984.93244171143 6711.31406402588 7977.44955444336 10404.4707336426 10945.1233978271 10300.5152587891 10422.1698150635 5713.12619018555 5278.09995269775 6963.25900268555 10248.9925537109 12026.4469146729 10320.292678833 8572.79102325439 8069.42220306396 8481.2769317627 8262.09099578857 9644.48402404785 9409.17695617676 5578.90857696533 5697.52223968506 6426.90940856934 5356.76171875 4069.42383575439 3765.70820236206 3999.30899047852 4152.4296913147 4148.31290054321
7621.72652435303 8090.91635131836 8923.84339141846 9634.94451904297 9666.63710021973 9948.7484664917 8806.86484527588 9208.93158721924 8833.54878997803 8566.94647979736 9051.67070007324 10794.5355529785 9564.34574890137 7026.95586395264 8668.38512420654 10371.464050293 9504.15461730957 8172.73394775391 8150.52695465088 7191.44103240967 8354.11325836182 9015.6558380127 9671.07688903809 12471.1122131348 9785.59452819824 5175.86172485352 4797.74688720703 6309.00778198242 7492.37968444824 10724.4504470825 12000.9417572021 9697.25663757324 10060.3921508789 9377.00592041016 9475.41249084473 10009.8605041504 8953.20979309082 5769.34997558594 4356.34961700439 4676.28750610352 4630.33240509033 3979.91407012939 3929.78244018555 4179.98202514648 4482.31367492676 4665.74300384521
6961.12973022461 8051.71017456055 9305.66096496582 10072.4218444824 9202.14797210693 10847.5003967285 9229.35385894775 9176.3828125 8116.21800994873 6836.30390167236 6669.57186889648 7966.81018829346 7649.81952667236 6882.15467071533 9580.79722595215 10320.8289031982 9952.72030639648 8841.92539215088 8328.04968261719 7623.40705108643 7529.62457275391 7651.21520233154 10301.7253417969 11688.512878418 9837.5414276123 5063.13401794434 4969.06876373291 5550.74768829346 6356.52109527588 7968.0179901123 12159.2203063965 11495.5980682373 9394.76377868652 9038.993019104 10209.6945953369 9216.86442565918 7339.66678619385 5648.44806671143 4632.24801635742 4985.00663757324 4277.16953659058 4262.18051528931 4137.57576370239 4431.8476600647 4566.83087158203 4681.93593597412
7720.3324508667 9005.8215637207 9546.93829345703 9728.93757629395 11041.7300720215 12861.4362792969 11452.4804382324 9240.8992767334 10077.0847015381 8325.47932434082 7861.52937316895 8979.51448059082 8309.93713378906 6385.86053466797 8758.71836853027 8982.01323699951 9149.99924468994 8641.16051483154 7760.71368408203 7564.34764862061 7659.94452667236 8950.88205718994 10658.6577911377 9787.13471984863 8323.93866729736 5709.0062713623 7872.39028930664 6688.83828735352 5870.25778198242 6354.5043258667 7453.35942840576 9886.71045684814 9190.9144744873 8874.58713531494 8358.65982055664 6300.42501831055 5050.39530181885 4287.91093444824 4159.55118942261 5513.82814788818 5106.22109985352 4339.44725799561 4629.73202514648 5638.80312347412 5459.70584106445 4951.46013641357
7984.38357543945 8283.59770202637 8173.89063262939 8700.43988800049 10032.8094024658 12490.8265228271 10803.1265716553 10335.5043334961 10738.7749481201 8836.20311737061 10730.893447876 9978.0074005127 7485.70308685303 6192.9008102417 8566.19800567627 8408.41288757324 7936.33904266357 7725.08905792236 7552.28755187988 7290.38668823242 8466.50901031494 9946.73355102539 10558.9769897461 10272.6909637451 7694.44565582275 6200.37812805176 9462.09686279297 9140.18951416016 6675.45935821533 5502.32150268555 6185.28398132324 6845.69882202148 8150.15236663818 7680.12890625 6734.11133575439 5299.57030487061 4818.41600799561 4039.82303619385 3606.37576293945 3638.70428466797 3829.90000152588 4077.75157165527 5617.20471191406 7393.07970428467 7937.05230712891 8845.17738342285
7136.80508422852 7422.11796569824 7645.86835479736 8419.82656860352 8429.23239898682 10591.5902862549 9949.47578430176 9869.61915588379 9455.21800231934 9807.73085021973 10226.7968902588 8937.91482543945 6637.4105758667 5846.04138946533 7700.44416046143 7187.60196685791 8174.83477783203 8109.22771453857 7390.08869171143 7468.78434753418 8277.5785446167 8859.15082550049 8024.13439941406 7700.58433532715 5441.98904418945 7338.63124084473 9620.26287841797 8958.5106048584 6551.71952819824 5211.87734222412 6166.61366271973 7218.56330108643 8501.62970733643 7820.408203125 7237.64260864258 6379.03241729736 7192.77773284912 6373.35157394409 3996.64492416382 4588.4292755127 5075.55311965942 3853.4882774353 5886.23477554321 9407.49922180176 8588.471824646 8274.96325683594
