Cases/SDM_Urocitellus_beldingi/westernUsClimate_historic/BIO13.asc
NCOLS 316 
NROWS 299 
XLLCORNER -124.820833001 
YLLCORNER 29.1625003333339 
CELLSIZE 0.0666666666645545 
NODATA_value -3.4e+38 
[rows 168 to 188 of 299, columns 184 to 229 of 316]
5310.7543182373 5026.52923583984 4644.95779418945 4572.96602630615 5878.35664367676 6155.28008270264 5641.12735748291 4546.98595428467 4148.25270080566 5875.34298706055 8059.62228393555 5310.19847106934 4862.78240203857 4594.20546722412 4549.95703887939 4213.82736206055 4073.86014175415 3944.07929992676 3840.25546264648 3727.89961624146 3529.51913833618 3919.57577896118 3629.98905563354 3324.3769493103 3217.4804649353 3018.19337081909 3327.82148361206 4673.21717071533 4321.99178695679 2769.63670349121 2322.08438873291 2376.80976867676 2232.34022521973 2572.98046875 2976.87697219849 3076.65353012085 3753.78711700439 4116.5269241333 4386.30625534058 4671.79883575439 5024.58438873291 5596.01016235352 4951.60000610352 4914.93553161621 6309.28086853027 8598.928565979
5540.58987426758 5347.90705108643 4780.74765777588 4635.58630371094 5163.96286010742 5717.4437713623 5113.84415435791 4600.548828125 4496.86795806885 6497.19493103027 6009.24137115479 4684.37382507324 4497.26446533203 4428.166015625 4445.07732391357 4277.67810821533 4062.48982620239 3761.53006744385 3579.28358840942 3652.07732391357 3448.83164215088 3595.16600799561 4017.29801940918 3178.55898666382 2928.7163848877 2590.76991653442 2728.01249313354 2821.56990814209 3019.62344741821 3228.26522827148 2587.87186813354 2038.734375 2195.84142112732 2706.91836166382 3037.49491500854 3476.95273208618 3922.37813949585 4127.12069320679 4405.34688186646 4937.20156860352 4808.5859375 6013.84607696533 5695.33713531494 5005.39295196533 5657.8339805603 7193.607421875
5555.28198242188 4971.91369628906 4608.02108764648 4783.46208953857 5232.52500915527 5054.05506134033 4798.75584411621 4868.06092834473 4668.62811279297 6298.64219665527 6243.15975189209 4664.48867034912 4533.49180603027 4585.71755218506 4305.7519493103 4085.49727630615 3945.5917930603 3630.24842834473 3320.31914138794 3240.60272216797 3370.458984375 3320.10430145264 3496.40078353882 3748.82304763794 2866.70431137085 2693.95157623291 2494.47852325439 2479.47969055176 2964.91679000854 2960.09571838379 2327.044921875 2154.55116462708 2468.49179077148 3022.94217681885 2931.39178466797 3266.92578125 3718.3359413147 4195.18594360352 4822.48593902588 4995.55429077148 5593.06094360352 6561.06288909912 5288.0538520813 4083.80977249146 4092.05819320679 4553.14610671997
5481.42266845703 4777.14924621582 4594.18359375 5472.88358306885 5758.43087768555 5409.1097946167 4790.88201904297 4355.18437576294 4286.42501449585 4543.83079528809 4675.84451293945 4851.87696838379 4715.68629455566 4631.7769241333 4464.60545349121 3843.1543006897 3432.90975952148 3365.49101638794 3370.48670959473 3057.68203735352 2939.04219055176 3132.94571304321 3170.71172714233 3987.53631973267 3136.04333877563 2490.93593597412 2336.31290435791 2170.17382621765 2232.95938110352 2403.96603012085 2239.49725151062 2469.67148780823 2439.80625152588 2721.05039215088 3349.66445159912 3312.58866500854 3331.95351409912 3755.26055526733 4316.53749847412 5221.59802627563 6332.60231781006 6395.32028961182 5468.92691802979 3671.81406784058 3736.59180450439 3910.33125305176
5171.06288909912 4557.13749694824 5449.75112915039 6641.73045349121 6218.51680755615 5615.25350189209 4577.20120239258 4085.89216995239 4140.59647369385 4338.54573059082 4609.02694702148 5035.88320159912 4826.75077819824 4617.37697601318 4647.25862121582 4668.62150192261 3642.29570770264 3197.73945617676 3121.42656707764 3276.53632354736 2820.89570617676 2783.33826828003 2966.66054153442 3579.98710632324 3574.96445846558 2156.42539215088 2001.59452819824 2001.04257965088 2041.74178886414 2050.21132659912 2359.51328277588 2876.94727325439 3052.59882736206 2721.90272903442 3256.58947372437 3663.26483917236 3436.615234375 3561.68515014648 3597.48672485352 4754.85153579712 6292.45783233643 5742.17384338379 4659.67070007324 3410.20001983643 3258.26095581055 3602.31601333618
5508.28592681885 5536.10859680176 6653.20311737061 7012.92735290527 6249.13199615479 4727.50742340088 4149.26367950439 4065.94373703003 4152.37461471558 4271.24454498291 4470.59065246582 4460.64412689209 4571.89219665527 4541.18356323242 4457.35426330566 4360.84922027588 4172.83945083618 3763.47814941406 3028.11015319824 2923.87266540527 2836.26954269409 2760.83867645264 2617.28866195679 3060.96173095703 3406.62732696533 2398.98906707764 1998.97812271118 2001.96913719177 2037.84726905823 2138.71719360352 2538.73085784912 2995.94608306885 3084.35079193115 3250.38203048706 3032.82383728027 3115.57302856445 3543.59376525879 3742.17343139648 4127.13473129272 5119.71367645264 5382.65782928467 4894.91249847412 3813.67184829712 2909.39221191406 3204.98085403442 3190.93202972412
5593.53322601318 5987.36951446533 7070.7652130127 7068.12381744385 6375.74257659912 4698.70583724976 4136.15313720703 4091.10431289673 4112.79571151733 4226.41485595703 4270.65547180176 4152.25234222412 4336.47186279297 4370.03318786621 4326.93946838379 4320.04141235352 4346.29063034058 4739.54570770264 4436.42537689209 3051.05898284912 2592.77070617676 2572.05154800415 2539.76327133179 2450.39256286621 2718.71719360352 2929.00740814209 2162.06796455383 2027.08984947205 2052.7402381897 2130.01289749146 2438.91131591797 2864.17930221558 3350.36913299561 3626.07930755615 3525.48162078857 2967.70351791382 3116.96405792236 3476.3046836853 4138.88047027588 4998.15898132324 4817.23202514648 3952.13592910767 3191.68746948242 2600.27462005615 3124.46914291382 2835.01872634888
5022.49296569824 4928.97108459473 5801.02028656006 5559.51719665527 4846.34883880615 4347.29607391357 4421.13516235352 4081.36171340942 4113.11015319824 4167.82306289673 4142.41250991821 3895.16444015503 3972.71055221558 4101.35899734497 3956.06289291382 3922.27341079712 4025.84257888794 4056.33945465088 4350.78553771973 5008.14415740967 3183.45235443115 2511.28556442261 2454.6035118103 2279.37031745911 2255.72735023499 2467.35352325439 2433.72617340088 2085.60117721558 2164.2226600647 2245.25742340088 2661.24765014648 2984.953125 3286.80547714233 3117.2949256897 2569.15391540527 2646.93047332764 3108.49062347412 3600.93439483643 4137.04843902588 4703.61483001709 4400.21092224121 3493.84885025024 2666.08670806885 2519.01445388794 2710.25469207764 2547.81483840942
4939.43436431885 4934.56993865967 4590.62657928467 4412.74528503418 4314.27816009521 4303.29216003418 4280.55822753906 3965.16524887085 3732.29842758179 3833.70117950439 4097.47695159912 4016.39686584473 4072.21995162964 4166.51363372803 3922.35821151733 3484.50194549561 3567.13982772827 3945.50937271118 3769.81016159058 4655.49140548706 5566.4886932373 4077.81565856934 2406.42304611206 2155.27383232117 2029.06600189209 2068.3085899353 2188.22615242004 2233.38905715942 2499.07266616821 2695.01248931885 2800.61678695679 2843.64805603027 2571.2605381012 2321.41095733643 2356.14881896973 2506.07929992676 2852.99217987061 3431.62734985352 3750.33514785767 3948.49295425415 3384.91248703003 3091.77381896973 2586.70468521118 2441.8730430603 2484.177734375 2420.96092987061
5008.86367034912 4974.91092681885 4815.65701293945 4476.35000610352 4431.47149658203 4106.57892608643 3973.00429153442 3936.70820236206 3382.73553466797 3411.10820770264 3838.13788986206 3658.47110748291 3706.41444015503 3760.00509262085 3324.68633270264 3504.81093978882 3321.06759262085 3406.04608917236 2964.75157165527 3115.58983612061 3437.19689178467 5819.96367645264 4734.10666275024 2560.02029800415 2190.49218177795 2139.36795806885 2408.12071228027 2281.04023170471 2181.94453430176 2823.57811164856 2431.2499961853 2203.48984718323 2060.6589641571 2328.53047180176 2431.52266311646 2707.35234832764 2824.92148208618 2864.32577896118 3118.72188186646 2931.05429077148 2393.06993103027 2479.9003868103 2622.48202514648 2324.08868408203 2343.4550743103 2369.70079803467
4942.58947753906 5049.29449462891 4834.12658691406 4776.46837615967 4673.4952545166 4168.22343063354 3783.16015625 3594.96954345703 3114.41250610352 3126.43007659912 3333.20469665527 3296.20195007324 3080.24491500854 3267.93436813354 3067.90156173706 3094.85779571533 3323.16719818115 2849.85155487061 2547.82266998291 2777.1972618103 2644.66171646118 3598.31600952148 5040.80666351318 3280.89805984497 2162.44296264648 2132.51796913147 2197.07188034058 2218.19998931885 2197.16172218323 2287.41251182556 2230.623046875 2475.9374961853 2304.53201293945 2480.99960708618 2610.61913299561 2767.9511680603 2985.76836776733 2715.97500228882 2426.65741348267 2383.63087081909 2272.25859069824 2477.4062538147 2319.50975418091 2354.00273132324 2373.78085708618 2533.68086242676
4904.35235595703 5213.30941009521 4621.55621337891 4393.05979156494 4554.80626678467 3973.392578125 3512.31446456909 3432.42422103882 3189.56912994385 2904.33319473267 2796.1113243103 2753.587890625 2741.50820159912 3027.73127365112 3305.38399887085 2837.78553390503 2608.24568939209 2906.34534454346 2595.49960708618 2521.61484146118 2409.4199256897 2236.37383270264 2389.86484909058 2240.99608612061 2204.84493255615 2404.67615890503 2520.00077819824 2554.03633117676 2782.40936660767 2856.31953430176 2812.74648284912 2440.57577896118 2771.11017990112 2771.20470428467 2834.05001449585 2893.62070083618 2919.41522598267 2661.31015777588 2569.69376373291 2387.55507659912 2287.3984375 2418.17227935791 2303.82382583618 2352.16678619385 2367.49295806885 2401.72342300415
4740.13242340088 5507.59806060791 4754.572265625 4273.97268295288 4204.10976409912 3883.95430755615 3999.73166275024 3508.41679763794 3208.25977706909 3017.73475265503 2740.36992263794 3186.61640167236 3050.03789520264 2612.93827438354 2460.90585327148 2273.08788871765 2130.74218940735 2366.80976867676 2148.33320045471 2152.17850875854 2211.14063262939 2429.21600341797 2355.37696075439 2476.39492034912 3076.13671875 4863.92654800415 3279.76759338379 2876.64218521118 3137.77928924561 3115.89218902588 2871.04415893555 2754.41054534912 2907.55625534058 2905.74259567261 2943.75039291382 3062.10506439209 2965.43476104736 2633.17031097412 2536.74374389648 2360.13125991821 2292.46524047852 2346.2929649353 2348.38631820679 2364.11483001709 2345.06796264648 2397.71445846558
3782.77576828003 4088.06872940063 3797.53476333618 3633.99571228027 3710.58202362061 4005.18007278442 4397.853515625 3503.54922485352 3044.51914596558 2916.89764022827 2922.97071075439 2983.6835899353 3211.40664672852 2916.66561889648 2457.32735443115 2154.50350952148 2066.34726333618 2133.09726524353 2172.33319091797 2190.83241271973 2265.95781326294 2550.638671875 3058.09257125854 2780.31875228882 3512.88241958618 4756.09844207764 3519.87771987915 3145.5074005127 3334.97423171997 3431.47615814209 3045.59766769409 3094.12734603882 3297.18086624146 2954.48398590088 2994.16875839233 3028.33592987061 2580.65859603882 2283.71368026733 2273.40507888794 2201.8398399353 2229.40546989441 2337.55937957764 2246.35234832764 2164.17734527588 2286.60078048706 2398.82107925415
3515.82733154297 3508.87578964233 3492.92267608643 3606.92030715942 3875.95195007324 4592.17694473267 4655.52223968506 3672.91053390503 3688.82109832764 3669.90430831909 3549.02341842651 3371.39998626709 2994.73203659058 2877.44296646118 2806.96367645264 2378.8417930603 2203.42501068115 2254.48086166382 2354.1718711853 2440.71953582764 2433.54375457764 2474.31366729736 2847.97069549561 3009.36445999146 3166.72617340088 3455.11600494385 3524.89532089233 3547.65546798706 3408.00703430176 3523.25857543945 3185.38788986206 3596.87577056885 3253.72578430176 2943.90584564209 3030.68788146973 2942.39336776733 2640.6425819397 2385.75194549561 2205.27968215942 2153.48008346558 2153.33986473083 2236.15898132324 2037.01562690735 2149.75507736206 2185.95780944824 2420.83943557739
3356.06248855591 3347.47149276733 3568.53633880615 3954.03358840942 4516.9804725647 5111.24297332764 4979.45272827148 4084.32499313354 3795.59256744385 4078.25704193115 3638.80625915527 3384.94727325439 3659.54647445679 3347.55665969849 2880.44296646118 2607.36680984497 2467.29219055176 2479.64607620239 2708.91718673706 2563.81247711182 2433.16249465942 2540.79452133179 2693.89569854736 2799.83281326294 3003.64139938354 3254.96603393555 3440.26014328003 3758.38514709473 3773.20430374146 4127.15547561646 3569.71991729736 4064.53359603882 3464.82305145264 3300.05936431885 3213.88203430176 3216.59532165527 3135.46250915527 2822.97420883179 2402.24413299561 2176.60194015503 2111.54998397827 2042.09179878235 2064.81641197205 2320.41445541382 2293.20624542236 2335.95196533203
3161.87578964233 3261.67695617676 3714.43672180176 4527.15154266357 5723.47110748291 6068.42575836182 5468.47304534912 4069.23634338379 4513.798828125 4473.84061431885 3864.98165512085 3763.45195007324 3039.97538757324 2759.67266082764 2864.7695350647 2896.81952667236 2990.06834793091 2972.01640319824 3030.60119247437 2989.17853164673 2814.00821304321 3108.53398132324 3277.25936889648 3274.41562271118 3173.58632278442 3229.74060440063 3395.47343826294 4005.78943252563 4535.70155715942 4670.66954040527 4525.26915740967 4522.62968444824 3806.39376449585 3727.13514709473 3489.23283004761 3172.33046340942 2924.64922332764 2541.20585632324 2280.88163375854 2201.15507507324 2152.66210174561 2157.35781097412 2169.52813339233 2343.6929473877 2589.12656402588 2962.40391540527
3211.88009262085 3450.78399276733 3993.65271759033 5483.08201599121 6795.71795654297 7041.81366729736 5811.78555297852 3681.53202438354 3373.58946609497 3719.88905334473 4138.89842605591 3023.51992416382 2662.19297790527 2806.64179229736 3376.03632736206 3331.25898361206 3373.84490585327 3349.74726104736 3261.1035194397 3275.76641464233 3166.79219055176 3133.42538070679 3526.21017074585 3598.41680145264 3495.11016845703 3362.82187271118 3471.84451675415 3915.36877441406 4392.43242645264 4474.68125915527 4410.07657241821 4639.63240814209 3773.685131073 3605.53044891357 3469.04063415527 3131.63515853882 2935.21835708618 2780.865234375 2624.67344284058 2623.73904800415 2350.95936965942 2366.48986053467 2498.57734680176 2469.20548629761 2664.34490585327 3220.32889938354
3337.30312728882 3715.95391082764 4739.23593139648 6447.94570922852 7481.39025878906 7904.41679382324 6255.54807281494 4521.23551559448 3130.91797637939 2903.66054916382 2774.04804992676 2630.41407394409 2926.24335861206 3222.99885177612 3660.27577209473 3511.30509567261 3447.34531402588 3518.55155944824 3436.24688339233 3402.27032089233 3359.37501525879 3475.54374313354 3710.42656707764 3765.67890930176 3671.86211395264 3562.11209106445 3724.61600112915 4070.25392150879 4083.76326751709 4294.12654876709 4400.97265625 4115.25315093994 4406.14373016357 4910.93008041382 4406.11249542236 3354.39295196533 3169.19569015503 3062.31719207764 2824.03359603882 2658.09258651733 2678.50428771973 2747.14686965942 2721.24179458618 2748.64530944824 2796.50859451294 3100.10507202148
3456.18241119385 4114.94647598267 5491.12071228027 6768.45432281494 7741.41639709473 8353.39141082764 7410.18083953857 5352.55312728882 3097.703125 2946.33749008179 2858.95156478882 2869.05976104736 3253.7812461853 3412.90663146973 3811.60118103027 3735.02030181885 3543.62148666382 3569.80585479736 3596.43437576294 3520.06326293945 3535.38515853882 3722.45664215088 3876.72620391846 4037.22343826294 4068.06522750854 3942.4300994873 3751.87032318115 3735.67580413818 3857.380859375 4043.82345581055 4155.08437347412 4337.47971343994 4642.07579803467 4964.02183532715 5636.58750152588 4162.61717605591 3584.47969055176 3147.91329574585 3048.65235137939 2999.60742950439 2968.79922485352 3014.35429763794 2921.54103469849 3043.55196380615 2953.87930679321 3142.96210098267
3299.71915435791 4380.78009414673 5894.14177703857 6840.17384338379 7878.2710647583 8678.93594360352 8692.56014251709 6281.87342071533 3323.55157470703 3099.29102325439 2932.06405639648 3269.54609680176 3472.97812271118 3558.59217834473 3811.1386680603 4083.82458496094 3664.85353851318 3609.84532165527 3668.00899124146 3678.59767150879 3846.78202819824 3881.8710975647 4000.42734909058 4129.19137954712 3927.31367111206 3639.50429153442 3476.90702819824 3465.40350723267 3578.025390625 3928.86833572388 4417.75428009033 4192.47539901733 4081.43828964233 4328.78437423706 4677.96368408203 5047.28905487061 3954.53517150879 3537.13436889648 3465.26326370239 3340.76641464233 3298.72342681885 3291.54454040527 3234.38751220703 3360.39610290527 3125.3890838623 3350.00115585327
