Cases/SDM_Urocitellus_beldingi/westernUsClimate_historic/BIO17.asc
NCOLS 316 
NROWS 299 
XLLCORNER -124.820833001 
YLLCORNER 29.1625003333339 
CELLSIZE 0.0666666666645545 
NODATA_value -3.4e+38 
[rows 147 to 167 of 299, columns 92 to 137 of 316]
1687.62149238586 1698.7363243103 1655.76914787292 1592.02773094177 1662.30819702148 1587.7890625 1372.76133346558 1995.75233650208 2076.52771377563 1843.62773323059 1911.16874313354 2958.98202514648 3496.41407012939 4264.39766693115 4402.96872711182 3347.75078964233 2622.16445159912 2968.61876678467 3683.30079269409 4478.65197753906 3790.87148284912 3843.81212615967 6211.37971496582 7224.08712768555 4115.72697067261 3458.61404037476 3369.84609222412 3756.12655639648 4306.76444625854 4219.88519287109 4017.10858917236 4394.19648742676 4871.71092987061 5234.54647827148 4107.52032852173 3424.55662918091 3722.33869171143 3958.38359451294 4468.26288223267 3847.24924850464 3467.60273361206 3478.24998474121 3792.5664100647 5240.24922180176 5384.16564178467 5203.24297332764
1766.75235748291 1787.79959869385 2267.0281162262 1698.38203048706 2184.53983879089 1642.85742759705 1540.0546875 3368.03164863586 3801.28475570679 3141.43477630615 2951.12773132324 4369.40156555176 4203.1855430603 4068.84022521973 3960.15353012085 3038.93243026733 2962.39256668091 4362.63514709473 5333.52305603027 4502.02307128906 3848.63396835327 4557.75080490112 6243.06404876709 4406.17421340942 3747.66133117676 3291.93239593506 3427.92421722412 4375.142162323 4814.48908233643 4382.73672103882 4145.31676864624 4542.47184753418 4929.64102172852 4954.98280334473 3808.16677856445 3291.49533462524 4955.01404953003 4403.33045196533 4224.56951904297 3691.82261276245 3495.26601028442 3503.11562728882 3808.20193099976 4763.15822219849 5079.91875457764 5568.11293029785
1615.23319625854 1873.02186965942 2407.06484222412 2249.51211547852 2952.99101638794 2206.08164405823 2041.2019405365 3091.52970504761 3150.62380981445 3183.13006210327 3260.80743026733 3758.34217834473 3692.38748168945 3898.04177856445 3587.86874008179 3375.34924316406 4144.23046112061 5812.80778503418 5584.11953735352 4157.17225646973 4191.88632965088 5000.97265625 5302.53240966797 3794.23360061646 3277.048828125 3186.22147750854 3685.34063339233 5200.83789825439 5097.64377593994 4443.27811431885 4106.02420425415 4190.44298553467 4792.10784912109 5484.28631591797 4663.19297409058 4077.92224502563 5962.41915130615 4131.6933555603 3692.18124771118 3641.83866119385 3661.96796035767 3805.54726791382 3869.84999084473 4150.30742263794 4710.97927093506 4999.85469055176
1766.60313224792 1648.73905754089 1835.58632659912 2155.5 2741.478515625 2932.77695655823 2709.96055412292 3033.79294586182 3257.64570999146 2737.83124160767 2766.17617416382 2867.22850799561 2665.85821151733 3300.04532623291 3568.76563262939 3726.97814941406 5384.81167984009 5450.77851867676 4012.58788299561 3884.31948471069 4733.75119400024 5319.63553619385 3925.44218826294 3221.08712768555 3172.171875 3349.86641693115 3990.21797561646 5286.06721496582 5735.50898742676 4782.52812957764 4036.72227859497 4187.54608917236 4904.15549468994 5760.86212921143 5551.71563720703 4976.76676177979 5856.498046875 3761.84371948242 3570.52265930176 3619.28435897827 3964.11483764648 4905.60507202148 4281.67930984497 3933.56444168091 4247.55076980591 4669.14297485352
1723.90585899353 1641.33045959473 1735.52109718323 2588.78904914856 2178.97069549561 2170.74374389648 2062.40274047852 1982.86367034912 3071.50508880615 2497.4257850647 2256.69141960144 2653.17498970032 2324.36366844177 3794.12029266357 3821.71487045288 3842.94802474976 4884.60352325439 4791.07926940918 4026.7734375 4629.22618865967 5748.87033843994 5144.31994247437 3257.78868865967 2976.52697372437 2998.56212234497 3604.71794891357 4473.27536010742 5362.8012008667 5360.66638183594 4486.85820770264 4314.38980865479 4730.73825836182 5439.12812042236 5451.08127212524 4194.53709793091 4291.95155715942 5464.66913604736 3688.43047332764 3574.27616500854 3639.90430450439 3807.66876220703 4621.84998703003 4518.58949279785 4042.46131134033 4074.48321914673 4558.89376831055
1857.9902305603 1844.45391082764 1676.99764633179 2102.9160118103 1887.59179115295 1614.31914138794 1557.58320426941 1658.53008079529 2116.47422027588 2389.6835975647 1935.75351333618 1861.60664558411 2519.84375 4311.92263412476 3933.99296188354 3532.14493179321 4400.10662078857 4662.53475189209 4527.73090362549 5687.44646453857 6146.68398284912 4540.41876983643 3068.54922866821 2849.67501068115 3091.98202896118 3855.67267227173 4752.79808807373 5421.07848358154 4853.88668823242 4371.95858001709 4484.29605865479 5166.1363067627 5755.31172943115 4466.85898590088 3561.97422027588 3728.49296569824 4538.94024276733 4007.69570922852 3834.57926940918 3705.53592681885 3908.66721343994 4140.43906021118 4477.97341918945 4186.87419891357 3950.265625 4138.9335899353
2469.92850875854 2751.12226867676 2296.23242950439 2290.59570503235 1949.8886756897 1731.48593139648 1738.83750152588 1789.71249771118 1908.19101524353 2125.21876525879 1878.95429420471 2262.15938186646 3706.22930145264 3936.31210708618 3630.72423934937 3496.193359375 4465.53594589233 5051.37344360352 5220.62033843994 5892.45507049561 5999.7308883667 5253.78081512451 3143.00234222412 2848.51015090942 3194.74570083618 4383.57148742676 5346.3316192627 5065.88786315918 4395.23278045654 4184.07498168945 4856.45547866821 5844.31017303467 5547.41291046143 3773.05274581909 3635.22266387939 4611.89455795288 4079.94805145264 4627.94530487061 4084.69688415527 3785.03790283203 3953.76055526733 4014.83985519409 4330.38984680176 4345.02345275879 4073.52459716797 3608.23630905151
2186.57616615295 2741.02930831909 3012.55935668945 2852.72266769409 2625.01915740967 2111.19373893738 2326.42579078674 1998.51952552795 1988.89374542236 2193.43163108826 2258.84881973267 2809.26678848267 4039.34611129761 4055.09882354736 3459.38320922852 3580.32032012939 4566.26330566406 5371.15662384033 5404.14492034912 5438.97541809082 5956.34182739258 6074.56840515137 3495.48983001709 2885.06602478027 3608.0214805603 5419.76174163818 6024.51174163818 5117.98905944824 4327.07774353027 4421.34376525879 5666.47416687012 6152.54567718506 5424.47074890137 3764.61641693115 3771.15078735352 4997.88011932373 3980.70899963379 3912.91092681885 4012.76288604736 3924.6640586853 3990.16679382324 3972.44646072388 4350.04608917236 4728.22965240479 4424.52344512939 3621.35079574585
1779.87305450439 2810.42930603027 3037.60196685791 3151.25859832764 3231.32501602173 3134.42070388794 3357.90825271606 2840.30274581909 2545.50936889648 2423.78515625 2613.69609451294 2876.05781555176 3175.00272369385 3544.30237579346 3222.43085479736 3704.09217071533 4966.0835647583 5526.70275878906 5465.89842987061 5315.32424163818 5483.32383728027 5180.35666656494 3465.8871307373 3023.18360519409 3879.84687042236 5186.62574768066 5811.78164672852 5542.38669586182 4492.34651184082 4401.38751602173 5837.19647216797 6156.64569854736 5076.90158462524 3751.71602249146 4297.02772521973 5344.81409454346 4200.31368637085 3766.5472869873 4310.538646698 3886.77616119385 3814.86680984497 3978.54298782349 4969.25311279297 4466.6601600647 4221.19647216797 3416.82460784912
1575.73476600647 2602.36092948914 3759.3925819397 3890.56562042236 3651.71367645264 3848.98438644409 3941.61642074585 3986.17617416382 3417.36132049561 2881.90585327148 2659.1679649353 2802.12892150879 3004.68085861206 3216.85548782349 3082.83477401733 3464.71992874146 4426.63205718994 4692.47577667236 5222.97733306885 5452.46832275391 4814.26561737061 4744.288646698 3193.68437957764 3265.43981170654 4772.03863525391 5791.08319854736 5709.06758880615 5105.86953735352 4295.31092834473 4360.16368865967 5687.53205871582 5811.25156402588 4528.41913604736 3829.0218963623 5265.38433837891 6443.59770202637 5020.32188415527 3600.33751296997 4022.11641311646 3649.34529876709 3707.88282394409 3986.92106246948 4560.53747558594 4053.52384185791 3537.26485061646 3320.74532699585
1524.30194282532 1519.0695400238 1889.62891960144 2423.48477554321 3282.87540435791 3052.48046302795 2973.82071685791 3459.79413604736 4120.72225952148 3982.54958343506 3231.29963302612 3103.26013183594 3598.68047332764 3669.43906784058 3195.96873474121 3086.47499084473 3659.25156402588 4106.75196075439 4879.62933731079 4310.57615661621 3940.27774429321 4287.53516387939 2982.02109527588 3692.51913833618 5536.91017913818 5626.43828582764 4951.36210632324 4757.05233001709 4214.40036010742 4478.7328338623 5276.57965087891 4817.31524658203 4302.27812576294 4208.62226486206 5070.03556060791 5031.51603317261 4261.92813110352 3381.82498931885 3550.29412460327 3460.39727401733 3736.12108612061 3956.61832427979 4050.08709335327 3538.70195770264 3225.16250991821 3444.86444473267
1864.43242645264 1767.76757621765 1871.57968330383 2444.74648857117 2287.76368713379 2146.11952209473 2157.16053962708 2066.11835479736 2978.56211090088 4204.899974823 4027.72615814209 3344.37733078003 3968.70192337036 3990.77969360352 3592.71171569824 3169.93789291382 2777.31525039673 2962.7964630127 3322.53398513794 3369.81992340088 3299.48007965088 3014.4296836853 3259.53438186646 4251.40197372437 5154.60822296143 4584.5249671936 4220.20936584473 4711.28004455566 4629.50002288818 5392.8667755127 4418.16954421997 3883.76951217651 4082.18239593506 4055.37187194824 4081.71794128418 3384.45859146118 3256.33319091797 3341.35039901733 3510.126953125 3392.43047714233 3574.26095581055 3777.41758728027 3547.94882583618 3150.34882736206 3362.40977478027 3621.70467376709
2335.35819816589 2110.85156822205 2209.57578849792 3003.26951980591 3378.90702819824 3510.158203125 3104.8730430603 2595.63984680176 1951.52461051941 2845.85119056702 3504.66055297852 3689.1777305603 3410.48945999146 3477.44181442261 3530.00587463379 3249.41641235352 2924.32891464233 2382.16133117676 2382.45312309265 2500.47772216797 2478.30350875854 2858.21677780151 3762.1625213623 4941.17617797852 4314.81250762939 3792.11252212524 4349.05154418945 5101.02068328857 5016.70426940918 4825.53006744385 3836.61835861206 3786.23712921143 4306.44687652588 4631.93437194824 4149.70116424561 3189.05116271973 3161.98596191406 3285.96562957764 3408.30352020264 3407.15586090088 3489.79062652588 3609.29021835327 3265.33045578003 3071.05781173706 3503.39530563354 3559.53243255615
3601.64961242676 2716.65156173706 2682.68633270264 3088.11952590942 3387.8984336853 3094.82383346558 2934.23476791382 2773.17734527588 1982.1835899353 2593.24024963379 3583.65272903442 4807.88284301758 3207.36598968506 2699.00076675415 3069.48830032349 2956.63401412964 2675.66132354736 2356.50820541382 1856.46912956238 2017.87539863586 2579.97814178467 3078.36014175415 3347.42070007324 3552.00703048706 3509.75119018555 3464.41680145264 4812.84299468994 6158.85076141357 5674.76290130615 5190.47774505615 3752.29257583618 3673.25975799561 4133.12107086182 4876.18831634521 4146.63706970215 3232.86953735352 3136.1289024353 3434.51760101318 3551.74531555176 3464.02695846558 3517.56563186646 3285.97578430176 2942.37733078003 3260.5000038147 3529.06407165527 3787.73552703857
3870.98010635376 2908.18592071533 2808.22890853882 2940.77891540527 3215.11053085327 2941.10000610352 2919.56914901733 2938.3754119873 2130.23320198059 2309.84492492676 4114.86717987061 4207.21873855591 3025.53983306885 2416.33517456055 3036.62657928467 3130.40272140503 2488.5996131897 2361.30193901062 1838.83671760559 1945.8371257782 2661.61563110352 4115.82618713379 3968.87890625 3121.16835403442 3031.9277305603 3217.85197067261 4029.30701446533 5348.18749237061 5597.7890625 4837.79145050049 3726.26836013794 3607.44961547852 4085.62345123291 5231.67463684082 4319.81641387939 3234.47577667236 3053.0308303833 3146.96561431885 3884.36131668091 3627.17030334473 3560.32343673706 3147.64685440063 2979.189453125 3551.70195007324 3492.76915740967 3762.00782012939
3436.50429916382 2836.6640625 2998.94062805176 3018.1484375 3320.28125762939 2783.11875534058 2843.10235214233 2543.19883346558 2001.86405754089 1970.20820045471 2810.81719970703 3139.01484680176 2835.52227401733 2558.36952972412 2761.3046875 2758.01132965088 2393.6640586853 2104.89688301086 1859.27187347412 1800.76093482971 2324.90703964233 3427.90897750854 3654.35076141357 3190.92030715942 2941.09726333618 3475.11014175415 4317.82855224609 4315.68006896973 4163.33285140991 3795.9995765686 3578.58554840088 3531.43400192261 3811.98865890503 4516.91091918945 3952.00819015503 3134.37069320679 2863.63087081909 2844.35157012939 3475.03123855591 3732.23087310791 3130.15078735352 2930.27849960327 3181.00937652588 3320.04725265503 3509.44220352173 4644.7128944397
3162.42813491821 3173.38356399536 2849.02188873291 2790.14529800415 2459.70899200439 2280.14488983154 2631.55780792236 2568.03790664673 2671.68865203857 2523.73983764648 2465.86679840088 2443.07930374146 2884.84296417236 3040.12343215942 3233.16328430176 3388.96952056885 2210.583984375 1889.84610176086 1810.91366958618 1841.32108879089 2177.91250419617 2956.05039215088 3307.11171722412 2952.34298324585 2938.16602706909 3834.97304534912 4624.41485595703 4195.12031173706 3898.53319549561 3738.37814331055 3504.40740203857 3368.68631744385 3601.10858154297 4113.31133270264 3660.04998779297 3010.87031936646 2830.80742263794 2819.30000305176 2976.76406097412 2860.427734375 2658.53357696533 3022.54452896118 3323.57108306885 4012.21913909912 5671.00234985352 6989.57693481445
3674.82149124146 2930.77419662476 2640.63161087036 2594.76757049561 2510.78788375854 2472.93712234497 2444.73867034912 2545.79335403442 2540.20703125 2351.20624160767 2027.95664024353 1845.6054649353 2929.40350341797 3640.84414672852 3467.28202819824 3068.94063186646 2007.79062080383 1876.90781021118 1941.00312995911 2016.220703125 2313.13202667236 2868.13400650024 3364.15703582764 2631.2324180603 2542.78202056885 3045.75467300415 3495.83673095703 3191.49220275879 3349.9496307373 3728.99219512939 3300.9277305603 3150.08750534058 3626.92969512939 4475.34337615967 4075.75390625 3166.82657241821 3294.91405487061 3771.60781478882 3095.36487197876 2712.14297485352 2857.20545959473 3617.72850799561 4530.81211471558 6616.76131439209 7332.03554534912 6822.85903167725
3178.83515167236 2736.57109832764 2703.72264862061 2697.68202590942 2514.77773666382 2514.08633422852 2437.82890319824 2704.81562423706 2484.31563186646 2014.92578125 1878.26640510559 1713.06992530823 2470.77110862732 2779.58436203003 2395.31875038147 2137.63790512085 2051.63085746765 2715.1132850647 2862.30390167236 2391.46054458618 2457.60548019409 2900.98163986206 3089.69218826294 2407.2128868103 2196.1113243103 2341.25897979736 2860.33047103882 2868.90155792236 2992.43555450439 3254.33906173706 3097.93632507324 3254.24374389648 4482.53319168091 5497.19995117188 4705.31521987915 3496.46444702148 3902.82027816772 4148.31407165527 3486.07458877563 2801.15311813354 3010.48124694824 4164.51248931885 5753.6429901123 7107.41831970215 6859.19298553467 5488.13438415527
2918.92970275879 2941.15116500854 2984.2753944397 2903.0659942627 2692.53982162476 2594.20233917236 2537.20313262939 2514.63555526733 2502.53201675415 2221.21992492676 1987.68165016174 2160.83283233643 2252.91092681885 2040.68242835999 1982.79453086853 2084.48320960999 2409.52930450439 3432.61563873291 3577.20936584473 2797.34804916382 2383.31798553467 2882.73280715942 3095.19493103027 2348.29491424561 2172.20429992676 2147.21836471558 2367.03553390503 2548.89805984497 2522.06873321533 2600.47578048706 3040.78789520264 3929.53979492188 5589.96991729736 6358.48162841797 4780.41091156006 3880.23751449585 4314.00157165527 5027.4769744873 3846.84455108643 2715.40391921997 2941.76329040527 4391.9097366333 6147.03121948242 6038.44026947021 5601.19766998291 5051.48319244385
2761.84767913818 2756.03634262085 2654.51015090942 2491.5175819397 2467.05115127563 3273.75508117676 2797.71173858643 2510.75468444824 2338.34882736206 2381.40196990967 2181.48281097412 2429.67853355408 2691.94295501709 2217.79999351501 2117.74375343323 2328.74608612061 2800.37343597412 3380.61601638794 2836.65195846558 2551.27185821533 2079.33554649353 2212.71054840088 2544.94961547852 2264.0917930603 2199.98397445679 2138.87657928467 2304.19725799561 2490.44923019409 2379.55430603027 2514.98282241821 3117.46327590942 4253.39959716797 5621.75276947021 6053.20817565918 5467.47464752197 4380.12145996094 4475.24919128418 4999.8203125 4249.76838302612 2769.79805374146 2905.37381744385 4743.19724273682 5362.81526184082 4340.47500228882 4113.38203430176 4807.37617492676
