Cases/SDM_Urocitellus_beldingi/westernUsClimate_historic/BIO18.asc
NCOLS 316 
NROWS 299 
XLLCORNER -124.820833001 
YLLCORNER 29.1625003333339 
CELLSIZE 0.0666666666645545 
NODATA_value -3.4e+38 
[rows 50 to 74 of 299, columns 228 to 284 of 316]
10954.78125 10723.65625 11322.171875 11355.484375 11582.375 11677 11879.96875 10989.25 10715.09375 10621.9375 10906.875 10723.921875 10435.828125 10081.671875 9765.359375 9664.15625 10085.3125 10456.28125 10463.671875 10404.40625 10542.6875 10886.765625 10822.015625 10652.515625 10470.484375 10428.640625 10328.34375 10115.828125 9594.828125 9069.265625 8992.734375 9561.671875 10501.4375 11323.625 11240.34375 11345.8125 11708.828125 11859.953125 11985.875 12212.0625 12132.234375 12092.765625 12019.375 12049.734375 11964.9375 12042.359375 12070.390625 12085.203125 12052.15625 11901.5625 11939.109375 12244.21875 12274.640625 12361.4375 12598.625 12376.15625 12264
12189.234375 11614.515625 10807.1875 10536.171875 10557.03125 10703.078125 10779.71875 10602.21875 10322.703125 10125.375 10250.609375 10126.359375 10137.296875 10031.765625 9949.265625 10139.671875 10306.421875 10541.625 10555.421875 10508.875 10529.953125 10726.375 10615.5 10491.625 10443.265625 10508.90625 10466.640625 10360.6875 9976.609375 9475.515625 10051.15625 10170.203125 10620.203125 11561.546875 11694.0625 11398.390625 11702.65625 11741.171875 11954.484375 12107.21875 11809.890625 11707.703125 11737.921875 11634.4375 11892.65625 12347.453125 12580.34375 12472.890625 12064.0625 11927.796875 12059.796875 12533.28125 12675.09375 12561.1875 12702.8125 12441.078125 12295.171875
12948.484375 12661.140625 11861.640625 11185.078125 10484.734375 10511.78125 10372.78125 10008.359375 9746.921875 9783.5 9798.65625 9880.9375 9846 9961.734375 10410.84375 10700 11040.375 10757.34375 10544.8125 10733.46875 10797.609375 10692.625 10648.734375 10648.75 10630.828125 10660.359375 10777.578125 10547.078125 10057.765625 9987.875 11037.796875 11195.859375 10752.015625 11227.640625 11763.65625 11780.40625 11591.546875 11545.046875 11599.140625 11414.734375 11189.890625 11226.109375 11639.0625 11937.609375 12049.75 12445.34375 12782.234375 12416.484375 12052.515625 11926.203125 11967.40625 12226.546875 12374.328125 12486.640625 12647.40625 12354.921875 12053.4375
12669.8125 12281.875 11437.90625 11208.4375 10913.8125 10839.265625 10584.0625 10090.203125 9640.984375 9600.453125 9482.75 9264.6875 9397.953125 10078.078125 10905.6875 11220.875 10927.59375 10590.578125 10496.765625 10892.21875 11195.859375 11120.4375 11060.046875 10930.328125 10866.15625 10844.828125 10817.65625 10538.5625 10175.796875 10632.3125 11388.703125 11280.734375 10893.59375 10938.171875 11240.484375 11637.5625 11754.078125 11664.5625 11327.5 11028.015625 11190.078125 11774.265625 11892.765625 12095.1875 12464.296875 12430.140625 12713.8125 12535.15625 12048.671875 11937.796875 12169.15625 12151.15625 12326.671875 12444.203125 12538.46875 12342.84375 11513.546875
13532.03125 13012.109375 12351.734375 12066.90625 11116.546875 10498.9375 9903.015625 9467.9375 9415.703125 9365.796875 9159.390625 8654.890625 9222.15625 10137.5 11023.015625 10997.734375 10663.875 10601.96875 10830.171875 11060.296875 11312.796875 11238.125 11222.765625 11164.515625 11096.84375 11142.703125 11045.390625 10670.359375 10560.21875 11231.03125 11949.421875 11583.390625 11314.71875 11163.890625 11698.625 12004.890625 12249.796875 12064.28125 11567.8125 11479.078125 12054.25 12346.71875 12227.375 12207.234375 12229.734375 12488.75 12367.984375 12013.03125 11835.875 12183.46875 12675.421875 12378.71875 12420.84375 12548.515625 12619.171875 12681.578125 11793.953125
13951.90625 13510.40625 13132.765625 12431.5 10956.484375 9922.15625 9454.765625 9249 9278.015625 9139.734375 8625.953125 8565.5625 10089.8125 10836.625 11696.109375 11130.109375 11124.359375 11526.046875 11208.25 11270.71875 11259.546875 12003.21875 12028.5 11675.890625 11585.03125 11341.34375 11112.8125 10802.359375 10954.5625 11056.53125 11458.078125 11485.34375 11635.34375 11925.984375 12775.25 13469.8125 14030.640625 13619.828125 12359.421875 11936.578125 12333.453125 12532.796875 12172.484375 12063.34375 12286.265625 12334.53125 12040.703125 11951.453125 12395.96875 12851.46875 13017.984375 12745.3125 12623.265625 12700.875 12749.21875 12851.25 12736.515625
14452.5 13928.640625 13247.0625 12307.15625 11461.390625 10840.25 10482.140625 10069.328125 9356.25 8628.9375 8105.34375 8770.734375 10265.21875 11761 12858.234375 11193.84375 10662.609375 11372.734375 10946.890625 11862.859375 13155.40625 13784.3125 12933.921875 12469.90625 11998.21875 11432.375 11218.484375 11074.5 11182.765625 11157.203125 11362.140625 11680.71875 11860.75 12323.875 12996.546875 13517.34375 15076.40625 14602.796875 13405.375 12403.96875 12927.375 12589.796875 12014.375 11868.546875 12200.421875 12361.03125 11986.875 12436.765625 12805.78125 13104.734375 13288.984375 13137.96875 12936.9375 12978.84375 12943.78125 12891.15625 12732.546875
15207.34375 15490.96875 14985.046875 13837.359375 12469.75 12056.34375 11727.90625 9957.578125 8493.140625 8066.90625 8083.03125 8817.875 10798.046875 11496.8125 10822.140625 9651.8125 9184.546875 9715.65625 9968.640625 10933.734375 12749.265625 13273.546875 12927.8125 12936.875 12809 12660.84375 11861.265625 11390.34375 11458.0625 11614.40625 11654.59375 11458.421875 11251.5 11742.828125 12450.078125 12511.515625 13421.71875 14369.578125 14227.671875 13262.671875 13335.25 12235.953125 11657.125 11628.4375 11843.109375 12038.125 12219.703125 12289.9375 12773.421875 13150.296875 13389.21875 13141.390625 13003.546875 12973.84375 12937.765625 12821.953125 12629.140625
16292.15625 15591.359375 14635.078125 15248.015625 13129.28125 12522.4375 11986.078125 9089.46875 7975.921875 7524.34375 7782.671875 8337.515625 10367.375 11091.25 9873.015625 9958.953125 10267.15625 9800.234375 10921.953125 11128.421875 12002.859375 12222.703125 12624.984375 14622.296875 15620.984375 13993.21875 13480.796875 12068.40625 11736.75 11700.734375 11429.078125 11349.40625 11133.171875 10806.03125 11942.828125 12306.09375 12783.828125 14366.59375 14822.234375 13480.84375 12185.890625 11579.375 11267.890625 11314.421875 11553.921875 11934.453125 12208.6875 12608.171875 13044.765625 13538.1875 13615.5 13289.234375 13088.5625 12826.859375 12607.875 12755.171875 12603.09375
18726.0625 15102.640625 14541.671875 14111.15625 13062.078125 12882.6875 11109.5 8833.984375 7516.890625 6969 7367.0625 8058.578125 9133.25 10035.125 10240.40625 9693.0625 12231.921875 11301.109375 10152.609375 11624.65625 9566.3125 9543.859375 10450.875 12969.1875 13267.515625 14340.25 14431.28125 13120.671875 12377.640625 11806.265625 11713.21875 11780.75 10948.3125 10559.265625 11405.921875 12124.703125 12520.828125 13630.796875 13808.703125 12449.25 11060.421875 10435.859375 10532.84375 10980.640625 11480.421875 12029.25 12471.046875 12976.390625 13597.984375 14157.953125 14108.890625 13709.359375 13259.40625 12604.625 12352.1875 12595.390625 12771.859375
17661.046875 15033.8125 14483.5625 14363.640625 14569.578125 13974.140625 10481.0625 8003.796875 7082.890625 7410.90625 7794.671875 8714.40625 8521.078125 8526.953125 9387.40625 10051.640625 8913.953125 8402.796875 7621.609375 8027.25 6615.65625 7024.5625 7652.34375 8526.390625 10684.046875 14111.09375 14510.5 13952.34375 12870.1875 12367.890625 12007.25 11258.578125 11044.8125 10974.390625 11415.515625 11445.953125 11923.09375 12792.265625 12469.203125 11642.78125 10573.65625 9553.84375 9750.75 10790.5 11519.03125 12065.046875 12399.15625 12727.9375 13181.015625 13782.515625 14302.859375 13932.421875 13038.125 12111.65625 11715.40625 12320.828125 13362.8125
15512.953125 14959.125 15268.90625 16383.59375 14734.984375 11495.0625 9480.515625 7523.78125 7229.796875 8137.46875 8263.734375 9058.890625 8216.34375 7224.03125 7222.828125 7434.953125 6875 6467.5625 6100.796875 5943.65625 6086.5 7138.328125 7400.65625 7634.265625 9407.75 13459.625 14297.96875 14183.890625 13685.828125 12971.8125 12485.25 12238.21875 11908.828125 11346.203125 11106.484375 11033.6875 11598.40625 11801.671875 11818.5625 10458 9504.25 9384.1875 10248.546875 11058.703125 11510.875 12123.90625 12158.609375 12503.8125 12912.765625 13218.640625 13267.21875 12920.578125 12475.140625 12171.234375 12121.078125 12475.171875 13089.921875
14190.609375 14548.625 15142.078125 16207.46875 13487.9375 9392 7715.96875 7018.765625 7332.046875 7787.96875 8488.796875 9365.21875 7932.6875 6973.515625 5971.328125 5665.984375 5557.828125 5641.859375 5667.28125 5595.359375 5530.03125 6513.828125 8880.484375 10341.4375 12276.359375 13514.5 14638.25 14440.984375 13896.28125 13961.03125 14109.21875 13842.609375 13419.046875 12495.25 11222.59375 10279.65625 9968.453125 10096.984375 10338.28125 9881.625 9833.25 10596.546875 10944.21875 11032.828125 11177.984375 11954.71875 12217.515625 12263.15625 12441.484375 12475.203125 12459.03125 12368.484375 12346.875 12216.875 12269.265625 12496.640625 12885.015625
11175.640625 11822.984375 13911.703125 15184.09375 11475.625 8210.25 7466 7242.59375 7253.15625 7314.703125 8159.078125 8446.328125 7572.796875 6741.28125 5981.765625 5622.953125 5496.078125 5489.359375 5467.796875 5446.5 5283.453125 5135.09375 6378.234375 11491.484375 13724.390625 13630.15625 14533.515625 14345.78125 14368.484375 14157.34375 13833.328125 14327.515625 15151.859375 14361.828125 11595.40625 10248.09375 10192.78125 10460.515625 10331.171875 9459.375 10547.34375 10908.375 11677.65625 11937.203125 11664.796875 11681.15625 12095.8125 12309.765625 12314.703125 12209.328125 12217.71875 12081.03125 11794.71875 11761.984375 12124.84375 12443.296875 12631.765625
13181.59375 12409.375 11418 11542.375 11683.859375 8653.015625 7920.921875 7618.890625 7493.71875 7185.421875 7283.46875 7161.640625 6446.265625 6274.234375 5995.09375 5612.640625 5534.984375 5653.765625 5767.578125 5884.15625 6334.71875 5161.40625 5721.546875 8113.328125 11909.515625 13243.671875 14463.375 14719.4375 15081.1875 15603.671875 14446.109375 13650.78125 15518.890625 16642.0625 14550.171875 12221.71875 11557.8125 11590.1875 10851.359375 9527.125 9970.265625 11108.875 11376.875 11532.59375 11693.578125 11955.515625 12166.0625 12158.65625 12129.03125 12073.28125 11891.125 11446.90625 11138.15625 11278.359375 11917.328125 12293.609375 12565.203125
11352.625 11518.65625 11233.90625 12409.1875 11378.796875 9065.421875 8580.015625 8439.609375 7849.25 7182.546875 6709.109375 6502.21875 6278.65625 6089.140625 5867.203125 5777.984375 5973.28125 6086.65625 6399.109375 6368.921875 6167.828125 5244.546875 5478.09375 6576.9375 8520.015625 10896.28125 12282.375 14105.46875 15890.25 15827.6875 15353.515625 14527.625 14942.59375 15860.984375 15265.125 14549.125 13026.59375 12257.5 12598.390625 11125.734375 11112.578125 11951.09375 11815.375 11448.5625 11959.125 12061.140625 12253.046875 12035.765625 11905.078125 11830.609375 11542.234375 11114.21875 10744.859375 10967.203125 11595.6875 12005.4375 12411.734375
13956.78125 13901.953125 13167.15625 13770.859375 12327.40625 9767.765625 8931.46875 9151.1875 8106.6875 7129.875 6821.75 6836.03125 6612.90625 6351.625 6194.96875 6109.484375 6095.6875 6374.03125 6489.609375 6484.546875 5976.5 5439.359375 5262.296875 6265.671875 7743.265625 8507.65625 9282.1875 12793.421875 14686.21875 15613.8125 16446.078125 16073.03125 15315.546875 16121.78125 15193.625 14391.609375 13827.9375 13509.25 13561.953125 13278.15625 13119.828125 12291.296875 11864.484375 11725.625 11908.484375 12073.5 12158.6875 11835.734375 11638.171875 11693.859375 11780.625 11361.765625 10690.640625 10849.09375 11359.40625 11958.359375 12172.125
17289.75 17193.140625 14103.453125 12058.734375 12110.796875 10248.65625 8844.796875 8333.5625 8140.8125 7590.328125 7929.265625 8416.796875 7734.6875 6825.171875 6519.125 6424.09375 6266.734375 6415.5 6324.875 6008.265625 5740.890625 5524.203125 5548.671875 6051.65625 6611.234375 7061.453125 7386.890625 8260.34375 11038.15625 13077.546875 14602.09375 14934.265625 15925.703125 16258.375 15175.03125 13991.78125 13242.96875 13728.046875 14557.546875 14930.171875 14260.734375 12389.484375 11944.15625 11638.296875 11437.09375 11694.234375 11940.515625 11731.734375 11750.015625 11906.921875 11836.09375 11584.03125 11075.90625 11068.40625 11401.765625 11810.578125 12010.140625
12967.484375 13433.375 12919.375 10285.125 9733.78125 9138.484375 8723.15625 8167.78125 8234.265625 8043.9375 8080.453125 8540.015625 8482.796875 7731.3125 7343.984375 7086.203125 6724.578125 6345.0625 5960.8125 5819.046875 5571.203125 5416.6875 5308.15625 5431 5628.84375 5812.203125 6092.078125 6432.40625 8009.8125 13064.671875 14528.0625 14124.28125 14665.140625 15853.796875 16359.296875 14755.703125 13817.71875 14162.671875 14435.453125 14631.734375 14487.375 12205.578125 11518.046875 11366.953125 11413.015625 11508.765625 11791.359375 11811.515625 11837.625 11791.9375 11709.171875 11500.6875 11252.21875 11295.046875 11699.96875 11849.046875 11937.75
9867.359375 9249.59375 8989.296875 8732.140625 9106.84375 8138.6875 7907.328125 8098.125 8387.296875 8348.4375 8240.359375 8115.375 7900.328125 7721.25 7568.921875 7460.09375 7059.4375 6644.71875 6307.875 6259.546875 5888.546875 5668.5 5424 5163.53125 6046.890625 5972.9375 6385.359375 7373.734375 8465.140625 11332.359375 14323.46875 14179.171875 14609.609375 15911.40625 16699.984375 16384.1875 16503.25 16389.015625 15725.6875 15101.609375 13620.15625 11896.75 11312.296875 11175.4375 11236.046875 11206.96875 11338.625 11365.84375 11437.09375 11462.015625 11441.59375 11351.25 11109.84375 11369.09375 11749.375 11879.0625 11794.53125
13487.765625 13334.5625 12375.265625 10652.03125 9038 8340.75 8446.546875 8303.25 8368.0625 8442.203125 8353.3125 8229.5 8061.09375 8126.359375 8031.4375 7621.8125 7022.953125 6664.625 6353.625 5989.84375 5720.6875 5518.078125 5455.75 5130.296875 5887.5 6545.59375 6458.828125 7242.328125 8722.421875 10780.859375 13064.875 15069.015625 14471.015625 15175.453125 16130.15625 17095.65625 18109.3125 18560.015625 17613.09375 15589.984375 14158.359375 12436.84375 11542.5 11119.515625 11018.546875 11074.328125 11093.578125 11000.859375 11107.546875 11331.8125 11519.53125 11298.546875 10876.125 11142.765625 11427.171875 11652.28125 11662.03125
15570.703125 12585.984375 10090.625 9130.1875 9861.015625 10868.640625 11235.421875 9677.859375 8832.5625 9086.140625 8701.28125 8542.15625 8501.25 8306.171875 7940.515625 8010.359375 7926.15625 7549.9375 6817.234375 6329.234375 6068.984375 5879.171875 5581.796875 5339.296875 5446.59375 6108.640625 6213.703125 6587.140625 7582.3125 8422.34375 9761.734375 12199.90625 14686.6875 14688.515625 15137.984375 16362.703125 17256.9375 17932.828125 17363.953125 15482.53125 14681.796875 13810.359375 12187.671875 11164.8125 11027.421875 10985.734375 10977.765625 11046.234375 11047.921875 11120.03125 11061.28125 10743.828125 10336.640625 10628.875 10960.234375 11197.203125 11310
12285.40625 9509.765625 10305.203125 11774.34375 12875.640625 14310.953125 13169.109375 11382.21875 10571.140625 10019.578125 9326.953125 8909.453125 8651.734375 8349.328125 8111.5625 8367.671875 8031.953125 7598.578125 7023.03125 6777.25 6854.1875 6720.109375 6056.125 5726.40625 5467.078125 5579.359375 5819.0625 5942.125 6598.890625 7420.828125 7919.140625 9184.390625 12376.0625 15078.65625 14530.6875 14856.296875 15465.65625 17024.59375 17399.921875 15267.09375 15326.21875 14503.328125 12086.09375 11323.328125 11109.75 10953.40625 10787.765625 10806.3125 10900.203125 10937.828125 10830.34375 10406.734375 9984.0625 10225.015625 10531.453125 10745.859375 10945.953125
11128.109375 10803.359375 13475.203125 14445.375 13651.359375 13511.921875 12467.046875 11406.984375 10774.09375 10271.390625 9645.125 9216.25 9393.203125 8444.484375 7929.25 7641.515625 7286.78125 7034.46875 6782.3125 6725.328125 6852.140625 6873.34375 6697.421875 6201.75 5963.234375 5627.265625 6060.453125 6354.90625 6342.421875 7152.84375 7833.640625 8953.984375 10847.71875 14342.703125 13466.953125 13593.21875 14266.921875 15040.875 17005.578125 16353.09375 16187.734375 14279.203125 11736.015625 11141.375 11028.140625 10775.953125 10664.46875 10743.234375 10847.6875 10855.96875 10791.65625 10437.8125 9973.21875 10141.90625 10347.609375 10331.265625 10619.84375
11883.84375 13239.046875 13358.03125 12566.296875 12077.96875 12038.421875 11469.078125 10896.96875 10595.6875 10329.625 10063.96875 9974.015625 9553.390625 8537.0625 8271.984375 8141.828125 7867.84375 7216.015625 6859.734375 6672.5625 6594.09375 6585.59375 6624.734375 6347.734375 6113.1875 5721.15625 6370.296875 6617.875 6781.140625 6707.09375 6815.984375 7049.53125 8647.765625 11818.109375 12846.921875 12458.359375 13395.40625 13934.078125 16097.78125 15617.421875 15064.3125 14128.75 11951.84375 11294.25 10927.296875 10608.34375 10555.0625 10646.390625 10713.578125 10713.703125 10677.453125 10523.296875 10162.984375 10348.359375 10481.03125 10503.25 10763.265625
