Cases/SDM_Urocitellus_beldingi/westernUsClimate_historic/BIO17.asc
NCOLS 316 
NROWS 299 
XLLCORNER -124.820833001 
YLLCORNER 29.1625003333339 
CELLSIZE 0.0666666666645545 
NODATA_value -3.4e+38 
[rows 168 to 188 of 299, columns 46 to 91 of 316]
388.722655296326 342.472657680511 335.027343273163 317.300000190735 307.232811927795 298.807028770447 292.459763050079 297.660936355591 326.499610424042 358.410548686981 352.711719512939 316.534378051758 276.76523399353 279.583201885223 379.203907012939 531.631641387939 600.503517150879 573.38632774353 632.919923782349 713.189058303833 722.121091842651 724.618359565735 824.825004577637 919.430468559265 1139.13437652588 1255.38281536102 1400.19180297852 1714.88319587708 2057.94414138794 2672.23242950439 2847.45586013794 2746.04452514648 2183.11484718323 2690.86993598938 3490.63593673706 3919.75743865967 4086.64961624146 5635.93475341797 5427.81954193115 4203.46601486206 4105.70584487915 4412.94842529297 4274.92148590088 4456.91287612915 3909.56367492676 3564.86407089233
405.424221038818 377.847654819489 341.731641292572 323.614455699921 304.151172637939 287.485157489777 268.510547161102 308.045701980591 358.092967987061 349.062891483307 349.605859279633 366.830860137939 348.292189121246 321.255077362061 387.077736854553 534.343358039856 606.299222946167 594.379293441772 619.208200454712 638.201563835144 637.059369087219 689.93320274353 844.490624427795 1144.84140777588 1203.23828315735 1206.2246055603 1442.76406097412 1564.76874732971 1660.78944969177 1376.05546855927 1775.41718292236 2975.15116691589 2771.96953964233 1851.43438148499 2821.14493560791 3187.59687423706 3300.48398971558 5256.30546951294 5941.8324432373 4179.95118713379 3959.05427932739 3865.26405715942 4050.24723434448 4383.22306060791 4489.33982849121 4304.86054992676
380.22890663147 431.107425689697 380.06210899353 331.768749713898 304.046092987061 297.902345180511 283.979685306549 300.278125286102 347.997265338898 343.874998569489 402.043357372284 449.424218177795 461.749219417572 421.494920253754 420.081248283386 445.125780582428 516.964846134186 493.691799640656 487.680468082428 524.673046588898 540.194141387939 650.991795539856 737.711718559265 857.560154914856 1159.3277387619 1004.56523227692 1186.6117181778 1424.13593864441 1682.00430488586 1244.19687461853 1283.5245923996 2173.21287155151 2493.74999809265 2189.70935630798 1896.87733268738 2154.33710670471 3224.16717529297 5835.89332962036 5537.54418182373 5032.40270996094 3860.98476791382 3357.92966461182 3623.4140625 3609.51015090942 3672.14880752563 3945.24257278442
386.553125858307 477.267579555511 532.230076313019 451.466406345367 351.806249141693 300.875783443451 294.530856132507 304.591798305511 344.091796398163 402.38671875 477.778122425079 564.598435878754 583.374220371246 483.571090698242 415.562501430511 413.312890529633 413.373048782349 420.630467891693 410.260155200958 420.694138050079 498.553516864777 596.038280963898 605.047656059265 688.028509140015 810.196483612061 725.83984375 976.057814598083 1008.33281135559 1135.09179496765 1335.01796150208 1637.00547027588 1179.71562099457 1317.28241825104 1111.06758308411 1326.54101371765 2439.39531707764 2011.5597743988 2385.54454135895 4308.95038414001 3575.77149200439 2463.33711051941 3049.25897979736 3991.6742401123 3799.24686431885 3859.27461624146 3905.58243179321
523.899998188019 574.096485614777 644.484375 618.333981990814 451.267581939697 336.181250095367 297.456249713898 300.548829555511 338.862888813019 418.80039024353 499.688673019409 591.914060592651 576.075001716614 459.797656536102 445.354688644409 430.296482563019 403.509766101837 402.607812404633 398.137890815735 392.060544967651 418.524221897125 513.432811737061 559.246098518372 729.731637001038 728.504298210144 740.124217033386 792.374216079712 1094.67382621765 1224.78672409058 1324.06835174561 1448.22031402588 1676.3066368103 1178.6230506897 720.573438644409 862.669923782349 1326.15155506134 973.683604240417 746.580078125 1332.02383041382 1752.42577552795 1312.99648952484 2069.58986473083 3322.98906707764 3850.27774047852 3811.85311889648 3892.36600112915
712.715232849121 632.169919967651 639.532814025879 558.872266769409 462.471094608307 405.211719989777 364.061715602875 332.432812213898 326.931641101837 356.289842128754 422.781245231628 438.417973518372 376.172657966614 326.98671913147 378.341795921326 389.390625 329.265232086182 335.102737426758 362.260934829712 365.046484470367 356.969140052795 412.33828163147 526.242582321167 668.301565170288 807.899605751038 879.143746376038 863.296874046326 987.949602127075 1181.89726734161 1513.81445503235 1740.97734260559 1612.17539405823 1787.24334907532 1443.5917930603 1367.48633384705 1407.89687728882 1088.66249275208 1184.90038585663 1627.02382183075 2026.82146453857 1642.33202552795 1466.75273132324 2423.05741500854 3217.55274200439 3521.392993927 3779.76329421997
702.160154342651 719.060154914856 586.070314884186 471.173438549042 409.533983230591 363.027345180511 341.599219322205 342.28515625 330.953127384186 314.165234088898 337.599608421326 346.79140663147 319.090626001358 271.117186069489 307.768750429153 313.868750572205 307.493357658386 269.826564073563 278.842190742493 331.183593273163 413.314843177795 460.149214267731 521.981640338898 594.035545349121 706.908205986023 838.612107276917 793.001173973083 867.881639480591 954.827341079712 1163.97109222412 1512.13670730591 1905.76955032349 1964.55275154114 1889.95195198059 1945.81014251709 1909.88241577148 1851.59024238586 1838.39961242676 2051.76250076294 2218.96248435974 2052.22813796997 1999.29491615295 2063.43397140503 2292.7070350647 2544.97694969177 3787.82225799561
727.069144248962 707.129693984985 520.139842987061 335.725779533386 338.635547637939 328.031641483307 313.625391483307 333.666407108307 289.553123474121 266.942578315735 274.354297161102 298.26601600647 320.648829460144 326.223046302795 324.139061450958 320.996873855591 277.191015720367 196.948828458786 218.589844226837 300.790625572205 398.005859851837 512.492966651917 546.618359565735 551.189454555511 641.133986473083 818.979696273804 861.176166534424 802.758590698242 779.885549545288 992.644136428833 1176.67695140839 1342.42929649353 1514.04376029968 1588.18281745911 2085.50038719177 1846.56133270264 1759.32968330383 1880.43984794617 2275.5109462738 2221.9648475647 2076.14687919617 2020.70155143738 1836.08007240295 2333.25038146973 2953.73515319824 4575.77418518066
640.174213886261 733.95468711853 648.475776195526 340.197658538818 332.207030296326 389.04843711853 313.521485328674 294.628514766693 269.558983802795 258.505078077316 217.457032203674 231.98203086853 266.189843893051 303.345314979553 327.940235614777 324.051952838898 307.041015386581 256.846875667572 280.130467891693 306.306248664856 323.442969322205 395.892576217651 430.123825550079 394.092577934265 481.577341079712 618.282029151917 717.669531822205 664.17578125 586.305857181549 735.751173019409 931.878908157349 970.330858230591 1464.66602706909 1733.84530258179 2006.46600532532 1916.82266616821 1627.79725456238 2016.37656974792 2176.18281173706 1975.68476676941 2033.82812690735 2128.33435630798 2188.48048019409 2343.90938186646 3156.67655944824 3845.92460632324
557.800392150879 648.625782966614 804.753123283386 452.317575454712 315.049609661102 308.862499713898 297.988283157349 283.50820350647 276.73984336853 242.865624189377 205.832812786102 207.046874284744 244.76796913147 263.568749904633 311.519143104553 326.033595085144 321.842577934265 317.262498855591 311.108201980591 310.291796207428 312.66054725647 271.861328363419 250.467968225479 294.017187595367 405.746876239777 559.297262191772 606.589844703674 541.764064788818 601.157423019409 655.445702552795 878.417188644409 1161.86483669281 1431.11248683929 1472.71601104736 1605.1777305603 1720.98789024353 1621.21992683411 2305.40234375 2260.02109336853 2073.31288337708 2150.77265167236 2125.19570350647 2392.00936508179 2256.74062156677 2514.28632736206 3172.9296875
421.682811260223 412.89491558075 515.350780963898 520.284374713898 309.424610614777 287.595704555511 304.775000095367 301.567969322205 308.028905391693 267.444531202316 207.542968988419 220.879296541214 250.744141101837 262.378906726837 268.144920349121 318.598828792572 324.915626049042 321.355859279633 320.384766101837 320.581252574921 311.168361186981 264.127734422684 230.946094274521 276.338282823563 356.806250095367 457.86093711853 571.051559925079 549.998826980591 550.776168823242 515.456641674042 656.773437976837 796.250783920288 859.23828125 1021.1253900528 1233.89764785767 1375.38710212708 1488.6445350647 2105.51288986206 2434.6640663147 2131.35897254944 2087.50741767883 2308.34415817261 2519.74728393555 2392.62851715088 2542.28828430176 2798.2468624115
504.103907108307 381.151170969009 268.442966938019 411.067970752716 376.108983039856 278.100779771805 367.5234375 382.356250286102 337.489062786102 267.330858707428 208.007812023163 252.673047065735 255.182420492172 257.783202886581 259.506642341614 272.450001716614 326.633592128754 307.015231609344 322.753516674042 325.200780391693 314.080467700958 295.383202552795 296.163671016693 293.707421302795 327.869527339935 387.169919490814 450.456642627716 502.926950931549 446.991403102875 301.758204221725 297.440623521805 452.954296350479 731.795313358307 671.564845085144 880.618750572205 1064.49492549896 1656.33711051941 2022.2785243988 2288.37538528442 2178.75078964233 2457.74063491821 1988.427734375 2031.13515281677 2067.24101448059 2381.2550983429 2703.78047943115
586.817970752716 544.080468177795 403.235935688019 436.724608421326 488.339848518372 426.539844512939 399.830467700958 386.206640720367 326.077342510223 247.050781965256 208.891406059265 211.846874952316 248.739454030991 250.949998140335 258.058593273163 263.143750190735 268.660154819489 261.46836066246 248.499220371246 257.890235424042 276.344920873642 300.183593273163 298.892188072205 298.596874237061 300.91250038147 342.399608135223 375.755858421326 398.520706176758 383.19335603714 286.758594274521 237.646482944489 301.916015386581 474.595701694489 691.156640052795 932.070311546326 922.387892723083 1254.14375019073 1443.96405220032 1833.25273132324 1957.01757621765 1999.30431175232 1793.74609184265 1682.71445655823 1969.83164024353 2066.19414710999 2948.08633422852
644.539843559265 766.375784873962 610.375000476837 478.490627288818 507.257036685944 485.176171302795 430.958982467651 423.367969512939 384.789455413818 287.176563024521 222.146093130112 202.742969989777 213.92343878746 247.379688024521 256.737108707428 261.432030677795 260.801172018051 243.12148475647 230.421485900879 218.839842796326 211.587500095367 232.204297065735 284.689843893051 303.155076503754 303.223828792572 303.247656822205 315.45078086853 372.958984851837 381.592580795288 394.213673591614 466.565236568451 455.775778770447 440.353904724121 486.429298400879 694.645313262939 840.474613189697 924.786715507507 1092.31367492676 1431.8691444397 1585.09491920471 1859.41093826294 1727.34921646118 1548.7246131897 1840.31953239441 2341.80820465088 3415.74571609497
576.422260284424 850.673050880432 898.905857086182 625.596485614777 489.251952648163 451.034766674042 365.980861186981 369.957420110703 377.722656011581 336.292970657349 289.319921731949 271.649217605591 261.063281774521 246.958204030991 250.118360042572 255.234376430511 242.391797780991 227.046874761581 205.483203649521 200.624610185623 197.04453253746 193.602342128754 202.688672542572 279.972265005112 303.822658061981 303.751173496246 304.908202171326 342.838672637939 377.088281154633 394.241014480591 465.584764480591 464.416013717651 453.385936737061 433.048438072205 573.718753814697 709.831254959106 706.838673591614 797.600778579712 1166.47656154633 1238.90155792236 1485.85507583618 1555.54100799561 1616.19491195679 1635.9777431488 1818.28436470032 2075.31289291382
573.93515586853 702.831638336182 834.298440933228 618.303517341614 451.676173210144 407.904689311981 312.626564502716 236.108204126358 223.228124380112 321.370703458786 331.010938167572 329.60117149353 330.860546588898 233.800389766693 182.569141149521 186.671484708786 209.569530487061 203.485546112061 201.279297828674 167.1171875 147.167188405991 154.421874523163 184.241015911102 204.389454126358 285.67734336853 303.074217319489 301.503907203674 330.226172924042 362.758592605591 416.337109088898 427.891405582428 421.394141674042 408.364841938019 408.471873283386 461.705078125 545.734765052795 576.256251335144 620.871096611023 927.043351173401 971.454685211182 1105.04219532013 1268.61366653442 1404.55623817444 1510.09100341797 1784.94766616821 2118.3574256897
533.387890815735 589.625001430511 720.482032775879 707.676956176758 549.180468082428 422.140624523163 294.067186117172 224.444922208786 157.90664100647 162.640625476837 234.356251955032 304.821091890335 255.577342987061 166.428906083107 137.081640601158 166.495313405991 201.395701408386 202.415627241135 200.324609041214 160.326170921326 147.683984041214 146.244531154633 156.446483373642 196.644140958786 202.557811737061 275.822264671326 303.151951789856 348.668749332428 354.137111186981 416.319529056549 436.879684925079 412.267577171326 406.637889862061 402.400780677795 398.287499427795 397.341407299042 507.385156154633 625.257810592651 867.180079460144 1199.95976161957 1245.78359031677 1422.76445007324 1493.72265625 1615.55194854736 1686.76953697205 1790.34257888794
451.90976524353 498.330862045288 524.228907585144 649.676169395447 639.718750476837 398.628124713898 340.044529676437 231.491796970367 155.599608659744 147.434766054153 164.216016054153 237.1703145504 184.846874237061 143.147656917572 152.791016101837 193.870703935623 245.347656488419 238.46523475647 206.08945274353 188.501952648163 152.760938167572 146.550782203674 165.06054520607 199.518749713898 199.283983230591 208.373828172684 260.030859231949 289.812891483307 334.717967510223 394.938671112061 413.280075073242 410.2109375 408.869922161102 402.904684066772 395.398045539856 411.499219417572 480.44570016861 612.680862903595 762.44179725647 908.403901100159 1252.48320293427 1368.12499809265 1561.05390548706 2172.62615776062 1948.82773780823 1605.92890739441
417.87890625 396.164062023163 378.825001716614 437.360938072205 457.907813072205 445.273830413818 397.429690361023 270.663669347763 189.073436975479 173.921485185623 155.548046588898 231.724610090256 225.917576551437 196.599608898163 226.333984136581 277.008592844009 327.870703220367 303.407814025879 247.315232992172 199.965625047684 194.937111377716 179.547656059265 197.064454555511 202.367188453674 202.18398475647 201.788281440735 211.494921445847 250.280859947205 297.804687023163 334.447263240814 368.377736568451 394.193752765656 405.962498664856 400.146482944489 420.37070274353 452.737108230591 457.991404056549 482.48007440567 590.754683017731 848.360157966614 1144.3183631897 1371.28907394409 1567.94686698914 2210.7121257782 2557.642993927 2491.57697105408
500.20546579361 463.016800403595 371.443751335144 346.198049068451 333.395701885223 341.677343845367 356.63320350647 281.401171922684 232.679295778275 205.271484375 177.524998426437 254.698437929153 275.706248760223 272.172264575958 267.026172876358 303.671874046326 345.587111473083 316.092580795288 243.383594512939 197.589453458786 200.800781488419 204.541015148163 205.539061307907 205.591407775879 212.239063262939 223.500391960144 210.130078077316 202.642969846725 229.403516054153 274.982423305511 306.74570274353 330.751173496246 339.305469036102 347.609764575958 388.998828887939 435.219142436981 454.298044681549 454.341018676758 569.565618991852 644.226168632507 961.696878433228 1277.04140472412 1467.87460899353 1769.11640548706 2181.09646987915 2476.82970428467
543.419531822205 609.252736091614 520.126954078674 327.732812166214 266.832815408707 246.199609518051 287.612108707428 323.373046398163 296.612500429153 171.281249046326 176.622265577316 258.649608373642 310.198438167572 274.627342224121 269.797657012939 284.228908777237 298.341014862061 295.427345752716 234.971875667572 199.965234518051 201.586718559265 204.870704889297 210.962108373642 225.155468702316 233.868751049042 249.629297018051 252.115624427795 246.717188358307 215.089061975479 220.754688024521 253.270313024521 268.757029533386 285.986720085144 315.016017436981 336.327733039856 374.15078163147 399.750002384186 401.327733039856 445.006640434265 532.162498474121 780.502732276917 1011.57226085663 1143.57656955719 1429.16015434265 1567.90819740295 1888.88087081909
