Cases/SDM_Urocitellus_beldingi/westernUsClimate_historic/BIO14.asc
NCOLS 316 
NROWS 299 
XLLCORNER -124.820833001 
YLLCORNER 29.1625003333339 
CELLSIZE 0.0666666666645545 
NODATA_value -3.4e+38 
[rows 21 to 41 of 299, columns 138 to 183 of 316]
2850.99999237061 2542.41639709473 2329.35782623291 2281.07186889648 3936.41561889648 4469.42929458618 2753.03633117676 2595.87461090088 2652.52851104736 2230.67070770264 2383.34336471558 2484.26523399353 2116.11562919617 2002.55899238586 1751.81600761414 1782.43123626709 2014.13398551941 2449.70195770264 1864.21251296997 1796.36913871765 1955.17851066589 2345.67617034912 2450.19180679321 2590.04217910767 3983.31717300415 3793.97811508179 3024.85274124146 2880.75700378418 3638.72616577148 4647.73905944824 4473.79765319824 4383.79765319824 4391.7578125 3590.15312194824 3497.82773208618 5551.02384185791 5726.48474884033 6162.39337921143 5163.34174346924 4899.73279571533 3607.09883117676 3283.7714881897 4215.99729537964 3239.15039253235 1885.90195655823 1267.89883232117
3041.16407012939 2659.74493789673 2439.11525344849 2237.73202323914 2250.76013565063 2677.46950531006 2448.40428924561 2810.33281326294 3161.36053848267 2346.99335098267 2315.16874694824 2337.43320465088 2522.64882278442 2023.38515281677 1829.33241653442 1839.2546787262 1899.00937080383 2083.62032318115 2080.20312690735 1569.88282203674 1909.97539520264 2118.16483688354 2231.1320400238 2525.94882202148 3898.02422332764 3925.06406021118 3184.11836242676 2684.5390625 2813.93360137939 4226.25584411621 4133.88752365112 4048.45819091797 3917.4453125 3666.11679077148 2942.57501602173 4120.27070236206 4505.69610214233 5150.13050079346 4656.01483535767 4950.90153121948 3831.89999389648 3252.59219360352 2445.00274658203 1961.03593254089 1549.20507240295 1190.33867073059
2646.0898475647 2572.34453964233 2610.48477935791 2521.29961776733 2578.30976104736 2566.10741424561 3081.15001296997 2560.08983612061 2400.52577590942 2199.2285194397 2310.69374465942 2312.21251296997 2301.49335861206 1926.70664787292 1826.48399734497 1878.06602287292 2026.94335174561 1964.18515205383 1908.78163146973 1588.4531288147 1771.43905830383 1847.62695121765 1916.52264785767 2280.46054077148 3437.17423629761 3964.54295349121 3107.52656173706 2617.91873550415 2530.43516159058 3011.44882965088 3787.24454116821 3386.40115737915 3768.73515701294 3990.98596191406 3174.35585021973 3130.94374465942 4181.19413375854 4610.63398742676 4475.62191390991 4270.43904876709 3744.85858917236 4245.14101791382 4054.27656173706 3306.41913604736 2436.24764442444 1236.97735023499
3044.21758270264 2920.45975875854 2906.67538452148 2897.23321533203 3038.50585174561 2779.48203277588 3072.09258270264 3244.31132888794 2634.64100646973 2377.26915359497 2107.67656135559 2308.6765499115 2405.94259643555 2039.74219322205 1833.49687576294 1915.98436927795 2237.53321075439 1952.64296340942 1863.55157279968 1604.16093635559 1843.87617301941 1830.91172027588 1917.17030906677 2172.65391159058 3056.42189407349 3801.40508270264 3187.00860595703 2769.41757583618 2560.85470962524 2584.54296112061 3052.05234146118 3323.10584640503 3405.76055526733 3647.10349273682 3846.94881439209 3417.66485595703 3392.31642150879 3993.80466079712 4172.89060974121 4064.60157775879 3669.70625686646 3406.71057128906 3807.51523590088 3537.43515777588 2124.3620967865 1408.7519569397
2938.69491195679 2704.08553695679 2366.73751068115 2193.76796340942 2471.15664291382 2544.04415893555 2758.01210784912 2836.53943252563 2654.64100265503 2580.93515396118 2372.05312728882 2294.9714756012 2118.53554344177 2347.33358764648 2210.16564369202 2075.03868103027 2222.78438186646 2355.07538604736 2205.32733345032 1623.08828926086 1800.62577438354 1850.8593711853 1890.34569358826 2079.27851104736 2930.69180679321 3742.85116195679 3241.99920654297 2881.35626983643 2658.04843902588 2657.73085021973 2824.45741653442 3429.78591918945 3394.94141769409 3401.87694549561 3398.18868255615 3429.36756134033 3336.75898361206 3240.64842987061 3172.54531860352 3485.92655563354 3771.48435592651 3734.69725418091 3748.92615509033 3355.35352325439 2606.82538795471 2240.8332118988
2993.34102249146 3144.84647750854 2802.63477706909 2776.69570159912 2705.06444549561 2471.13126754761 2505.3769493103 2404.3125 2253.27813720703 2416.02109527588 2303.44412994385 2237.98984527588 2149.51601982117 2361.99492263794 2248.25154495239 2351.77694702148 2227.03239440918 2209.86639785767 2180.68009567261 2007.27851676941 2196.89921379089 2230.11758613586 1996.91171836853 2207.9511756897 2682.21873855591 3908.87733840942 3490.81210708618 3019.26092147827 3020.64139938354 2984.28398513794 2759.2949256897 3290.41875076294 3562.75741577148 3444.50038528442 3397.22306442261 3501.50702667236 3481.46796417236 3455.076171875 3086.96601104736 3211.88904953003 3786.0269317627 3944.47423934937 3896.40741348267 3764.5898399353 4423.53160095215 3401.31364822388
2647.52460861206 2930.69334793091 2974.94960403442 2970.9375 2846.67070007324 2712.52693939209 2591.72461700439 2510.02655792236 2256.69725799561 2373.44686508179 2511.41641998291 2751.47891616821 2886.10467910767 2843.69452285767 2654.10273361206 2689.64453125 2611.50546264648 2482.06329345703 2390.44414901733 2372.05352401733 2274.76054000854 2278.58750152588 2362.01445388794 2469.56600952148 2550.99999237061 2973.75975799561 3358.51406478882 3273.08634185791 3492.64336013794 3127.48085784912 2653.19648361206 2941.82304000854 3232.55585861206 3532.26524734497 3544.48125457764 3529.54256439209 3216.40623855591 3529.03985214233 3295.9081993103 3264.15898513794 3410.87148666382 3673.33360671997 3568.00860595703 3499.23360061646 3738.34959793091 3998.26797103882
2589.55703353882 2594.38554000854 2726.20665740967 2762.99140930176 2830.80116271973 2871.49690628052 2976.32500457764 2969.53007888794 2724.7499961853 2441.40585327148 2256.81056594849 2453.51992034912 2809.95510101318 2934.76366043091 2809.77188110352 2496.36015701294 2509.96524047852 2544.85898590088 2581.85664749146 2503.90898132324 2301.47187805176 2259.98046684265 2192.51561546326 2427.77186584473 2572.63710784912 2609.32656478882 2823.40155792236 2920.62071228027 3194.86093521118 2905.59061813354 2655.50741195679 2492.88359069824 2640.78944778442 3027.57655715942 3252.29376602173 3178.64295578003 2813.23202133179 3234.21485900879 3384.28437423706 3445.24100494385 3313.13866424561 3473.69647598267 3826.68514633179 3577.26054382324 3592.63205337524 4814.96563720703
2597.91484451294 2708.07186889648 2782.48516082764 2617.43592834473 2797.8754119873 2847.10703659058 3023.93904876709 3096.15938186646 2990.40584182739 2843.72031021118 2706.18086242676 2426.71757507324 2287.21367263794 2498.44686889648 2893.57656478882 2723.10157012939 2371.43553161621 2343.31797409058 2534.11092758179 2641.70975875854 2564.53943634033 2595.50078201294 2491.74803924561 2212.6933631897 2526.26054763794 3274.38709259033 3284.74843978882 3114.62617492676 3170.42734146118 2969.1484413147 2645.60548019409 2500.14608764648 2523.78516387939 2788.53164672852 2468.44765472412 2565.32889938354 2463.48514556885 2685.08632278442 3216.82224655151 3043.80039978027 3358.26446151733 3654.33905410767 3681.94414138794 4025.29376220703 3174.46640777588 3150.48867797852
2697.22460174561 2851.68242645264 3003.15312957764 2740.3808631897 2759.50897216797 2842.57735824585 2897.62889862061 3149.93124771118 3176.35273361206 3117.40079116821 2865.09531402588 2862.50704574585 2243.27968597412 2364.32733154297 2541.11250686646 2659.75587081909 2552.21211624146 2382.87929916382 2216.93087387085 2232.99571609497 2452.66445922852 2629.57695388794 2684.8730430603 2495.79959487915 3220.69609069824 3375.72618484497 3299.61131286621 3172.28242874146 3195.02537918091 3097.30311965942 3059.9535369873 2842.23475646973 2602.11875534058 2339.31291770935 2341.41836547852 2033.87655830383 2217.0371131897 2392.12929153442 2626.61366653442 2648.87891769409 2713.1933631897 3416.65468215942 3739.53514862061 3845.23086547852 2906.68906021118 2223.01602172852
2646.84725952148 3037.8984375 3429.62966918945 3001.51719284058 2794.93633270264 2930.79608917236 3025.90117263794 2968.38553619385 3145.49960708618 3144.88945388794 3394.17069244385 3072.64142227173 2564.50702285767 2322.01718521118 2380.14100646973 2397.09648895264 2445.39921569824 2392.55039596558 2349.27773284912 2399.30235481262 2110.60312461853 2094.3781375885 2275.54064178467 2499.74843597412 2802.22032546997 3206.93204498291 2977.14335632324 3028.95624160767 2710.0566444397 2687.93709945679 2670.27069854736 2679.52421951294 2567.42032623291 2049.63984870911 2269.06288909912 2296.3835735321 2304.94257354736 2314.02735519409 2305.13164520264 2302.2539100647 2776.70547103882 3045.38122940063 3017.9277381897 2840.69297409058 2798.00507354736 2722.25703048706
2825.37499237061 3051.88790130615 2618.80662536621 2669.7675743103 2679.92889785767 2995.22771453857 2898.43827819824 2789.91992950439 2984.20625686646 3089.96325683594 3246.60975646973 2952.333984375 2568.98907089233 2422.67500686646 2545.61445617676 2739.07811737061 2567.20235061646 2470.20351028442 2720.32538223267 2706.28201675415 2473.86053085327 2055.78281784058 1952.17696380615 2109.62148857117 2283.70391464233 2544.54570770264 2936.90349960327 2974.16679000854 2296.55158233643 2070.47577667236 2328.27734375 2328.63555717468 2082.19413566589 2098.08827781677 2572.36367797852 2811.04532241821 2687.7714805603 2276.5691318512 2079.77578735352 2097.5988407135 2634.47617340088 2883.8339805603 2995.24999237061 2828.59297180176 2893.07695388794 2934.54764556885
2373.13904953003 2692.91248703003 2429.55390548706 2461.62461471558 2549.28515625 2708.60820388794 2614.81094741821 2553.58710861206 2718.14804458618 2945.85975646973 3358.09532546997 3046.74922561646 2891.92499923706 2538.48320388794 2488.27656173706 2647.83828353882 2648.95077133179 2449.52772521973 2745.54297637939 2775.69804382324 2848.23634719849 2588.810546875 2077.1835899353 1862.99335861206 2119.72656059265 2285.85038375854 2305.17929077148 2750.01210784912 2833.44454193115 2311.95154571533 1907.51953315735 2079.84062957764 2436.0019493103 2701.53281021118 2649.78359222412 2850.83046722412 2873.07656097412 2688.98712539673 2279.84414863586 2093.22460365295 2371.41563224792 3184.49568939209 3126.93946075439 3072.77304840088 3000.177734375 2877.31053924561
2400.70701599121 2380.96055221558 2322.71287155151 2457.26095199585 2520.57187271118 2507.57736206055 2540.69297409058 2476.65353012085 2503.37967300415 2706.86171722412 3091.28438186646 3445.14609909058 3315.13787078857 2844.16835784912 2507.4648475647 2425.49571228027 2466.50040054321 2444.41598129272 2456.55780029297 2596.41289138794 2749.47381210327 2832.88750457764 2344.79648208618 2103.88436126709 2377.19999694824 2649.79375457764 2940.15391159058 2362.29648971558 2382.56249427795 2841.81287765503 2740.3691444397 2744.40664672852 3014.44882965088 3428.953125 3441.44648361206 3308.2675819397 3056.33906173706 2691.1874961853 2601.00117492676 2857.52813339233 3015.74334335327 2988.97149276733 2957.66131210327 2844.44570159912 2834.60780715942 2817.97500991821
2341.62498092651 2367.48124694824 2540.27578735352 2553.21758270264 2436.1269493103 2436.54179000854 2545.78710174561 2478.07735443115 2410.78202438354 2466.31093978882 2551.70038604736 2663.41405487061 3687.01328659058 3545.46327972412 3202.29026031494 2559.75469589233 2439.57696914673 2576.43790435791 2674.27265167236 2525.52188110352 2591.79179763794 2691.74102020264 2345.80117034912 2042.46406173706 2440.7519569397 2700.58047103882 3161.855052948 2823.4199180603 2509.84687614441 2398.89374923706 2387.95585441589 2617.15976715088 3032.71134185791 2698.0722618103 2407.63008308411 2598.37030410767 2939.37851524353 2952.20391464233 3062.76131820679 3149.20779800415 3240.81406402588 3372.35899734497 3090.28827667236 2561.18866348267 2379.08318710327 3029.50820541382
2415.77070236206 2444.03867721558 2503.56797790527 2424.87383651733 2451.01327896118 2605.50273895264 2637.77030181885 2540.52303695679 2451.29804229736 2579.40779876709 2928.35037994385 3723.05860900879 4202.53164291382 3372.01755905151 2887.40468597412 2609.39727020264 2560.45781326294 2690.12500762939 2853.70195007324 2936.97773361206 3204.56915664673 3240.08710861206 2507.72891807556 1934.22577476501 2236.87382888794 2632.98867797852 3160.32849502563 3227.26992416382 3011.1484413147 2628.27266311646 2962.03319168091 2964.03594970703 2848.88673019409 2476.96368026733 2208.39179420471 2117.2316532135 1883.81835746765 2084.10585975647 2719.48983764648 2874.49335861206 2941.93320465088 3107.32186889648 3246.14922714233 3012.23007965088 2195.58514404297 2333.76680374146
2347.02381896973 2365.67146682739 2353.94412231445 2556.48554229736 3085.89258575439 3116.73867416382 2979.8046875 2719.24882888794 2782.98203659058 3010.80936813354 3142.40860748291 3253.75429916382 3424.94686508179 3021.92929458618 2627.4687461853 2527.16875076294 2629.21054458618 2757.65311431885 2871.48516464233 3159.00508499146 3428.06017303467 3033.42733383179 2106.87540245056 1962.60820007324 2121.68358612061 2372.59608459473 3112.79921722412 3253.34766387939 3058.26482772827 2712.11602401733 3147.22108078003 3379.807056427 3127.35780715942 2839.44884109497 2394.85977935791 1895.79805755615 1710.32656097412 1766.5402431488 1801.75312614441 1962.259765625 2045.07929992676 2216.21212768555 2534.93709564209 2593.02577590942 1976.83398246765 1921.76758575439
2328.06053161621 2375.73165512085 2333.62070465088 2427.00742721558 2691.83086013794 2952.68125915527 3061.96599960327 2892.00391387939 3089.61836242676 3091.17070007324 2747.58750152588 2522.45702362061 2541.88867950439 2601.45897674561 2556.81522369385 2829.15390014648 2839.82616424561 2895.23749923706 3075.9433631897 3280.1503868103 3294.01484298706 2651.88671875 1968.759765625 2025.39023208618 2188.73438072205 2525.83477783203 2887.80821228027 2907.65937805176 3003.86798858643 3153.052734375 3292.33045578003 3360.67853927612 3425.94219589233 2605.86795425415 2226.57149505615 1883.04922485352 1797.07226371765 2113.89726066589 2381.84647941589 1763.60429954529 1592.73633003235 1670.69647789001 1705.28749847412 1614.24531173706 2094.13163375854 2133.75468635559
2287.10467529297 2480.87930297852 2601.35428619385 2534.88750839233 2675.5 2826.03124237061 2870.87655258179 2630.53204345703 2457.91249084473 2404.31367111206 2610.56015014648 2674.86484146118 3060.14336395264 3113.94807434082 3053.87070465088 2941.02540588379 2882.00625228882 3090.89413452148 3224.32381820679 3170.4765625 2882.47928619385 2256.60468482971 1886.28789138794 1993.5207118988 2288.59649276733 2568.13829421997 2904.47500991821 2896.32422637939 3138.84530639648 3457.48241424561 3461.06562042236 3110.42616271973 3227.04724502563 2901.93125152588 2556.01912689209 1948.98280906677 2339.1062412262 3335.21677398682 3520.96212387085 3224.37069129944 2112.67344474792 1513.97616577148 1325.89218330383 1353.51054573059 1794.39726257324 2493.00585174561
2298.79883575439 2462.51914596558 2507.08867263794 2548.42422866821 2783.43319702148 2482.44999313354 2500.60197067261 2844.00001144409 3068.03747940063 3031.23790740967 3294.97537231445 3057.11992263794 3171.94101715088 3348.39492416382 3156.04845428467 3024.724609375 2943.82616424561 3051.41445541382 3255.04452896118 3034.42575454712 2525.8261680603 1966.73516082764 1727.57539558411 1765.33554649353 2510.97772598267 2761.09140777588 3076.50077819824 3295.81759262085 2930.32656478882 2990.57773590088 3174.73866271973 2786.62110519409 3021.29413604736 2571.83161735535 2049.45195388794 2784.46249771118 3145.73633956909 3504.99374008179 4252.0371055603 3937.51445770264 3210.83397674561 1558.14882850647 1190.73633003235 1299.66366958618 1571.36484336853 2726.49141311646
2347.38243103027 2382.89218139648 2373.88047027588 2230.16562271118 2219.00781059265 2575.92460250854 3184.90078353882 3453.73593902588 3436.34804534912 3527.03281021118 3157.3828125 3126.07498550415 3130.20859909058 3127.22850036621 3078.19454574585 2988.50310897827 3008.38320541382 3204.72109985352 3306.21171188354 3113.61524200439 2596.89607620239 1991.62070274353 1625.56991767883 1775.60506820679 2574.23555374146 3135.70819473267 3304.07889938354 3178.8710975647 3142.68008804321 2894.97423553467 2694.17538452148 2238.80585479736 2434.40350341797 2450.57461929321 1731.24687957764 3079.01327514648 4216.56993484497 4265.883228302 4184.19687271118 4132.84567642212 2926.0890789032 1523.11445617676 1185.03163719177 1294.44023704529 1886.80976295471 3677.74454879761
