Cases/SDM_Urocitellus_beldingi/westernUsClimate_historic/BIO10.asc
NCOLS 316 
NROWS 299 
XLLCORNER -124.820833001 
YLLCORNER 29.1625003333339 
CELLSIZE 0.0666666666645545 
NODATA_value -3.4e+38 
[rows 75 to 99 of 299, columns 171 to 227 of 316]
1363.15625 1474.359375 1638.59375 1606.890625 1257.3125 1046.328125 1318.53125 1616.734375 1656.875 1693.109375 1700.96875 1748.859375 1719.578125 1709.703125 1735.53125 1767.25 1786.015625 1798.25 1797.078125 1782.359375 1767.4375 1724.328125 1691.671875 1686.03125 1690.34375 1684.484375 1685.4375 1686.140625 1681.390625 1661.484375 1634.359375 1596.9375 1574.328125 1540.671875 1484.359375 1441.703125 1405.84375 1272.25 1148.828125 1142.3125 1262.28125 1231.9375 1114.375 1161.9375 1154.96875 1136.84375 1094.96875 1085.96875 1029.234375 1138.546875 1110.984375 1000.1875 955.890625 954.671875 907.09375 738.6875 1141.671875
1205.421875 1324.640625 1638.484375 1729.859375 1687.6875 1454.515625 1085.078125 1544.234375 1714.9375 1750.84375 1757.15625 1741.25 1716.609375 1717.875 1744.625 1768.0625 1787.40625 1802.625 1800.71875 1781.84375 1757.5 1734.96875 1716.625 1703.5 1710.65625 1705.40625 1705.359375 1698.15625 1671.90625 1642.734375 1615.921875 1589.75 1559.28125 1516.96875 1458.9375 1390.234375 1354.375 1251.5 1063.8125 1079.578125 1253.453125 1275.5 1202.4375 1209.546875 1135.453125 1223.921875 1201.25 1186.578125 1153.78125 1032.765625 873.015625 965.609375 809.53125 731.34375 797.5 979.546875 991.015625
1390.765625 1060.296875 1519.890625 1741.09375 1765.34375 1721.859375 1262.78125 1400.046875 1765.296875 1791.09375 1786.671875 1772.09375 1759.515625 1754.390625 1762.703125 1776.140625 1797.359375 1804.296875 1800.203125 1787.828125 1769.6875 1757.515625 1748.53125 1738.71875 1729.5625 1718.328125 1718.046875 1693.953125 1647.796875 1615.96875 1592.703125 1558.21875 1538.078125 1508.640625 1450.15625 1357.296875 1306.1875 1179.359375 964.3125 856.59375 1121.359375 1296.1875 1267 1271.25 1275.84375 1209 1187.328125 1195.90625 1171.125 1026.453125 969.546875 948.171875 926.296875 851.65625 1009.953125 1037.515625 940.171875
1646.90625 1195.8125 1403.59375 1719.625 1782.28125 1813.953125 1781.203125 1712.5625 1796.84375 1810.40625 1812.5 1809.84375 1790.65625 1769.109375 1761.34375 1767.8125 1783 1788.40625 1791.0625 1785.734375 1767.140625 1762.796875 1756.3125 1745.421875 1723.78125 1716.59375 1712.078125 1675.203125 1615.390625 1586.9375 1533.296875 1490.1875 1509.828125 1507.53125 1454.859375 1379.4375 1312.65625 1192.453125 928.46875 948.015625 1277.609375 1298.96875 1282.859375 1292.890625 1288.46875 1263.359375 1256.1875 1262.4375 1184.53125 1118.4375 1125.40625 996.1875 914.140625 853.140625 990.828125 815.921875 815.53125
1719.984375 1570.375 1211.921875 1682.234375 1522.234375 1791.234375 1847.890625 1847.328125 1825.875 1819.703125 1819.5625 1815.421875 1795.6875 1770.15625 1761.171875 1769.53125 1781.5625 1786 1791.5 1790.359375 1781.40625 1765.765625 1764.703125 1758.71875 1735.796875 1703.3125 1680.234375 1627.125 1550.015625 1524.875 1473.609375 1459.15625 1514.75 1519.671875 1491.875 1461.1875 1330.796875 1149.359375 900.34375 937.796875 1280.53125 1297.0625 1313.1875 1303.96875 1276.703125 1249.203125 1221.84375 1178.21875 1063.21875 952.59375 936.125 964.078125 947 879.140625 908.234375 859.625 878.125
1697.25 1638.671875 1505.046875 1615.875 1377.390625 1726.4375 1844.234375 1838.78125 1827.015625 1824.8125 1823.46875 1811.015625 1791 1778.515625 1770.625 1780.25 1787.09375 1789.390625 1793.765625 1794.140625 1791.140625 1782.96875 1773.84375 1763.421875 1754.140625 1699.734375 1648.125 1583.921875 1538.484375 1508.921875 1448.84375 1413.8125 1475.8125 1527.5 1521.5625 1474.09375 1269.90625 1094.921875 866.71875 900.78125 1331.921875 1334.859375 1276.859375 1191.796875 1147.78125 1073.453125 1131.765625 1057.625 1011.71875 983.40625 968.6875 1016.15625 1036.03125 1177.484375 1117.578125 936.3125 1139.375
1755.1875 1708.890625 1724.078125 1652.671875 1694.125 1804.609375 1825.609375 1828.125 1828.75 1820.96875 1815.09375 1799.6875 1789.046875 1783.90625 1785.5 1792.453125 1795.703125 1795.859375 1796.3125 1799.078125 1800.71875 1798.1875 1789.125 1782.859375 1790.1875 1738.0625 1674.140625 1656.015625 1607.734375 1545 1458.671875 1366.46875 1449.546875 1511.515625 1513.828125 1429.109375 1212.640625 1001.140625 939.625 1231.921875 1379.578125 1354.390625 1283.9375 1207.625 1153.421875 1147.234375 1073.625 1048.640625 1062.40625 1073.4375 995.640625 1068.90625 1146.109375 1206.21875 1252.828125 1199.375 1242.234375
1780.953125 1792.859375 1796.46875 1779.875 1799.265625 1810.625 1822 1828.75 1830.671875 1821.234375 1805.96875 1787.8125 1779.5625 1766.25 1771.25 1790.90625 1806.53125 1805.09375 1799.578125 1806.8125 1814.59375 1812.90625 1800.8125 1777.1875 1772.015625 1737.203125 1684.15625 1661.578125 1648.515625 1620.96875 1481.359375 1481.265625 1476.59375 1500.234375 1500.9375 1399.953125 1152.015625 1001.84375 1201.234375 1426.96875 1403.84375 1357.75 1246.453125 1089.796875 1200.1875 1205.421875 1153.703125 1130.484375 1116.21875 1091.078125 1027.265625 1044.203125 1102.296875 1187.03125 1261.78125 1304.484375 1333.921875
1782.40625 1788.21875 1791.109375 1813.703125 1819.609375 1822.65625 1826.171875 1828.65625 1825.296875 1819.75 1811.953125 1779.5 1789.109375 1772.796875 1783.203125 1807.1875 1816.328125 1813.96875 1812.28125 1817.578125 1824.28125 1830.21875 1795.5625 1699.9375 1667.3125 1667.59375 1608.953125 1598.15625 1600 1614.671875 1583.59375 1510.921875 1476.265625 1465.9375 1385.0625 1347.65625 1220.140625 1172.609375 1434.0625 1419.484375 1422.8125 1350.75 1169.84375 949.6875 925.09375 1128.125 1135.65625 1171.25 1135.4375 1082.421875 1051.75 1006.0625 1013.265625 1074.59375 1120.59375 1206.171875 1353.65625
1781.078125 1788.15625 1789.3125 1802.015625 1820.671875 1829.34375 1826.390625 1827.921875 1828.6875 1831.09375 1828.609375 1818.25 1829.5 1816.890625 1817.390625 1823.734375 1820.25 1820.484375 1824.8125 1831.96875 1840.125 1833.78125 1782.359375 1671.8125 1643 1636.5625 1568.828125 1546.96875 1565.65625 1612.859375 1630.953125 1622.890625 1540.265625 1378.203125 1369.8125 1261.421875 1287.25 1367.5 1476.234375 1429 1335.140625 1166.09375 983.875 1044.5 1018.78125 1037.375 1034.234375 1083.765625 1107.96875 1065.78125 1030.265625 1016.09375 991.875 993.25 920.96875 1026.234375 1092.09375
1804.125 1810.265625 1809.171875 1805.65625 1830.265625 1810.640625 1814.453125 1842.25 1844.28125 1849.171875 1848.625 1850.75 1849.53125 1848.546875 1841.328125 1834.65625 1835.984375 1833.046875 1837.296875 1841.703125 1833.640625 1805.125 1714.25 1667.109375 1604.9375 1572.078125 1558.25 1549.625 1553.015625 1571.46875 1547.09375 1596.65625 1616.171875 1425.140625 1194.609375 1258.921875 1314.625 1389.5625 1421.5625 1462.140625 1399.25 1289.59375 1099.96875 1033.453125 1127.78125 915.453125 945.546875 1028.09375 1055.859375 1050.109375 1052.609375 1074.28125 1075.609375 1044.3125 853.65625 700.40625 875.515625
1832.0625 1831.25 1834.03125 1833.171875 1839.8125 1833.140625 1836.078125 1854.84375 1861.0625 1861.65625 1863.359375 1860.984375 1859.765625 1859.671875 1857.921875 1853.203125 1850.796875 1848 1848.796875 1845.046875 1812.609375 1781.21875 1706.203125 1621.5625 1560.359375 1550.234375 1528.15625 1501.375 1537.46875 1562.765625 1484.0625 1446.15625 1480.109375 1581.078125 1462.875 1364.953125 1230.59375 1300.921875 1396.796875 1402.421875 1422.875 1354.796875 1204.734375 1252.8125 1239.390625 1173 1086.71875 973.0625 1069.40625 1066.46875 1109.953125 1120.421875 1106.015625 1077.296875 858.703125 634.984375 676.28125
1871.96875 1861.015625 1856.171875 1848.21875 1853.03125 1853.59375 1867.28125 1878.390625 1872.40625 1871.75 1871.4375 1873.25 1871.125 1870.59375 1873.34375 1870 1863.78125 1859.734375 1855.609375 1842.4375 1820.578125 1761.59375 1675.828125 1584.953125 1533.328125 1524.828125 1529 1498.40625 1505.375 1506.3125 1465.390625 1487.359375 1487.28125 1492.59375 1563.265625 1412.765625 1268.046875 1160.84375 1344.578125 1439.125 1325.25 1358.65625 1243.796875 1275.109375 1254.375 1256.171875 1238.3125 1143.0625 1091.734375 1096.984375 1130.734375 1131.765625 985.109375 959.78125 948.390625 602.75 678.65625
1900.375 1889.125 1881.15625 1872.90625 1869.6875 1874.515625 1891.28125 1889.8125 1877.734375 1877.078125 1876.984375 1873.875 1875.734375 1877.078125 1875.1875 1871.609375 1866.453125 1863.03125 1844.90625 1793.703125 1790.25 1737.671875 1685.328125 1595.84375 1526.421875 1506.359375 1501.109375 1493 1485.890625 1461.703125 1447.1875 1428.96875 1416.75 1486.03125 1514.734375 1545.78125 1377.4375 1382.9375 1414.53125 1416.9375 1260.5 1296.890625 1102.546875 1252.703125 1245.84375 1268 1256 1237.625 1140.859375 1129.8125 1140.59375 1152.65625 990.203125 848.328125 856.1875 875.671875 589.359375
1916.859375 1908.390625 1910.453125 1906.140625 1896.03125 1907.375 1900.25 1889.109375 1886.625 1883.546875 1878.90625 1874.546875 1877.078125 1877.6875 1873.953125 1866.453125 1829.984375 1808.9375 1832.046875 1779.5625 1768.84375 1706.75 1642.203125 1579.453125 1551.609375 1494.859375 1475.515625 1470.21875 1470.046875 1477.921875 1448.625 1426.5 1477.796875 1470.421875 1359.03125 1528.8125 1458.671875 1381.515625 1396.546875 1341.921875 1308.9375 1202.71875 1091.375 1210.046875 1233.046875 1254.34375 1256.28125 1252.28125 1229.421875 1196.109375 1187.515625 1191.09375 1164.203125 1046.53125 952.359375 848.640625 716.875
1927.84375 1931.0625 1936.140625 1941.515625 1934.96875 1930.109375 1902.421875 1886.953125 1883.296875 1886.0625 1880.921875 1883.25 1889.8125 1886.828125 1880.046875 1886.546875 1863.421875 1834.09375 1815.03125 1753.65625 1730.9375 1671.203125 1616.65625 1572.046875 1533.234375 1493.34375 1468.953125 1467.8125 1467.84375 1494.40625 1499.765625 1343.265625 1375.53125 1432.4375 1449.65625 1537.375 1470.71875 1216.984375 1361.46875 1318.796875 1323.140625 1193.375 1071.03125 1116.53125 1195.5 1212.46875 1231.25 1237.59375 1229.625 1217.609375 1217.703125 1217.609375 1220.171875 1183.125 1147.5 1053.28125 967.703125
1941.859375 1945.3125 1954.078125 1965.265625 1959.140625 1941.453125 1899.921875 1880.25 1874.40625 1874.140625 1886.828125 1901.90625 1917.03125 1912.59375 1908.984375 1906.796875 1876.25 1845.421875 1722.0625 1711.9375 1712.40625 1655.875 1646.453125 1580.796875 1532.046875 1499.671875 1477.46875 1489.984375 1490.515625 1475.171875 1470.21875 1426.421875 1404.515625 1442.5625 1489.21875 1536.140625 1481.734375 1251.75 1229.65625 1341.46875 1310.6875 1145.921875 1081.875 1098.15625 1118.5625 1168.5 1187.8125 1216.671875 1239.734375 1251.9375 1242.71875 1246.8125 1247.859375 1222.953125 1215.484375 1138.59375 1058.9375
1943.078125 1953.09375 1961.84375 1962.453125 1944.515625 1922.5625 1898.65625 1878.6875 1871.015625 1875.25 1901.890625 1924.546875 1941.34375 1940.71875 1945.703125 1952.90625 1856.125 1810.296875 1632.296875 1466.90625 1657.859375 1670.140625 1713.859375 1662.53125 1563.0625 1517.84375 1498.046875 1507.9375 1506.5 1470.5625 1400.390625 1418.921875 1398.203125 1387.1875 1430.8125 1461.546875 1488.375 1391.703125 1200.65625 1213.890625 1345.15625 1214.8125 1125.234375 1117.953125 1134.5625 1162.015625 1195.03125 1230.546875 1266.59375 1271.421875 1254.40625 1277.140625 1295.546875 1268.328125 1247.9375 1205.71875 1158.609375
1941.75 1953.921875 1948.1875 1955.46875 1937.578125 1922.234375 1914.890625 1910.234375 1910.109375 1909.484375 1919.53125 1930.71875 1916.734375 1901.484375 1941.5 1921.484375 1846.125 1824.828125 1747.015625 1671.25 1701.765625 1683.703125 1688.09375 1679.375 1649.453125 1545.21875 1509.046875 1524.921875 1500.34375 1470.328125 1433.859375 1435.046875 1374.78125 1380.359375 1407.078125 1405.359375 1456.328125 1420.125 1292.03125 1155.21875 1315.109375 1232.625 1101.703125 1120.234375 1121.953125 1177.65625 1209 1229.484375 1272.265625 1293.96875 1304.328125 1322.484375 1316.25 1327.140625 1308.109375 1287.3125 1259.453125
1936.9375 1939.40625 1940.40625 1935.3125 1937.765625 1936.609375 1937.796875 1946.125 1944.484375 1919.28125 1896.734375 1903.21875 1875.34375 1666.859375 1733.78125 1884.375 1865.28125 1865.6875 1800.8125 1557.703125 1691.40625 1696.109375 1705.109375 1681.4375 1651.078125 1584.765625 1550.953125 1533 1516.890625 1491.578125 1468.828125 1445.390625 1412.40625 1326.90625 1383.5625 1440.703125 1490.734375 1424.4375 1260.203125 1101.734375 1258.046875 1124.5 1061.359375 1093.4375 1119.75 1163.21875 1212.046875 1250.5625 1271.828125 1296.78125 1314.375 1336.265625 1284.0625 1317.125 1354.5 1360.890625 1332.734375
1955.234375 1949.734375 1943.734375 1949.859375 1958.515625 1966.671875 1971.640625 1969.875 1923.125 1891.578125 1837.328125 1864.21875 1865.34375 1744.4375 1673.8125 1799.5 1705.1875 1855.03125 1820.90625 1504.3125 1745.21875 1744.640625 1708.15625 1691.71875 1670.875 1619.421875 1590.671875 1585.328125 1540.90625 1501.0625 1473.125 1437.640625 1359.34375 1332.390625 1370.171875 1414.546875 1472.90625 1417.109375 1255.890625 1104.6875 1191.109375 1100.328125 1042.3125 1079.03125 1117.75 1159.8125 1198.609375 1232.09375 1278.078125 1309.15625 1334.359375 1351.40625 1305.203125 1296.859375 1366.484375 1411.4375 1387.578125
1976.078125 1971.296875 1966.390625 1985.25 2001.765625 2010.09375 1986.1875 1940.71875 1913.328125 1833.09375 1826.828125 1851.96875 1873.390625 1844.390625 1822.71875 1723.484375 1598.078125 1845.0625 1848.78125 1753.40625 1754.640625 1724.609375 1733.171875 1708.984375 1703.90625 1665.984375 1632.828125 1599.625 1559.46875 1510.734375 1467.140625 1446.84375 1377.671875 1316.734375 1371.953125 1408.953125 1437.84375 1407.6875 1178.375 1132.46875 1164.71875 1100.828125 1070.484375 1089.734375 1144.625 1191.40625 1249.453125 1288.453125 1300.03125 1319.03125 1359.140625 1368.265625 1337.5625 1377.03125 1408.1875 1396.859375 1342.875
1968.921875 1973.515625 1984.328125 1967.46875 1960.265625 1923.171875 1928.609375 1925.15625 1898.3125 1821.71875 1731.46875 1828.90625 1855.921875 1836.40625 1821 1823.59375 1737.328125 1844.84375 1859.65625 1841.34375 1778.34375 1758.03125 1767.078125 1768.78125 1747.84375 1721.125 1623.109375 1611.015625 1589.828125 1538.03125 1419.34375 1392.140625 1320.453125 1317.71875 1378.734375 1395.09375 1351.65625 1386.28125 1268.640625 1121.40625 1140.984375 1088.015625 1052.84375 1114.6875 1163 1201.40625 1258.171875 1323.859375 1355.921875 1364.984375 1387.671875 1369.90625 1392.921875 1416.234375 1399.703125 1351.203125 1332.78125
1958.234375 1970.953125 1971.953125 1915.953125 1875.09375 1891.265625 1953.265625 1891.046875 1885.328125 1861.3125 1705.390625 1803.984375 1819.4375 1837.515625 1792.390625 1835.1875 1845.5625 1835.046875 1854.671875 1854.078125 1732 1720.3125 1568.109375 1833.828125 1791.6875 1753.796875 1600.25 1544.5 1525.90625 1574.453125 1502.9375 1380.359375 1244.421875 1341.09375 1336.8125 1328.28125 1348 1392.109375 1333.71875 1212.140625 1173.515625 1138.03125 1090.3125 1143.265625 1171.46875 1226.15625 1287.21875 1331.875 1367.53125 1397.59375 1398.78125 1401.609375 1385.0625 1369.359375 1355.421875 1329.703125 1325.09375
1908.078125 1947.515625 1937.109375 1903.625 1890.546875 1854.140625 1796.875 1875.15625 1865.28125 1851.03125 1657.09375 1679.125 1813.71875 1829.796875 1832.78125 1829.359375 1822.109375 1842.3125 1843.015625 1829.59375 1814.75 1653.59375 1633.5625 1718.6875 1807.984375 1801.375 1710.609375 1429.078125 1368.65625 1564.78125 1582.671875 1498.375 1219.203125 1331.328125 1339.578125 1374.109375 1411.4375 1417.78125 1368.296875 1252.765625 1172.546875 1132.640625 1121.1875 1137.59375 1201.625 1204.03125 1259.875 1320.421875 1362.171875 1394.984375 1412.953125 1354.84375 1387.25 1362.65625 1369.890625 1362.59375 1351.640625
