Cases/SDM_Urocitellus_beldingi/westernUsClimate_historic/BIO12.asc
NCOLS 316 
NROWS 299 
XLLCORNER -124.820833001 
YLLCORNER 29.1625003333339 
CELLSIZE 0.0666666666645545 
NODATA_value -3.4e+38 
[rows 210 to 230 of 299, columns 184 to 229 of 316]
41889.0656738281 38975.225402832 37184.3540649414 41862.8679199219 50115.8535766602 56269.4411010742 60479.6989135742 59828.0120849609 60549.1116333008 62140.8883056641 63966.743347168 66716.3425292969 62139.3803710938 65899.8924560547 59998.7089233398 53821.8786010742 52762.7456665039 48420.1607055664 43043.850402832 39438.216796875 35509.3842773438 30720.5244445801 26836.4112548828 24430.1456604004 22437.3968811035 21654.1180419922 20984.8278503418 20766.4093322754 20880.7124938965 21934.6156921387 22360.3193054199 22493.336730957 22897.2613220215 23752.9013061523 25047.5702209473 24786.7078857422 24103.3284912109 25001.960723877 26237.3563232422 26527.8242797852 26491.0807800293 27292.2429504395 26459.9581604004 25630.8144226074 26844.2293701172 28620.1773376465
41255.1956787109 41550.6026611328 38452.5540161133 37405.5356445312 39741.7377319336 44498.5748901367 52646.6783447266 53652.7356567383 51404.8213500977 62196.1005859375 67764.0100708008 70657.1237182617 69786.1807861328 70272.6807250977 67169.930480957 62546.0544433594 56165.4385375977 55255.7513427734 51000.8519897461 43877.9248657227 39998.9515991211 33767.7446899414 30814.0229797363 27559.6449279785 24272.881652832 22811.5070495605 22114.1714782715 21435.583190918 20976.3569641113 21467.3883666992 22048.1828918457 22309.7586669922 22596.459777832 23270.0762939453 23643.3776855469 23336.6828918457 23574.4266662598 24372.2153015137 24849.3350830078 25294.6511535645 25936.6611633301 26207.7926025391 25902.5764770508 25706.5328674316 27101.078918457 29830.8894042969
35674.2182617188 37721.6597290039 37709.2149047852 35560.8949584961 33955.2705383301 34253.8215026855 37471.7764282227 40803.6655883789 47390.7561035156 48511.9619750977 52456.6771850586 53016.4541625977 63347.3935546875 64059.5150756836 66321.6870117188 68583.4034423828 60196.0649414062 58219.1265258789 54354.3344116211 47310.1334838867 41719.9297485352 37230.4987792969 33449.0635681152 32107.1909484863 27738.3532409668 25347.2059020996 24139.9824523926 23294.9562988281 22801.2620849609 22454.7210083008 22288.7957458496 22621.7579040527 22648.7726135254 22788.4275817871 22774.2944641113 22766.5219421387 22959.1007385254 23405.4386291504 24410.0424804688 25246.9937438965 25747.0116882324 26007.0797424316 26381.5264587402 27119.4081420898 28510.6875305176 30603.9963989258
32732.4466552734 32211.1983337402 33662.4875488281 34940.7044067383 36308.9241943359 35427.6588134766 36656.8727416992 37739.7644042969 40241.6206665039 40325.9116821289 40075.9033203125 39778.9684448242 52576.2944335938 63272.8084106445 64600.4341430664 67225.2426757812 67054.3660888672 62418.1450805664 56363.4385986328 50680.7242431641 44885.9713134766 40567.206237793 37292.4882202148 36059.8575439453 34273.657409668 29948.0604858398 27343.5586242676 26061.6769714355 26253.303527832 25763.7221679688 24738.7853088379 24898.0441894531 24786.8355712891 24213.299621582 23771.4800415039 23499.4789733887 23501.9480895996 24013.8994750977 25245.4589233398 26168.0640258789 26722.8330993652 26746.5647277832 27029.5487976074 27513.2711181641 28263.3886108398 30164.5082092285
35289.0501098633 32126.0508422852 33750.986328125 37052.0484008789 40943.2623291016 46521.7282104492 43933.7976074219 35293.627746582 38012.1701049805 38518.3432006836 41448.0928344727 42479.8675537109 48501.5801391602 55683.8865356445 61442.0598754883 64560.0571289062 66545.6503295898 67236.3275146484 56298.40234375 51630.1768798828 48738.3878173828 44656.7288818359 41346.1254882812 37012.2398681641 37515.2815551758 34257.3893432617 31167.7621765137 29687.9530029297 29056.8933105469 29601.076171875 29413.9702453613 30158.5573120117 28883.1938171387 28101.9073486328 27452.8222961426 26463.6772155762 25287.3379821777 24785.065246582 25538.6488342285 26103.5288696289 26376.9132385254 26796.4979248047 26962.4914550781 27326.3542785645 27879.4172668457 29663.4737548828
37828.1527099609 34663.3905639648 34851.5556030273 36376.6441040039 43469.2635498047 57172.0423583984 53573.6676025391 36707.8334960938 33312.2416992188 36569.6699829102 40587.5874023438 41557.3817749023 46739.6908569336 53340.7160644531 58326.9957885742 60337.0645751953 63960.5866699219 64767.9321289062 57338.6976318359 52311.5424804688 49826.6479492188 47178.8374023438 44337.5075683594 41214.5745849609 40177.7494506836 37931.1387939453 35506.8062133789 34516.1152648926 33271.6373901367 32352.7409973145 33216.091796875 33736.388458252 32649.4620361328 31717.591796875 30387.1012573242 29193.0082092285 27586.6889648438 26355.9250488281 25992.9054870605 25838.1507873535 25877.6546325684 26391.1801147461 27327.8785095215 27300.2411193848 28010.8871154785 29432.635925293
43655.4103393555 38348.0037841797 37407.26953125 36778.8472290039 41993.5928955078 52582.4910888672 57729.1885986328 42240.2485351562 34489.5151062012 35286.5250854492 38427.7772827148 38869.8003540039 42686.2075195312 50937.4045410156 55613.7086181641 56720.2000732422 60901.544921875 63872.2803955078 60044.0946655273 53142.9596557617 50623.6408081055 49483.8377685547 48430.8340454102 45054.8100585938 44308.8913574219 42715.4143676758 40125.9078979492 38273.0206298828 36632.8731689453 34502.6328735352 33956.8118286133 34811.9368286133 34193.358215332 33756.8747558594 32528.6406555176 31833.0416870117 30707.4728088379 28834.7971191406 28770.5919189453 28167.3824462891 27144.1480102539 26859.092590332 27070.6311340332 27064.7820129395 27582.9243164062 27707.1497192383
52021.7134399414 46971.8103637695 45827.9176025391 39643.3013916016 41019.9395751953 47290.6096801758 48687.9985961914 46257.5213623047 39336.8991699219 35961.3207397461 35284.3153686523 40117.0764770508 44376.4996337891 55016.0679931641 55740.6046142578 55034.7800292969 59402.3969726562 63652.7991333008 64663.7241210938 59049.2459716797 53972.9063110352 51471.1578369141 50889.2478027344 48267.6403198242 47356.4318847656 46049.1114501953 43937.1365356445 42441.2909545898 41046.7325439453 38149.4059448242 35238.9703979492 33903.9094848633 32838.7858276367 33001.5101013184 33091.1925048828 33024.4800415039 32273.2583618164 31304.6089172363 31818.2777099609 30622.9781494141 29755.7114562988 28989.727355957 28695.4219055176 28613.1926574707 27873.9742431641 28752.7690734863
57114.3981323242 56127.043762207 54263.6824951172 47701.8373413086 39680.2994995117 45817.4149169922 43566.0586547852 43459.0518188477 45585.7130737305 42065.2278442383 35082.9559936523 36860.6881713867 44404.8856201172 54987.8320922852 60712.6903686523 61605.4548339844 65740.9155883789 70426.538269043 72182.4045410156 66433.2738647461 63854.1313476562 57525.4421386719 57599.4965820312 54996.5548095703 52353.2700805664 49276.126953125 48441.1862182617 47214.9496459961 45748.9615478516 42454.5214233398 39495.5385131836 35702.5747070312 32780.8203735352 32542.8453063965 32941.2955932617 33452.6026000977 32811.202911377 32571.7056274414 33619.5194396973 33199.8116149902 32644.3715820312 31344.7543640137 30874.190246582 31286.6012268066 31506.7743530273 32373.9809875488
58604.8257446289 62190.2701416016 66683.8898925781 50745.8939208984 44115.5215454102 44740.4183349609 43231.9071044922 43684.9854125977 47425.3235473633 51955.3813476562 43274.1511230469 38254.7984619141 47502.0994873047 58713.871887207 63859.8360595703 65811.7688598633 75789.1579589844 80948.1945800781 81789.3188476562 76645.7628173828 81473.4610595703 76137.1397705078 69998.2247924805 66267.2339477539 59986.1561279297 54217.5836181641 53151.5374755859 51839.3170166016 48630.8276367188 45238.957824707 43376.3623046875 40558.744140625 37386.2446289062 35216.1554870605 34318.3790283203 33836.9415283203 33055.197265625 33305.4290771484 35609.7015380859 37072.6821289062 39739.2123413086 37257.5045776367 37336.6877441406 37619.9671020508 38125.9131469727 34020.9985046387
52779.2146606445 61892.7924194336 65279.1790161133 53900.28125 46278.9448852539 43110.0796508789 40835.0841064453 43506.5443725586 46744.0681152344 50420.0023193359 51133.3991699219 44804.7852783203 49408.1864013672 51522.6631469727 59958.6759643555 69283.5521850586 71977.5958251953 75224.8380126953 76031.6632080078 76380.3193359375 85199.9516601562 89139.2659912109 88976.6657714844 86697.0030517578 74757.93359375 62808.4032592773 61240.6430053711 57412.2184448242 51471.9530639648 47735.4584960938 46182.1326293945 45521.3715820312 44401.0272827148 41805.0820922852 40273.4094238281 38200.2557373047 35341.6530761719 35110.2075195312 36113.2363891602 39014.7120361328 43966.3600463867 47870.7919921875 46625.5772094727 45728.6025390625 42039.3057861328 35315.6942443848
48354.2420654297 52476.0635375977 58522.4656982422 50802.096862793 43957.3786621094 40770.9630737305 40861.3616333008 44008.0936279297 46580.5109863281 49083.7028198242 53627.6375732422 54974.9809570312 47577.9443359375 49318.7094116211 58953.6735839844 65993.7927246094 65855.102355957 64010.2317504883 59786.2739257812 67257.9029541016 77414.1673583984 81446.9996337891 82703.8767089844 86194.9470214844 92074.7512207031 83901.6192626953 74010.5032958984 66731.9986572266 57308.8110351562 52780.1737670898 51791.8036499023 51364.9705200195 49926.2261962891 46662.0106201172 45068.5788574219 42377.5277709961 38723.2445068359 40115.6080932617 39959.7610473633 41956.0694580078 46537.0288085938 52219.1755981445 49483.805847168 49300.2978515625 46508.170715332 37837.1794433594
44087.6896972656 49102.141418457 60561.1662597656 54667.7405395508 43309.3937988281 40400.639831543 42246.473815918 43518.9179077148 45616.8787231445 48977.2698364258 51493.3636474609 51290.7205810547 48392.9279174805 47047.5706787109 49692.8026733398 50646.9728393555 51282.8602905273 54248.979675293 54553.5277099609 54290.2361450195 63918.3070678711 69041.3057861328 71787.8081054688 78816.7351074219 84197.9155273438 90896.1594238281 74713.6254882812 73180.2353515625 70099.8002929688 58487.6892089844 52952.4383544922 52794.393371582 53006.4622802734 52455.4366455078 49291.5680541992 47598.2651977539 43903.4903564453 44155.3202514648 45958.2576904297 49870.1431274414 53886.5408325195 57040.1857910156 58176.4991455078 56483.330078125 52920.9703979492 40575.1857299805
42900.2035522461 50053.8793334961 62010.5532836914 64553.1145019531 53691.3108520508 42294.9606323242 42923.0487060547 44719.696472168 46469.1053466797 50829.5227050781 45494.7764282227 43884.1871948242 43029.0380249023 48361.8760375977 56721.8961791992 57320.666809082 49417.6200561523 50455.1037597656 53447.8548583984 52433.7416992188 52182.6065063477 55383.0448608398 58626.2364501953 64406.1599121094 76490.350769043 82176.7492675781 77663.3704833984 71826.7189941406 75688.5588378906 61349.9460449219 53468.3984985352 51779.6107177734 51347.2220458984 52128.8959960938 51712.2749023438 51284.8852539062 53954.3885498047 52602.7645874023 53630.5259399414 58545.2754516602 62916.2385253906 68480.7045898438 70778.0042114258 68131.7872314453 60679.4228515625 48133.3557739258
42128.638671875 48793.0473632812 59351.5068359375 59659.3089599609 60952.340637207 43027.5772094727 40315.2808227539 43661.2698974609 47478.1932983398 51772.2962036133 49469.6880493164 45626.2251586914 41736.6437988281 46939.8698730469 58668.7216186523 69660.7932739258 61223.7714233398 47844.3750610352 48164.231628418 48531.6025390625 52868.0690917969 56671.4413452148 57697.3892211914 61136.1703491211 64172.1069335938 76127.9132080078 76361.9521484375 68648.845703125 69856.6867675781 63938.5363769531 55631.4468994141 53138.518737793 51196.6164550781 50786.9025268555 51171.6669921875 51298.0444335938 51943.8970336914 52934.7129516602 54182.4743652344 59248.5807495117 66124.4031982422 72650.6069335938 79872.6765136719 83089.0178222656 75068.6688842773 56580.0826416016
43258.4176025391 47156.5980224609 56717.7565307617 50677.6074829102 52860.0239257812 41301.7063598633 35971.7281494141 44353.1193847656 55055.3385009766 55500.7506713867 53842.1165161133 49439.0240478516 40366.020690918 44004.2769775391 55785.2242431641 70234.6312255859 72708.3729858398 50191.3975219727 46356.4694824219 49217.4818115234 56880.5924072266 61916.0786743164 54949.1914672852 63568.2424316406 58468.6936645508 65426.9431762695 66460.7659912109 58182.3922729492 62560.7546386719 59547.6842041016 52825.7390136719 52251.0040893555 53222.6984863281 50467.4680175781 50142.3140869141 49630.3334350586 53326.9814453125 53644.1766967773 54076.619934082 59321.8666992188 63377.6621704102 69402.1060791016 77135.9450683594 82246.9172363281 79131.2952880859 64446.3898925781
45171.0017700195 49415.5231933594 41773.8237915039 36321.2820739746 38160.1961975098 33813.4069213867 35135.8087463379 43067.678894043 47564.0355224609 48372.6254882812 51400.0170898438 49360.7105712891 39220.9221191406 41805.1448974609 54578.3363037109 74656.0706176758 75148.3867797852 56710.938293457 47334.2474975586 52282.4145507812 66665.9833374023 65463.2996826172 59972.7313232422 67743.6552124023 59154.3782348633 57380.0897827148 58385.4634399414 50746.0947265625 55743.2716064453 56784.4205322266 49945.2261962891 48747.7157592773 51327.8330078125 50039.6502075195 48343.6412963867 48915.8868408203 51395.4024047852 51884.7001342773 54737.0588989258 52568.8050537109 62486.0870361328 80020.510559082 84590.7316894531 86294.6920166016 77109.7377929688 68170.7316894531
36645.3804931641 42048.5120239258 39856.498046875 31100.2792663574 30913.4850769043 34410.7199401855 33948.8298950195 37170.358215332 44555.9305419922 43183.3804321289 47933.3021850586 50948.1460571289 44812.8873901367 39128.643371582 51168.313293457 67955.7448120117 67871.251953125 64555.055847168 47546.7251586914 50731.8889770508 62627.0884399414 69588.4612426758 67763.0012207031 75911.8479003906 60338.5123901367 62978.7150878906 57460.6286010742 50892.9903564453 52941.8739013672 53458.1907348633 51257.674621582 49719.6042480469 51206.5275268555 49383.8031005859 47505.7938842773 48067.3934936523 48271.5450439453 50423.3985595703 52352.9534912109 50391.4932861328 61255.1954956055 76309.9956054688 86883.3118896484 98287.0397949219 96092.1218261719 80108.8431396484
30074.0258789062 31769.1818847656 34612.9250183105 31974.8297424316 31111.0824279785 31063.7331237793 31229.4325256348 32425.2911987305 35114.9351806641 36587.1596679688 41268.2842407227 42210.0018310547 47748.5687255859 42313.8962402344 43233.1116943359 58422.6075439453 59813.8267211914 67639.2221679688 49725.5646362305 48364.3078613281 54888.794128418 57415.6924438477 61545.5551147461 73544.2034912109 78398.0178833008 54066.3670043945 60829.7574462891 52882.2385253906 47713.4495849609 49141.0549926758 49166.9661865234 51472.1051025391 50327.3179931641 48796.7990112305 47013.5061645508 46973.5957641602 48545.5435180664 50475.6408081055 49589.5559082031 50889.8397216797 57128.9915771484 67923.4844360352 80978.3642578125 90037.2144775391 84635.0567626953 74509.9338378906
26185.6258239746 26810.5874633789 29023.2445373535 28388.8199768066 26735.5850830078 27442.4176330566 27883.1285400391 28490.7227478027 30795.0956726074 33180.4893493652 35911.2517700195 38365.4577636719 38665.874206543 37414.2721862793 49409.7008056641 50181.2313842773 58240.3526611328 75807.6514892578 56625.063293457 44458.9931640625 49045.1525878906 56764.2465820312 55973.106628418 68484.2526855469 82995.7833251953 53302.1907348633 45936.2147827148 44731.2051391602 41753.9365844727 46819.2517089844 46804.4430541992 48047.2846679688 48137.1430664062 46846.4893798828 46709.0089111328 47155.0843505859 47404.015625 47057.9596557617 47163.5944824219 50078.5706176758 56938.9163208008 65218.9033813477 73300.3116455078 73229.8436279297 74867.7518310547 74372.0375976562
23835.8598632812 23387.5404968262 23076.1389160156 22952.4367980957 23806.6596679688 24866.6613464355 24746.4386291504 25734.0280761719 27518.2663879395 30723.9750061035 35246.8518066406 38156.0840454102 34225.9669799805 32065.3032836914 42703.3040161133 42270.2161865234 53689.3197631836 70612.4085693359 68052.5684814453 48866.3597412109 40245.014465332 42670.985168457 44017.5354614258 46415.0034790039 56926.1848144531 46699.9806518555 40721.6660766602 40386.0868530273 44202.7866821289 52211.4624023438 54425.7867431641 55064.5628662109 55728.4549560547 51791.7210083008 47111.0293579102 45495.3796386719 46687.1439208984 48520.8735961914 50675.8955688477 52395.9862670898 54803.1785888672 60418.4459838867 64124.9038696289 70550.4223632812 71000.6414794922 66307.6079711914
