Cases/SDM_Urocitellus_beldingi/westernUsClimate_historic/BIO13.asc
NCOLS 316 
NROWS 299 
XLLCORNER -124.820833001 
YLLCORNER 29.1625003333339 
CELLSIZE 0.0666666666645545 
NODATA_value -3.4e+38 
[rows 63 to 83 of 299, columns 138 to 183 of 316]
12109.2640380859 10420.2479858398 10861.4887084961 10331.6847991943 9941.98664855957 10102.2367401123 11172.8308563232 10336.0472259521 8509.50703430176 8305.04140472412 9822.39497375488 8394.22071838379 5567.87460327148 6015.89805984497 6610.68282318115 6321.44804382324 5237.84532165527 4885.78202819824 5801.85195159912 7399.71911621094 7477.75939178467 7523.54219055176 5221.12498092651 4762.08477020264 3776.4628868103 5216.83554077148 6705.17581176758 6243.21250152588 5799.62186431885 3897.181640625 4444.48553085327 5755.86680603027 6986.62297821045 7352.05818939209 5963.19451904297 4561.53594207764 5636.84999084473 7887.98984527588 4886.24566650391 4961.53477478027 6563.55353546143 5073.29880523682 4582.46911621094 5365.43553924561 5688.77811431885 5282.38202667236
14035.7551269531 9416.54219818115 12797.2933502197 12410.4042205811 11292.5285186768 11875.0124816895 10638.8073883057 7431.29882049561 9110.33708953857 6948.69606781006 7932.87535858154 5635.28202819824 6117.48244476318 9420.92034912109 9179.95044708252 7139.26681518555 6042.46955108643 5327.47579956055 7610.44882965088 7828.46015930176 5724.94104003906 5835.86251831055 4112.78670883179 3528.70858764648 3575.52111053467 6212.19454193115 7483.27305603027 6367.03712463379 5823.93901824951 4978.03595733643 3587.82227325439 3836.25429916382 5364.14371490479 6081.12459564209 6427.73749542236 4436.4300994873 5428.15781784058 8742.57778167725 5992.4995880127 5112.07934570312 6539.15389251709 6010.35584259033 4624.43321990967 4647.86132049561 5074.38473510742 5117.71524047852
14547.2523345947 12192.1625061035 15357.4432525635 15127.1636962891 12430.0722961426 9429.41912078857 9110.6167755127 7793.26754760742 6709.84889221191 5234.35157775879 5355.95234680176 8352.73509979248 7257.56759643555 8862.93166351318 9431.48675537109 8148.6586151123 7192.04452514648 7118.77770996094 7673.79141998291 5595.09100341797 4525.00234985352 4754.21718978882 3352.73280715942 3213.37772750854 3874.61562728882 5659.36522293091 8398.69654846191 7391.41248321533 6117.06715393066 6373.15898895264 4790.78791427612 3703.94258117676 3527.7714881897 4489.63008117676 4967.13164901733 4599.46837234497 5664.74842453003 6960.97308349609 5867.69025421143 6520.31443786621 6454.20193481445 5703.63710021973 5337.21012878418 4620.63749694824 4677.89692687988 4838.13669586182
16360.2598266602 14433.2694702148 17186.7477111816 16417.0406799316 14977.6785125732 12805.8046417236 9717.02503204346 8652.24961853027 8165.95472717285 10306.7784805298 8639.11994171143 9241.3257598877 6841.30393981934 7632.15975952148 8139.2933807373 7066.76171112061 7890.22772979736 7239.57066345215 6878.25779724121 5742.30779266357 3673.77147293091 3245.36601638794 3008.37656021118 3065.44179534912 3416.32654571533 4393.39179611206 7082.94998931885 8075.24729156494 7885.01169586182 7592.78594970703 6117.68435668945 4694.82188796997 3882.18321228027 3618.4941444397 3590.83086013794 3971.80038070679 4810.47227859497 5353.46874237061 6587.45114135742 5907.96287536621 6433.81372070312 5190.68318939209 5342.98595428467 4979.28829193115 4521.29683685303 4689.88203430176
19850.5012817383 16513.009765625 18254.2417602539 17550.6812591553 13397.5308380127 12078.0554275513 12578.1235122681 12739.1405181885 11087.5828704834 12098.3485107422 11496.9351501465 8247.4566192627 6990.94453430176 8157.868019104 8176.10196685791 6844.31133270264 8008.95938873291 7911.88940429688 5429.17654037476 3433.55270385742 2992.65937423706 2605.02462768555 3597.97928237915 3987.28869247437 3038.03984451294 3030.80234527588 3646.68359375 5203.93830108643 7623.27221679688 7888.39025115967 7093.02735900879 6893.837890625 5231.48631286621 4603.66133117676 3907.31719207764 4058.87226486206 4557.82069778442 6394.25506591797 7127.9898223877 5882.86368560791 5362.83319854736 5544.4921875 5160.76525115967 5710.6499710083 5075.76054382324 5128.27111816406
19002.6077270508 18885.8080596924 15710.4350891113 14333.2422027588 11823.6695556641 13591.1546783447 14294.9218292236 13385.0207061768 11295.7351989746 12005.8300933838 11386.2097320557 8879.22616577148 9439.46831512451 8810.27306365967 8230.07655334473 7949.54806518555 7909.77774047852 6634.5777053833 5253.63282775879 3258.88087081909 2597.5351600647 2548.65976715088 3786.38397979736 5296.41407775879 3792.89024734497 3051.20662307739 3027.48866271973 3158.02577209473 4708.757396698 6493.51991271973 7420.70819854736 7226.08979797363 6169.96681213379 6041.95817565918 4670.82890701294 4385.72734832764 4385.10935974121 4861.77577209473 6594.90274810791 6128.38359832764 5363.80038452148 5150.73826599121 5347.79180145264 5652.67772674561 6131.82734680176 6508.5863571167
13830.9906005859 15567.6863555908 13672.0636291504 15649.6613769531 12726.5120697021 13870.4320220947 13883.8101806641 13400.026184082 12070.5132446289 12018.8273773193 12939.8394012451 12055.628112793 11317.4777069092 8908.04328918457 7456.09726715088 6365.38244628906 7624.01875305176 7501.16172790527 7406.57461547852 5165.90194702148 3183.47848892212 2580.38439559937 2806.46054840088 4677.77500152588 5251.3480682373 4251.54845809937 3321.31913757324 3115.88750076294 3250.45351791382 4586.56253433228 5792.74491882324 6802.71053314209 6242.03163146973 6520.0219039917 6543.38944244385 4919.43198394775 4412.56168746948 4821.27852630615 6040.61913299561 6629.65119934082 5910.439453125 5980.98440551758 5669.55506896973 5495.69454193115 5719.50778961182 5609.35118103027
12581.3871459961 14012.5616912842 13914.8610076904 12956.5589141846 12765.8863067627 14356.7464752197 13213.4101104736 12520.3340454102 11752.2367095947 11462.811340332 12518.1348114014 8778.50895690918 8483.72149658203 7018.76721954346 6356.23124694824 7228.01134490967 6393.49648284912 6591.06679534912 7167.59098815918 5749.06327819824 3189.49022293091 3537.73789215088 2954.05858612061 3742.73867034912 5380.66912841797 5733.58164215088 4843.19218444824 3505.8730430603 3339.50507354736 3764.06601715088 5377.7343711853 6355.34806060791 6187.57382965088 5690.88318634033 6674.28440856934 5836.9644317627 4575.45505523682 4633.63472366333 4978.99181365967 5885.09568786621 6781.12535095215 6777.37348175049 6317.16012573242 5453.5804901123 5031.92342376709 4995.11289978027
12305.067199707 14804.8570251465 13804.8211517334 14043.712890625 14047.2679290771 13532.3046722412 13660.7214355469 12160.3656616211 10954.7132720947 11093.4703292847 9767.6668548584 9625.86292266846 9285.22538757324 5984.89958190918 6846.78749847412 6703.89453887939 6257.36289215088 5622.73868560791 6543.50314331055 4694.25117111206 3256.70429229736 4944.40116119385 3974.60391235352 3368.34687805176 5113.13401031494 7393.09569549561 5538.34103393555 4499.83908843994 3919.06250762939 3906.21368026733 4240.40155410767 4916.94723510742 5594.14763641357 4974.90780639648 5306.85702896118 7553.73203277588 4753.28088760376 4195.99491500854 4292.80548095703 4698.46992492676 5987.68280792236 6532.01914215088 6443.20469665527 6084.38753509521 5373.41953277588 4929.25857543945
12243.8683776855 14297.1613006592 14121.5164794922 14010.8097381592 12599.8082122803 13691.8038787842 13728.0034790039 12575.6331634521 8744.09376525879 6545.93048095703 6434.53004455566 6093.57111358643 7008.92933654785 6564.11208343506 5189.02893066406 4741.31091308594 4316.01875305176 4048.84763336182 4841.54294586182 3345.04335784912 4121.2847442627 4403.50117874146 4726.79141998291 4266.73907089233 4227.35469055176 6117.33435821533 6650.50467681885 4995.54531860352 4589.26757049561 4305.05429840088 5287.580078125 5048.51834106445 3484.55271530151 2984.76484298706 3155.68086242676 6467.02890777588 6477.46990966797 5287.69919586182 4497.88124847412 4529.99687957764 5179.67969512939 6265.61248779297 5603.80820465088 5039.06366729736 5191.88436126709 4971.80039215088
13196.385925293 12669.0640106201 13640.5562591553 12305.5535430908 11444.7992401123 11560.923828125 12923.1449127197 14438.4222412109 12544.1039047241 7637.61366271973 6387.05275726318 8124.06715393066 9113.73011016846 8795.10857391357 7792.39962005615 5251.56017303467 5367.6929397583 5237.11212158203 5054.43083572388 3986.61759567261 3673.31992340088 4072.53319549561 4715.08786773682 5131.43362426758 4592.60778427124 4038.63164901733 5567.88123321533 7636.865234375 5007.82542419434 5223.25858306885 5256.18984222412 5216.8120880127 4286.04647445679 3417.20428466797 2997.22967910767 3558.00588226318 5614.32069396973 6430.20508575439 5439.24687957764 4643.373046875 4757.89257049561 6029.67694091797 6001.78787231445 4906.2144317627 4460.57069396973 4496.96014404297
9482.24925231934 11731.7832489014 10629.0566101074 9875.83168029785 10633.8691558838 12530.2035369873 11484.9925537109 11343.1426086426 14168.1762084961 11484.8663787842 6875.50821685791 6943.60511016846 9362.76876831055 8802.68752288818 11812.4379119873 8675.37113189697 5955.12579345703 4576.49452972412 3949.24607467651 3797.84923171997 4036.92501068115 4459.86483764648 5047.5863494873 5161.5625 4189.76835250854 3285.29100799561 4173.59257888794 9101.86637878418 7090.51203155518 7688.89688873291 6703.10547637939 5837.2172088623 4165.8656463623 3743.72891235352 3807.09607696533 3212.88827514648 4290.07303619385 6086.98517608643 6154.39176177979 4946.16287231445 4160.02382659912 4864.20702362061 5709.36717987061 4968.96517944336 3991.71368408203 3726.75547409058
9236.35198974609 9826.67613220215 12074.8648681641 13338.7344512939 12973.4015808105 13309.5683288574 12903.257019043 12209.9527587891 14434.7448577881 11728.2648010254 8504.40784454346 5647.76015472412 7343.76606750488 10599.0386810303 12383.966796875 9459.54801940918 6415.35077667236 4602.82381057739 6536.30039215088 5531.24809265137 4316.86132049561 5034.89143371582 6150.19843292236 4731.93241882324 3634.78945922852 3189.72891235352 3269.68048858643 5897.48396682739 8460.54685974121 8961.50039672852 8791.67813110352 7837.23867034912 4891.3945274353 4897.39963531494 4134.54610061646 3155.67850112915 3458.63047409058 4928.92694473267 5322.90547943115 5363.00706481934 4270.60974502563 3938.21523666382 4194.99375915527 4408.78126525879 3345.9941368103 2989.87342453003
11284.4881896973 11336.7445526123 12219.9979858398 14125.9984588623 13929.0289154053 11872.5968322754 12766.3789215088 13936.1257171631 13561.5426177979 14332.9543304443 10683.3972167969 5927.10741424561 6777.28749847412 11737.9101257324 12329.8590087891 9673.37696075439 6277.42893218994 5881.22304153442 7340.81175231934 6816.98358154297 5921.57772827148 5681.86756896973 4903.21057891846 4157.25078201294 4091.73241424561 4301.44297790527 3263.46757507324 3041.92188262939 3568.45196151733 5035.62852859497 7996.9105682373 8591.79957580566 5379.18358612061 6577.04296875 5456.04726028442 3254.38438415527 2925.06369018555 3205.84571075439 4051.88010025024 5596.25040435791 4907.87658691406 3657.60467910767 3472.30821228027 3242.89920806885 2938.54337692261 2855.546875
12535.7890777588 11033.1383361816 9537.78276062012 11191.2238006592 11744.4354705811 11599.3726654053 12452.8558654785 13643.4460906982 14569.905090332 15841.0476531982 13857.7894744873 8436.25818634033 7187.46988677979 9894.02969360352 11522.5612792969 12135.9022827148 9873.69213867188 9114.89296722412 9144.4624710083 7262.86874389648 6395.89881896973 4928.54999542236 4385.94765472412 4990.68438720703 5348.76170349121 5546.91017913818 4980.91719818115 4354.98048400879 4347.25193786621 3531.26796722412 3211.98633575439 4569.53824615479 3920.60195541382 4876.77536773682 6847.56758880615 3910.50430297852 2885.86326599121 2975.18476486206 3523.16444396973 4827.95858001709 5145.97773742676 3653.01602554321 3132.02813339233 2997.3652381897 2907.13125991821 2935.86091995239
12255.7175598145 9838.12817382812 10294.7351837158 10203.9706573486 11089.27734375 10887.3999786377 10686.7125396729 11979.6866760254 12547.5031890869 15752.4781646729 14942.5906524658 12929.2914428711 9332.29259490967 9583.01525878906 8732.94023895264 12334.3097839355 11533.078125 9468.25159454346 10661.3980484009 10755.2718811035 8675.35934448242 5889.43398284912 5683.43008422852 5394.650390625 5713.26209259033 5343.92617797852 5437.61289978027 6721.90938568115 7560.13045501709 4714.68399047852 3201.56679534912 2905.88008117676 2946.66602325439 3209.11092376709 5445.76992034912 4214.46210098267 3035.45235443115 2866.40977859497 2795.26211166382 3245.97186660767 3621.80194854736 3509.55742263794 2869.28985595703 2845.36405563354 2899.50157165527 2966.26913833618
9384.09568023682 8111.67422485352 8557.71480560303 9015.57269287109 10707.4780578613 10975.5788726807 10433.3894042969 9838.943359375 12460.1754150391 13311.58203125 13045.3366699219 13510.2151947021 12512.7968597412 11161.5882720947 10734.087097168 8121.98906707764 8149.13666534424 7844.41055297852 7773.16680908203 9649.44882202148 9479.66675567627 10075.0500335693 8117.32579803467 8164.35817718506 8231.63207244873 5592.05858612061 5765.44649505615 5986.93396759033 5769.54217529297 4985.94647216797 4822.34415435791 4031.16053771973 3113.18517684937 2943.53201675415 3596.22617340088 5555.15702819824 3480.98708343506 4083.7734336853 3040.62186813354 2626.0468711853 2643.23515701294 2799.94765472412 2815.39803314209 2854.14883041382 2908.39844512939 2975.51992797852
8048.97582244873 9734.94488525391 10160.7901611328 11699.7109985352 12648.6581878662 12315.0043334961 12954.3347930908 12065.830871582 13331.6128692627 13392.462097168 10492.4699554443 12538.9203338623 10299.4394378662 9516.80786132812 11955.1550750732 10343.3886566162 10436.4366760254 9340.318359375 6469.93280792236 6468.14026641846 7557.53674316406 7689.11516571045 8118.45465087891 8560.792137146 7800.88748168945 7344.21481323242 7307.28242492676 6067.77344512939 4679.41835784912 4230.38826370239 4226.01364898682 3662.16133117676 4122.4394569397 2982.20623779297 3361.60701370239 4235.3691444397 3844.94845962524 4819.267162323 3358.02656555176 2665.46485900879 2661.83280944824 2713.68125152588 2819.51131820679 2893.97421264648 2968.86639022827 3038.32148361206
10002.4266052246 12869.1425628662 14220.6543273926 13614.712890625 9776.00119018555 8987.08946228027 10596.2613220215 11258.4893951416 12705.4734649658 11515.5777282715 9481.52378845215 9406.77116394043 8459.73710632324 11575.8726196289 12584.5710906982 10255.2574310303 8893.94728851318 8106.74842834473 6897.52970123291 5491.65975189209 6219.98398590088 6487.23007202148 7418.6460647583 6803.46057128906 7800.18049621582 8832.47655487061 7140.69022369385 5130.05113220215 4289.4820098877 4057.01133346558 3701.61209487915 3836.3886680603 3086.40977096558 2723.91681289673 2998.88397979736 3018.72421264648 3509.94882965088 3496.39492034912 2939.67461013794 2741.86562728882 2713.81837081909 2763.03789138794 2845.5371055603 2943.96132278442 3050.3828125 3153.17890930176
10026.3417739868 13163.4960632324 15767.8714447021 15597.6651763916 10233.751953125 8491.7211227417 9383.40699768066 9437.11521911621 10108.2085571289 9425.46956634521 8903.12454986572 8826.64102172852 8769.93949127197 10060.5027160645 11563.8453521729 9803.61918640137 9270.7495880127 7308.67695617676 5929.72225952148 5601.93128204346 6181.36916351318 5874.15933227539 5664.6332244873 5226.59336471558 6499.38206481934 6020.00197982788 7756.85938262939 6253.74413299561 5138.69962310791 5873.59998321533 4075.3847618103 3536.048828125 2866.56132888794 2718.29063034058 2735.07188034058 2784.62072372437 2858.95507049561 2863.8769569397 2835.12266540527 2783.80546569824 2756.32304763794 2788.07344436646 2851.0351600647 2954.06444549561 3056.48750305176 3263.51015090942
7348.47382354736 8139.03674316406 9503.26953887939 11411.147277832 9500.67465209961 9203.87889099121 10364.1483612061 11088.3851928711 11846.2651824951 12103.8058776855 12675.7988128662 10148.8230743408 9037.08790588379 8629.74170684814 9280.81134033203 10468.5980834961 8369.17923736572 6655.43788146973 5727.67771148682 5403.34452819824 5542.41641235352 5517.89022827148 4865.20625305176 3965.09220504761 3861.78284072876 3604.60703659058 4660.78553390503 5089.421875 6430.74880218506 6063.68007659912 3970.75780105591 3263.23046875 3042.56483459473 2879.81172943115 2835.34219360352 2856.69882583618 2849.044921875 2837.48945617676 2810.84530258179 2769.68866348267 2766.44258117676 2797.42539215088 2860.41562652588 3001.48709869385 3184.18007278442 3269.9765586853
