Cases/SDM_Urocitellus_beldingi/westernUsClimate_historic/BIO13.asc
NCOLS 316 
NROWS 299 
XLLCORNER -124.820833001 
YLLCORNER 29.1625003333339 
CELLSIZE 0.0666666666645545 
NODATA_value -3.4e+38 
[rows 147 to 167 of 299, columns 138 to 183 of 316]
3753.95038223267 5396.27110290527 5274.09413909912 4105.80040740967 3059.24061584473 2555.40037918091 2606.63164901733 3382.55117416382 3266.09804916382 3185.78204345703 3027.70663833618 2921.86680603027 3364.72148513794 5435.97927474976 6306.15507507324 4870.17695617676 3286.72422027588 2403.20626831055 2498.52186203003 3386.77577590942 4991.00624084473 6573.30898284912 4800.99646759033 2716.89413070679 2044.9304599762 2050.26601409912 2221.5351600647 2563.85858917236 3277.29608154297 3274.33163833618 2528.74570846558 2163.41135406494 2279.42227745056 3908.91287231445 3636.02072525024 2791.60821914673 2531.97341918945 2491.83828735352 2418.470703125 2427.96796798706 2435.99452590942 2392.658203125 2473.47344589233 2550.37186813354 2563.029296875 2478.64763641357
3181.42383956909 4754.05155944824 4994.56174468994 4896.17112350464 3092.08203887939 2658.90622711182 2707.90314483643 2985.60701751709 2712.9706993103 3378.12381744385 4231.27537536621 2984.78241729736 3009.63748931885 3880.61016082764 5185.910572052 4160.44215393066 2660.29179763794 2436.72735214233 2760.3652305603 4042.963306427 4300.71057128906 5030.13279724121 3856.37110900879 2501.47578430176 2046.41093063354 2133.10194969177 2551.64493179321 2812.873462677 3319.67812728882 3442.92693710327 2591.53437805176 2148.55390930176 2556.0390586853 5140.26834106445 3817.31172943115 2635.01445770264 2373.37617492676 2453.01015853882 2428.54609298706 2376.44022750854 2408.91873931885 2393.86211395264 2468.48436737061 2534.912109375 2469.0390663147 2491.56407165527
2631.64295578003 3096.96994018555 4433.77577209473 4624.34062194824 3657.72695922852 2973.197265625 2712.65510177612 2670.40002059937 2698.81211090088 3827.77305603027 6320.30544281006 3353.23085784912 2830.29219055176 3368.25351715088 4125.95198059082 3756.46209716797 2636.13750076294 2534.03985214233 3231.29256057739 3440.1152305603 3146.45468139648 2906.00743103027 2595.55976486206 2205.544921875 2069.83591842651 2348.43320465088 2708.48045349121 2799.87577056885 2837.66170501709 3249.37032318115 3153.13360214233 2155.99414825439 2386.25625228882 4518.83517456055 3148.90898513794 2462.29452896118 2328.9082069397 2335.33281707764 2329.65507125854 2362.69334411621 2472.39179992676 2553.60704040527 2494.19961929321 2503.20233154297 2527.62343597412 2655.58633422852
2580.78788375854 2936.35429763794 4252.2929725647 4476.1835899353 4037.6738319397 3368.68320465088 2939.8964805603 2730.68085479736 2684.41483688354 3018.63711166382 6076.91758728027 3688.37385559082 2819.40623855591 3033.54062652588 4034.26406478882 3385.27890396118 2651.95623779297 2692.95663833618 4029.22578048706 4779.62464141846 3724.54805374146 2930.517578125 2387.20351791382 2232.13202667236 2132.37774276733 2213.60000228882 2470.65000915527 2544.64023971558 2659.09842300415 3064.94334411621 3503.20231246948 2852.43397903442 2286.10196685791 2554.72343444824 2779.18595123291 2380.99139404297 2341.58047103882 2295.82071685791 2358.76407241821 2471.44021987915 3136.77421188354 3066.26211166382 2629.36483383179 2609.20704650879 2606.92890167236 2711.26288986206
2313.20663452148 2882.84453201294 4622.16368103027 4631.42929458618 3919.47885131836 3334.15780258179 2956.22695159912 2879.80038452148 2727.51249313354 2767.43048477173 4369.61447143555 3582.08516311646 2843.72423553467 3168.09960174561 4208.69999313354 3214.11796951294 2743.12265014648 2763.83945083618 3494.31132888794 7655.72929382324 5718.32852172852 3462.01875686646 2488.59959411621 2225.83983612061 2181.45429229736 2245.04061889648 2273.30585861206 2308.77928924561 2447.99765396118 2927.29843139648 3889.93908691406 4566.93201828003 2831.43556213379 2405.97227096558 2454.48358917236 2383.06599807739 2408.50313186646 2376.55701828003 2456.18241119385 3236.21483612061 3767.99375534058 2918.55001068115 2653.62773132324 2752.00664138794 2765.53475570679 2785.91328430176
2151.49844169617 2843.98943710327 5182.30234909058 4959.58867645264 3882.27304458618 3133.23282241821 3136.22654724121 2987.52029418945 2800.98008346558 2865.49844360352 4331.5746383667 3972.2382850647 3031.50001144409 3961.7797088623 4612.57186126709 3476.64060974121 2782.50506210327 2733.31484985352 3132.53399658203 6865.09920501709 5670.72379302979 4386.87149810791 2915.88945770264 2392.5175819397 2502.17305755615 2955.64961242676 2750.13594436646 2613.35860061646 2458.93866729736 2519.77891921997 2789.38983535767 3810.49333953857 3105.40781784058 2661.07891082764 2814.60585403442 2654.12657165527 2584.39960861206 2468.14921188354 2760.404296875 3790.36837005615 3749.75741958618 2977.31757354736 2728.57889175415 2830.43593597412 2870.36249923706 3059.08046722412
2024.03866386414 2744.57032012939 4901.45350646973 4789.86912155151 3783.18985748291 3396.21133041382 3533.45665740967 2986.21173095703 2800.20859146118 2973.15312576294 4315.66875076294 3427.271900177 3183.09415054321 3927.21208953857 4227.34686660767 3218.87968444824 2735.91289901733 2719.26718902588 2896.30585098267 5771.43828582764 6197.54178619385 4030.03517532349 3021.01445388794 2552.68359375 2510.11133956909 3169.75742340088 3364.94024276733 3189.97735214233 2751.51054000854 2674.42381668091 2940.93396759033 3150.34766387939 2997.10116195679 2938.95119476318 3448.58320999146 3002.23204803467 2778.74532699585 2603.27029800415 3244.1445350647 4000.17928695679 3768.02070617676 3081.74610137939 2703.63946533203 2916.57929229736 3197.59062576294 3586.26406478882
1909.84414672852 2146.01015663147 2573.85625457764 2961.16603088379 3627.34763717651 3747.82147216797 3511.19219207764 2883.45782470703 2791.45935821533 3082.18045425415 4241.28436660767 3038.91642379761 3296.86404037476 3798.66290283203 3592.99688339233 2920.07577514648 2636.87460708618 2666.24803924561 2818.35586929321 4790.08672332764 4940.50625991821 4531.67227935791 2807.97811889648 2459.70742034912 2431.86486053467 2892.90155029297 3428.47696685791 3423.76483917236 3114.62461853027 3016.87382125854 3165.19725036621 3035.87539672852 2829.51719665527 3175.05353927612 3403.14530563354 3152.56405258179 2974.23201751709 2798.92500305176 3348.45429611206 3547.59412765503 3067.26524353027 2913.99062728882 3040.78007507324 3243.8300743103 3515.41836166382 3815.2851524353
1842.59921646118 2005.37616539001 2269.87188720703 2660.96131896973 3402.09453201294 3451.05037689209 2815.7246131897 2684.59022903442 2815.83436965942 3304.12070846558 3566.21992874146 2958.75624847412 3845.677734375 4393.26523590088 3086.25975799561 2782.61952590942 2854.94023132324 2703.94179916382 2767.36056518555 3639.34568405151 3652.47029495239 3858.73945236206 2612.51014709473 2500.19492721558 2587.36561965942 2747.48516845703 2915.28084945679 3215.55547332764 3130.01991271973 3013.0898399353 3283.88906478882 3018.39882659912 2787.34764862061 2770.60898590088 3131.12578582764 3157.26990509033 3151.1093711853 3017.67734146118 3131.08710098267 2891.21992111206 2932.51250839233 3309.97225570679 3472.16328430176 3882.06133651733 3983.63007736206 4156.63319778442
1928.00389289856 2039.68710517883 2461.37227058411 2720.18164825439 3170.77967071533 3112.03591918945 2496.93436813354 2656.69374465942 2985.59218978882 4568.77619171143 3941.00936126709 3003.01796722412 3456.30391693115 5345.57932281494 3057.43437957764 2714.8945274353 3119.28709411621 3108.80039215088 2780.13634872437 2995.86563491821 3026.48592758179 2852.44649887085 2581.87775039673 2814.56094360352 3494.5312461853 3039.16131973267 2970.03476715088 2934.630859375 2760.43516921997 2797.49374389648 3386.98710632324 3192.23593521118 2788.70976638794 2462.49687194824 2654.23595046997 3297.3812713623 3633.07068634033 3418.85154724121 2894.66875457764 2820.89883041382 2936.75743103027 3248.89960479736 3658.70585632324 4039.73553848267 4185.27420425415 4316.78556060791
2054.45506477356 2162.16640472412 3046.0785369873 3417.76132202148 3437.06954193115 3299.14140319824 2653.89882278442 2714.78791809082 2882.21445083618 3609.4609413147 3882.34608078003 3337.23908233643 3126.42110443115 4468.28357696533 2863.87930679321 2682.6640663147 3030.08360290527 4048.24530792236 3167.36092758179 2827.73165512085 2718.54375076294 2557.38241195679 2667.44024276733 3218.09571456909 4677.81521987915 3369.75623321533 3029.07735061646 2877.06563568115 2680.73281478882 2728.05937957764 3474.47071456909 3593.42774200439 2926.15391921997 2393.00703811646 2606.02383041382 3844.24805831909 3531.61638641357 2920.53945541382 2746.76131439209 2834.47695159912 2971.6015586853 3646.18515777588 3859.75975799561 3917.0859336853 4252.15158081055 4440.36093902588
2130.07265090942 2466.51094436646 4022.56093978882 4001.3530921936 3613.75387954712 3122.77069473267 2517.1582069397 2700.02538299561 2833.86054229736 3251.03046035767 4614.75156402588 3938.90158462524 3188.4683380127 4087.91404342651 2903.34061431885 2747.75468826294 3170.61171722412 4529.13283157349 3657.01837158203 3132.32890319824 3174.37110900879 2848.48905944824 2970.93828964233 3574.00156402588 5275.35039520264 4216.93243408203 3160.92967605591 2889.48360824585 2725.85155105591 2756.07345581055 3220.77382278442 3450.71329116821 2756.8925819397 2428.45390319824 3236.07538604736 4360.44647979736 3530.45820617676 3323.04062652588 2649.51094436646 2828.74140930176 3137.05156707764 3933.74844360352 4603.91098022461 4151.89647293091 4356.00859069824 4714.61913299561
2092.11757659912 2437.12187576294 3773.244140625 4317.37971115112 3454.67343521118 2727.44997406006 2559.87656021118 2729.12851333618 2738.18279647827 3475.07576370239 4270.39143371582 3415.65509414673 3665.83633041382 4007.81130981445 3538.50546646118 3074.97071075439 3599.94841384888 3995.91446685791 4343.67810821533 3788.9359588623 3712.02540588379 3100.65351867676 3192.67929840088 3896.12187957764 4942.66800689697 4669.86562347412 3346.39845275879 2961.83829879761 2843.70313262939 2858.34297561646 3403.20507049561 3388.14649200439 2699.3554649353 2561.79413986206 3184.97031784058 3892.8081741333 3427.298828125 3112.37967681885 2751.98593902588 2864.99022674561 3323.96562194824 4150.09725570679 5408.34373474121 4774.03594970703 4594.95391845703 4954.50898742676
2252.78087234497 3527.10470199585 4742.02697372437 4210.41092681885 2887.64805221558 2552.10467910767 2612.59999465942 2744.75624084473 2809.52382278442 3965.73629379272 3820.55546951294 3435.16485977173 3808.34571838379 4015.70079421997 3952.51445770264 3393.16485214233 3839.57110977173 4021.58943939209 4680.63005828857 5333.31872558594 4255.39612960815 3414.96445846558 3498.96562194824 3711.33983230591 4663.48789978027 4893.16876220703 3585.34725952148 3122.08515548706 3033.87891387939 3181.20467758179 4156.74842453003 3406.75937271118 2983.74139404297 2818.25625991821 3254.59062194824 3625.28202438354 3523.74335479736 3309.08165740967 2798.58240890503 2932.01953887939 3489.826171875 4756.22302246094 5051.18436431885 4116.05467605591 4028.06092453003 4460.75820922852
2871.23048400879 5549.44766998291 5211.56758117676 3722.32891082764 2670.24415588379 2576.39141082764 2678.88514709473 2794.453125 3033.06601715088 3930.24337005615 3738.87969970703 3906.20624542236 3654.59687423706 3837.72617721558 4420.8784942627 3610.9960975647 3838.26679611206 4190.05898284912 4650.21717834473 5629.52931213379 4719.95975875854 4089.94608688354 4012.92501068115 3864.02424240112 4336.10468292236 5411.00624847412 4292.34102249146 3446.89649581909 3275.10469055176 4250.31718826294 5557.71915435791 3868.66288375854 3527.98828887939 3198.57382202148 3534.49374771118 3744.7285118103 3588.8222694397 3126.40742492676 2859.20274353027 3045.50784301758 4527.61755752563 5201.96094512939 4147.35899353027 3794.2968788147 3920.82500076294 4170.85040283203
3695.7456817627 6309.96367645264 4344.93906021118 3228.71288299561 2761.48711395264 2617.75312423706 2662.07149124146 3010.96757125854 3261.26913833618 3399.01015090942 3783.66444015503 3817.3789024353 3173.13242340088 3590.783203125 4328.41328430176 3901.84296798706 3870.43005752563 4419.07694625854 6611.10779571533 5540.52812957764 4157.67031860352 4206.88788986206 4860.40546035767 4818.2109375 4292.88829421997 5712.701171875 5461.30270385742 4157.81050872803 3691.64255905151 4387.33710098267 5512.66208648682 4609.97459793091 4297.03046417236 3498.77812576294 3346.36951828003 3339.29764938354 3050.88202285767 2847.26523590088 3000.93437957764 3193.7617225647 4112.17774200439 4467.12812042236 3743.67929458618 3743.68710708618 3868.50156021118 4246.19373703003
5316.47226715088 4678.84763717651 3585.96561431885 3114.95038604736 2889.26561355591 2655.63866043091 2800.88555145264 2837.07109832764 3034.91679382324 3274.49726867676 4010.1933555603 3351.68009567261 3150.73202514648 3762.43125152588 4191.01559448242 3921.34220123291 3854.15000534058 4150.0117225647 5469.43867492676 5339.30078125 4277.38321685791 4016.03788757324 4655.23319625854 5248.82150268555 4112.59218597412 5183.49884796143 6264.79805755615 4943.48908233643 4306.40509033203 4367.27813339233 4884.92496490479 4525.09297180176 4062.10664749146 3796.0585899353 2998.7093963623 2939.05194473267 3022.44765090942 3127.60001754761 3172.224609375 3369.00972747803 3723.47733688354 3965.92420959473 3920.18243789673 3930.583984375 4043.60391998291 4343.11330795288
4481.28750610352 3798.240234375 3248.36094665527 3247.453125 2907.66212081909 2690.01718521118 3364.71953201294 3125.49336624146 2661.92186737061 2769.63282394409 3144.17031097412 2889.13710784912 2979.27889633179 3612.26990127563 3960.79999542236 3937.90976333618 3860.58203125 3992.90352630615 4340.33047866821 5495.44607543945 4469.43906784058 3843.96014022827 4142.64961242676 5078.84962463379 4200.82655334473 4490.69998931885 5964.47073364258 5880.49373626709 4907.32888793945 4412.87265014648 4523.23397827148 4362.95627212524 3724.07305526733 3413.73906707764 2951.38165283203 3096.92852401733 3448.23477935791 3585.42108917236 3698.6093711853 3822.72773361206 4052.470703125 4349.362865448 4563.75392150879 4335.5464553833 4181.03594970703 4306.60158157349
3819.44689178467 3375.11522674561 3140.16131973267 3172.29139328003 2645.33789825439 2580.5097694397 3048.95740509033 3602.38516235352 3194.88319778442 2745.81289672852 2890.03046798706 2795.09177780151 2713.04100799561 3069.36408233643 4066.20236587524 4765.13593673706 3844.50351333618 3924.36366271973 4038.41680145264 4356.23512649536 4455.25119018555 3690.81718444824 4027.86797714233 5128.79962158203 4473.72186279297 4452.01015090942 5607.26136779785 6377.97071075439 5153.67537689209 3981.44413757324 3950.61170578003 3963.68281173706 3549.17265319824 3122.00857925415 3066.92541122437 3150.51873397827 3585.43947219849 3704.13437271118 3992.93281173706 3992.3320350647 4128.45470428467 4347.73556137085 4318.78204345703 3882.88749313354 4094.608959198 4640.20542144775
3544.28829956055 3298.70665359497 3225.66835784912 3180.94218063354 2712.33321380615 2615.73515319824 2977.76171875 3656.12812805176 3703.61719512939 2788.36211395264 2987.48476791382 2877.9863243103 2720.02108383179 2791.26248550415 3782.14137268066 5125.36757659912 4136.63203811646 3865.89412307739 4017.90623855591 4165.70626068115 4377.31131744385 4243.79845428467 4526.65156936646 5420.39846038818 5139.50505828857 5051.10976409912 5655.3050994873 5049.18908691406 4268.63322067261 3657.31991195679 3343.79375457764 3323.64373779297 3174.07109832764 3107.1582069397 3075.88711547852 3142.52618408203 3350.50704193115 3617.76563644409 3819.76912307739 3778.36210250854 3902.82774353027 3980.07539749146 3694.88789749146 3709.7187538147 4587.8808555603 5148.69533538818
4119.83673095703 3296.90390014648 3580.91016769409 3469.50274658203 2766.52578353882 2663.23281860352 3061.93476486206 3293.36328125 3174.17499542236 2827.19882965088 3093.95859909058 2859.73085403442 2801.85155487061 2829.0922088623 3936.75430297852 5269.05822753906 4486.79102706909 4175.99530029297 3998.837890625 4076.03594207764 4137.80820846558 4290.34064102173 4657.59571838379 5490.71800994873 5948.97146606445 4855.80155563354 4190.92889404297 3507.69842529297 3191.81602859497 3057.57694625854 3071.51835632324 3094.76131820679 3091.2285194397 3087.17343902588 3074.07069396973 3207.78789520264 3304.58946228027 3457.96757888794 3509.03046798706 3564.31796264648 3727.85897827148 3688.12187957764 3643.40427780151 4174.60313796997 5239.50234985352 5432.73398590088
