Cases/SDM_Urocitellus_beldingi/westernUsClimate_historic/BIO13.asc
NCOLS 316 
NROWS 299 
XLLCORNER -124.820833001 
YLLCORNER 29.1625003333339 
CELLSIZE 0.0666666666645545 
NODATA_value -3.4e+38 
[rows 42 to 62 of 299, columns 184 to 229 of 316]
7622.29146575928 6675.36484527588 6317.82224273682 6120.83399963379 6225.12889099121 6008.53087615967 5770.9683380127 5903.5859375 6690.60275268555 7807.08902740479 7952.50315856934 7379.93836212158 6437.99919891357 5923.31716918945 5880.87148284912 5718.86330413818 5586.53202819824 5787.72579193115 6162.33868408203 6972.35778808594 7220.619140625 7324.71324157715 6834.82227325439 6585.16835021973 6628.27967834473 6627.93397521973 6696.62887573242 6772.81718444824 7003.20741271973 7976.08940887451 11465.9297332764 12042.865234375 11453.0093841553 12832.6597747803 11075.0007781982 7902.076171875 7570.22537231445 7424.51054382324 7229.748046875 7025.59529876709 6914.93867492676 6791.26719665527 6578.43870544434 6412.27223968506 6235.0550994873 6139.47653961182
7531.76057434082 6630.36363220215 6795.33163452148 6972.39176940918 6937.94924163818 5972.86679840088 5714.70623779297 5749.47110748291 5889.1429901123 5860.88591766357 6209.41638183594 6474.75899505615 6133.71366119385 5751.14179992676 5604.36486816406 5435.80660247803 5498.20079040527 5801.90001678467 6217.15312957764 8041.3101348877 7792.96446228027 7131.47894287109 6653.51522827148 6925.45236206055 6840.32227325439 6600.63282775879 6864.14570617676 6799.14686584473 7270.005859375 7896.55662536621 8381.28628540039 10312.3226623535 10841.805847168 12358.8504180908 10586.8886260986 8257.720703125 8035.09766387939 7895.57345581055 7314.26446533203 7093.60897827148 6967.431640625 6790.19258117676 6579.92269897461 6377.55665588379 6264.12265014648 6280.29413604736
6643.615234375 6636.27150726318 6509.98163604736 8473.70311737061 7355.64415740967 6338.26090240479 5777.6039276123 6710.740234375 5660.62229156494 5660.05194091797 5748.71723175049 5767.75740814209 5798.71444702148 5689.56562805176 5388.23554229736 5133.18045043945 5351.51641845703 5701.56053924561 5934.84568786621 6484.72695922852 6478.17965698242 6209.05584716797 6285.82343292236 6990.35546875 6954.70234680176 7871.37770843506 7603.48787689209 6366.78399658203 6956.16600036621 7272.65700531006 7616.98398590088 9243.71249389648 12817.5749664307 13379.8620758057 11017.8609313965 9021.63128662109 8151.60777282715 7689.59645843506 7293.92733001709 7223.46210479736 7171.65155792236 7085.00664520264 6927.73044586182 6745.79021453857 6460.12930297852 6422.90701293945
6069.04100799561 6595.09922027588 8936.72340393066 8732.79297637939 7589.7313079834 6010.20391845703 5527.98517608643 7025.88053131104 6204.54296875 5684.23047637939 5731.90313720703 5784.10585021973 5806.67459869385 5698.91172790527 5624.13317108154 5736.1773223877 5954.5629119873 5618.39258575439 6116.87071228027 7095.13711547852 6314.78751373291 6840.13047790527 7654.31449127197 7680.98046112061 7924.42929077148 8443.18788909912 6503.30898284912 6243.30783081055 6261.99141693115 7061.14999389648 7760.15350341797 10632.2147979736 13887.7804412842 14239.6684112549 12521.9518890381 9724.6976776123 8144.381690979 7544.70703125 7151.83831787109 7120.90860748291 6916.29218292236 6843.50036621094 6986.25586700439 6922.74181365967 6613.08477783203 6475.92578887939
5426.0629196167 7816.99845123291 8831.07383728027 7170.9292755127 6313.91995239258 5425.45508575439 5367.23712158203 6205.22694396973 6206.39688873291 5740.27500915527 5758.91641235352 5772.83594512939 5786.32030487061 5749.36364746094 5785.48358917236 6107.8461151123 5862.77810668945 5828.33828735352 6594.60975646973 6709.72501373291 6089.76605224609 6487.40740203857 9925.56017303467 9663.04376220703 8300.19498443604 5851.04180908203 5690.22186279297 6248.43984222412 6225.75466156006 6538.87113189697 7498.76052856445 8938.60822296143 11991.0574035645 14347.2640838623 11187.4348144531 8411.91876983643 7460.39064025879 7119.99961090088 6948.47616577148 6822.98199462891 6722.36169433594 6769.92737579346 6829.40393829346 6917.94103240967 6916.25704956055 6801.07731628418
5533.66912841797 6603.98442840576 7425.69416046143 5405.00118255615 5113.95390319824 5120.68827056885 5287.34843444824 5581.94724273682 5852.01327514648 5846.2261505127 5835.69762420654 5785.36989593506 5745.66991424561 5704.70433807373 5665.91678619385 5705.56951904297 5804.47776794434 6034.08008575439 6084.00035858154 6108.82108306885 5940.08985137939 6127.95973968506 9986.80781555176 15464.5910644531 9882.4136428833 7404.96405029297 8051.83982849121 6403.74378967285 6125.40895080566 6293.94801330566 6865.68045043945 7494.31916046143 8726.50350189209 9811.96488189697 8963.65663909912 7593.8031463623 7183.65196228027 6957.33785247803 6775.23594665527 6657.12382507324 6710.76445770264 6752.33517456055 6715.98441314697 6848.45000457764 7062.04376983643 7150.35234069824
6999.14376068115 7991.23435974121 7575.22927856445 5610.79100799561 4933.79531860352 4856.37580108643 5097.93550872803 5389.42694091797 5695.98205566406 5862.12926483154 5951.58201599121 5929.41719055176 5769.802734375 5617.80276489258 5463.51642608643 5484.89806365967 5634.46561431885 5718.15389251709 5635.724609375 5676.95314788818 5755.10626983643 5880.86051940918 6603.43241882324 11599.8147735596 11456.1957092285 9786.70071411133 8162.26837158203 6784.00743103027 6245.39528656006 5904.19298553467 6222.67812347412 6709.18673706055 7112.30233001709 7229.41172790527 7173.37306976318 7043.1480255127 6891.79221343994 6768.23596954346 6657.63944244385 6584.97731781006 6613.87342834473 6626.05503845215 6711.34493255615 7050.41017150879 7113.07698059082 7202.09335327148
8619.60076904297 9517.98680114746 7909.02614593506 5759.17501831055 4965.82577514648 4764.63248443604 5089.53162384033 5576.15663909912 6142.388671875 6047.17034912109 6094.42226409912 5752.05857086182 5670.26679229736 5496.77658843994 5666.44336700439 5479.30352783203 5977.95704650879 6254.72067260742 5796.154296875 5740.56800079346 5782.42539978027 5845.1937713623 6347.85974884033 10023.4988327026 12039.6448822021 10621.4328308105 11221.8578948975 9117.05545806885 6946.1636428833 6185.11953735352 6118.12931060791 6502.45545959473 6670.73553466797 6938.97226715088 6726.6820602417 6635.29807281494 6543.88129425049 6660.87265777588 6804.22582244873 6767.91836547852 6577.67147827148 6521.02225494385 6894.92303466797 7257.57465362549 6980.837890625 6807.2890625
9049.91204071045 11112.4214553833 8368.82961273193 5435.80859375 4846.47929382324 5024.93323516846 5557.54333496094 7653.83711242676 7224.00117492676 6798.57970428467 6078.27072143555 5998.4945602417 6293.29141998291 6151.79104614258 6600.17887878418 5589.83712768555 6471.38401794434 6774.18201446533 6402.55819702148 6232.90233612061 6109.39529418945 6189.31018066406 6588.41013336182 8898.09176635742 9271.34490966797 9653.29362487793 9185.90197753906 8606.76950073242 7010.412940979 6587.76796722412 6571.28397369385 6889.27305603027 6879.6488571167 6896.22341918945 6710.81132507324 6860.26208496094 7334.66989898682 7555.67306518555 7396.19802856445 7354.52656555176 7146.72965240479 6868.68279266357 6586.76287078857 6563.15780639648 6593.61640930176 6370.51987457275
6535.70662689209 7710.14296722412 6228.57383728027 5147.64845275879 5026.33003997803 5484.83596801758 7539.39532470703 9552.3504486084 9190.59106445312 7653.82617950439 6627.01246643066 6405.96094512939 6509.41720581055 6783.68669128418 7084.44536590576 6140.02500915527 6792.42423248291 6992.54807281494 7216.22689819336 7157.06838226318 6638.2945022583 6995.52736663818 7352.26637268066 7647.35195159912 8175.86916351318 8565.58951568604 8046.76951599121 7063.98202514648 6582.26833343506 6526.70311737061 6847.65900421143 7124.28518676758 7156.5425491333 7552.91287994385 7946.3461227417 8175.63283538818 8101.14649200439 8057.15041351318 8161.93869018555 8032.06444549561 7993.81329345703 7730.30428314209 7559.24610137939 7349.53321075439 7481.12738037109 7255.43749237061
5403.68008422852 5369.09609222412 5189.32146453857 4992.91444396973 5242.38356781006 7081.22615814209 10463.8925933838 11467.8211975098 11943.6616821289 8495.25505828857 7671.3628692627 6899.28712463379 6840.36093139648 7032.99845123291 6880.18161773682 6761.92894744873 7380.21172332764 7622.90665435791 7657.44650268555 7436.49139404297 7257.59844207764 7748.37033081055 8259.8832321167 9043.98207855225 9754.56370544434 9399.43435668945 9230.95855712891 9062.98795318604 8193.39724731445 6881.63159942627 7386.77498626709 8426.85395812988 8614.68946838379 8119.23320007324 7933.84535980225 7792.05820465088 7766.58905029297 8272.10935974121 9218.74765014648 9354.6988067627 9216.10389709473 8516.46248626709 8323.61018371582 8124.74175262451 8022.26132202148 7879.78009033203
5260.17498779297 5062.57301330566 4987.24179077148 4960.87106323242 5166.69806671143 6394.84883117676 8160.64258575439 10744.2347869873 12829.0617980957 10092.7652359009 7628.92304229736 7021.71800231934 7030.01211547852 7434.79064178467 8098.09451293945 8422.544921875 8104.710105896 8413.73785400391 8693.93090057373 7903.44765472412 8378.49338531494 9019.6215133667 9507.18597412109 9540.22706604004 10455.9414672852 10737.8012084961 9602.87385559082 7527.82422637939 6646.10938262939 6641.36994171143 7396.92421722412 9406.62963867188 9933.35041809082 8361.56331634521 8447.12499237061 8250.48787689209 8086.43202972412 9087.38987731934 11047.0495605469 10521.7859649658 9983.11293029785 9012.39645385742 8413.49412536621 8151.35349273682 8125.49334716797 7912.44491577148
5077.99456787109 4960.71291351318 4958.85388183594 4964.60352325439 4963.30391693115 5090.00275421143 6058.4828338623 7362.98011779785 9693.53978729248 12103.4316253662 7953.84217834473 6264.0503692627 6105.08009338379 6713.30033111572 9022.07777404785 10035.9178924561 9618.84732055664 8926.93246459961 9282.62342834473 8923.26202392578 9997.07032775879 10452.5405883789 10762.7644348145 10542.7499847412 10660.7519226074 10205.3382263184 8884.50039672852 6348.82578277588 6129.68712615967 6725.80855560303 8335.34374237061 9934.013671875 9606.14768981934 11437.1882171631 10610.4186935425 9076.64645385742 10961.9261474609 11465.620803833 11599.1593475342 9870.87809753418 9233.03712463379 8428.51641845703 8450.37925720215 8559.49929046631 8545.26293945312 8395.58718109131
5023.831199646 4975.22381591797 5043.74729156494 5177.47534942627 5362.3046875 4969.04573822021 5007.05546569824 5669.84182739258 6789.63788604736 7612.80744934082 7434.78210449219 5944.37303161621 5401.06796264648 5673.27187347412 7931.52228546143 10378.0187530518 10880.5902557373 11194.9441223145 10704.1131744385 9473.94491577148 9210.53676605225 9084.36019134521 10552.0390014648 12294.9207611084 11003.1593704224 9079.14723205566 7159.94688415527 5266.55664825439 5367.12382507324 6474.76364898682 8923.11207580566 9516.3394317627 9510.61140441895 10519.124130249 10613.2421722412 8931.08981323242 10819.8590087891 11199.0378723145 11766.2187652588 11406.022644043 9680.10313415527 9973.31332397461 9168.31842041016 8730.89218139648 8676.94839477539 8584.7198638916
4993.22615814209 5063.32965087891 5230.82929229736 5543.71677398682 7196.34062957764 6194.28786468506 4788.70819854736 5039.34294891357 5515.60193634033 6219.83240509033 6287.83046722412 5645.12030029297 5353.88477325439 5655.68163299561 7125.33787536621 8021.97385406494 8877.74253845215 11581.7039337158 12114.3516235352 10857.8976821899 8318.895362854 9978.82228851318 11632.75 9697.86685943604 7034.00896453857 6191.07614898682 5299.82968139648 5391.57189941406 6121.62538146973 6271.30507659912 6990.71717071533 8218.35430145264 9648.12933349609 9199.42696380615 8234.58441162109 9697.57763671875 11120.6273193359 12076.6601715088 12532.9792633057 10901.2754364014 11933.3472442627 11441.6277923584 9901.33319091797 9336.9055480957 9128.00035095215 8820.47843933105
5146.63162994385 5314.6499710083 5586.06838989258 6758.65899658203 7443.25078582764 6428.51756286621 5336.10973358154 5513.95156860352 6263.46173858643 6364.72929382324 6338.04763031006 5579.15509033203 5388.44451904297 5707.0464630127 7412.10272216797 9054.3754119873 8986.83979797363 8195.13749694824 7243.21329498291 6899.29221343994 9365.80627441406 11282.5937347412 9773.68631744385 8018.87887573242 6772.04376220703 5391.55859375 5451.83322143555 6668.46519470215 7841.6683807373 6759.15234375 6376.16521453857 7473.75981140137 9639.96523284912 10332.0305328369 8289.94019317627 10410.1062011719 11040.0133514404 10698.6640472412 10004.3667297363 9696.94261932373 11139.7925415039 13464.3792724609 9632.04023742676 9390.99101257324 9679.08483886719 9756.39414978027
5574.14060974121 5844.76679992676 6522.18281555176 6817.220703125 6397.63009643555 5544.48162078857 5299.60861206055 6073.44528198242 7186.38865661621 7621.73754882812 6686.85272979736 5713.52695465088 5452.31015777588 5577.75389862061 6380.51482391357 8115.016456604 8879.03126525879 8313.77265167236 7308.55390930176 6342.59414672852 7565.92111206055 10098.9574584961 9849.26871490479 7122.24732971191 5441.78475952148 5622.98788452148 6248.96483612061 6801.09532928467 7960.58281707764 7372.52695465088 8549.65587615967 9724.28786468506 9288.08984375 9838.43478393555 9624.94134521484 9661.99609375 10271.7679138184 9845.99488830566 7618.10232543945 12533.254699707 10877.5832061768 12314.8160095215 12215.5085906982 9652.080078125 9952.98666381836 10171.2023620605
6604.43083953857 7406.51679992676 6948.79179382324 6340.86485290527 5794.48476409912 5396.25898742676 5400.96171569824 5897.74960327148 6597.69571685791 6798.39064025879 6830.50115966797 6134.20858001709 5594.67501068115 5552.68438720703 5851.5034866333 6847.05275726318 7307.17847442627 7782.25156402588 7264.48516845703 6946.25545501709 7324.46682739258 8402.26253509521 8045.2534942627 7639.05309295654 7912.17224884033 5199.90473175049 4693.62697601318 7558.53867340088 8316.51410675049 8870.61407470703 10264.51953125 9152.70393371582 7440.35584259033 9406.72305297852 9259.37535095215 8921.18592071533 7398.43477630615 8185.06561279297 8672.11251068115 15200.8519134521 16022.004699707 12603.9265441895 11087.0276641846 10230.4891052246 10271.2437438965 10349.6828765869
5859.54103088379 6573.2230682373 6814.94882202148 6155.05937957764 5563.83791351318 5551.45468139648 5500.18199920654 5641.60857391357 5716.90825653076 5760.64728546143 7309.1898651123 6614.12652587891 5679.04688262939 5502.24062347412 5811.24922943115 7984.56056213379 8749.99842071533 6879.56017303467 6564.17693328857 6459.29566955566 6528.93199920654 7205.24488830566 9052.32308197021 9979.82339477539 8899.37693786621 6859.60545349121 4682.38437652588 5256.62966918945 5116.32775878906 8783.75747680664 10378.1882629395 7695.96327972412 6992.62497711182 8377.58200836182 8097.86217498779 7064.67929077148 6226.56988525391 7748.19687652588 9929.38321685791 11559.7339859009 10269.5067062378 12137.0839233398 14343.7707061768 11884.3055419922 10237.8671569824 10743.0261993408
6386.52967071533 5405.3140335083 5438.53980255127 5703.91954803467 5788.23829650879 5642.14061737061 5479.47579193115 6147.73476409912 5230.67774200439 5823.28007507324 7740.83118438721 7505.05508422852 6246.25782775879 5526.42267608643 5759.22931671143 8157.38905334473 10414.8242034912 8853.54845428467 8424.50347900391 7346.47109985352 7939.39019775391 8032.87186431885 8283.26801300049 8940.22424316406 9538.93941497803 10060.0078353882 7003.12580108643 5031.7128944397 5095.77114105225 4914.97850418091 5656.28788757324 5488.54064178467 6996.69568634033 6934.04177856445 6327.19882965088 5644.95313262939 7258.18674468994 6803.6284942627 7510.31015777588 8947.37108612061 7429.06951904297 6355.7320098877 8216.23089599609 8980.05784606934 10789.2562408447 9778.91168212891
6915.45194244385 6457.47149658203 5386.41368103027 5434.3745880127 5724.92700195312 6238.49295806885 6751.92498016357 6847.8882522583 5180.12617492676 6516.37104797363 8409.42932891846 8245.85669708252 6835.26251220703 5717.47029876709 5811.10118865967 7414.36051940918 9884.53594970703 7912.65115356445 8282.61907958984 9150.20664215088 9633.7879486084 9512.46951293945 9127.56678771973 9510.80702209473 11276.4262390137 9749.11443328857 6663.10155487061 5708.88555908203 5404.10118865967 5336.87461853027 5651.04531097412 4950.29570770264 4827.29177856445 4598.31407928467 4992.10271453857 7018.89138031006 6109.60664367676 6586.07733917236 7565.28402709961 9730.97069549561 9342.40156555176 6124.47930145264 5511.36756134033 6454.31954956055 8230.61015319824 8452.70819091797
