Cases/SDM_Urocitellus_beldingi/westernUsClimate_historic/BIO10.asc
NCOLS 316 
NROWS 299 
XLLCORNER -124.820833001 
YLLCORNER 29.1625003333339 
CELLSIZE 0.0666666666645545 
NODATA_value -3.4e+38 
[rows 0 to 24 of 299, columns 171 to 227 of 316]
1356.1875 1374.625 1415.72222222222 1470.52777777778 1489.68518518519 1473.28571428571 1447.91071428571 1496.58928571429 1502.46428571429 1512.58928571429 1526.94642857143 1539.48214285714 1577.82142857143 1606.26785714286 1610.42857142857 1601.17857142857 1570.69642857143 1553.28571428571 1614.51785714286 1674.42857142857 1694.83928571429 1714.44642857143 1717.92857142857 1716.94642857143 1724.28571428571 1733.85714285714 1736.71428571429 1720.28571428571 1725.58928571429 1745.64285714286 1741.57142857143 1723.78571428571 1729.26785714286 1731.125 1722.08928571429 1733.21428571429 1741.71428571429 1754.10714285714 1766.32142857143 1775.03571428571 1789.10714285714 1794.21428571429 1803.44642857143 1808.71428571429 1805.60714285714 1805.33928571429 1806.42857142857 1811.85714285714 1814.57142857143 1813.46428571429 1809.60714285714 1803.23214285714 1805.16071428571 1814.01785714286 1814.875 1809.42857142857 1793.21428571429
1388.90625 1411.484375 1440.71875 1470.671875 1471.921875 1470.921875 1496.484375 1477.765625 1515.9375 1543.109375 1581.140625 1597.59375 1613.109375 1602.921875 1584.609375 1549.75 1563.6875 1609.359375 1662.3125 1697.09375 1725.359375 1741.515625 1743.875 1757.5 1766.109375 1749.828125 1718.71875 1610.859375 1602.328125 1668.125 1696.359375 1686.28125 1692.484375 1658.890625 1666.359375 1700.125 1718.34375 1733.90625 1751.765625 1764.71875 1787.46875 1830.46875 1844.5 1843.90625 1849.046875 1843.578125 1836.875 1841.421875 1844.359375 1846.796875 1846.125 1845.375 1839.3125 1838.46875 1842.21875 1845.984375 1840.421875
1371.515625 1328.5625 1348.4375 1381.421875 1407.90625 1422.453125 1446.671875 1477 1538 1566.640625 1565.546875 1558.046875 1576.109375 1566.609375 1577.890625 1568.515625 1587.03125 1626.0625 1625.0625 1638.734375 1660.203125 1721.453125 1764.453125 1763.65625 1759.015625 1725.75 1672.796875 1512.453125 1438.359375 1611.1875 1626.40625 1627.546875 1625.140625 1571.796875 1565.140625 1658.84375 1719.65625 1751.59375 1772.125 1780.328125 1790.3125 1809.90625 1822.8125 1826.5 1837.734375 1850.28125 1853.140625 1847.09375 1848.953125 1843.671875 1840.828125 1842.65625 1840.71875 1834.25 1830.1875 1844.90625 1854.6875
1322.09375 1271.59375 1294.859375 1339.65625 1361.25 1421.984375 1461.296875 1485.328125 1500.09375 1521.859375 1568.765625 1565.46875 1572.3125 1588.546875 1611.328125 1595.484375 1588.46875 1586.65625 1583.984375 1584.90625 1610.640625 1720.328125 1750.109375 1752.125 1741.6875 1709.8125 1707.921875 1682.5 1660.40625 1644.890625 1484.6875 1529.46875 1575.03125 1435.28125 1335.234375 1542.1875 1665.515625 1733.96875 1758.734375 1779.5 1798.734375 1811.703125 1817.0625 1821.03125 1824.5625 1841.296875 1849.015625 1864.96875 1869.640625 1868.203125 1851.625 1824.125 1807.40625 1834.6875 1848.234375 1849.5 1855.6875
1330.15625 1251.1875 1293.84375 1333.140625 1364.828125 1392.0625 1423.0625 1468.03125 1483.296875 1516.125 1531.609375 1570.875 1602.78125 1615.453125 1626.109375 1623.671875 1603.65625 1586.84375 1593.75 1627.828125 1640.28125 1729.765625 1754.765625 1746.09375 1733.890625 1727.15625 1721.53125 1726.21875 1724.875 1702.75 1657.671875 1639.296875 1622.859375 1613.640625 1599.171875 1642.609375 1669.09375 1733.78125 1763.703125 1778.390625 1796.09375 1812.015625 1819.578125 1828.109375 1832.5625 1841.234375 1856.515625 1863.125 1877.828125 1883.171875 1856.453125 1840.1875 1823.90625 1829.328125 1847.921875 1861.0625 1866.765625
1285.359375 1257.453125 1305.46875 1327.765625 1329.796875 1388.078125 1457.53125 1498.84375 1513.109375 1518.71875 1543.890625 1578.125 1614.96875 1639.515625 1646.53125 1647.375 1646.21875 1629.578125 1667.75 1719.859375 1749.453125 1760.140625 1758.765625 1749.84375 1745.09375 1747.890625 1746.453125 1743.84375 1742.84375 1738.515625 1719.78125 1704.515625 1698.203125 1691.6875 1702.578125 1732.6875 1732.890625 1750.25 1769.03125 1786.453125 1798.5625 1809.390625 1816.921875 1822.6875 1832.625 1836.421875 1842.5 1859.9375 1872.78125 1891.8125 1882.34375 1863.484375 1842.203125 1850.53125 1859.703125 1870.046875 1885.109375
1091.140625 1234.609375 1271.484375 1287.265625 1399.171875 1456.109375 1489.953125 1514.90625 1536.4375 1560.140625 1574.578125 1601.03125 1617.03125 1627.21875 1631.28125 1657.0625 1663.296875 1651.859375 1664.578125 1741.359375 1766.65625 1770.828125 1760.796875 1761.75 1755.5 1748.234375 1744.609375 1747.984375 1755.28125 1759.640625 1745.515625 1732.75 1735.890625 1735.71875 1741.5 1768.484375 1769.34375 1753.515625 1767.234375 1782.125 1795.578125 1802.5 1815.359375 1822.1875 1819.4375 1843.421875 1843.4375 1857.53125 1871.5625 1882.453125 1886.25 1887.9375 1867.671875 1846.921875 1846.140625 1858.875 1874.109375
1109.90625 1238.390625 1284.015625 1343.171875 1397.609375 1441.296875 1477.234375 1499.15625 1516.8125 1536.375 1545.21875 1565.71875 1597.765625 1621.859375 1636.984375 1657.390625 1667.15625 1644.234375 1671.53125 1735.6875 1753.828125 1773.3125 1773.671875 1760.640625 1774.796875 1770.3125 1771.203125 1769.703125 1770.390625 1781.203125 1777 1768.25 1751.4375 1763.03125 1765.84375 1781.328125 1787 1776.84375 1768.359375 1777 1784.140625 1793.1875 1811.359375 1820.703125 1818.0625 1838.421875 1854.21875 1851.015625 1850.421875 1857.71875 1870.609375 1884.890625 1893.796875 1893.328125 1878.296875 1874.453125 1885.734375
970.171875 1234.859375 1284.46875 1317.75 1366.484375 1404.953125 1442.671875 1474.421875 1483.5 1505.8125 1551.796875 1584.8125 1596.375 1607.53125 1619.0625 1639.171875 1678.828125 1676.5 1689.171875 1695.3125 1717.390625 1758.546875 1781.390625 1774.1875 1771.96875 1782.5 1790.15625 1797.015625 1792.8125 1798.09375 1795.46875 1786.96875 1767.234375 1779.15625 1783.25 1791.53125 1799.578125 1796.125 1772.65625 1779.90625 1792.875 1798.234375 1805.625 1814.828125 1821.59375 1837.078125 1851.578125 1861.875 1858.421875 1842.421875 1845.375 1870.78125 1887.734375 1902.390625 1903.34375 1897.09375 1900.203125
1105.15625 1086.1875 1284.1875 1318.453125 1343.765625 1356.359375 1389.515625 1434.359375 1494.296875 1535.59375 1578.3125 1598.1875 1615.703125 1638.59375 1660.578125 1671.125 1690.28125 1712.09375 1718.0625 1734.96875 1752.53125 1760.859375 1770.15625 1780.671875 1779.265625 1784.4375 1790.34375 1789.5 1797.890625 1806.0625 1816.296875 1811.40625 1798.609375 1801.703125 1802.09375 1811.3125 1813.046875 1805.1875 1795.71875 1796.625 1798.328125 1805.703125 1806.546875 1816.34375 1823.203125 1830.5 1846.015625 1851.84375 1870.625 1873.8125 1861.5 1870.4375 1905.3125 1899.484375 1859.984375 1839.21875 1826.53125
1105.65625 1137.078125 1282.0625 1321.984375 1366.328125 1406.765625 1435.8125 1449.546875 1470.65625 1519.109375 1547.8125 1533.703125 1559.828125 1612.078125 1658.015625 1670.125 1699.453125 1709.15625 1707.984375 1705.453125 1734.671875 1759.8125 1768.421875 1782.3125 1795.296875 1796.71875 1802.328125 1793.75 1794.359375 1801.84375 1806.5625 1817.640625 1837.359375 1840.390625 1841.5 1845.328125 1844.71875 1837.171875 1827.578125 1816.484375 1817.765625 1817.8125 1812.3125 1818 1828.0625 1832.375 1844.09375 1857.265625 1865.4375 1875.265625 1888.375 1902.421875 1909.6875 1868.109375 1804.25 1759.34375 1741.703125
1152.171875 1235.921875 1238.703125 1190.125 1216 1314.9375 1409.6875 1449.03125 1478.8125 1494.375 1514.28125 1546.578125 1585 1626.734375 1665.390625 1687.453125 1698.84375 1694.703125 1700.265625 1703.125 1702.265625 1723.640625 1724.40625 1747.546875 1780.765625 1770.078125 1768.03125 1785.296875 1796.046875 1808.890625 1820.375 1836.46875 1848.109375 1866.4375 1874.8125 1872.59375 1870.515625 1860.703125 1851.671875 1836.078125 1825.75 1821.3125 1825.53125 1828.375 1833.546875 1847.21875 1860.359375 1863.234375 1864.25 1880.53125 1908.875 1910.03125 1861.046875 1794.359375 1685.328125 1574.625 1645.1875
1251.53125 1203.046875 1140.75 1189.375 1170.515625 1257.40625 1267 1327.359375 1403.390625 1450.75 1488.28125 1523.625 1562.765625 1612.484375 1633.546875 1649.234375 1654.78125 1674.453125 1683.078125 1693.59375 1713.140625 1724.0625 1736.890625 1757.828125 1765.875 1755.421875 1758.59375 1767.359375 1774.03125 1786.875 1802.75 1822.34375 1849.8125 1866.890625 1878.015625 1888.890625 1888.5625 1877.28125 1864.90625 1844.484375 1834.828125 1833.109375 1832.3125 1830.78125 1845.046875 1858.265625 1872.578125 1875.390625 1884.28125 1895.890625 1921.03125 1895.046875 1821.078125 1719.203125 1646.28125 1575.484375 1559.5625
1195.828125 1247.640625 1139.359375 1143.828125 1165.40625 1153 1124.265625 1256.9375 1377.640625 1415.09375 1453.765625 1481.4375 1513.234375 1544.9375 1581.9375 1609.8125 1638.765625 1654.015625 1653.890625 1671.203125 1700.015625 1730.078125 1743.84375 1749.796875 1760.078125 1767.6875 1769.796875 1778.671875 1787.734375 1795.015625 1809.0625 1828.5 1835.9375 1841.28125 1851.796875 1859.28125 1865.09375 1851.78125 1844.296875 1839.875 1832.421875 1841.359375 1840.953125 1838.140625 1847.328125 1858.125 1859.625 1863.90625 1879.984375 1909.21875 1939.5625 1877.015625 1760.625 1548.5625 1506.71875 1382.25 1408.359375
1254.03125 1236.921875 1256.125 1220.453125 1160.75 1145.5625 1100.28125 1211.96875 1281.234375 1315.359375 1405.796875 1434.890625 1457.125 1502.015625 1550.5625 1565.15625 1580.984375 1603.578125 1644.28125 1681.4375 1707.609375 1720.25 1725.90625 1735.984375 1755.875 1771.15625 1783.140625 1790.640625 1793.25 1798.875 1811.265625 1814.421875 1818.40625 1814.53125 1820.09375 1829.9375 1841.828125 1834.703125 1839.84375 1843.46875 1852.9375 1865.9375 1853.46875 1852.34375 1851.4375 1860.484375 1865.40625 1881.1875 1925.40625 1950.890625 1926.765625 1854.140625 1755.671875 1619.09375 1470.578125 1365.953125 1369.09375
1215.203125 1214.015625 1287.3125 1229.265625 1242.515625 1177.9375 1112.359375 1106.734375 1126.390625 1173.09375 1338.890625 1372.484375 1432.28125 1485.84375 1506.453125 1512.53125 1567.5 1600.46875 1629.546875 1658.828125 1684.90625 1699.234375 1724.4375 1745.0625 1762 1772.84375 1782.859375 1788.296875 1795.9375 1804.65625 1803.625 1804.609375 1800.15625 1804.546875 1822.171875 1830.296875 1834.078125 1838.734375 1845.5625 1860.875 1865.640625 1880.9375 1867.6875 1864.96875 1876.078125 1895 1912.8125 1935 1951.578125 1949.671875 1902.859375 1854.953125 1774.515625 1687.796875 1651.78125 1628.390625 1596.140625
1211.96875 1189.046875 1145.40625 1188.5625 1148.9375 1181.65625 1142.203125 1049.40625 1029.90625 1091.875 1157.59375 1369.703125 1465.078125 1517.125 1546.171875 1572.953125 1623.90625 1657.796875 1676.796875 1686.765625 1694.1875 1709.875 1727.4375 1744.921875 1760.359375 1771.9375 1777.921875 1787.984375 1794.921875 1802.703125 1797.890625 1793.109375 1794.234375 1804.0625 1812.3125 1831.734375 1841.109375 1846.234375 1857.625 1863.8125 1874.96875 1902.296875 1910.671875 1910.0625 1905.953125 1928.25 1954.546875 1948.203125 1932.96875 1951.796875 1909.546875 1869.015625 1831.34375 1818 1799.859375 1777.953125 1756.15625
1356.046875 1291.671875 1287.8125 1201.359375 1069.296875 1103.09375 1136.46875 1049.171875 1021.3125 1132.484375 1113.125 1324.40625 1457.34375 1514.328125 1554.671875 1573.265625 1622.28125 1669.5 1683.890625 1698.703125 1706.921875 1715.96875 1730.96875 1747.78125 1762.171875 1772.359375 1779.46875 1787.59375 1796.109375 1801.28125 1798.015625 1801.609375 1808.796875 1828.625 1844.453125 1852.125 1858.65625 1868.828125 1877.421875 1883.4375 1894.59375 1906.109375 1925.5 1942.65625 1948.421875 1941.078125 1929.609375 1910.3125 1901.9375 1915.421875 1943.375 1925.03125 1905.625 1880.5 1856.359375 1836.8125 1836.46875
1385.5625 1214.53125 1254 1211.703125 1201.125 1042.109375 1155.578125 1173.6875 1035.71875 1089.078125 1183.90625 1337.328125 1455.96875 1507.8125 1532.671875 1568.640625 1616.640625 1665.40625 1686.9375 1699.875 1714.75 1725.5625 1732.890625 1743.21875 1750.578125 1757.5 1768.59375 1779.171875 1789.53125 1796.515625 1805.53125 1817.015625 1841.75 1858.125 1870.390625 1877.3125 1880.234375 1885.609375 1885.234375 1888.125 1891.515625 1904.078125 1922.53125 1924.921875 1918.9375 1906.03125 1903.78125 1899.203125 1891.0625 1912.40625 1944.875 1914.140625 1929.296875 1917.28125 1897.6875 1876.140625 1897.703125
1379.796875 1234.578125 1057.875 1122.90625 1117.09375 980.390625 1183.859375 1273.1875 1097.171875 979.09375 1050.5 1281.390625 1444.921875 1518.65625 1551.84375 1580.765625 1608.171875 1664.359375 1698.796875 1705.984375 1711.15625 1705.859375 1707.078125 1719.71875 1731.78125 1741.1875 1761.375 1774.734375 1788.5 1807.25 1821.421875 1836.0625 1861.6875 1873.453125 1878.1875 1879.734375 1883.640625 1888.015625 1890.71875 1891.359375 1899.375 1900.671875 1892.46875 1897.4375 1891.875 1883.75 1882.375 1875.28125 1886.890625 1919.375 1944.171875 1950.421875 1932.1875 1914.671875 1936.515625 1957.6875 1967.515625
1437.671875 1296.203125 1063.125 1112.203125 1047.078125 1074.140625 1206.515625 1320.03125 1221.71875 1067.921875 1136.8125 1357.1875 1438.34375 1520.359375 1571.453125 1613.5625 1636.484375 1644.046875 1643.75 1708.171875 1713.0625 1705.90625 1710.125 1728.984375 1742.5625 1756.46875 1767.515625 1777.609375 1788.90625 1801.8125 1820.703125 1835.203125 1852.015625 1869.796875 1873.515625 1885.265625 1897.125 1895.1875 1886.921875 1886.21875 1881.015625 1887.984375 1876.5 1852.046875 1863.671875 1871.875 1877.828125 1883.875 1895.953125 1910.984375 1926.328125 1922.84375 1932.0625 1942.671875 1917.234375 1962.390625 2005.15625
1345.109375 1369.625 1135.875 1144.421875 1047.296875 1026.140625 1080.296875 1295.765625 1324.59375 1213.625 1250.296875 1433.9375 1541.1875 1584.265625 1563.046875 1552.75 1564.03125 1576.296875 1633.59375 1691.171875 1722.546875 1721.9375 1721.71875 1731.625 1739.859375 1763.34375 1782.171875 1789.28125 1793.9375 1806.515625 1817.578125 1837.6875 1844.359375 1863.0625 1876.40625 1900.515625 1904.03125 1890.8125 1871.375 1856.8125 1854.703125 1866.34375 1870.265625 1851.546875 1858.453125 1876.640625 1891.125 1899.234375 1903.375 1904.890625 1913.609375 1930.484375 1936.375 1962.984375 1912.421875 1940.171875 1980.5625
1290.203125 1437.84375 1279.140625 1249.421875 1066.8125 1143.4375 1052.234375 1292.34375 1335.140625 1378.390625 1419.53125 1456.671875 1553.0625 1599.015625 1621.703125 1611.09375 1604.734375 1611.546875 1631.3125 1670.03125 1705.078125 1721.140625 1725.765625 1724.796875 1739.734375 1762.28125 1791.71875 1813.171875 1822.34375 1829.4375 1834.84375 1838.03125 1863.625 1872.171875 1885.984375 1902.296875 1900.515625 1883.078125 1847.296875 1820.84375 1813.28125 1833.21875 1827 1796.796875 1850.46875 1871.265625 1876.609375 1899.828125 1906.59375 1903.296875 1909.40625 1919.25 1908.3125 1952.171875 1878.734375 1903.875 1962.28125
1143.625 1331.28125 1365.890625 1152.75 1094.34375 1161.046875 1158.640625 1270.171875 1166.90625 1190.3125 1268.921875 1291.921875 1509.703125 1586.984375 1619.40625 1648.25 1670.375 1683.3125 1701.3125 1722.484375 1740.828125 1751.890625 1770.859375 1770.046875 1778.484375 1789.546875 1805.53125 1822.328125 1844.0625 1855.5 1866.390625 1884.28125 1883.109375 1870.078125 1882.09375 1885.84375 1887.15625 1862.4375 1830.578125 1793.03125 1735.5625 1669.28125 1617.875 1665.390625 1717.328125 1804.390625 1849.53125 1868.40625 1911.046875 1917.71875 1919.53125 1909.15625 1922.46875 1939.53125 1881.953125 1905.515625 1922.828125
1155.765625 1168.25 1308.6875 1315.578125 1219.546875 1184.859375 1141.0625 1191.9375 1211.484375 1154.28125 1256.734375 1416.734375 1521.734375 1549.890625 1601.359375 1633.234375 1653.28125 1673.453125 1694.265625 1717.171875 1737.3125 1746.0625 1756.6875 1710.421875 1769.21875 1757.75 1789.59375 1816.640625 1845.328125 1858.0625 1858.640625 1880.046875 1870.75 1856.1875 1851.765625 1837.96875 1835.984375 1835 1812.140625 1751.46875 1651.90625 1562.4375 1552.703125 1492.21875 1577.140625 1690.796875 1750.875 1739.640625 1859.515625 1909.71875 1909.609375 1901.15625 1896.5 1883.03125 1875.828125 1887.609375 1883.03125
