Cases/SDM_Urocitellus_beldingi/westernUsClimate_historic/BIO11.asc
NCOLS 316 
NROWS 299 
XLLCORNER -124.820833001 
YLLCORNER 29.1625003333339 
CELLSIZE 0.0666666666645545 
NODATA_value -3.4e+38 
[rows 156 to 181 of 299, columns 58 to 115 of 316]
747.796875 693.59375 649.984375 665.328125 616.421875 561.140625 468.046875 361.015625 266.03125 152.4375 44.625 -68.765625 -215.671875 -302.421875 -329.875 -292.484375 -189.0625 -91.21875 -121.90625 -251.546875 -174.78125 101.8125 76.4375 -84.53125 -17.078125 12.5 -202.46875 -217.203125 -19.4375 52.0625 31.296875 -107.390625 58.578125 189.171875 189.6875 75.125 -68.015625 -82.8125 -50.78125 -42.046875 -86.390625 -129.515625 -16.96875 48.9375 7.453125 -38.65625 -66.328125 -75.859375 -116.359375 -84.90625 -128.375 -167.75 -235.359375 -261.28125 -189.8125 -200.609375 -137.96875 -117.25
809.578125 760.609375 721.46875 673.640625 631.828125 564.375 460.765625 378.75 285.1875 176.859375 73.46875 -20.921875 -134.890625 -151.96875 -219.6875 -311.65625 -311.046875 -249.109375 -217.34375 -163.265625 -158.96875 -20.3125 20.96875 -202.484375 -251.59375 -120.234375 -150.53125 -265.015625 -75.203125 30.9375 0.078125 -173.6875 -311.796875 122.625 223.6875 204.234375 148.65625 97.359375 26.34375 45.59375 55.453125 29.8125 -20.140625 -78.15625 -27.59375 -33.03125 -65.671875 -58.40625 -82.3125 -71.125 -47.109375 -89.578125 -164.234375 -134 -86.109375 -124.734375 -111.265625 -98.1875
820.59375 785.171875 726.21875 679.65625 634.078125 570.921875 484.390625 436.671875 426.359375 343.53125 267.640625 160.640625 28.53125 32.171875 -202.234375 -255.359375 -315.5 -357.8125 -320.5 -244.421875 -267.625 -88.703125 -40.5 -290.609375 -351.78125 -219.84375 -195.4375 -333.34375 -186.78125 -41.671875 7.71875 -252.375 -420.25 -59.765625 201.171875 192.34375 158.734375 101.359375 115.5625 128.640625 112.59375 116.921875 48.359375 -124.796875 -108.21875 -35.078125 -117.03125 -102.15625 -34.890625 -21.25 -6.609375 -7.359375 -18.015625 -23.4375 -34.71875 -54.484375 -58.71875 -127.15625
824.25 805.328125 763.828125 720.84375 678.046875 632.921875 552.421875 503.125 513.1875 489.40625 390.8125 197.71875 -8.65625 -62.015625 -155.0625 -260.34375 -280.8125 -312.984375 -349.65625 -373.609375 -376.359375 -302.96875 -189.84375 -349.703125 -563.5625 -336.453125 -157.40625 -138.84375 -110.90625 -56 -74.734375 -206.96875 -380.796875 -159.25 66.59375 127.453125 106 34.09375 16.421875 -71.25 -76.234375 47.375 118.421875 37.578125 -50.125 -56.421875 -18.125 -26.640625 -14.9375 -1.6875 27.953125 32.59375 8.046875 -15.09375 -30.09375 -27.828125 -65.015625 -182.953125
832.140625 826.703125 801.109375 757.96875 801.546875 724.546875 625.8125 580.65625 483.4375 389.8125 276 148.4375 59.796875 -9.84375 -71.8125 -109.578125 -180.1875 -214.03125 -333.078125 -501.03125 -513.03125 -363.671875 -245.015625 -361.109375 -507.15625 -418.359375 -188.578125 -179.21875 -161.875 -103.609375 -103.828125 -124.359375 -170.15625 -245.46875 -188.40625 -9.59375 12.8125 -84.390625 -34.3125 6.1875 -0.328125 41.4375 110.21875 40.4375 -99.578125 -250.515625 -15.203125 30.953125 22.359375 11.078125 46.28125 77.265625 51.4375 26.25 10.9375 -13.0625 -53.953125 -101.453125
839.46875 836.03125 824.359375 798.9375 775.21875 738.46875 665.984375 598.59375 483.015625 385.171875 310.765625 269.234375 112.203125 80.8125 119.453125 48.34375 -96.515625 -187.609375 -335.609375 -535.734375 -398.703125 -272.578125 -253.890625 -278.828125 -266 -300.34375 -249.453125 -344.03125 -303.765625 -227.546875 -173.15625 -159.390625 -183.046875 -262.953125 -234.28125 -39.3125 -3.75 -59.765625 -90.875 -39.828125 -72.0625 -16.828125 121.765625 93.46875 -210.71875 -150.078125 2.15625 46.53125 16 15.578125 80.34375 106.296875 94.296875 63.625 38 -143.390625 -141.484375 -138.671875
835.734375 845.4375 842.59375 820.703125 797.875 735.890625 690 639.453125 536.09375 414.96875 383.328125 314.375 229.046875 295.09375 183.765625 -139.8125 -267.6875 -315.5625 -301.9375 -467.53125 -448.15625 -419.5 -424.328125 -392.140625 -259.953125 -289.078125 -270.671875 -369.96875 -399.734375 -350.546875 -272.015625 -212.546875 -222.4375 -240.5625 -216.703125 -62.3125 -89.5625 -67.359375 -51.09375 -19.640625 -105.84375 70.640625 149.8125 149.15625 69.328125 6.0625 30.875 45.828125 37.15625 58.375 109.734375 144.109375 123.265625 88 55.53125 -65.859375 -108.609375 -94.46875
822.90625 835.21875 833.96875 820.234375 810.640625 775.953125 735.6875 696.765625 600.21875 585.84375 496.640625 432.21875 423.046875 366.1875 140.625 -101.5625 -238.1875 -336.390625 -424.203125 -482.140625 -458.5625 -477.5625 -507.328125 -451.96875 -269 -260.25 -270.546875 -363.4375 -437.109375 -401.234375 -265 -235.75 -224.984375 -226.953125 -180.953125 -124.203125 -61.140625 -56.328125 69.46875 78.53125 -26.4375 57.890625 44.40625 84.765625 119.28125 99.359375 37.703125 10.765625 17.03125 -7.8125 130.578125 149.109375 111.40625 77.3125 48.96875 3.484375 -54.84375 -54.890625
812.78125 819.6875 833.859375 807.53125 803.828125 798.984375 764 712.703125 706.6875 632.890625 528.6875 428.125 343.03125 242.875 114.046875 -44.703125 -134.921875 -227.140625 -309.046875 -456.421875 -488.078125 -531.28125 -501.28125 -427.421875 -431.65625 -304.8125 -279.65625 -307.953125 -289.203125 -236.890625 -215 -220 -217.28125 -257.078125 -221.125 -83.390625 -40.078125 -10.875 23.359375 36.125 26.953125 -7.921875 51.78125 105.09375 142.75 153.125 38.703125 -36.25 -13.359375 22.109375 141.28125 127.828125 81.390625 46.640625 20.578125 29.140625 -40.78125 -39.734375
805.546875 815.890625 875.359375 842.796875 810.421875 808.25 811.671875 781.328125 704.75 611.0625 519 426.734375 297.03125 248.375 173.453125 82.578125 -33.96875 -117.265625 -222.515625 -307.53125 -341.828125 -441.484375 -505.9375 -551.703125 -530.71875 -510.484375 -297.609375 -192.90625 -201.703125 -213.21875 -209.171875 -211.5 -207.484375 -226.140625 -180.46875 -126.65625 -123.171875 -94.453125 -76.78125 -54.390625 -21.1875 -156.84375 18.390625 152.546875 154.546875 158.125 96.796875 76.65625 106.40625 135 130.9375 35.46875 28.25 29.4375 18.75 38.96875 8.546875 -32.15625
796.84375 801.328125 833.171875 884.0625 844.390625 826.421875 855.34375 815.75 722.3125 675.71875 607.5 532.296875 376.734375 362.125 252.171875 255.421875 192.03125 78.5625 -15.359375 -110.140625 -200.1875 -324.96875 -428.015625 -439.71875 -581.953125 -523.96875 -402.796875 -168.0625 -179.453125 -201.25 -203.40625 -217.171875 -222.203125 -176.265625 -173.390625 -162.734375 -191.3125 -196.84375 -173 -138.203125 -53.78125 7.484375 21.5625 107.453125 151.171875 124.265625 125.46875 128.796875 126.59375 128.9375 122.125 -30.625 -63.9375 40.734375 29.0625 37.03125 8.90625 -15.1875
792.328125 789 798.28125 864.46875 847.046875 831.9375 861.5625 866.671875 816.296875 749.9375 715.828125 617.546875 481.234375 483.28125 436.109375 379.71875 332.953125 273.3125 172.234375 86.234375 9.21875 -144.96875 -257.34375 -400.921875 -517.5625 -515.9375 -411.421875 -189.296875 -168.5625 -188.0625 -190.9375 -255.859375 -230.5625 -166 -123.515625 -104.390625 -92.453125 -65.40625 -84.21875 -224.984375 -156.875 -6.484375 66.734375 44.84375 131.5625 97.609375 73.203125 114.8125 127.125 133.875 58.546875 -44.828125 44.03125 56.453125 45.328125 45.9375 50.71875 2.21875
791.96875 780.78125 789.28125 805.6875 848.375 910.953125 966.25 922.8125 843.84375 801.09375 686.3125 650.28125 638.921875 637.515625 559.953125 451.359375 359.375 184.90625 68.671875 -72.3125 -144.3125 -380.09375 -339.0625 -423.234375 -460.75 -506.203125 -494.203125 -214.671875 -182.921875 -250.921875 -256.375 -283.296875 -223.40625 -176.671875 -141.359375 -90.3125 46.59375 28.734375 -323.859375 -473.671875 -179.46875 -24.921875 106.125 90.328125 115.640625 106.46875 -23 10.828125 101.171875 166.765625 141.25 111.640625 110.4375 84.90625 59.859375 53.015625 35.34375 16.53125
800.4375 790.4375 792.109375 794.421875 794.703125 870.5625 973.40625 964.859375 854.359375 796.859375 685.96875 557.078125 553.265625 549.84375 492.6875 400.6875 343.265625 225.78125 81.09375 -78.90625 -23.796875 -94.578125 -295.109375 -449.84375 -535.4375 -559.1875 -590 -294.46875 -267.75 -277.65625 -271.765625 -299.15625 -294.671875 -288.984375 -240.453125 -107.65625 33.15625 52.421875 -395.828125 -738.0625 -251.78125 -40.21875 103.421875 112.4375 95.90625 17.71875 -44.703125 -69.765625 -2.53125 140.859375 119.359375 125.71875 119.03125 90.8125 49.640625 42.765625 46.140625 25.6875
803.890625 799.640625 795.859375 794.265625 789.9375 790.9375 813.921875 923.390625 875.4375 837.296875 759.484375 686.625 585.046875 591.390625 568.796875 495.421875 445.375 369.28125 296.046875 143.546875 156.90625 65.921875 -162.953125 -328.640625 -489.03125 -576.28125 -494.78125 -396.578125 -343.75 -243.9375 -198.46875 -157.546875 -159.0625 -210.03125 -231.75 -123.109375 -18.0625 123.296875 26.03125 -645.671875 -507.734375 -106.078125 70.296875 87.1875 -0.078125 -114.234375 -123.546875 -113.53125 84.53125 146.421875 107.5625 129.65625 76.15625 -38.625 -100.625 12.578125 22.34375 12.1875
802.8125 800.578125 798.9375 796.8125 795.609375 795.9375 795.015625 824.171875 895.265625 896.390625 844.296875 785.203125 719.046875 742.125 685.5 684.578125 657.609375 575.796875 380.640625 81.421875 32.796875 0.375 -210.234375 -401.234375 -393.640625 -340.765625 -422.859375 -332.28125 -308.734375 -284.546875 -218 -149.03125 -109.734375 -126.375 -186.75 -126.328125 -11.515625 166.71875 187.78125 -289.21875 -785.046875 -225.78125 -13.203125 49.625 15.46875 -109.921875 -108.234375 -2.65625 157.796875 143 138.703125 127.234375 32.40625 -61 -30.078125 10.359375 51.40625 69.828125
803.203125 801 798.421875 796.734375 796.046875 797.15625 799.640625 804.53125 824.125 895.265625 896.453125 803.140625 784.9375 762.25 737.3125 637.1875 584.953125 586.71875 480.59375 231.65625 -19.09375 -165.25 -207.96875 -288.0625 -214.03125 -67.375 -113.171875 -157.78125 -209.203125 -331.921875 -337.59375 -242.5 -141.515625 -107.453125 -131.578125 -77.53125 19.0625 219.046875 239.015625 -111 -808.34375 -551.984375 -116.015625 11.0625 27.890625 22.734375 -61.484375 -18.1875 120.359375 140.59375 145.546875 102.296875 -6.265625 37.09375 67.734375 74.75 93.484375 88.21875
803.1875 800.421875 799.8125 797.78125 798.09375 799.140625 799.8125 800.9375 808.53125 852.96875 909.890625 859.53125 790.734375 692.296875 697.78125 659.078125 607.4375 516.796875 370.515625 411.78125 229.0625 5.5 -78.40625 -64.328125 77.71875 166.875 186.578125 5.515625 -135.265625 -332.84375 -493.359375 -504.140625 -433.234375 -300.1875 -86.484375 34.1875 97.40625 232.8125 301.21875 68.453125 -566.640625 -678.265625 -485.921875 -155.3125 16.140625 57.65625 33.078125 -5.171875 -32.75 -115.734375 -135.71875 -32.453125 45.28125 91.578125 115.28125 131.578125 143.328125 114.875
803.515625 800.859375 801.765625 803.265625 804.53125 805.4375 805.578125 818.515625 840.84375 839.71875 886.015625 907.296875 823.796875 759.890625 769.5625 741.6875 717.578125 668.234375 581 402.328125 288 25.890625 141.65625 288.90625 183.921875 277.25 262.28125 15.515625 -235.375 -393.375 -506.859375 -566.34375 -623.21875 -503.859375 -100.515625 237.71875 218.15625 269.71875 322.421875 208.890625 -219.90625 -588.90625 -448.578125 -189.8125 -64.1875 65.125 121.734375 73.46875 -25.015625 -99.21875 -168.5625 -65.375 70.46875 136.03125 162.203125 179.921875 179.296875 172.765625
806.328125 804.578125 805.328125 806.59375 808.375 812.078125 815.421875 820.390625 828.734375 818.265625 832.5 865.9375 824.796875 772.96875 762.453125 759.65625 763.921875 777.71875 711.609375 634.96875 490 184.78125 117.1875 411.515625 447.625 351.109375 108.609375 84.484375 -113.828125 -206.9375 -343.59375 -556.609375 -734.953125 -597.9375 -8.53125 282.46875 313.28125 338.0625 347.625 294.8125 -63.5 -463.421875 -281.453125 -93.203125 39.28125 62.6875 149.578125 44.8125 -25.84375 -55.890625 -111.625 3.25 169.390625 152.546875 177.28125 193.046875 215.921875 236.453125
808.84375 806.6875 807.09375 806.15625 806.671875 809.703125 811.375 812.890625 814.140625 813.640625 819.171875 835.875 849.109375 834.5625 801.84375 803.03125 794.71875 753.515625 737.859375 728.453125 647.546875 479.703125 217.140625 314.921875 599.4375 227.90625 -7.03125 -82.5 -58.25 -115.484375 -410.015625 -587.078125 -716.921875 -546.3125 -441.59375 74.09375 167.390625 291.984375 371.9375 365.796875 47.0625 -193.84375 -69.046875 107.984375 82.875 315.21875 400.140625 299.625 95.6875 133.3125 210.984375 273.421875 219.03125 192.59375 118.796875 86.015625 234.265625 274.015625
811.78125 809.3125 806.859375 806.234375 805.515625 805.859375 806.703125 811.984375 816.546875 814.453125 816.640625 823 843.03125 848.109375 835.796875 812.875 764.609375 750.71875 718.265625 707.65625 692.15625 653.140625 408.78125 353.5 528.609375 -25.421875 -26 -115 -328.015625 -247.921875 -228.96875 -467.90625 -579.125 -672.84375 -620.53125 -159.578125 -227.515625 -91.921875 315.40625 410.09375 200.265625 -56.140625 -16.25 120.125 80.3125 326.109375 493.03125 493.578125 235.515625 313.96875 539.65625 556.46875 413.1875 254.53125 32.171875 128.734375 288.390625 310.515625
817.90625 817.078125 813.640625 809.921875 808.078125 808.21875 808.484375 812.28125 816.125 816.109375 814.109375 816.8125 822.796875 836.171875 840.1875 831.828125 778.5 769.3125 738.59375 719.96875 715.546875 688.03125 640.625 580.1875 569.3125 274.140625 -42.734375 -249.84375 -333.015625 -389.984375 -442.8125 -423.71875 -530.296875 -674.03125 -691.21875 -508.390625 -593.875 -409.484375 121.828125 412.734375 409.234375 183.75 -65.109375 -153.859375 -20.421875 178.96875 514.953125 539.96875 453.84375 345.15625 579.6875 662.640625 486.65625 186.921875 137.625 304.90625 329.53125 341.375
824.96875 822.140625 820.234375 814.125 810.3125 811.28125 811.234375 813.390625 817.03125 818.796875 818.328125 819.421875 823.4375 827.796875 839.328125 850.671875 825.6875 780.234375 770.4375 780.859375 755.96875 762.03125 719.90625 675.34375 380.171875 209.609375 -3.625 -184.46875 -339.390625 -214.046875 -272.125 -449.234375 -630.03125 -752.21875 -754.734375 -657.3125 -724.6875 -431.96875 -0.484375 321.34375 440.390625 254.6875 9.9375 -80.5625 -16.046875 175.34375 417.734375 532.671875 590.109375 534.75 432.671875 679.484375 646.65625 364.21875 310.4375 335.953125 367.296875 265.828125
834.96875 830.71875 825.0625 818.078125 814.171875 812.578125 811.65625 814.328125 818 820.828125 819.125 817.53125 817.453125 823.078125 831.03125 839.3125 855.953125 855.625 847.984375 820.890625 779 732.53125 683.109375 615.3125 457.703125 445.5 202.671875 19.03125 -159.9375 -172.65625 -165.828125 -367.03125 -551.640625 -638.953125 -589.65625 -431.875 -608.40625 -731.390625 -235.53125 276.1875 432.078125 280.4375 -180.09375 -127.640625 -37.6875 166.46875 229.78125 265.765625 547.265625 514.25 271.375 653.796875 735.0625 614.484375 559.703125 471.25 253.28125 144.171875
849.171875 835.96875 826.671875 820.453125 817.9375 814.640625 812.421875 812.765625 814.90625 818.328125 818.65625 817.15625 810.90625 811.609375 820.65625 832.078125 846.125 865.796875 866.015625 841.578125 784.203125 802.21875 760.625 704.03125 685.25 646.0625 483.109375 329.296875 56.59375 78.296875 -214.125 -332.890625 -325.5 -396.734375 -169.296875 -184.140625 -578.90625 -649.4375 -440.1875 225.734375 451.0625 302.828125 -191.828125 -275.890625 -95.671875 228.5625 255.796875 131.4375 232.375 317 96 537.8125 727.875 826.03125 747.28125 451.828125 143.96875 60.609375
