Cases/SDM_Urocitellus_beldingi/westernUsClimate_historic/BIO11.asc
NCOLS 316 
NROWS 299 
XLLCORNER -124.820833001 
YLLCORNER 29.1625003333339 
CELLSIZE 0.0666666666645545 
NODATA_value -3.4e+38 
[rows 52 to 77 of 299, columns 232 to 289 of 316]
-357.578125 -357.703125 -380.390625 -376.1875 -384.34375 -381.734375 -385.421875 -389.65625 -396.734375 -372.40625 -337.390625 -328.296875 -333.4375 -380.28125 -437.703125 -365.4375 -413.109375 -427.359375 -442.609375 -437.453125 -439.796875 -446.359375 -417.25 -450 -504.546875 -518.34375 -493.75 -506.765625 -535.1875 -517.265625 -485 -508.484375 -576.5625 -621.109375 -565.65625 -585.984375 -618.46875 -617.34375 -584.140625 -565.84375 -568.6875 -492.3125 -405.140625 -471.875 -570.359375 -576.21875 -581.25 -579.078125 -581.28125 -581.46875 -559.703125 -536.1875 -569.328125 -595.375 -594.09375 -586.984375 -601.046875 -601.46875
-308.640625 -326.8125 -345.171875 -345.8125 -344.75 -364.359375 -370.859375 -389 -378.15625 -365.46875 -334.921875 -334.828125 -377.15625 -441.15625 -432.546875 -377.515625 -359.203125 -436.0625 -440.5625 -416.734375 -407.09375 -405.703125 -393.921875 -443.96875 -500.796875 -508.15625 -464.28125 -500.1875 -522.625 -523.515625 -525.375 -520.171875 -533.921875 -561.296875 -608.578125 -659.578125 -619.15625 -528.453125 -549.359375 -542.859375 -492.578125 -469.234375 -407.296875 -440.296875 -556.9375 -583.890625 -580.359375 -590.546875 -593.828125 -578.734375 -576.46875 -560.328125 -590.75 -587.109375 -589.359375 -592.96875 -596.515625 -595.875
-303.53125 -325.265625 -343.953125 -363.46875 -363.03125 -366.921875 -382.765625 -389.765625 -388.359375 -366.09375 -350.703125 -374.78125 -448.828125 -452.28125 -425.109375 -433.0625 -361.515625 -446.671875 -426.5625 -401.109375 -390.25 -329.15625 -351.828125 -417.5 -494.234375 -441.1875 -412.09375 -457.53125 -511.09375 -538 -527.484375 -543.234375 -522.875 -505.53125 -575.890625 -575.8125 -478.390625 -446.890625 -483.328125 -501.1875 -488.625 -485.34375 -509.953125 -564.125 -585.203125 -583.34375 -541.5 -583.390625 -587.359375 -568.84375 -577.796875 -552.9375 -578 -559.53125 -579.734375 -587.84375 -577.03125 -570
-323.265625 -322.171875 -316.015625 -342.96875 -353.46875 -371.484375 -392.21875 -395.859375 -370.28125 -361.046875 -366.140625 -416.640625 -406.78125 -381.078125 -382.484375 -404.625 -425.875 -421.359375 -362.625 -351.9375 -301.265625 -261.9375 -324.484375 -416.25 -395.859375 -419.5625 -383.375 -453.859375 -493.609375 -544.125 -508.53125 -481.125 -435.921875 -411.015625 -492.96875 -528.1875 -500.859375 -483 -502.921875 -518.0625 -528.421875 -552.28125 -573.859375 -583.40625 -572.53125 -575.9375 -559.40625 -584.109375 -587.96875 -577.0625 -579.90625 -579.46875 -560.46875 -548.421875 -552.578125 -571.984375 -553 -566.40625
-327.828125 -335.484375 -362.015625 -381.296875 -372.03125 -396.5 -404.140625 -395.25 -363.84375 -376.875 -326.71875 -381.75 -342.5625 -347.9375 -393.8125 -365.140625 -347.1875 -322.703125 -300.765625 -316.03125 -296.5625 -277.65625 -335.734375 -368.015625 -344.921875 -389.90625 -425.421875 -429.296875 -462.453125 -530.328125 -504.234375 -472.078125 -349.234375 -390.984375 -466.734375 -520.1875 -495.453125 -493.25 -508 -544.78125 -540.578125 -539.40625 -589.53125 -536.953125 -546.03125 -570.5 -574.09375 -569.078125 -578.046875 -546.359375 -563.328125 -540.9375 -515.359375 -535.859375 -539.5625 -560.71875 -570.046875 -589.515625
-395.1875 -438.703125 -469.203125 -414.65625 -405.90625 -427.40625 -423.015625 -396.796875 -359.671875 -382.15625 -397.1875 -385.453125 -367.21875 -404.53125 -405.921875 -424.859375 -403.578125 -375.5 -298.453125 -301.328125 -278.71875 -273.5 -312.640625 -374.625 -395.859375 -401.796875 -448.203125 -433.640625 -475.953125 -504.96875 -534.34375 -519.140625 -425.390625 -408.484375 -471.703125 -486.65625 -482.765625 -496.515625 -537.453125 -566.359375 -587.8125 -562.65625 -550.21875 -563.078125 -552.6875 -549.578125 -540.59375 -550.84375 -552.703125 -539.53125 -538.75 -507.328125 -525.296875 -517 -553.609375 -565.53125 -568.5625 -564.8125
-565.125 -538.5 -491.890625 -407.03125 -426.5625 -458.390625 -450.5 -415.71875 -362.890625 -377.515625 -401.75 -492.9375 -576.640625 -500.46875 -518.46875 -449.015625 -374.84375 -373.875 -350.9375 -284.734375 -294.703125 -271.34375 -275.125 -383.421875 -426.5625 -424.171875 -460.8125 -430.890625 -430.484375 -474.96875 -497.28125 -500.96875 -416.609375 -410.875 -475.84375 -477.515625 -502.671875 -516.03125 -532.5 -583.796875 -565.8125 -530.25 -563.640625 -541.25 -536.765625 -528.5 -530.078125 -550.109375 -546.75 -544.25 -538.375 -479.375 -487.078125 -539.125 -563.109375 -563.34375 -539.25 -509.21875
-633.65625 -565.078125 -450.3125 -397.03125 -436.421875 -472.125 -438.75 -424.34375 -410.578125 -413.65625 -435.078125 -425.34375 -532.65625 -574.46875 -470.703125 -615.46875 -370.1875 -453.390625 -357.421875 -396.4375 -550.828125 -408.640625 -332.96875 -365.3125 -404.28125 -439.78125 -445.703125 -403.15625 -454.96875 -469.171875 -443.9375 -482.921875 -434.125 -438.8125 -475.75 -482.1875 -541.8125 -596.109375 -623.875 -577.625 -530.046875 -521.5625 -566.390625 -570.390625 -516.25 -479.140625 -496.484375 -526.140625 -544.828125 -510.546875 -474.765625 -454.34375 -518.71875 -557.5625 -567.125 -557.15625 -513.953125 -540.546875
-835.90625 -669.0625 -411.71875 -396.96875 -466.625 -432.78125 -416.828125 -403.96875 -449.046875 -469.328125 -491.84375 -430.453125 -426.15625 -408.640625 -404.484375 -305.640625 -434.65625 -423.359375 -383.546875 -427.4375 -610.984375 -735.234375 -523.234375 -392.9375 -427.546875 -430.109375 -442.59375 -470.53125 -464.328125 -461.90625 -438.796875 -454.9375 -426.359375 -438.96875 -465.4375 -503.140625 -575.53125 -671.015625 -685.546875 -625.75 -562.609375 -539.640625 -570 -592.3125 -573.78125 -525.859375 -466.375 -484.28125 -495.9375 -469.5625 -454.59375 -503.21875 -551.53125 -515.015625 -558.859375 -534.25 -525.96875 -525.09375
-747.75 -342.359375 -389.953125 -424.984375 -455.625 -420.796875 -446.875 -425.40625 -435.84375 -478.65625 -524.28125 -553.984375 -510.984375 -450.3125 -486.953125 -503.34375 -475.875 -320.46875 -355.765625 -445.234375 -494.5625 -770.1875 -755.28125 -601.4375 -494.234375 -467.765625 -472.15625 -473.953125 -445.734375 -443.765625 -451.234375 -464.296875 -437.203125 -454.71875 -459.296875 -558.109375 -663.75 -725.78125 -675.734375 -572.671875 -545.59375 -522.140625 -568.5625 -567.90625 -543.734375 -529.78125 -497.46875 -455.515625 -462.9375 -486.9375 -514.28125 -557.609375 -550.484375 -509.71875 -521.890625 -514.484375 -509.09375 -531
-567.890625 -328.609375 -382.546875 -455.859375 -461.171875 -477.3125 -450.90625 -428.0625 -447.78125 -506.234375 -615.59375 -657.5625 -627.875 -583.046875 -549.4375 -543.046875 -554.21875 -420.109375 -267.0625 -337.109375 -486.078125 -710.984375 -905.453125 -770.40625 -564.734375 -547.359375 -548.203125 -503.671875 -457.15625 -448.5625 -449.828125 -498.96875 -536 -532.078125 -521.890625 -567.59375 -639.84375 -665.921875 -607.03125 -568.5625 -564.25 -514.078125 -498.28125 -535.28125 -540.8125 -515.96875 -482.75 -481.546875 -496.359375 -555.203125 -579.40625 -584.953125 -539.453125 -576.015625 -554.375 -544.90625 -542.59375 -551.171875
-477.75 -348.1875 -396.515625 -432.890625 -454.328125 -492.71875 -496.9375 -445.109375 -473.109375 -539.8125 -608.75 -639.734375 -631.40625 -639.15625 -636.875 -615.96875 -614.75 -593.703125 -502.546875 -418.171875 -730.34375 -783.09375 -912.203125 -804.578125 -774.734375 -675.625 -642.640625 -714.84375 -650.421875 -481.65625 -443.953125 -483.484375 -494.34375 -488.390625 -498.34375 -562 -558.625 -625.71875 -528.078125 -504.015625 -499.015625 -520.515625 -486.328125 -461.6875 -459.40625 -464.640625 -501.125 -520.234375 -565.796875 -590.90625 -541.1875 -560.375 -565.546875 -543.703125 -578.140625 -568.40625 -528.140625 -516.828125
-409.6875 -381.21875 -388.1875 -412.46875 -432.65625 -469 -474.96875 -467.546875 -572.03125 -586.609375 -595.28125 -621.28125 -622.3125 -622.953125 -614.328125 -585.34375 -484.625 -618.96875 -573.390625 -487 -454.1875 -747.203125 -948.25 -926.421875 -944.390625 -867.953125 -805.046875 -778.046875 -724.25 -632.53125 -521.609375 -432.921875 -441.1875 -447.5 -472.6875 -514.296875 -538.96875 -531.84375 -549.3125 -527.265625 -499.078125 -465 -444.703125 -453.1875 -482.609375 -506.765625 -538.421875 -576.3125 -580.703125 -572.90625 -546.96875 -536.71875 -547.15625 -548.9375 -537.234375 -527.625 -521.8125 -519.375
-376.953125 -372.953125 -350.703125 -354.734375 -422.9375 -449.390625 -483.9375 -527.890625 -555.5625 -571.546875 -593.265625 -605.296875 -603.578125 -590.953125 -539.6875 -526.203125 -530.484375 -624.4375 -604.21875 -543.390625 -415.9375 -351.703125 -524.234375 -784.046875 -1012.8125 -932.734375 -897.625 -867.515625 -816.296875 -795.046875 -695.96875 -594.953125 -421.578125 -452.984375 -444.125 -472.828125 -482.28125 -483.921875 -487.296875 -513.71875 -490.09375 -467.109375 -431.65625 -460.015625 -489.9375 -530.53125 -570.9375 -563.953125 -592.921875 -549.75 -516.515625 -543.84375 -555.65625 -522.296875 -523.171875 -536.953125 -538.53125 -529.765625
-530.21875 -311.296875 -300.140625 -258.25 -343.390625 -448.0625 -483.25 -484.78125 -514.015625 -548.09375 -569.71875 -584.203125 -590.609375 -550.84375 -528.4375 -505.953125 -578.25 -631.828125 -653.5 -566.375 -436.875 -418.328125 -394.96875 -498.984375 -840.46875 -908.375 -950.453125 -943.171875 -859.359375 -912.234375 -802.796875 -665.421875 -519.609375 -426.28125 -425.78125 -467.796875 -464.109375 -487.90625 -483.421875 -490.296875 -462.734375 -454.28125 -466.09375 -517.078125 -561.515625 -533.40625 -469.546875 -521.546875 -607.921875 -587.109375 -553.375 -474.265625 -500.953125 -503.984375 -524.234375 -536.765625 -538.28125 -511.953125
-525.640625 -405.84375 -242.140625 -298.390625 -340.9375 -427.5625 -354.890625 -261.8125 -350.78125 -504.125 -543.09375 -556.640625 -578.984375 -562.359375 -568.328125 -609.53125 -637.890625 -639.28125 -645.8125 -585.484375 -562.875 -538.609375 -501.453125 -441.328125 -478.53125 -537.234375 -773.453125 -846.390625 -962.625 -1023.484375 -885.4375 -762.421875 -655.6875 -598.890625 -491.171875 -488.75 -495.859375 -469.3125 -460.390625 -457.5 -468.671875 -482.78125 -506.953125 -565.609375 -558.109375 -479.734375 -456.921875 -515.171875 -584.1875 -564.8125 -541.484375 -513.40625 -503.5 -469.921875 -494.265625 -523.609375 -537.3125 -536.5
-381.328125 -454.265625 -355.21875 -344.03125 -372.859375 -397.9375 -405.609375 -330.75 -307.546875 -430.140625 -482.78125 -508.609375 -554.046875 -603.171875 -645.109375 -657.921875 -671.515625 -679.140625 -690.359375 -681.09375 -665.078125 -637.328125 -596.25 -546.4375 -414.453125 -492.859375 -724.140625 -813.34375 -904.984375 -1009.015625 -1046.890625 -873.25 -802.25 -798.484375 -704.953125 -627.78125 -520.421875 -431.234375 -441.21875 -449.09375 -465.59375 -476.546875 -513.078125 -523.484375 -490.90625 -464.6875 -510.234375 -541.15625 -574.8125 -531.921875 -495.203125 -491.71875 -461.140625 -425.203125 -469.203125 -528.78125 -526.046875 -511.890625
-365.65625 -376.8125 -363.296875 -348.328125 -365.859375 -385.4375 -411.40625 -424.703125 -443.84375 -460.6875 -483.390625 -505.234375 -554.21875 -614.875 -636.5 -622.265625 -654.796875 -662.921875 -682.140625 -706.421875 -600.40625 -616.421875 -554.78125 -417.453125 -339.703125 -378.8125 -568.125 -728.109375 -885.734375 -1033.9375 -1103.078125 -1058.890625 -1039.984375 -942.859375 -793.90625 -724.90625 -490.484375 -373.359375 -416.5625 -443.484375 -434.78125 -481.96875 -464.421875 -459.984375 -474.890625 -542.53125 -562.890625 -563.78125 -584.875 -503.265625 -431.765625 -457.265625 -489.109375 -443.703125 -440.171875 -484.46875 -508.71875 -524.609375
-384.109375 -387 -361.125 -363.328125 -379.6875 -396.96875 -405.171875 -415.140625 -441.34375 -434.921875 -453.265625 -498.125 -558.71875 -614.421875 -651.03125 -666.625 -678.71875 -686.125 -676.890625 -700.546875 -604.140625 -524.140625 -559.109375 -446.59375 -325.484375 -337.8125 -438.390625 -568.703125 -748.15625 -915.703125 -1011 -1105 -1201.5 -1068.5625 -925.1875 -726.03125 -611.5 -371.375 -375.71875 -415.078125 -439.75 -459.359375 -451.71875 -507.21875 -543.5 -509.78125 -471.234375 -547.421875 -555.984375 -484.921875 -485.65625 -440.21875 -457.75 -473.03125 -452.21875 -485.921875 -508.953125 -518.6875
-420.78125 -474.671875 -476.09375 -366.109375 -402.65625 -359.46875 -425.390625 -425.359375 -429.484375 -446.734375 -472.96875 -412.109375 -373.578125 -434.546875 -572.859375 -629.703125 -642.71875 -658.5 -675.84375 -682.0625 -669.1875 -605.140625 -609.546875 -551.96875 -436.75 -349.734375 -320.78125 -373.265625 -598.375 -719.203125 -879.796875 -1044.28125 -1153.125 -1072.40625 -868.015625 -671.703125 -619.203125 -494.796875 -388.5 -396.65625 -433.875 -421.21875 -455.90625 -468.9375 -516.34375 -449.515625 -482.859375 -549.53125 -557.546875 -506.625 -470.59375 -476.78125 -457.921875 -486.25 -469.921875 -476.859375 -479.25 -499.9375
-739.90625 -984.65625 -728.1875 -439.28125 -374.75 -370.625 -433.203125 -436.703125 -445.078125 -447.796875 -447.75 -314.28125 -390.234375 -482.28125 -548.859375 -570.109375 -542.9375 -561.875 -623.875 -661.84375 -696.296875 -690.953125 -668.859375 -652.140625 -566.09375 -475.890625 -426.453125 -350.53125 -387.796875 -592.28125 -820.328125 -913.453125 -955.671875 -1179.484375 -921.578125 -665.375 -631.203125 -591.09375 -347.5 -346.15625 -376 -419.71875 -464.203125 -493.328125 -490.84375 -452.75 -484.640625 -547.796875 -563.015625 -481.8125 -498.453125 -490.9375 -474.9375 -482.671875 -486.640625 -473.59375 -477.9375 -484.328125
-901.609375 -844.984375 -597.046875 -479.640625 -446.109375 -455.59375 -459.953125 -447.015625 -356.984375 -446.875 -470.71875 -488.375 -527.34375 -545.109375 -569.78125 -573.609375 -550.859375 -557.65625 -584.765625 -634.640625 -663.640625 -702.234375 -635.5 -593.0625 -622.375 -508.078125 -421.8125 -352.3125 -337.828125 -536.625 -692.0625 -802.375 -898.5625 -1018.453125 -974.203125 -749.984375 -666.15625 -549.421875 -302.078125 -353.328125 -399.703125 -429.6875 -471.40625 -496.890625 -471.328125 -441.03125 -464.8125 -517.765625 -553.046875 -523.46875 -527.5625 -509.046875 -496.6875 -464.453125 -472.828125 -476.140625 -475.546875 -472.890625
-678.640625 -589.3125 -543.46875 -529.296875 -528.046875 -521.90625 -493.96875 -425.890625 -385.40625 -447.984375 -426.25 -399.546875 -430.40625 -519.03125 -560.828125 -583.828125 -608.609375 -631.375 -622.203125 -646.9375 -663.34375 -707.921875 -599.90625 -575.125 -565.546875 -596.109375 -550.625 -509.921875 -342.921875 -396.625 -595.828125 -673.4375 -817.1875 -866.046875 -869.8125 -652.671875 -632.125 -593.03125 -333.90625 -421.9375 -430.484375 -459.921875 -481.296875 -490.390625 -463.953125 -468.875 -489.890625 -527.578125 -534.390625 -493.46875 -485.484375 -499.734375 -502.0625 -480.5625 -459.4375 -480.65625 -490.828125 -496.875
-836.625 -656.734375 -564.46875 -534.625 -526.484375 -536.203125 -444.578125 -437.046875 -462.78125 -444.484375 -413.25 -429 -422.609375 -467.796875 -555.3125 -587.234375 -622.796875 -642.796875 -671.09375 -678.046875 -693.375 -716.640625 -591.09375 -599.34375 -504.71875 -553.421875 -473.15625 -554.234375 -475.578125 -348.140625 -415.03125 -610.984375 -688.21875 -754.484375 -776.375 -663.265625 -632.015625 -580.75 -364.515625 -435.640625 -483.984375 -484.4375 -483.71875 -458.734375 -470.21875 -496.171875 -512.3125 -539.234375 -500.734375 -489.421875 -500.546875 -493.609375 -481.09375 -464.328125 -464.78125 -481.828125 -490.734375 -500.21875
-1071.375 -906.828125 -752.40625 -581.265625 -537.328125 -503.75 -448.96875 -411.546875 -409.390625 -438.125 -458.578125 -463.34375 -459.328125 -463.9375 -492.90625 -538.234375 -575.375 -607.921875 -632.4375 -661.3125 -730.234375 -698.78125 -655.015625 -587.4375 -526.25 -486.25 -464.953125 -459.484375 -497.375 -479.28125 -345.15625 -392.6875 -582.265625 -676.25 -664.78125 -649.421875 -642.34375 -609.4375 -348.109375 -418.796875 -458.640625 -423.265625 -471.4375 -452.453125 -465.453125 -472.109375 -480.359375 -523.453125 -504.390625 -497.703125 -488.109375 -481.78125 -480.421875 -467.703125 -458.25 -477.390625 -481.0625 -478.390625
-1194.46875 -1007.859375 -748.078125 -623.25 -592.3125 -514.984375 -441.203125 -379 -341.984375 -349.046875 -433.75 -450.859375 -457.828125 -416.125 -359.734375 -433.203125 -539.984375 -614.140625 -663.0625 -677.203125 -679.625 -652.78125 -637.921875 -647.53125 -635.171875 -583.75 -469.015625 -428.578125 -504.171875 -555.421875 -435.75 -368.296875 -566.984375 -662.734375 -679.234375 -683.03125 -511.390625 -565.21875 -355 -384.140625 -385.921875 -384 -444.203125 -460.5 -475.890625 -487.75 -497.359375 -509.421875 -494.5625 -459.375 -477.53125 -489.734375 -483.109375 -464.625 -478.96875 -484.265625 -484.328125 -490.390625
