Cases/SDM_Urocitellus_beldingi/westernUsClimate_historic/BIO14.asc
NCOLS 316 
NROWS 299 
XLLCORNER -124.820833001 
YLLCORNER 29.1625003333339 
CELLSIZE 0.0666666666645545 
NODATA_value -3.4e+38 
[rows 42 to 62 of 299, columns 138 to 183 of 316]
2362.79492950439 2231.27421379089 2299.83398628235 2166.52304077148 2668.96639633179 3145.80976867676 3407.05820083618 3359.92693710327 3113.19141769409 3014.50977706909 2786.98905181885 2997.91483306885 3066.38359451294 2708.6054649353 2792.82108688354 2907.94179916382 2961.85232925415 3354.7714881897 3396.10546112061 3209.38594436646 2692.73555755615 2026.33515167236 1857.04570388794 2050.29649543762 2476.16680145264 2814.18201446533 3006.16562271118 3036.59725570679 3082.83945465088 2987.09217834473 2887.52501296997 2350.01289176941 2454.92501068115 2214.78750991821 2038.98788261414 3044.94258117676 3847.85783004761 4212.52342987061 4175.39334487915 3144.90428543091 1860.31756782532 1434.83320617676 1305.75195503235 1418.49882698059 2125.2441444397 3424.45585632324
2055.05039024353 2132.70897293091 2338.67461204529 2451.51523017883 3018.33007049561 3241.03554534912 3403.85664367676 3134.92264175415 3092.814453125 2687.10038757324 2419.36014175415 2432.55741882324 2617.85821151733 2676.31248474121 3031.00273513794 3170.05038833618 3211.20666503906 3632.95586013794 3403.07851028442 3325.92070007324 2812.69881820679 2058.49453735352 2066.9074306488 2272.85313796997 2437.95156097412 2578.47929763794 2606.79531478882 2886.15312576294 2944.44766235352 3219.10703659058 2918.00625610352 2423.27968215942 2378.65117073059 2153.66953659058 2628.37070846558 2957.68749237061 2977.12967681885 3182.27695846558 3316.49375724792 2381.48711013794 1765.74882698059 1388.61366844177 1421.67071151733 1641.04257011414 2335.8855381012 2997.56758880615
1976.51913833618 2288.43669700623 2558.81328773499 2697.40389633179 2564.91404342651 2856.23007202148 3096.54335403442 2531.25703811646 2377.32891082764 2396.84922409058 2470.25234985352 2713.59531021118 2917.12421798706 2957.93829345703 2942.43946075439 2884.37265014648 3317.65507507324 3394.18359375 3190.76445770264 3220.30392456055 2741.32188034058 2113.88554763794 2353.46096229553 2509.71485900879 2580.3828086853 2647.70938110352 2570.69610595703 2818.44609069824 2953.07578659058 2940.79531097412 2912.09296417236 2766.88984298706 2641.91445159912 2812.86601638794 3299.38829803467 3301.50938796997 3327.78321838379 3119.82460021973 2658.05704879761 1846.76445960999 1607.74297332764 1388.81914138794 1479.84296989441 1842.98477363586 2223.74962234497 2328.29726219177
2338.62616157532 2081.35156440735 2289.42658424377 2183.34180641174 2026.01250457764 2336.61408042908 2266.85937309265 2520.43242645264 2651.66444778442 2912.04884338379 2839.60508346558 2456.16952896118 2507.64960098267 2654.98904800415 2814.66876220703 2997.90742492676 3341.36093139648 3665.41485977173 3290.87501525879 3111.28829574585 2356.91717910767 2192.38751602173 2575.9765625 2888.70626449585 2839.88632583618 2821.3593711853 2875.06797409058 3070.35234069824 2867.38750076294 3083.85000991821 2984.72734451294 3018.71872711182 3594.18046569824 3909.32889556885 3928.23318862915 4094.93947219849 4389.49374008179 4227.31872940063 3543.27890396118 2336.16250991821 1864.48789405823 1594.80859375 1472.68554878235 1692.51172828674 1735.849609375 1726.30585479736
2682.0234375 2620.78710174561 2939.45701599121 2879.42264938354 2500.86447715759 2606.20195388794 3002.26250076294 3345.72031021118 3351.61446380615 3414.83204269409 3097.2484588623 2258.01447296143 2593.19493103027 2800.02540206909 3035.75314331055 3270.60274124146 3343.92382049561 3406.83320999146 3523.99688339233 3163.59098815918 2688.39414215088 2261.98671340942 2269.07110595703 2629.40741348267 2826.33554077148 2898.66953659058 2947.42538070679 3056.56604003906 2957.31132888794 3417.39805221558 3531.73555755615 3856.09531021118 5119.56407546997 5093.68396759033 4767.02304077148 4171.77341842651 3643.98400115967 3044.84218597412 2416.72185897827 2221.07227325439 2320.9476776123 1951.08515548706 1664.33906936646 1576.32891082764 1492.98163986206 1523.09024810791
2684.4765625 2816.03985214233 2676.50388336182 2973.62032699585 2829.07539367676 2291.14374923706 2853.35704040527 3404.10858154297 3704.38163375854 3567.67616271973 3142.59296035767 2230.1210975647 2583.94842910767 2858.01757049561 3091.32146453857 3034.04219818115 3076.46835327148 3265.19999313354 3500.97773361206 3297.19998550415 2752.26248550415 2498.04766464233 2212.5937461853 2687.59961700439 2776.21600341797 2678.69062423706 2883.71445846558 2829.59998703003 2839.39608764648 3028.82693481445 3825.90040588379 4806.483959198 4898.06994247437 4499.39685440063 3556.97424316406 2808.06251144409 2699.97148132324 2191.95466804504 2020.90820121765 2667.03240394592 2782.92695617676 2462.89063072205 1979.30312156677 1640.79999923706 1652.7792930603 1886.81054878235
2409.42265701294 2525.61757278442 2289.30117416382 2673.97616577148 2950.69883346558 2621.25273895264 2692.43281173706 2981.37694549561 3521.87929534912 3248.51484680176 2839.23358917236 2900.51132965088 2713.72968673706 2582.91720199585 2882.51015472412 2838.28982925415 2900.29531097412 3065.57420730591 3319.60622787476 3194.62968444824 2734.37186050415 2556.34764099121 2621.59921264648 2292.71719360352 2600.63047409058 2469.36405181885 2820.2788848877 2896.93124771118 3130.46211242676 3271.11212158203 4250.05390548706 4170.74843978882 3294.00351715088 2812.09647750854 2266.23594665527 2197.33944702148 2537.5957069397 2245.18750190735 1904.88515281677 2529.79569244385 2619.04997825623 2369.44766998291 2301.01250648499 1598.28359603882 1837.08046722412 2230.84687423706
2426.47108840942 2400.82734680176 2374.49377441406 2489.99179077148 2746.12655639648 3037.29765319824 3159.88360214233 3190.16759109497 3244.28866958618 3109.06602478027 3196.52890014648 3320.92930221558 2767.40938186646 2629.92266082764 2766.35859298706 2804.83438491821 2763.97069549561 2771.16366958618 2710.58711242676 2586.49140930176 2389.00235748291 2704.94022750854 3093.71171951294 2886.33047485352 2843.57889556885 2704.21133422852 2800.66874694824 3111.47383499146 3377.66172409058 3029.08165359497 2941.14530563354 2610.98360061646 2410.77420806885 2221.74140167236 2070.60468292236 2228.69648742676 2858.43397521973 3109.3535118103 2103.24803733826 1465.91523361206 1649.31366157532 2057.69961357117 2189.60312843323 1611.1855506897 2021.80351638794 2404.23944473267
2716.76131439209 2591.5488319397 2711.77265930176 2568.15117263794 2658.30587387085 2802.57771682739 2987.36756896973 3114.46131515503 3018.5253868103 3178.10543823242 3122.91640090942 2993.5171661377 2774.63905715942 2589.02107620239 2574.27304458618 2565.96602630615 2546.64844512939 2648.09020996094 2648.04413604736 2538.36719512939 2611.77773284912 2969.54727935791 2759.82616043091 2582.64921188354 2550.04296875 2617.13475036621 2626.85312271118 2662.86796951294 2886.83008575439 2543.81875228882 2364.63788223267 2229.56055831909 2039.23632049561 1897.84961509705 2327.12146759033 3091.05742645264 3622.99257278442 3988.21562957764 2831.34843444824 2196.20665168762 2935.38203620911 2609.54921722412 2014.58436393738 1514.07617950439 1925.85507202148 2225.13553237915
2859.21717834473 2869.40938186646 2807.58671951294 2617.57851409912 2698.8085899353 2776.16211700439 2983.05547332764 2923.43748855591 3153.4003944397 3373.73749542236 3321.99412918091 3212.73790359497 3094.53556442261 2584.9140625 2611.33866500854 2614.86210250854 2605.56992721558 2794.33126068115 2728.95780944824 2544.34141921997 2637.40976333618 2569.73280715942 2521.2148475647 2534.25077438354 2379.2773399353 2463.14453887939 2464.09257125854 2480.45192718506 2470.52968215942 2337.0644569397 2164.25312423706 1981.1316318512 1706.17109489441 1774.65780067444 2747.96211242676 3423.03009033203 3105.58436965942 2811.56601715088 2584.52733612061 3658.52694320679 3393.30156707764 2452.60859680176 1761.32461547852 1397.57694816589 1379.23710823059 1751.0007724762
2605.26288986206 2541.94297027588 2378.74295806885 2379.73358917236 2599.07656478882 2830.11598968506 2525.87382125854 3009.93127059937 3560.53634643555 3235.12889862061 3279.71643066406 3312.27851867676 2863.34178924561 2608.59609985352 2569.4570350647 2771.43709945679 2919.70037841797 3008.11016082764 2777.75468826294 2614.78828430176 2583.62383651733 2515.54257965088 2593.197265625 2694.77930450439 2275.37265396118 2271.71836662292 2354.52458953857 2485.29336929321 2383.31992721558 2163.85859489441 2088.48086547852 1926.60077476501 1576.76797485352 1696.0781288147 2564.59610748291 3233.80703735352 2867.51015090942 2366.34100341797 3052.21329116821 3786.38396453857 3668.70350265503 3370.501953125 1848.44843101501 1250.71757888794 1171.47383308411 1409.21367454529
2408.01171875 2279.98282241821 2136.51325798035 2281.04062271118 2153.87226104736 2516.21328163147 2843.69645309448 2601.87575531006 2846.59100723267 2832.63399505615 3341.08985137939 3463.82732772827 3178.71719360352 2772.76679229736 2794.67302703857 2915.6640625 2815.40040206909 2900.552734375 2895.44844818115 2600.2890586853 2813.78047561646 2515.86600875854 2495.04062271118 2132.42734146118 1944.41562652588 1931.69453048706 2349.53282165527 2525.79413604736 2424.28398132324 2110.50193595886 2041.84843063354 2031.98085403442 1721.47305107117 1968.01795768738 2665.25080490112 2680.43360900879 2659.21484375 2646.61015319824 2744.34140014648 3667.75116348267 3375.79533004761 3338.90390396118 1916.57070922852 1125.32109737396 1278.17461395264 1361.09726333618
2295.58242225647 2311.72304153442 2063.2714881897 2170.34218215942 2682.84452629089 3360.10743713379 2966.74569702148 2667.05975723267 2990.45156860352 2729.81289672852 2664.7543182373 3157.84609222412 2994.99803924561 2738.53711700439 2865.060546875 2658.20586013794 2695.59295272827 2878.08204650879 2962.0839805603 2921.63672637939 2559.28671264648 2262.5683631897 2254.41406822205 2114.17031860352 1777.09179878235 2243.73905563354 2617.27227401733 3135.09686279297 2997.55352401733 2327.49688720703 2077.0078163147 2017.75271987915 1768.87851715088 2298.53788948059 2521.28867721558 2507.46797561646 2691.88592147827 2440.52772903442 3249.92070007324 3527.73594284058 3121.67694854736 2376.51600837708 1559.86720085144 1038.12500476837 994.190618515015 1052.06679153442
1974.50781059265 1947.62382698059 2111.52617263794 2626.59219360352 3043.7558555603 2853.75388336182 2538.21876144409 2543.64529800415 2466.83905410767 2508.64764595032 2658.36678695679 2687.171875 2501.96133041382 2045.49961662292 2336.056640625 2745.73865127563 2724.30781555176 2586.66210365295 2711.53124237061 2337.73632621765 1834.74687957764 1872.21562194824 1929.6581993103 1778.84101295471 1728.38672065735 1864.59920692444 2281.20742797852 3106.67499160767 3253.74961853027 2447.6347694397 2152.06680679321 2088.57928657532 1954.04139328003 2002.20039367676 2376.76172637939 2518.34610366821 2697.81603431702 1964.62499809265 2890.10157394409 3348.79725265503 3131.35975646973 2437.30000114441 1367.67499542236 1074.93163490295 1035.96288394928 1026.57460975647
2238.02462005615 2021.9062538147 2159.07032775879 2346.62069702148 2683.20818710327 2494.9999961853 2344.74413299561 2256.15313339233 2173.40975761414 2270.5753993988 2656.56248092651 2838.33048248291 3045.70233154297 2651.21017074585 1916.91757583618 2227.86326789856 1967.9972743988 1841.42889785767 1872.56717681885 1934.59180641174 2059.27577781677 2711.64687728882 2966.86483001709 2588.11289215088 2372.96834945679 1616.8398475647 1955.95742034912 2461.40625 3567.72226715088 3204.38474273682 2391.56563568115 2137.4785194397 2141.14805030823 2080.7070274353 2236.35898399353 2346.77889633179 2066.8515663147 1634.80781936646 2589.67772865295 2906.09726333618 2496.35274887085 2057.24882888794 1261.82265281677 1087.57344055176 1075.4453125 1095.96678829193
2157.21874046326 2031.54336166382 2030.05351448059 2209.20938110352 2380.57578659058 2798.77852630615 2451.17850494385 2452.96055221558 2286.09610939026 2497.44648361206 2705.08905410767 3090.08280944824 3151.27344512939 2676.23046875 2037.71562194824 2233.5422000885 2362.50389671326 2100.35233306885 1932.36679840088 1821.68905639648 2257.43279838562 3003.5683631897 3272.43711853027 2957.50859069824 3029.66131401062 1679.80742263794 1614.69100570679 2047.82343864441 2934.69258117676 3499.8675994873 2892.86094665527 2317.13279342651 2219.47614860535 2340.82070541382 2330.58670806885 2583.24806213379 2572.42108917236 1746.57421875 1710.73242378235 1917.99687385559 1576.14843940735 1181.94218063354 1122.08437347412 1166.0226650238 1168.05467796326 1195.51718902588
1952.96524238586 1975.45351409912 2049.66211128235 2277.76483726501 2356.61172485352 2459.72657203674 2172.76874923706 2287.42928504944 2213.69960975647 2186.54062080383 2367.19570350647 2845.7578163147 2518.30470848083 1899.77343559265 2355.82735061646 2799.46210861206 2588.46601104736 2268.22500801086 2285.19648742676 2020.40233612061 2406.76210403442 2639.03163146973 2899.19493865967 3883.83750915527 2787.8738155365 1517.40195083618 1521.22773551941 1928.60000228882 2149.88125419617 3093.68047523499 3518.59922027588 2666.2456817627 2781.37147521973 2533.58125305176 2566.68239974976 2687.9941368103 2462.54767608643 1802.9394493103 1303.90663909912 1408.81289100647 1433.26953125 1222.33047103882 1141.36289405823 1179.26445198059 1249.18632888794 1334.71445274353
1757.17266654968 1930.12265014648 2020.53477096558 2300.4785118103 2156.7714881897 2726.17032432556 2262.74921226501 2306.83204460144 2063.44336509705 1802.49375915527 1796.70038986206 2120.85468101501 2065.099609375 1896.33202552795 2564.93632125854 2753.07577514648 2720.91798019409 2462.65897750854 2319.92460632324 2149.06327819824 2154.1316242218 2190.75272941589 3150.04530334473 3624.72188949585 2864.44376182556 1374.52890396118 1464.96523857117 1629.36914253235 1893.42656517029 2245.75312995911 3471.50273132324 3163.20975494385 2587.10430145264 2482.24649429321 2764.98906326294 2506.33085250854 2155.7707157135 1734.60898208618 1413.23554039001 1513.50664329529 1302.78828239441 1294.43593597412 1216.64296722412 1265.62070274353 1296.69492149353 1385.93437957764
1815.49140548706 1913.84259414673 2115.16212081909 2075.90508842468 2698.5351524353 3363.26291275024 2957.3562335968 2308.08749580383 2522.80077362061 2105.81952857971 2044.60390663147 2335.97226524353 2199.70624732971 1790.66562461853 2332.50899124146 2393.62225723267 2486.6425819397 2378.94569778442 2172.08085632324 2137.89416122437 2222.16056060791 2638.96328735352 3250.66328048706 2922.09063339233 2392.19061470032 1589.86953163147 2228.39687919617 1923.56054115295 1711.29531669617 1876.33828544617 2077.05898666382 2758.15115356445 2571.70040512085 2481.78867721558 2335.68398475647 1895.08906173706 1548.92851829529 1320.12226486206 1272.72968673706 1669.09570503235 1548.96953201294 1294.99452590942 1367.06329154968 1760.12538337708 1674.80859375 1497.77069473267
1884.55429267883 1839.08281135559 1831.93124771118 1862.92813301086 2218.49765205383 3171.71014022827 2731.24688339233 2588.88633728027 2706.61952972412 2215.17539024353 2695.10350418091 2545.38555145264 2011.14647483826 1718.82109260559 2245.26679420471 2227.03241920471 2149.96914291382 2126.44414710999 2097.54569625854 2081.74178314209 2430.68828582764 2945.23553848267 3182.38943862915 3046.37498092651 2238.2148399353 1870.17695808411 2788.02615737915 2645.2597618103 1998.77813529968 1665.00312423706 1829.36953163147 1996.37772941589 2336.97890663147 2141.92889213562 1876.72031211853 1564.08749389648 1431.82226371765 1155.40937709808 1002.96718978882 1012.82539749146 1076.25468635559 1166.54726600647 1718.66796684265 2220.3750038147 2355.63436889648 2472.56328392029
1808.89804458618 1825.86912918091 1871.8261756897 1919.24844360352 1837.04257202148 2351.32773780823 2260.10314178467 2376.23593711853 2331.7988319397 2401.99570083618 2531.94806098938 2294.09453773499 1779.40703773499 1609.98008155823 2040.86952400208 1947.26132965088 2208.59453964233 2194.40076065063 2073.9355430603 2091.63047027588 2285.68516921997 2462.47421264648 2288.71992683411 2219.57186317444 1649.96952438354 2226.18047523499 2877.24883270264 2719.19688415527 1999.27929115295 1549.82499885559 1834.12343597412 2097.36680603027 2454.04608535767 2219.64218521118 2007.53280830383 1825.45117759705 2153.46991920471 1851.63672065735 1086.37695598602 1260.21719074249 1421.67617416382 1086.74882411957 1722.42616844177 2641.08829116821 2454.92148780823 2329.30038452148
