Cases/SDM_Urocitellus_beldingi/westernUsClimate_historic/BIO15.asc
NCOLS 316 
NROWS 299 
XLLCORNER -124.820833001 
YLLCORNER 29.1625003333339 
CELLSIZE 0.0666666666645545 
NODATA_value -3.4e+38 
[rows 28 to 55 of 299, columns 126 to 188 of 316]
50.203125 52.859375 50.671875 49.453125 48.421875 47.21875 47.671875 46.1875 44.1875 45.09375 45.84375 48.109375 47.90625 48.046875 47.4375 47.40625 47.640625 48.109375 48.421875 46.75 41.15625 32.15625 24.765625 23.890625 29.6875 33.5 28.421875 25.453125 29.59375 32.703125 34.171875 31.796875 25.46875 26.40625 32.5625 30.265625 27.578125 27.953125 33.734375 44.375 48.6875 43 34.125 31.1875 29.453125 33.796875 41.9375 41.203125 34.1875 38.6875 40.203125 34.75 30.171875 35.109375 38.734375 36.890625 33 26.234375 23.140625 22.28125 38.46875 52.390625 54.609375
46.8125 51.78125 53.78125 51.09375 48.453125 49.390625 53.84375 49.546875 47.796875 47.375 46.921875 47.140625 47.03125 46.53125 46.890625 46.15625 47.140625 46.921875 49.296875 49.625 47.390625 43.625 38.765625 30.28125 26.125 31.671875 35.640625 29.96875 24.0625 23.453125 29.921875 34.5625 31.890625 29.875 28.40625 29.9375 30.109375 41.65625 43.734375 47.21875 47.4375 43.46875 32 29.484375 30.421875 32.84375 33.390625 34.640625 32 33.78125 38.3125 31.6875 32.609375 37.828125 38.4375 40.796875 37.625 33.109375 27.171875 24.78125 32.90625 43.375 46.96875
46.578125 45.609375 48.890625 48.65625 49.703125 50.34375 53.09375 52.921875 48.84375 48.953125 48.328125 47.953125 47.953125 47.5 46.40625 45.5 46.25 46.453125 47.171875 50.875 49.90625 49.140625 44.671875 43.65625 26.78125 26.96875 29.5 35.65625 26.75 23.671875 23.46875 25.046875 27.15625 29.921875 31.421875 26.203125 40.109375 42.296875 42.9375 45.875 44.921875 43.75 42.28125 34.515625 29.953125 32.125 35.203125 36.90625 32.265625 30.1875 30.5 28.5 26.265625 34.671875 39.375 41.703125 42.171875 37.5 29.265625 34 34.40625 33.84375 40.734375
50.296875 48.671875 46.09375 48.890625 49.96875 49.359375 50.125 49.78125 49.625 49.15625 48.65625 47.9375 48.625 47.6875 46.8125 46.109375 46.5625 48.265625 49.9375 49.390625 52.703125 49.96875 52.09375 47.765625 33.953125 24.390625 23.3125 24.8125 23.25 23.203125 24.84375 24.140625 26.15625 27.96875 26.921875 26.921875 33.828125 39.296875 39.28125 42.984375 33.40625 31.03125 30.75 30.390625 28.0625 32.078125 30.59375 31.234375 30.4375 29.828125 30.171875 30.234375 25.640625 27.3125 29.4375 27.875 29.046875 28.328125 30.203125 36.171875 32.828125 29.328125 35.203125
49 51.109375 52.46875 54.171875 53.09375 51.734375 48.15625 46.546875 47.421875 48.046875 48.1875 50.078125 49.78125 48.9375 47.09375 46.640625 47.734375 51.90625 49.53125 45.84375 47.921875 51.5 51.390625 45.578125 35.03125 26.34375 31.546875 40.65625 32.578125 27.625 36.703125 28.015625 23.28125 28 30.734375 28.703125 26.03125 27.046875 33.328125 37.515625 29.078125 29.75 28.859375 28.59375 30.8125 29.890625 26.921875 28.078125 27.953125 30.09375 31.875 31.609375 27.09375 25.609375 24.71875 26.546875 26.3125 26.578125 24.921875 23.640625 28.0625 31.34375 30.90625
47.171875 50.359375 52.953125 53.609375 58.484375 55.703125 45.859375 36.390625 38.40625 43.609375 43.5 44.859375 46.296875 50.015625 47.25 47.28125 49.515625 55 50.5 47.015625 46.90625 49.046875 51.5 47.6875 44.859375 32.890625 31.015625 39.203125 39.3125 29.265625 41.296875 35.03125 29.8125 24.109375 27.6875 32.671875 30.03125 26.75 26.921875 28.84375 27.578125 27.75 30.9375 29.78125 27.015625 25.75 26.515625 29.671875 27.453125 28.78125 30.875 31.96875 29.84375 25.03125 25.015625 24.65625 25.4375 26.0625 25.4375 24.53125 33.984375 42.171875 41.59375
47.1875 49.265625 49.328125 48.796875 52.328125 50.640625 42.078125 39.21875 45.03125 50.5 49.546875 46.59375 50.765625 48.265625 45.90625 50.515625 59.296875 57.171875 52.609375 49.28125 49.4375 50.46875 50.734375 48.9375 48.59375 43.40625 33.25 32.828125 35.453125 30.796875 31.4375 34.890625 32.984375 29.28125 23.46875 28.375 25.59375 26.9375 28.703125 25.59375 26.53125 24.359375 24.453125 24.671875 24 23.6875 24 25.0625 25.921875 27.578125 28.390625 26.859375 26.109375 26.03125 25.921875 26.84375 26.15625 25.625 25.890625 30.71875 37.984375 41.828125 49.078125
48.25 46.328125 44.671875 43.25 50.203125 44.90625 38.171875 43.71875 47.109375 50.015625 49.109375 49.453125 47.578125 47.1875 53.109375 56.984375 51.625 51.015625 53.984375 50.125 46.578125 48.46875 50.09375 49.890625 47.53125 49.09375 49.375 39.375 33.34375 41.71875 43.796875 36.828125 35.53125 27.34375 23.390625 27.609375 25.46875 25.796875 28.1875 22.921875 25.546875 26.546875 27.09375 25.96875 25.203125 26.984375 29.953125 28.890625 26.265625 25.859375 25.453125 24.359375 24.578125 24.953125 25.203125 29.203125 31.015625 25.34375 25.8125 26.25 30.84375 31.09375 37.1875
46.921875 45.546875 41.09375 42.46875 45.609375 41.203125 38.0625 44.375 44.171875 48.1875 50.21875 50.984375 49.515625 47.515625 49.859375 47.96875 50.203125 53.84375 52.28125 49.65625 47.765625 49.734375 49.171875 47.546875 46.953125 48.9375 52.484375 50.703125 50.6875 52.171875 53.484375 52.1875 46.375 32.3125 24.578125 28.09375 26.296875 24.984375 26.984375 25.65625 24.53125 24.765625 24.734375 25 27.328125 31.1875 32.75 33.40625 35.90625 33.375 28.140625 26.609375 26.375 25.6875 24.8125 26.078125 33.453125 32.984375 31.28125 30.03125 29.203125 31.453125 37.390625
45.453125 41.265625 38.796875 40.53125 42.515625 42.296875 44.265625 45.78125 47.453125 48.203125 51.5625 50.046875 48.28125 46.6875 46.203125 48.25 51.84375 52.265625 52.0625 49.6875 48.828125 48.296875 48.53125 48.078125 47.015625 47.546875 47.78125 49.59375 52.484375 54.15625 53.984375 50.015625 35.890625 25.078125 25.359375 26.84375 27.515625 25.046875 26.71875 28.15625 25.640625 24.125 26.171875 26.703125 25.5625 27.515625 30.453125 36.421875 38.640625 38.03125 37.234375 35.546875 35.40625 33.75 30.953125 30.828125 37.203125 37.8125 37.828125 37.671875 32.328125 30.90625 36.3125
40.96875 39.5625 40.0625 41.546875 43.921875 44 44.375 43.734375 43.96875 46.421875 51.578125 51.46875 50.953125 48.84375 46.796875 46.359375 47.734375 49.9375 50.875 45.65625 44.6875 43.9375 43.3125 42.546875 41.53125 41.640625 41.390625 46.125 50.203125 51.578125 50.75 39.1875 28.265625 25.453125 25.8125 25.90625 26.0625 24.875 27.515625 25.328125 25.5625 27 27.03125 25.65625 23.765625 27.84375 31.859375 37.015625 39.59375 37.265625 34.828125 40.765625 43.28125 42.0625 41.765625 42.8125 38.046875 37.671875 33.734375 32.359375 35.40625 30.84375 34.921875
39.71875 40.84375 40.15625 38 38.734375 41.140625 42.625 42.53125 43.09375 44.015625 49.3125 52.53125 53.484375 50.265625 48.890625 47.375 49.046875 48.234375 47.625 41.171875 39.21875 39.484375 40.484375 40.984375 43.5625 44.03125 42.484375 42.40625 46 50.0625 47.078125 35.046875 28.515625 25.28125 25.65625 28.703125 26.09375 24.921875 28.734375 24.78125 27.953125 28.734375 26.03125 25 23.359375 25.328125 29.34375 39.875 37.015625 28.15625 27.421875 29.125 38.359375 47.5625 50.859375 48.53125 42.109375 34.203125 27.8125 27.609375 27.90625 27.046875 29.09375
35.484375 36.90625 37.25 36.546875 38.828125 39.4375 40.078125 41.453125 43.125 43.71875 45.78125 49.53125 52.703125 48.609375 46.4375 45.28125 45.9375 42.921875 41.875 41.328125 40.953125 40.65625 41.78125 42.796875 44.640625 45.890625 44.046875 43.8125 45.4375 47.75 44 31.625 27.84375 24.015625 28.59375 33.1875 25.40625 25.546875 28.59375 28.265625 24.75 24.390625 24.578125 27.71875 25.125 31 39.1875 33.453125 30.703125 28.015625 27.875 27.265625 30.34375 48.359375 53.359375 49.625 45.3125 32.015625 23.734375 24.421875 24.59375 24.34375 24.3125
31.625 31.84375 32.125 31.875 35.703125 38.328125 38.328125 38.515625 41.59375 43.234375 44.359375 47.515625 48.328125 43.734375 42.28125 40.734375 39.9375 41.421875 42.375 40.53125 40.578125 40.359375 41.515625 43.375 46 46.1875 45.953125 45.109375 46.515625 47.359375 41.421875 32.796875 27.8125 25.453125 32.0625 34.375 24.890625 25.8125 28.75 29.078125 26.4375 24.4375 27.84375 33.765625 33.265625 35.828125 45.421875 31.65625 26.9375 26.75 27.828125 28 32.578125 46.875 47.796875 45.796875 39.90625 24.8125 21.796875 23.3125 25.984375 27.84375 27.6875
30.796875 30.84375 30.984375 30.9375 31.21875 34.015625 35.34375 35.84375 36.53125 38.21875 42.59375 45.3125 42.03125 39.359375 39.4375 38.578125 40.34375 41.796875 40.578125 40.796875 39.890625 37.984375 38.4375 42.40625 45.40625 42.78125 43.875 44.671875 46.0625 48.34375 42.421875 35.296875 27.4375 25.546875 29.828125 29.953125 23.53125 25 29.375 31.0625 27.4375 24.046875 25.171875 33.078125 35.875 38.734375 42.53125 29.78125 26.390625 26.703125 29 32.015625 38.25 46.890625 45.9375 44.765625 37.734375 26.359375 25.359375 28.875 31.109375 35 35.203125
30.109375 30.21875 30.921875 30.953125 31.515625 33.171875 32.953125 34.21875 34.578125 38.484375 40.140625 40.578125 37.75 37.734375 38.625 37.890625 38.65625 38.3125 38.53125 38.15625 38.328125 34.3125 32.203125 32.109375 36.3125 40.25 46.78125 47.953125 47.4375 49.078125 44.65625 38.71875 30.5625 25.421875 26.625 25.390625 22.375 23.828125 24.28125 28.125 24.640625 24.90625 25.296875 32.578125 34.890625 37.53125 35.859375 32.59375 32.578125 31.03125 32.75 35.59375 39.203125 45.875 44.765625 43.765625 35.890625 30.046875 28.78125 32.421875 30.96875 28.6875 26.9375
29.609375 29.6875 30.03125 30.578125 32.25 33.828125 33.203125 33.359375 33.390625 33.265625 34.609375 38.828125 39.6875 40.359375 39.25 37.15625 36.1875 35.640625 35.359375 34.4375 33.1875 31.796875 30.890625 33.921875 44.265625 44.5625 45 44.5 47.875 47.484375 43.5625 38.078125 30.875 25.140625 24.734375 22.75 22.28125 24.15625 23.546875 26.546875 26.3125 23.625 24.4375 30.375 34.0625 34.78125 37.171875 36.828125 35.5625 35.5 36.84375 40.109375 41.03125 44 44.0625 41.390625 37.234375 36.59375 34 34.484375 36.203125 31.15625 26.890625
29.390625 29 29.171875 30.09375 31.171875 32.328125 33.1875 34.96875 34.21875 32.375 33.671875 34.359375 37.953125 39.515625 37.34375 35.59375 37.609375 36.328125 35.4375 33.25 32.046875 32.9375 32.65625 30.828125 33.1875 37.5 41.890625 43.4375 47.359375 48 41.4375 34.8125 27.28125 25.515625 22.375 21.453125 21.34375 23.796875 26.25 27.453125 29.25 25.71875 27.046875 29.046875 31.015625 32.484375 31.59375 30.515625 31.40625 30.953125 33.265625 39.65625 40.953125 42.15625 43.484375 42.65625 42.578125 42.859375 36.921875 35.71875 40.359375 34.140625 29.984375
29.1875 28.640625 29.15625 30.84375 31.984375 32.125 32.84375 33.9375 31.421875 31.140625 31.703125 32.875 34.3125 35.109375 36.078125 32.90625 32.03125 32.4375 30.890625 31.078125 31.71875 33.046875 32.234375 30.046875 32.515625 38.5625 42.875 47.109375 46.84375 46.828125 43.46875 34.8125 29.109375 25.890625 23.625 23.3125 23.1875 21.6875 24.875 26.6875 24.53125 25.375 26.34375 26.484375 28.65625 30.484375 30.625 30.390625 30.515625 30.75 35.296875 40.765625 41.296875 41.71875 42.28125 42.265625 46.125 46.828125 45.875 42.21875 43.234375 41.625 42.9375
29.078125 29.015625 30.453125 32.90625 33.90625 33.421875 32.8125 31 30.0625 30.734375 31.4375 31.515625 33.328125 34.265625 33.5625 33.40625 31.09375 30.59375 30.390625 31.015625 31.328125 32.453125 31.328125 29.5625 33.921875 37.375 40.78125 40.625 42.59375 47.203125 45.921875 38.390625 31.125 27.84375 25.046875 27.296875 27.1875 25.796875 22 21.5625 19.625 22.78125 25.546875 28.15625 30.640625 30.921875 26.4375 24.140625 26.875 30.78125 38.09375 40.03125 42.875 44.328125 45.015625 45.515625 43.921875 41.796875 43.4375 42.46875 43.453125 49.90625 56.234375
29.46875 28.921875 31.578125 35.90625 38.703125 36.3125 33.921875 32.46875 30.296875 30.28125 31.34375 31 31.515625 32.375 31.125 30.59375 30.203125 29.890625 29.6875 30.421875 30.84375 30.84375 28.890625 29.828125 30.828125 34.59375 35.921875 36.34375 40.578125 45.078125 42.296875 38.40625 31.1875 31.453125 31.921875 32.265625 30.3125 28.828125 23.5625 24.875 25.265625 24.953125 28.9375 30.171875 27.046875 22.828125 20.484375 21.75 25.25 32.78125 39.625 39.96875 42.109375 43.859375 43.75 45.4375 42.28125 39.875 41.90625 43.65625 44.03125 48.953125 57.359375
30.671875 29.640625 30.171875 33.0625 35.640625 34.0625 32.140625 31.796875 29.921875 29.84375 29.984375 30.140625 30.640625 30.5 29.921875 26.484375 28.0625 29.453125 30.140625 31 31.125 30.46875 30.859375 32.65625 28.953125 31.25 35.25 41.46875 46 41.34375 34.046875 29.109375 26.203125 31.140625 35.53125 30.375 28.421875 25.046875 32.09375 33.578125 30.703125 25.46875 23.734375 23.65625 24.34375 24.453125 25.046875 26.734375 28.421875 32.90625 39.484375 40.125 40.46875 42.109375 43.296875 44.21875 41.625 40.234375 41.015625 43.5 42.90625 48.34375 56.640625
32.78125 29.171875 30.21875 32.703125 32 31.21875 30.3125 30.328125 30.046875 30.046875 30.484375 30.8125 31.140625 30.28125 29.421875 23.4375 24.53125 31.203125 33.75 32.359375 30.46875 30.609375 31.6875 30.921875 29.203125 32.1875 34.09375 37.65625 40.078125 33.8125 30.78125 26.890625 29.171875 39.828125 40.15625 38.703125 38.796875 36.09375 39.578125 39.46875 29.953125 22.296875 20.390625 24.015625 28.484375 30.515625 29.109375 29.625 31.03125 32.203125 37.15625 37.890625 36.3125 38.0625 41.875 44.796875 41.859375 42.296875 43.515625 43.890625 41.8125 49.546875 56.921875
33.3125 29.828125 29.015625 31 31.34375 31.4375 33.859375 34.90625 32.03125 31.9375 32.578125 32.328125 31.296875 30.953125 29.859375 26.203125 27.234375 33.53125 35.3125 30.640625 30.921875 31.109375 31.703125 33.4375 35.1875 33.703125 38.4375 42.65625 42.359375 40.578125 36.6875 27.515625 32.296875 34.015625 35.328125 38.21875 37.296875 37.828125 37.109375 34.328125 26.25 21.859375 24.125 29.4375 33.84375 33.734375 28.828125 28.515625 28.09375 27.6875 29.859375 25.96875 30.515625 38.15625 42.390625 46.984375 47.171875 41.53125 42.734375 42.390625 43.59375 52.3125 54.828125
31.734375 29.828125 29.734375 31.96875 32.5625 31 34.796875 34.9375 34.609375 33.140625 34.484375 33.765625 31.8125 32.640625 33.40625 31.703125 28.796875 29.296875 28.265625 28 32.53125 29.234375 30.140625 33.53125 36.609375 34.765625 39.296875 43.53125 45.5625 41.3125 35.984375 30.734375 33.78125 33.359375 37.21875 37.625 33.8125 33.171875 33.78125 35.71875 27 22.015625 24.484375 30.65625 35.421875 34.234375 27.71875 25.65625 25.1875 27.46875 25.828125 24.515625 24.5 29.578125 41.4375 48.890625 50.875 46.125 48.515625 49.484375 52.234375 55.109375 50.59375
33.8125 29.625 32.375 35.296875 32.703125 32.171875 33.546875 33.1875 32.609375 30.375 34.3125 33.625 32.625 35.046875 36.28125 32.625 29.21875 27.75 27.765625 26.53125 27.234375 25.75 30.34375 32.28125 34.890625 34.9375 36.53125 37.90625 37.484375 37.09375 37.53125 34.34375 36.046875 34.46875 36.65625 33.515625 28.859375 28.34375 31.84375 32.734375 26.546875 23.53125 23.5 28.140625 33.203125 30.5625 25.40625 24.640625 24.09375 24.15625 23.96875 23.671875 23.28125 26.3125 40.21875 52.09375 47.75 47.53125 52.34375 55.015625 55.0625 54.8125 50.25
33.4375 29.171875 32.8125 32.34375 31.953125 32.453125 31.140625 30.109375 29.828125 29.34375 29.234375 28.890625 30.34375 32.078125 30.734375 29.96875 30.671875 30.0625 28.390625 30.5625 30.546875 25.75 25.21875 29.5 34.265625 32.625 34.21875 32.828125 37.078125 35.484375 36.03125 33.984375 31.21875 28.25 29.875 32.78125 26.171875 30.3125 32.171875 31.765625 28.9375 24.96875 24.234375 27.59375 31.75 27.609375 25.5 24.84375 24.0625 25.453125 23.59375 22.9375 24.453125 33.046875 45.046875 54.375 54.40625 53.5625 54.265625 54.5 53.75 52.40625 51.21875
31.5 31.015625 32.828125 31.78125 30.375 30.71875 34.53125 40.03125 40.296875 34.171875 32.90625 29.765625 29.15625 29.90625 29.296875 33.0625 33.03125 30.828125 30.328125 30.296875 28.625 26.390625 26.03125 28.0625 27.484375 27.25 29.515625 35.1875 35.59375 31.03125 32.421875 28.28125 24.125 24.078125 24.203125 24.953125 25.171875 25.8125 29.171875 29.375 29.40625 25.9375 24.546875 24.53125 28.4375 30.453125 27.515625 25.296875 25.71875 32.65625 25.109375 22.84375 23.421875 32.234375 48.8125 54.765625 54.546875 54.125 53.71875 52.046875 50.3125 47.5 44.671875
