Cases/SDM_Urocitellus_beldingi/westernUsClimate_historic/BIO14.asc
NCOLS 316 
NROWS 299 
XLLCORNER -124.820833001 
YLLCORNER 29.1625003333339 
CELLSIZE 0.0666666666645545 
NODATA_value -3.4e+38 
[rows 126 to 146 of 299, columns 138 to 183 of 316]
1168.34648132324 1463.2460899353 1709.00233650208 1947.42421150208 1820.68321228027 1399.74765205383 1354.49999427795 1376.63476753235 1341.39101600647 1293.87930107117 1157.60663986206 1227.71874809265 1485.99296951294 1315.75859260559 1306.05663108826 1899.86250114441 1170.84530925751 1179.81445121765 1251.888671875 1400.3820400238 1234.35664272308 931.507425308228 721.900386810303 641.838675498962 642.807033538818 679.043363571167 711.469534873962 795.906249046326 864.03125 937.503127098083 941.920706748962 933.14218711853 925.123043060303 880.081642150879 847.40195274353 849.047659873962 903.946484565735 1014.12616729736 1315.33280944824 1495.84920692444 1507.80194473267 1402.99336433411 1300.76171875 1259.50469017029 1614.15741920471 1849.86757850647
1286.34765815735 1439.11093139648 1751.83124732971 2051.21015167236 1514.84296417236 1349.78202819824 1322.36562156677 1339.9355506897 1393.41561889648 1464.22656440735 1435.49022865295 1703.68632125854 1681.01406097412 1290.98203086853 1415.74531173706 1459.92069816589 1130.75781440735 1124.17382621765 1127.80389881134 1242.24491405487 1020.18046665192 939.970705986023 743.107814788818 639.719531059265 644.535158157349 708.389451980591 795 886.159766197205 930.353515625 951.019530296326 946.686326980591 994.047265052795 1006.384765625 997.770700454712 997.861330986023 1008.53241920471 1048.0972661972 1138.17304420471 1327.20390319824 1695.17812156677 1583.68280982971 1311.00039100647 1078.11445808411 1197.90194797516 1937.43281364441 2356.46718215942
1263.09764289856 1355.03397750854 1605.50351142883 1682.9785194397 1341.70429801941 1296.99219703674 1304.48476600647 1351.28828239441 1487.77891159058 1502.30156707764 1544.76640701294 1763.04062461853 1599.87031173706 1411.2859249115 1149.8945274353 1134.57266044617 1078.31445884705 1055.08828258514 1008.15663433075 1274.54765319824 1027.80859851837 846.060159683228 794.277731895447 703.543357849121 649.349997520447 707.258594512939 855.291404724121 955.583199501038 986.197655677795 1019.58906173706 1013.30624485016 1014.19101715088 1025.91641044617 1032.2453212738 1058.2164068222 1083.51953125 1140.03984069824 1196.54648017883 1325.40585708618 1793.37460517883 1571.75117874146 1061.35077857971 850.572261810303 1208.70976448059 2451.8640537262 2516.04374694824
1336.63163375854 1411.93008041382 1561.44374275208 1288.81797218323 1265.30312919617 1322.14375495911 1327.91758346558 1385.41093444824 1419.40195655823 1353.59999465942 1374.0949306488 1367.39024162292 1165.53281784058 1173.97968482971 1125.93398284912 1103.35585784912 1065.95078277588 1019.99179935455 970.274995803833 1087.64492225647 1004.498046875 871.982421875 803.980861663818 805.903515815735 713.139063835144 724.341794013977 904.326173782349 1003.40625190735 1038.92930412292 1038.24140357971 1069.39218330383 1077.8668012619 1057.42148590088 1059.79804611206 1194.17656326294 1138.6601600647 1146.1289024353 1205.37149238586 1400.65508270264 1770.23671913147 1523.59296989441 1134.29062366486 976.651174545288 1313.35976696014 3035.59609031677 3187.14803123474
1335.79648780823 1552.89140129089 1360.46523284912 1234.5496006012 1236.97108459473 1292.86835479736 1366.61289978027 1407.5441493988 1428.49140739441 1348.12109375 1319.67305183411 1149.16289234161 1113.70937347412 1073.95351791382 1109.84687614441 1196.12773513794 1120.26054382324 1017.82929992676 992.76914024353 924.545702934265 1024.58945465088 829.998049736023 809.573833465576 866.073435783386 876.241014480591 801.525782585144 918.894138336182 1008.8003911972 1054.50819587708 1081.29961204529 1123.23007774353 1135.20469284058 1139.73827934265 1134.48125076294 1146.05429649353 1145.24804115295 1147.83906173706 1178.28046417236 1363.31015586853 1627.98867416382 1459.21915435791 1340.40155792236 1310.99999809265 1416.43046188354 2134.03788566589 2952.03321075439
1235.21015548706 1247.17813110352 1221.72421836853 1225.61992263794 1250.15624809265 1327.79258346558 1393.68828392029 1394.70000457764 1421.80976867676 1423.09178924561 1366.15077209473 1144.02226829529 1090.97773361206 1052.67811965942 1119.89687538147 1474.26875495911 1279.83047103882 1088.43319416046 1013.02031230927 967.707034111023 992.139059066772 918.010155677795 917.695709228516 1005.54570198059 1097.87226581573 996.188282012939 945.784375190735 995.888279914856 1045.77109050751 1112.51563262939 1138.11640357971 1149.72344017029 1145.22304344177 1138.04180145264 1145.49999809265 1138.86327934265 1125.86601638794 1147.33280563354 1263.2539024353 1475.14726448059 1493.50937461853 1387.7109413147 1275.53515815735 1380.49374771118 1635.04218482971 2104.41484260559
1283.96367263794 1187.58711051941 1146.79804229736 1194.29023170471 1281.80429458618 1311.97070121765 1392.72851753235 1458.64922142029 1447.30742454529 1402.92929649353 1286.45039558411 1235.34414672852 1078.05585861206 1047.82225418091 1218.19140625 1407.3027381897 1311.9570274353 1133.55391311646 1090.22889709473 1029.07499599457 1113.3554649353 1016.55546474457 1067.72656345367 1240.87187576294 1238.71094512939 1165.56757259369 1096.68163967133 961.91639995575 1010.08164405823 1087.68828582764 1129.41014480591 1162.08046722412 1162.7011756897 1156.00117111206 1163.82108879089 1116.33672142029 1126.78828239441 1117.71756744385 1099.71953582764 1134.10898590088 1283.16133117676 1430.26601409912 1304.04374504089 1351.11835670471 1533.44961357117 2074.44414138794
1371.13515090942 1289.98085594177 1139.89804077148 1197.61914253235 1240.64101600647 1306.40390586853 1401.35742759705 1438.61406135559 1486.68320846558 1360.77188491821 1153.68789672852 1167.4261713028 1118.97734832764 1075.00546073914 1270.09921646118 1384.61366462708 1422.92148780823 1370.09765434265 1265.70859718323 1188.41874313354 1182.75625038147 1294.00156593323 1321.71718406677 1389.99765396118 1349.46445655823 1446.39218902588 1529.63359451294 1111.60078430176 1013.45468711853 1076.95390701294 1130.44804573059 1169.44452857971 1176.79648780823 1171.24726104736 1172.95430183411 1107.71835708618 1077.92578125 1054.27851676941 1065.08906555176 1080.18906593323 1109.03085517883 1213.63046836853 1364.72266769409 1449.13827896118 1533.97617149353 1886.87890434265
1379.08593559265 1130.68867111206 1142.68123626709 1208.21210861206 1249.98632240295 1299.17538833618 1439.27109336853 1503.07576751709 1465.94179725647 1291.72889328003 903.608599662781 895.707811355591 1159.22226715088 1122.62773704529 1084.77265262604 1143.27695846558 1349.90390777588 1469.94804382324 1472.55079078674 1382.76093673706 1353.25507545471 1432.07538223267 1394.97500038147 1363.76405715942 1313.00156211853 1564.48788452148 1626.84648895264 1328.61289405823 1062.00780582428 1062.74961471558 1114.92773246765 1128.32616615295 1143.65859413147 1159.28281593323 1249.86289787292 1311.64570808411 1068.09062385559 1055.32538223267 1061.99296951294 1095.2160243988 1144.32147979736 1196.91289520264 1159.84492111206 1439.85273551941 1533.45390129089 1681.74960899353
1205.0535068512 1111.06523323059 1168.76835823059 1202.47344207764 1288.56953048706 1356.88828468323 1502.88047409058 1523.01405334473 1430.31992149353 1382.22616577148 1022.78827857971 918.558591842651 1271.42695522308 1185.86171627045 1044.93203353882 1321.58047485352 1443.98477172852 1488.22186851501 1537.14218711853 1404.07148551941 1432.37734794617 1524.49921989441 1465.17264938354 1381.96406555176 1323.00233078003 1630.57265281677 1704.32500267029 1389.37891197205 1088.10117053986 1043.17031097412 1066.80897903442 1105.28906440735 1125.47695541382 1134.05976486206 1147.10391044617 1170.59805107117 1123.37617301941 1096.15118026733 1108.55938339233 1159.74765014648 1200.88007545471 1217.58554840088 1208.56758022308 1503.5468711853 1549.38320541382 1812.28671455383
1155.99374771118 1123.16288566589 1193.27851486206 1314.51796340942 1392.703125 1404.35782051086 1504.05585861206 1524.70468521118 1467.68945503235 1471.21719169617 1146.06288909912 1219.78476810455 1342.43085479736 1105.02344322205 1328.12343978882 1588.86444664001 1598.06640434265 1560.84454345703 1719.01250267029 1467.17225837708 1421.83280563354 1472.94335746765 1449.98203277588 1409.46523475647 1436.33749771118 1756.73045730591 1946.22890090942 1333.56718826294 1066.42031478882 975.067967414856 1015.50624370575 1077.77656555176 1128.17343521118 1121.80781745911 1116.95663642883 1139.76250648499 1370.74687576294 1300.16367149353 1192.09764671326 1179.16719245911 1194.248046875 1215.67852401733 1387.52578163147 1797.45195770264 1679.94608879089 1872.57656478882
1190.79804801941 1180.16563034058 1158.57110214233 1202.64140510559 1263.34062004089 1453.07344055176 1487.28984069824 1482.34102058411 1506.42499923706 1577.28359031677 1352.79804611206 1388.03867340088 1281.32304573059 1203.31406497955 1486.01172065735 1534.42968559265 1554.61797332764 1779.47813224792 1830.32187843323 1392.83242416382 1229.40586853027 1403.23750305176 1478.12149238586 1483.68476295471 1518.8730430603 2137.89219093323 2556.6113243103 1414.92891311646 937.481249809265 892.201563835144 996.160935401917 1106.57227039337 1135.11210632324 1139.25078392029 1137.67031669617 1126.51952362061 1296.8378944397 1511.36094093323 1361.08867454529 1225.49687576294 1248.05821800232 1275.01875305176 1361.26796722412 1744.28750419617 1707.50116729736 1621.11952972412
1127.83866882324 1200.56406402588 1295.20741653442 1254.93867111206 1278.95859336853 1616.09334945679 1478.51874542236 1504.142578125 1649.97148323059 1580.02343177795 1567.37109184265 1406.9050693512 1252.92501068115 1340.0449256897 1511.76092720032 1521.58163833618 1621.36367034912 1989.99217796326 1432.86952590942 1163.35390281677 1376.06562232971 1581.90351104736 1604.75898170471 1626.32225990295 1738.28906059265 2849.24843597412 2408.26211166382 1366.08867263794 1015.43593025208 935.062894821167 1104.9281244278 1167.30781364441 1291.07109451294 1176.80898284912 1142.46876144409 1255.94883346558 1306.32148170471 1383.15195083618 1333.576171875 1292.11796569824 1363.61640930176 1369.9726524353 1320.95507240295 1376.86562156677 1415.14101791382 1430.01093673706
1183.54765892029 1367.56328392029 1344.99765777588 1345.00078201294 1382.34257698059 1471.92733955383 1479.0410194397 1566.95311737061 1730.81757926941 1668.01992607117 1703.14804649353 1443.6679725647 1269.65664100647 1299.40546417236 1524.61641120911 1583.93867111206 1647.95274734497 1697.44218826294 1265.08593559265 1369.06914710999 1592.58164215088 1786.45351409912 1929.75624656677 2070.1906414032 2321.7043132782 2992.77851104736 1929.75274467468 1266.02773284912 1145.77850341797 1137.85313034058 1263.00741195679 1255.869140625 1355.90898513794 1181.9921875 1133.66835784912 1256.22929573059 1477.32968902588 1525.50469207764 1343.86172294617 1401.31289100647 1525.44062614441 1600.86054039001 1337.30352020264 1241.33749771118 1302.26992607117 1426.53788757324
1539.16836166382 1431.94648170471 1303.63164329529 1428.21562385559 1580.60781288147 1752.95859718323 1540.44414520264 1576.41132926941 1736.20741653442 1727.39882659912 1877.89726066589 1695.79140663147 1162.70742034912 1324.64804840088 1631.87187576294 1733.94608306885 1517.93672180176 1487.35234260559 1415.22031021118 1562.85429382324 1949.78633117676 1983.09804916382 1852.84531021118 2163.99726295471 2631.85468482971 2152.64295578003 1358.98984527588 1136.48125648499 1106.71210479736 1278.44999313354 1327.9160118103 1258.05233764648 1377.89101600647 1235.43828392029 1132.54688072205 1221.85663795471 1427.27812957764 1520.41835784912 1289.94726753235 1291.60391044617 1376.06171417236 1311.23594284058 1176.04452514648 1115.26249980927 1204.27929878235 1322.18437385559
1704.54413986206 1522.13750267029 1350.83203697205 1427.83672332764 1643.09764862061 1749.55859184265 1599.12734222412 1535.70469284058 1556.20819282532 1783.10664558411 2044.46679878235 1565.068359375 1207.11093902588 1397.10116386414 1730.57969093323 1812.05312728882 1388.81601715088 1401.91288566589 1572.09024047852 1673.99728012085 1836.62499237061 2048.65155982971 2203.35624313354 1748.38866996765 1668.92655563354 1346.11992263794 1128.49218940735 1151.19921302795 1201.48945045471 1375.45742034912 1444.18710708618 1265.31562042236 1395.95155906677 1275.81132125854 1177.19335746765 1220.08477020264 1290.63202857971 1360.81602478027 1261.99453353882 1226.74882698059 1194.55898475647 1164.67891120911 1124.27460670471 1086.1718711853 1101.84336280823 1152.24218177795
1315.04726409912 1527.78632164001 1479.53672218323 1456.11718940735 1556.27265739441 1651.09375572205 1625.35859298706 1528.51953697205 1518.84570121765 1675.95546531677 1640.09766387939 1251.91757965088 1253.28085517883 1490.17538452148 1893.27147865295 1892.00898933411 1336.80467987061 1309.79804801941 1448.58750915527 1547.7109336853 1691.52031135559 1834.96875 1838.1171875 1729.75350189209 1391.95273971558 1168.83553695679 1131.14843940735 1429.56523895264 1531.13555145264 1444.85390853882 1491.26601600647 1282.35859870911 1196.39959907532 1237.11757469177 1236.08672332764 1241.24297523499 1278.68594551086 1395.14805030823 1423.25938606262 1280.97538757324 1116.75272941589 1087.30469512939 1123.33085346222 1077.1308631897 1076.55976867676 1097.00938224792
1285.4453125 1523.41328048706 1527.83320426941 1521.79219436646 1583.7265625 1655.73593711853 1685.22420883179 1571.14530944824 1517.45977020264 1723.5226650238 1450.75155258179 1200.08711242676 1266.64491271973 1585.95546913147 1919.09921646118 2218.61444473267 1309.93398475647 1282.21054649353 1410.99571418762 1706.13243103027 1874.91405677795 1869.80311775208 1639.42813491821 1467.26132202148 1261.52030563354 1134.09530448914 1207.48202705383 1438.93437004089 1585.38594055176 1287.7109413147 1146.74375343323 1162.91874885559 1158.21484565735 1178.30077552795 1343.61289405823 1134.18593597412 1182.56953239441 1299.26874351501 1421.05508422852 1416.41444587708 1106.21835899353 1032.83086013794 1074.9296875 1081.83087158203 1082.97656440735 1080.84218788147
1305.75117492676 1584.55076980591 1639.08632850647 1639.4863243103 1627.79726219177 1570.5468788147 1622.27656745911 1678.22890281677 1809.45781326294 1819.40976333618 1647.31601333618 1315.76718902588 1277.13750076294 1616.06329154968 2094.73162841797 2565.40117454529 1373.17655754089 1305.17812919617 1403.0117149353 1919.07928848267 2061.71562194824 1899.58906364441 1577.05000305176 1371.1816444397 1172.93124961853 1111.56405639648 1227.8593788147 1494.98437309265 1662.884765625 1294.85507202148 1126.34218406677 1127.39297103882 1075.39960861206 1054.82461071014 1116.67773628235 984.563283920288 1075.15507507324 1146.10703659058 1229.52226257324 1173.17382049561 1108.14961242676 1057.28476428986 1050.16835975647 1041.38359832764 1042.73164367676 1045.18359470367
1371.93632507324 1671.26016235352 1769.68554496765 1778.06210517883 1585.51015090942 1362.02617645264 1513.52890396118 1711.87852478027 1728.38865280151 1713.12812042236 1715.5964717865 1543.54688453674 1396.14140892029 1866.10273742676 2461.99607658386 2986.10859298706 1528.33438110352 1303.37461280823 1354.31797981262 1764.52460098267 2127.30429649353 2131.66053390503 1862.26601982117 1339.27969551086 1121.28828048706 1064.81796741486 1079.12577342987 1250.60390090942 1505.55937004089 1216.4804649353 1103.84023094177 1054.35741996765 1034.51679801941 975.526171684265 1379.06680297852 1153.88164234161 1043.60937976837 1061.37422275543 1117.60936737061 1139.54179000854 1067.06954288483 1044.75195217133 1025.96171379089 1025.04179382324 1026.38867473602 1018.5585975647
1478.70976257324 1673.67930412292 1808.11171913147 1742.52460861206 1620.80663871765 1324.90390968323 1394.1464805603 1717.21875572205 1682.36601638794 1695.42460441589 1470.66952705383 1287.14023590088 1659.13124275208 2229.82071495056 2833.38359832764 3229.58750534058 1756.26288414001 1313.66640281677 1327.74296951294 1673.77656745911 2132.64295768738 2164.08359527588 2080.94258880615 1345.22578048706 1096.05859184265 1035.96094989777 983.099610328674 1140.85860061646 1362.00547218323 1269.1581993103 1112.97733879089 1045.06444835663 982.612101554871 1012.95937633514 1080.02930164337 1037.05156135559 985.376949310303 995.519137382507 1018.76445770264 1042.30703735352 1008.45781135559 1013.88398456573 1017.00312519073 1025.21953010559 1027.30625152588 1020.00468540192
