Cases/SDM_Urocitellus_beldingi/westernUsClimate_historic/BIO10.asc
NCOLS 316 
NROWS 299 
XLLCORNER -124.820833001 
YLLCORNER 29.1625003333339 
CELLSIZE 0.0666666666645545 
NODATA_value -3.4e+38 
[rows 75 to 99 of 299, columns 114 to 170 of 316]
2115.421875 2107.53125 2170.0625 2210.984375 2183.8125 2144.875 2148.828125 2143.484375 2104.875 2095.515625 2065.84375 1980.09375 1906.84375 2002.328125 1967.0625 1859.1875 1912.609375 1797 1841.3125 1931.390625 1923.890625 1809.8125 1708.0625 1699.921875 1663.453125 1639.53125 1551.671875 1455.015625 1420.234375 1330.296875 1349.421875 1333.53125 1183.859375 1174 1245.3125 1235.9375 1208.8125 1191.8125 1066.75 907.4375 1194.515625 1323.109375 1093.046875 1204.078125 1345.828125 1264.125 1078.703125 1296.578125 1410.390625 1490.46875 1516.1875 1199.109375 897.71875 856.5625 950.921875 1055.4375 1308.828125
2166.03125 2178.703125 2191.890625 2211.5625 2196.59375 2187.921875 2177.40625 2148.65625 2121.75 2091.78125 2071.65625 2004.5 1960.84375 2071.546875 2023.5625 2011.15625 1905.71875 1622.03125 1757.390625 1850.671875 1836.296875 1610.125 1465.34375 1555.125 1614.078125 1592.921875 1533.515625 1378.84375 1302.125 1392.796875 1333.5 1223.09375 1266.53125 1144.78125 1215.109375 1210.140625 1205.078125 1168.8125 1095.3125 1121.125 1204.4375 1229.96875 1101.171875 1151.953125 1219.859375 1215.546875 1237.640625 1312.890625 1368.578125 1380.515625 1527.28125 1587.046875 1498.5625 1351.265625 1057.609375 961 1350.671875
2105.484375 2109.859375 2151.5625 2196.578125 2164.09375 2139.96875 2159.4375 2174.546875 2166.984375 2154.734375 2130.8125 2118.671875 2097.953125 2110.78125 2042.84375 2058.078125 1908.65625 1610.859375 1760.609375 1813.734375 1792.859375 1632.265625 1501.53125 1508.5625 1604.421875 1598 1581.0625 1483.78125 1425.578125 1380.1875 1329.796875 1242.5625 1224.125 1185.546875 1191.171875 1211.125 1212.6875 1182.59375 1110.546875 1067.34375 1049.84375 1066.859375 973.046875 1116.65625 1143.5625 1223.65625 1272.578125 1272.78125 1215.015625 1252.53125 1344.4375 1435.078125 1433.046875 1577.265625 1602.421875 1451.75 1518.5
2102.171875 2137.046875 2174.015625 2189.8125 2147.453125 2120.109375 2129.625 2141.609375 2155.265625 2172.234375 2185.234375 2128.34375 2080.46875 1985.859375 2002.984375 2031.5 1893.328125 1715.421875 1757.078125 1806.875 1788.34375 1752.734375 1694.359375 1569.4375 1631.1875 1676 1595.65625 1564.953125 1458.828125 1481.6875 1445.28125 1330.828125 1313.0625 1239.625 1234.609375 1216.234375 1201.265625 1161.609375 1191.9375 1011.171875 927.953125 1186.46875 1071.421875 1074.234375 1130.15625 1201.765625 1211.84375 1176.125 1161.515625 1200.421875 1207.8125 1107.96875 953.03125 1418.71875 1608.0625 1677.421875 1693.078125
2113.65625 2188.828125 2199.1875 2182.390625 2150.28125 2133.234375 2134.5625 2139.359375 2132.421875 2119.15625 2111.53125 2102.96875 2080.65625 2056.328125 2031.1875 1893.453125 1732.953125 1684.90625 1830.9375 1796.03125 1782.65625 1748.90625 1633.03125 1683.734375 1747.59375 1768.78125 1697.046875 1652.171875 1530.671875 1494.421875 1470.671875 1487.3125 1311.015625 1346.53125 1326.734375 1251.453125 1240.28125 1171.34375 1211.5 1276.375 1297.984375 1333.5625 1358.609375 1222.703125 1267.203125 1058.609375 1039.4375 921.78125 912.71875 1146.046875 1090.15625 1146.5625 1220.359375 1376.71875 1408.53125 1492.9375 1657.03125
2123.234375 2139.6875 2208.578125 2175.890625 2158.796875 2164.140625 2155.921875 2140.984375 2140.921875 2143.484375 2130.625 2123.953125 2120.65625 2100.65625 2082.21875 1962.015625 1703.5 1700.21875 1902.578125 1897.5625 1825.140625 1628.9375 1656.1875 1816.875 1767.140625 1629.640625 1590.34375 1491.796875 1411.125 1432.78125 1343.28125 1369.046875 1240.8125 1238.84375 1426.921875 1308.9375 1350.828125 1300.484375 1184.4375 1283.109375 1346.53125 1413.65625 1464.953125 1444.21875 1357.296875 1226.078125 1001.625 1073.6875 1208.28125 1152.96875 1033.609375 1073.609375 1338.21875 1427.828125 1446.21875 1508.75 1492.21875
2043.4375 2085.453125 2187.765625 2181.203125 2157.453125 2138.59375 2144.578125 2139.296875 2139.734375 2157.078125 2155.859375 2127.59375 2116.25 2128.71875 2104.609375 2059.3125 1870.625 1841.171875 1983.40625 1869.65625 1835.40625 1851.65625 1880.71875 1777.3125 1589.921875 1411.109375 1306.796875 1401.640625 1613.953125 1617.859375 1547.015625 1492.671875 1371.40625 1369.8125 1543.0625 1507.59375 1441.96875 1270.703125 1202.578125 1299.46875 1399.46875 1464.0625 1479.296875 1524.984375 1471.71875 1395.109375 1320.28125 1406.765625 1445.328125 1234.921875 1129.171875 1272.734375 1369.40625 1446.5 1510.875 1534.9375 1665.125
2011.328125 2077.484375 2137.765625 2161.921875 2176.9375 2160.578125 2125.140625 2111.25 2145.640625 2180.0625 2176.953125 2112.71875 2091.8125 2114.171875 2129.9375 2102.875 2039.046875 1889.484375 2060.40625 2014.484375 1990.921875 1906.8125 1890.65625 1766.65625 1533.8125 1378.125 1229.015625 1257.453125 1619.15625 1715.78125 1634.625 1611.59375 1586.046875 1585.5625 1578.140625 1571.96875 1489.296875 1390.671875 1310.453125 1360.53125 1412.28125 1490.359375 1588.21875 1649.3125 1512.21875 1493.953125 1516.3125 1519.1875 1511.03125 1417.03125 1296.078125 1340.6875 1422.28125 1391.28125 1550.078125 1642.671875 1760.390625
1962.1875 2070.0625 2030.34375 2078.96875 2154.96875 2158.359375 2161.328125 2114.859375 2127.375 2166.078125 2162.734375 2113.875 2073 2075.609375 2106.34375 2105.359375 2117.4375 2075.921875 2012.5 1867.375 1924.109375 1941.609375 1903.5 1830.0625 1744.21875 1668.34375 1595.828125 1531.5 1675.015625 1636.15625 1568.765625 1483.28125 1380.015625 1315.703125 1326.375 1514.5625 1527.734375 1504.9375 1451.15625 1393.6875 1467.734375 1511.75 1628.296875 1716.3125 1602.578125 1554.40625 1600.375 1637.875 1595.3125 1563.515625 1550.40625 1563.546875 1454.96875 1398.140625 1663.015625 1769.453125 1776.515625
1951.421875 1974.03125 1981.8125 1995.390625 2037.515625 2086.578125 2149.171875 2112.46875 2088.234375 2108.125 2104.515625 2072.46875 2062.25 2052.28125 2073.96875 2083.5 2074.25 2042.140625 1996.421875 1953.1875 1902.578125 1871.6875 1861.5 1863.046875 1796 1707.296875 1617.625 1713.046875 1791.015625 1703.1875 1632.1875 1592.515625 1587.59375 1549.34375 1464.96875 1613.3125 1625.34375 1545.984375 1565.078125 1603.953125 1545.4375 1596.65625 1682.59375 1687 1732.5 1620.09375 1600.953125 1698.25 1691.421875 1685.203125 1705.1875 1696.671875 1608.890625 1569.515625 1736.890625 1805.609375 1788.03125
1889.671875 1889.84375 1935.078125 1924.1875 1959.5625 2005.203125 2041.984375 2107.171875 2114.3125 2106.296875 2113.75 2099.09375 2084.875 2086.5 2090.96875 2102.90625 2094.203125 2076.9375 2050.375 2037.265625 1980.890625 1896.734375 1889.671875 1799.21875 1872.03125 1747.609375 1765.78125 1799.03125 1804.5625 1720.375 1652.484375 1621.40625 1634.359375 1650.375 1663.046875 1671.65625 1684.46875 1673.5625 1678.9375 1679.5 1695.90625 1702.984375 1750.90625 1765.0625 1808.515625 1773.6875 1670.453125 1679.3125 1754.40625 1725.703125 1783.5625 1764.671875 1796.515625 1754.9375 1819.140625 1811.25 1801.40625
1901.765625 1851.890625 1871.015625 1860.71875 1892.453125 1895.90625 1975.25 2046.015625 2133.671875 2181.96875 2183.28125 2169.015625 2171.15625 2142.5625 2099.484375 2095.6875 2094.34375 2087.375 2078.875 2074.5625 2060.265625 2015.96875 1925.421875 1881.875 1868.75 1865.78125 1830.375 1741.75 1702.328125 1678.328125 1668 1659.859375 1675.25 1691.515625 1678.4375 1669.78125 1682.09375 1681.15625 1705.265625 1735.71875 1783.21875 1825.21875 1854.484375 1850.8125 1827.5625 1841.78125 1813.375 1789.421875 1819.015625 1863.734375 1884.1875 1890.03125 1869.265625 1856.53125 1849.953125 1843.265625 1835.796875
1854.265625 1844.140625 1855.21875 1849.3125 1843.078125 1825.421875 1921.484375 1992.25 2030.109375 2161.40625 2193.859375 2206.859375 2252.796875 2175.734375 2112.484375 2076.375 2088.484375 2091.59375 2090.125 2090.609375 2088.421875 2069.15625 2038.578125 1947.140625 1900.734375 1897.453125 1712.265625 1598.140625 1639.546875 1682.4375 1725.609375 1718.546875 1701.359375 1697.15625 1686.78125 1678.53125 1672.28125 1685.359375 1711.125 1739.3125 1771.671875 1809.9375 1878.09375 1870.859375 1862.671875 1827.859375 1809.890625 1840.09375 1857.640625 1888.75 1905.515625 1922.515625 1920.125 1914.75 1915.46875 1913.4375 1892.5
1848.265625 1839.484375 1872.890625 1861.125 1829.171875 1827.546875 1878.375 1921.375 1969.578125 2068.765625 2123.875 2131.796875 2235.546875 2179.0625 2120.453125 2105.125 2108.453125 2112.453125 2104.25 2101.515625 2096.765625 2082.640625 2063.921875 2051.78125 1992.265625 1935.3125 1809.25 1681.875 1735.875 1815 1868.15625 1867.046875 1816.5 1814.0625 1784.15625 1803.03125 1767.609375 1760.953125 1763.796875 1809.609375 1842.640625 1839.3125 1851.421875 1899.6875 1887.53125 1896.875 1894.265625 1885.828125 1891.640625 1905.359375 1908.5 1921.984375 1935.984375 1934.171875 1956.5625 1949.390625 1924.015625
1856.03125 1857.4375 1853.1875 1839.46875 1794.984375 1692.515625 1813.25 1792.984375 1863.140625 1980.421875 2042.5 2115.375 2200.328125 2227.953125 2178.984375 2161.4375 2152.921875 2141.015625 2131.734375 2126.140625 2114.703125 2090.078125 2078.625 2074.40625 2065.109375 2070.71875 2042.9375 1994.15625 1989.609375 2042.21875 2047.03125 2025.25 1981.625 1958.5625 1930.640625 1918.34375 1880.828125 1876.515625 1865.03125 1891.546875 1883.4375 1859.09375 1871.9375 1909.640625 1906.015625 1897.546875 1898.34375 1905.59375 1908.484375 1923.625 1922.28125 1928.28125 1943.140625 1946.921875 1946.59375 1936.171875 1927.890625
1856.171875 1866.1875 1862.25 1808.390625 1767.359375 1710.84375 1711.03125 1746.453125 1885.453125 1939.390625 1987.1875 2080.484375 2160.828125 2191 2208 2202.921875 2187.953125 2182.8125 2172.609375 2157.65625 2139.796875 2118.03125 2111.640625 2114.453125 2127.515625 2134.109375 2134.359375 2117.75 2080.40625 2087.109375 2092.09375 2094.671875 2079.9375 2068.4375 2052.484375 2013.484375 2005.8125 2001.234375 2010.078125 2022.046875 2007.125 1973.140625 1948.78125 1939.296875 1934.296875 1905.5 1911.28125 1930.15625 1940.46875 1951.15625 1948.609375 1938.46875 1945.84375 1945.265625 1945.375 1938.578125 1928.78125
1850.34375 1871.3125 1870.578125 1819.40625 1763.859375 1753.375 1674.84375 1564.109375 1666.984375 1877.796875 1934.671875 2023.5625 2119.84375 2163.5 2178.328125 2199.21875 2215.90625 2202.28125 2199.984375 2196 2184.90625 2167.953125 2150.625 2155.71875 2160.671875 2179.453125 2162.65625 2167.515625 2192.53125 2230.1875 2261.78125 2209.71875 2161.296875 2118.8125 2106.0625 2079.578125 2078.78125 2076.203125 2069.203125 2067.0625 2065.703125 2054.8125 2027.09375 1998.125 1967.625 1952.046875 1965.234375 1987.078125 1979.40625 1973.046875 1957.0625 1943.765625 1939.09375 1933.765625 1931.09375 1939.78125 1938.109375
1851.765625 1851.6875 1865.0625 1837.9375 1745.515625 1749.75 1744.3125 1702.171875 1627.90625 1766.265625 1872.8125 1937.40625 2022.140625 2066.765625 2093.71875 2132.703125 2153.46875 2157.703125 2172.046875 2203.46875 2217.734375 2205.65625 2210.71875 2194.40625 2206.4375 2190.390625 2186.796875 2165.84375 2218.125 2198.515625 2199.90625 2190.984375 2162.78125 2141.9375 2120.671875 2105.21875 2081.3125 2078.90625 2082 2079.9375 2069.9375 2054.5 2035.703125 2005.65625 1978.046875 1989.34375 2013.5625 2019.75 2004.984375 1980.03125 1953.46875 1940.421875 1931.765625 1919.84375 1919.421875 1932.734375 1941.296875
1858.15625 1830.859375 1823.75 1808.578125 1791.734375 1782.8125 1719.90625 1672.734375 1687.84375 1726.453125 1756.296875 1880.96875 1908.515625 1945.515625 2004.28125 2049.96875 2101.53125 2122.078125 2130.515625 2176.796875 2213.03125 2212.03125 2176.25 2147.625 2177.5625 2159.359375 2140.734375 2115.25 2131.171875 2167.453125 2160.484375 2149.59375 2113.59375 2109.71875 2143.53125 2119.15625 2096.75 2085.828125 2088.328125 2083.28125 2062.609375 2038.96875 2030.0625 2029.0625 2019.90625 2017.671875 2007.09375 1996.4375 1965.078125 1951.28125 1943 1922.796875 1894.015625 1896.71875 1906.609375 1922.890625 1938.640625
1863.171875 1799.3125 1765.578125 1730.84375 1682.03125 1661.90625 1661.875 1655.078125 1681.625 1681.6875 1741.1875 1802.625 1802.765625 1873.25 1932.046875 2016.828125 2066.546875 2109.109375 2136.03125 2160.46875 2163.25 2170.359375 2187.203125 2142 2136.921875 2132.09375 2147.328125 2142.71875 2143.59375 2142.75 2149.421875 2137.65625 2115.671875 2105.359375 2164.484375 2140.78125 2120.90625 2114.328125 2111.96875 2104.34375 2076.84375 2050.1875 2038.75 2028.46875 2011.640625 2008.8125 1993.625 1974.40625 1950.921875 1884.125 1901.796875 1905.390625 1881.84375 1890.09375 1908.328125 1928.984375 1933.4375
1884.296875 1835.90625 1790.578125 1705.5625 1554.203125 1648.71875 1654.328125 1662.015625 1623 1660.03125 1681.234375 1682.25 1680.265625 1787.03125 1839.6875 1892.4375 1967.96875 2029.25 2078.4375 2122.265625 2131.15625 2130.265625 2149.328125 2114.328125 2084.21875 2088.546875 2096.203125 2119.234375 2143.984375 2145.34375 2153.796875 2128.03125 2102.296875 2102.625 2124.265625 2156.3125 2138.65625 2128.296875 2119.609375 2118.0625 2097.828125 2034.25 2027.140625 2035.109375 2030.71875 2025.375 1971.234375 1937.625 1936.09375 1895.46875 1903.296875 1925.734375 1919.078125 1925.0625 1942.875 1961.21875 1959.734375
1906.65625 1856.765625 1805.078125 1744.375 1682.53125 1641.71875 1648.28125 1645.390625 1623.96875 1623.984375 1607.484375 1595.171875 1627.0625 1672.0625 1714.640625 1807.015625 1880.125 1935.21875 1964.84375 2021.09375 2045.53125 2079.28125 2097.40625 2076.5 2046.5 2034.828125 2051.296875 2059.90625 2075.90625 2098.59375 2135.84375 2127.78125 2098.625 2068.625 2087.296875 2125.875 2130.953125 2110.328125 2110.359375 2107.84375 2082.109375 2045.953125 2031.171875 2036.765625 2046.09375 2040.984375 2027.703125 1995.546875 1972.265625 1944.125 1940.5 1952.234375 1956.578125 1963.09375 1974.421875 1984.859375 1979.34375
1911.28125 1869.234375 1853.90625 1795.484375 1723.125 1649.375 1624.953125 1679.390625 1688.734375 1631.296875 1588.453125 1569.859375 1591.4375 1625.6875 1683.3125 1733.875 1800.203125 1870.953125 1905.3125 1919.109375 1955.640625 2002.875 2058.375 2070.59375 2046.578125 2020.765625 2026.265625 2043.921875 2051.546875 2067.4375 2065.125 2072.828125 2075.421875 2068 2049.4375 2066.046875 2070.703125 2045.25 2054.15625 2051.6875 2049.65625 2037.09375 2020.5625 2010.921875 2011.71875 2039.25 2048.328125 2027.953125 1978.234375 1938.875 1937.328125 1958.1875 1966.5625 1972.03125 1975.984375 1971.828125 1963.859375
1914.171875 1901.640625 1850.328125 1771.3125 1698.734375 1677.5625 1692.71875 1705.140625 1704.4375 1676.125 1625.453125 1597.3125 1589.203125 1618.40625 1634.96875 1686.578125 1744.296875 1811.234375 1845.8125 1851.65625 1894.5625 1943.25 1990.203125 2028.125 2047.609375 2021.359375 2016.9375 2012.671875 2010.0625 2009.78125 2031.953125 2053.875 2018.03125 2023.71875 2023.5 2016.46875 2022.203125 2013.4375 2010.109375 2008.125 2003.984375 1994.796875 1975.015625 1953.53125 1955.484375 1997.484375 2013.359375 2005.5 1973.5 1954.25 1970.578125 1992.171875 1984.390625 1976.15625 1952.25 1921.75 1910.203125
1900.75 1872.5 1836.234375 1741.421875 1709.421875 1649.484375 1729.609375 1793.328125 1783.953125 1714.40625 1656.640625 1603.671875 1632.15625 1661.734375 1657.640625 1663.328125 1690.4375 1727.859375 1778.34375 1814.390625 1851.15625 1897.140625 1949.828125 1987.234375 2013.953125 1976.171875 1971.171875 1976.125 1966.328125 1957.828125 1974.453125 2001.09375 1989.75 1986.828125 2000.484375 2005.578125 2003.703125 2004.21875 1982.90625 1985.875 1970.125 1966.9375 1973.125 1959.9375 1947.71875 1967.046875 1978.140625 1967.65625 1942.96875 1929.9375 1959.359375 1975.09375 1971.25 1937.21875 1862.421875 1859.40625 1881.265625
