Cases/SDM_Urocitellus_beldingi/westernUsClimate_historic/BIO17.asc
NCOLS 316 
NROWS 299 
XLLCORNER -124.820833001 
YLLCORNER 29.1625003333339 
CELLSIZE 0.0666666666645545 
NODATA_value -3.4e+38 
[rows 210 to 230 of 299, columns 138 to 183 of 316]
1810.60039710999 1668.72539138794 2132.98827934265 2020.09102249146 1848.59843444824 1838.52772712708 1925.17030143738 1949.0878868103 1773.01913261414 1637.14140510559 1613.32616424561 2052.81014823914 1847.65546989441 1676.2062664032 1209.73280715942 1325.10312843323 1744.2511806488 2129.94296264648 2582.95741271973 2433.66407012939 2075.44260215759 2091.90938186646 2259.80352401733 2729.6269569397 3450.49375534058 4559.93282699585 4213.75901412964 3779.33514785767 3734.03124237061 2964.93006896973 3603.92813491821 4363.51993179321 4548.32151031494 4953.05002593994 4818.20351409912 5050.11486053467 5134.97538757324 5071.02033996582 5238.41524505615 5138.04217529297 4651.31602096558 4195.87461090088 3082.20623779297 2795.68124389648 3343.04061889648 4412.80664825439
1642.53515052795 1699.26132774353 1773.27187156677 1740.56679725647 1747.62654876709 1834.44374465942 2003.0625038147 1904.86170959473 1730.77577018738 1638.53593826294 1672.3164024353 1933.04296875 1853.25390052795 1566.03554725647 1118.07890701294 1342.70352935791 1692.70429420471 2104.37930679321 2520.64650154114 2549.64138793945 2069.61251449585 2027.81952667236 2124.73946380615 2573.21796798706 3574.8456993103 4136.92307281494 3812.08672714233 3378.869140625 3253.17461395264 2860.60702896118 3331.09647750854 3711.86093139648 3787.15470123291 4296.43748092651 5148.29415893555 5476.98323059082 5558.85977172852 5514.44177246094 5492.24105072021 6396.88320159912 6761.82737731934 4997.31252288818 3545.74570465088 2943.39609146118 3036.25584411621 3733.61170578003
1498.34101295471 1680.04180145264 1470.96367645264 1743.71642112732 1744.138671875 1824.56210899353 1950.22617149353 1840.38906478882 1696.71132087708 1748.57382392883 1947.70468330383 1828.853515625 1597.63007164001 1306.24882507324 1100.36054992676 1295.11875724792 1568.13320922852 1828.12929725647 2157.53008270264 2454.5859375 2259.31485366821 1940.76406288147 1994.9238243103 2413.16096115112 3482.83319091797 4337.91059112549 3913.01171112061 3259.33046722412 2897.48008728027 2642.75665283203 2852.53046035767 4219.55002212524 4543.77266311646 4536.46599578857 5734.8969039917 5897.95819091797 5635.74532318115 5792.96483612061 5822.66716766357 6755.00625610352 6343.03905487061 4622.32030487061 3662.42654418945 3074.59412384033 2932.82968902588 3423.44139099121
1718.1582069397 1619.4668006897 1820.44882965088 1931.70741844177 2120.50821113586 2201.83202552795 2176.47733879089 1986.82109451294 1805.1062412262 1908.71601867676 2006.06720161438 1915.38437843323 1591.75312423706 1458.07264709473 1110.94686889648 1125.33867359161 1388.30156707764 1636.98907089233 1871.70664787292 1966.41914367676 2256.01250267029 2012.9894618988 1902.32149124146 2215.22811508179 2754.56055450439 3914.34181976318 4658.66254425049 3671.08242797852 3012.87814331055 2439.56015777588 2627.54805755615 3878.184009552 4857.30821228027 4250.68204879761 4285.26171875 4935.82498931885 5390.9644241333 5258.66327667236 5954.33126068115 6771.21797943115 6411.5668258667 4683.26678085327 3760.59650039673 3234.25741958618 2947.00701522827 3276.96718978882
1606.83750534058 1762.2941532135 1821.37109375 1997.97929573059 2171.36406517029 2001.27812767029 2116.23202896118 2133.15585899353 1842.5456905365 1920.96329879761 1891.61525154114 1913.15703773499 1905.86680793762 1779.87382316589 1238.7636756897 1045.71405792236 1195.63242053986 1493.05507469177 1667.8574180603 1698.48750686646 1775.43905830383 1765.03475761414 1850.49765396118 2136.48320388794 2507.49727249146 3385.74295425415 4393.873046875 3413.14102935791 2802.95038986206 2295.21093177795 2333.78084754944 3139.73552322388 4366.86368560791 4181.43787384033 3837.46758651733 4015.95819854736 4094.62226486206 5477.02809906006 6434.29130554199 6199.03321075439 5854.56681060791 5240.94020080566 3950.88944625854 3189.0410118103 3028.95626449585 3428.30743408203
1489.04103088379 1825.6347618103 1583.71288871765 1702.2956867218 1762.15313720703 1751.22539901733 2204.77931404114 2407.64882659912 1949.33866691589 1833.94687843323 1664.21835136414 1910.39023590088 1946.23086357117 1831.51835823059 1479.37930297852 1215.87383079529 1230.35312461853 1466.23633384705 1605.39648628235 1627.38203239441 1650.3378944397 1685.884765625 1819.49609375 2009.19960975647 2357.42617797852 2879.75664901733 3849.91445541382 3274.90547943115 2597.58829116821 2252.1437664032 2132.75194549561 2627.03633880615 3503.82070541382 4139.22621154785 3892.75549316406 3413.90079116821 4542.50625228882 5692.3042755127 6231.98709106445 5718.10237884521 4793.72342681885 4891.81800079346 4757.78279876709 3857.87421035767 3471.87850189209 3918.64608001709
1559.5699224472 1625.39453697205 1669.16758728027 1535.07461357117 1531.84688186646 1964.11717796326 2552.42851638794 2331.00195884705 1904.79961585999 1785.59492111206 1760.5957069397 1945.21602249146 1848.17031097412 1791.46131706238 1720.03945350647 1660.36680221558 1600.33750152588 1469.20194625854 1806.23945999146 1761.30156707764 1770.98436737061 1885.68788909912 1896.6328125 1919.63828086853 2156.86444664001 2551.31600570679 2942.71405792236 3087.85468292236 3009.36366271973 2612.78125762939 2145.85897636414 2463.67343521118 3305.75703430176 3616.27655792236 3282.45390319824 3196.93946075439 3727.77658462524 4979.43558120728 5534.30550384521 4829.3851776123 3962.45351028442 4125.14725112915 4178.21014785767 4317.13396453857 4151.61601257324 4597.18944549561
954.278515815735 1040.31367969513 990.150396347046 1028.2265663147 1241.04609203339 1865.4921913147 2303.72694778442 1847.12616348267 1699.10741043091 1633.19100761414 1669.79180717468 1747.53398323059 1524.2890625 1498.43750572205 1557.28398323059 1675.3730506897 1422.65390968323 1228.59374809265 1254.70546913147 1370.23163986206 2102.86798095703 2515.82264709473 2201.11443901062 1971.16484832764 2093.62265586853 2373.03125762939 2571.38788223267 2759.2753868103 2819.62774276733 2761.76718139648 2291.26991653442 2349.42732620239 2760.46210479736 2748.42850875854 2522.80819702148 2964.78828048706 3372.10232162476 3425.4019317627 3617.94843673706 3301.76171875 3443.19805526733 3940.60428619385 4095.13163757324 4064.09141540527 4247.50196838379 5087.71092987061
764.626564025879 866.388281822205 790.135549545288 908.50429725647 990.779298782349 1239.35663795471 1478.94648361206 1411.08828735352 1257.55469512939 1323.37929916382 1287.44844055176 1319.40547370911 1208.71366500854 1196.2265625 1340.47617912292 1446.81484222412 1381.03789520264 1067.22774124146 897.62929725647 909.921489715576 1386.28945159912 2527.79571342468 2456.70390701294 2147.4617061615 2056.63632774353 2243.65469360352 2530.32186889648 2902.43048095703 2727.29022979736 2470.60077667236 2199.0312538147 2457.64455032349 2429.17929077148 2595.16015625 2868.62461090088 3244.57265853882 3011.79570770264 2705.81719589233 2552.07343292236 3109.28243255615 3533.79571151733 4039.69220733643 4435.93003845215 4329.11093139648 4370.01835250854 5602.37815093994
717.987895965576 816.894536018372 757.5859375 829.292580604553 856.561720848083 1111.41563129425 1367.05272293091 1196.52655696869 1047.22265148163 1169.27538871765 1144.19765663147 1091.42461109161 1270.82851600647 1193.25782012939 1199.50507926941 1215.59725952148 1103.41328525543 1038.60117435455 1012.81758594513 931.329681396484 1080.4914150238 1411.01601219177 1641.20741081238 1874.74844932556 1985.40352058411 2133.70313453674 2254.60429000854 2754.86365127563 2694.51095199585 2343.60195541382 2275.92108535767 2712.62306213379 2875.07460403442 2833.71913909912 2921.62890625 2665.38477706909 2745.82147979736 2792.73634338379 2915.73944091797 3236.96406936646 3446.23085784912 3544.87969970703 3562.38441848755 4011.47540664673 4186.33006668091 5084.40547180176
745.327732086182 732.639454841614 709.117186546326 748.708980560303 763.377343177795 890.181244850159 1221.08945941925 1032.47695732117 975.118359565735 1118.57890892029 1147.45078468323 1032.67577934265 1209.74686813354 1233.21132087708 1104.81445598602 1087.67499065399 1126.92421913147 1138.23125362396 1168.49413776398 1149.08632183075 1084.33789348602 1162.3300819397 1489.73086166382 1703.43203163147 1752.54883384705 1849.62460708618 2083.00702285767 2405.20740509033 2704.12811279297 2834.85390090942 2204.6179561615 2170.67226600647 2643.23085784912 2956.11951446533 2877.85935974121 2367.63439559937 2088.75743103027 2460.25937461853 2983.25545883179 3133.15194702148 2970.61406326294 3355.80471420288 3537.35116958618 3582.51405334473 3955.75232696533 4468.84490203857
730.463283538818 730.170313835144 692.76796913147 705.084767341614 755.705468177795 767.366404533386 991.154298782349 913.841794013977 834.516404151917 900.315632820129 1229.01368331909 1482.93827533722 999.984767913818 1074.45820617676 972.486715316772 941.511717796326 984.567571640015 1033.6605463028 1199.39258003235 1358.92030143738 1300.68241500854 1077.93633365631 1060.41093826294 1334.76562690735 1384.30508232117 1359.00194549561 1563.20117759705 1873.80507850647 2319.95976638794 2161.59414100647 1838.48828697205 1535.04179573059 1804.65938568115 1854.98789405823 1754.65937805176 1852.56210517883 2115.68593597412 2059.18593597412 2717.78827667236 3085.97498321533 3000.47422409058 3407.08085250854 4048.5664024353 3902.20427703857 4074.4179649353 4094.32426071167
715.571482658386 787.054688453674 746.986722946167 705.727734565735 728.730471611023 758.477732658386 785.729693412781 782.629688262939 773.4453125 799.259377479553 1034.18046569824 1253.80859947205 837.915623664856 789.542579650879 745.157031059265 740.548827171326 775.391800880432 831.951167106628 963.14296913147 1018.38398456573 1159.75311851501 981.733590126038 1035.23671722412 1194.49178695679 1187.25703239441 1159.24101734161 1220.91093826294 1384.79336547852 1777.21406364441 1799.22227096558 1517.79765701294 1449.14452552795 1464.94375610352 1572.21055984497 1650.6503868103 1833.5339756012 2258.3351688385 2304.9992313385 2626.36172103882 2910.16561889648 3017.5097618103 3556.0765953064 4869.18751525879 4425.11487197876 4712.19534301758 3946.28985977173
917.386331558228 959.561720848083 807.461331367493 745.843745231628 719.712497711182 756.15195274353 801.950777053833 780.049608230591 732.144137382507 727.009377479553 798.975779533386 924.687893867493 667.767968177795 599.554293632507 587.301174163818 601.788670539856 635.821094512939 720.587888717651 748.464059829712 761.774609565735 759.426952362061 938.082425117493 1264.51952838898 1335.2578163147 1445.49765777588 1599.63709449768 1413.21523284912 1279.41484642029 1400.31015205383 1619.25117301941 1769.82538795471 1663.2363243103 1532.48788070679 1507.20351409912 1510.48007202148 1638.69960403442 1864.66561889648 2207.51329040527 2444.66836929321 2804.1035194397 3123.91288375854 3000.83710861206 3932.84533309937 4678.72225570679 4865.92617034912 3931.32657623291
885.781644821167 944.437107086182 869.132424354553 741.58203792572 751.683598518372 731.889843940735 789.158987045288 738.571485519409 684.981638908386 673.002342224121 681.092572212219 692.608583450317 559.811327934265 539.358983039856 540.701560020447 549.678126335144 613.890628814697 691.069531440735 734.699610710144 735.512106895447 736.779685974121 950.153123855591 1084.24686527252 1152.28711414337 1445.24882698059 1537.08671379089 1706.60430145264 1733.24140357971 1722.29844665527 1679.69805717468 1764.44296646118 1723.18788528442 1562.59297370911 1494.61092948914 1599.62499237061 1653.89765357971 1734.48789215088 2030.51601791382 2241.77305221558 2414.58204269409 2529.67538452148 2551.12030792236 2646.80233764648 3166.87851333618 3712.44529724121 3514.83668899536
959.30117225647 902.458599090576 898.858593940735 896.070704460144 754.054681777954 729.955861091614 711.389446258545 708.844527244568 701.82382774353 691.713666915894 584.103517532349 535.221870422363 537.622271537781 535.053905487061 530.825389862061 536.828125 618.101956367493 651.233596801758 748.802346229553 778.233980178833 800.991799354553 1004.25234508514 1023.08203125 1115.43046951294 1224.29179954529 1362.04765510559 1594.36445426941 1804.86641120911 1644.72421264648 1596.55116653442 1604.87577438354 1614.65195465088 1788.63007545471 2212.76288795471 2018.85001182556 1724.57265663147 1604.48515129089 1837.58633232117 1936.90469169617 2254.93437767029 2422.7421875 2430.00937271118 2437.10975265503 2550.68203353882 2796.68631362915 3325.01327133179
853.589840888977 761.989847183228 792.432807922363 938.756642341614 772.11289024353 661.438670158386 670.485945701599 752.871094703674 715.883598327637 698.126949310303 574.770703315735 531.666410446167 532.588670730591 520.783201217651 512.472653865814 531.401948928833 600.773047447205 625.128908157349 794.868753433228 881.255464553833 921.50742149353 1010.04570293427 1090.7535238266 1101.04844474792 1132.51445198059 1238.43671798706 1391.458984375 1428.22344017029 1503.88397598267 1583.78125572205 1675.66796875 2014.09373283386 1957.55585289001 1634.60467910767 1452.61523628235 1400.82695770264 1314.79452896118 1453.16210746765 1586.66328430176 1888.46639823914 2229.84101486206 2389.67070770264 2288.23866271973 2314.18671798706 2785.26446151733 3258.11366653442
778.994533538818 729.418355941772 637.355075836182 697.513278961182 720.116018295288 606.989450454712 686.044137954712 760.068358421326 773.725394248962 689.114450454712 624.674612045288 556.626952171326 533.541405677795 508.967967033386 534.442966938019 558.155466556549 619.62851524353 669.555861473083 801.953126907349 963.683589935303 1033.12773227692 1113.93203735352 1133.12499809265 1139.0703125 1112.27070426941 1217.57850265503 1304.66523361206 1405.6796875 1595.89687538147 1859.29765701294 1933.36366462708 1773.24218559265 1609.91717910767 1408.51992416382 1321.76678848267 1349.20469284058 1302.03242492676 1344.45156478882 1495.66289329529 1999.66249847412 2420.8207244873 2583.59139633179 2464.26288986206 2257.1718711853 2345.90156173706 2645.43439483643
917.30664730072 878.149612426758 655.407814979553 641.760543823242 735.561328887939 622.635937690735 674.701954841614 763.933989524841 837.667966842651 619.533987998962 658.719927787781 664.13514995575 584.08945274353 643.231252670288 712.829684257507 607.401172161102 591.244530677795 697.033203125 857.924612045288 898.586324691772 925.467969894409 1057.15624904633 1162.86561584473 1191.68984222412 1111.03163719177 1183.48359680176 1259.62693595886 1489.79023742676 2006.18710708618 1909.39101791382 1741.32772827148 1550.67578315735 1483.85429000854 1556.0187587738 1775.6984462738 2013.55821800232 1539.72031021118 1393.93046569824 1620.50000572205 2162.23907470703 2300.25547790527 2380.95273590088 2377.13125610352 2319.92735671997 2219.26171112061 2295.166015625
839.106641769409 833.276558876038 666.330858230591 656.983202934265 656.710936546326 655.177341461182 680.820707321167 784.336330413818 834.881245613098 657.840232849121 684.012887954712 657.724219322205 629.019529342651 617.814454078674 677.025778770447 650.970702171326 606.676564216614 715.841403007507 799.295698165894 856.974999427795 904.117575645447 945.635934829712 1099.06875610352 1252.20860099792 1168.15195274353 1154.85234832764 1259.61484718323 1385.73711013794 1811.6711101532 1783.39218521118 1632.55156517029 1427.27734947205 1625.91756820679 2153.72264671326 2467.65274047852 1830.80507469177 1596.44414138794 1595.37656021118 1653.0312461853 1769.1945400238 1849.57422065735 1876.65858840942 1955.63554763794 2083.5124874115 2056.86562347412 2099.27654838562
794.091796875 735.013674736023 626.539454460144 641.412497520447 651.682424545288 676.153124809265 729.664840698242 747.751953125 705.937501907349 623.217969894409 643.205863952637 657.378509521484 604.29335975647 598.547262191772 593.532035827637 643.143750190735 650.358202934265 695.408979415894 766.499605178833 885.461720466614 909.342578887939 909.476557731628 1023.25820922852 1290.90469169617 1225.85820007324 1053.98085594177 1200.83906745911 1248.98593330383 1395.35780906677 1661.03789329529 1485.75741386414 1259.78046035767 1390.51171112061 1480.36874771118 1458.46484184265 1384.42304229736 1503.57538986206 1663.6933555603 1840.14375305176 1772.32461166382 1567.49531555176 1570.93124389648 1632.25117683411 1770.29648208618 1914.21992111206 1948.27696228027
