Cases/SDM_Urocitellus_beldingi/westernUsClimate_historic/BIO19.asc
NCOLS 316 
NROWS 299 
XLLCORNER -124.820833001 
YLLCORNER 29.1625003333339 
CELLSIZE 0.0666666666645545 
NODATA_value -3.4e+38 
[rows 0 to 24 of 299, columns 112 to 167 of 316]
24591.6785714286 21887.8035714286 34849.2678571429 46543.5178571429 52668.0178571429 50057.7321428571 46388.7321428571 46325.0714285714 39009.7678571429 34008.2142857143 28888.8571428571 18623.5 15382.1071428571 19215.8035714286 36441.3571428571 33145.4642857143 27554.8181818182 25542.7391304348 27420.75 25724.7058823529 22459.1818181818 24688.3018867925 23743.4464285714 25151.2678571429 21686.1071428571 23011.6607142857 24522.0714285714 25376.5892857143 26496.125 30599.5535714286 18857.7678571429 11200.5892857143 10003.2678571429 10857.125 16282.4464285714 41781.7321428571 40154.6785714286 36677.3571428571 41484.8214285714 46216.2321428571 39854.4107142857 27672.4285714286 19360.4107142857 23441.75 38043.9285714286 50562.125 52935.8214285714 60866.3214285714 60206.5357142857 49915.8035714286 44903.8392857143 34231.0892857143 25027.8214285714 27755.625 22594.3191489362 25208.8
20263.203125 27388.546875 31577.671875 42197.203125 48292.8125 47183.984375 37911.828125 38211.890625 36390.78125 33878.96875 30673.578125 21880.625 14974.6875 18947.96875 33231.46875 31099.65625 27695.453125 24159.046875 26183.546875 26365.203125 28514.453125 30263.828125 21721.859375 20341.03125 22233.390625 19333.046875 26600.765625 31997.15625 30539.671875 31177.28125 23017.609375 12420.296875 10572.703125 9986.65625 11813.625 33051.53125 48105.8125 42357.40625 40280.984375 45380.09375 42247.078125 42025.078125 30259.234375 20141.515625 24815.015625 36158.015625 58043.5 65016.578125 64029.890625 51898.3125 43461.515625 32456.75 42536.90625 46490.53125 30464.84375 25067.84375
21429.5 28579.890625 43026.4375 45058.484375 44354.375 33299.5625 45008.53125 49060.21875 49991.6875 38315.734375 33738.4375 28925.46875 22789.296875 16149.25 21143.546875 26948.390625 29045.875 25081.296875 25601.859375 27588.234375 32667.9375 33536.140625 25209.9375 22299.34375 20167.1875 22047.109375 27836.953125 31319.265625 27805.453125 29048.328125 26599.90625 15854.953125 10903.609375 9809.25 9925.65625 22585.734375 40857.03125 42470.234375 40664.609375 44367.515625 45063.078125 40269.453125 37776.125 22008.359375 19580.5625 27922.515625 57248.078125 74774.5 60894.03125 62365.75 54109.203125 33483.859375 51819.4375 45359.875 36259.59375 45999.328125
24848.4375 34465.90625 38585.09375 40101.21875 38835.4375 28951.171875 34670.5 46759.953125 53100.640625 51121.734375 56213.234375 46506.34375 42558.234375 27595.75 16913.671875 24894.6875 30991.734375 27963.359375 27108.859375 32481.375 34108.28125 32160.75 25931.265625 21425.265625 22821.125 23733.234375 30739.390625 38668.125 33437.765625 29384.421875 26232.046875 14716.96875 11550.40625 10911.84375 10100.90625 10744.140625 15772.65625 32611.125 37911.171875 47286.40625 47972.234375 40954.15625 38233.796875 25637.859375 18681.15625 19716.96875 27036.390625 35057.046875 55831.578125 66495.78125 70296.140625 58114.984375 74711.28125 73440.15625 56118.9375 56723.609375
32568.546875 35762.46875 41631.1875 43094.84375 34542.671875 32091 28102.765625 28423.890625 41792.578125 56999.046875 56350.359375 49794.484375 43433.8125 32502.40625 18482.671875 21639.21875 25841.625 26397.203125 24509.109375 38083.625 36821.171875 28059.625 30161.3125 30100.203125 27714 26451.65625 35572.640625 34676.875 29207.953125 26556.5625 18571.890625 19692.265625 22867.625 15710.21875 16931.078125 11281.75 9971.46875 17002.296875 42495.546875 47572.28125 47021.578125 47272.765625 42635.203125 36041.3125 24596.5625 17408.890625 19253.140625 25471.96875 33398.984375 56704.15625 59673.78125 57421.265625 52613.484375 62275.859375 64817.921875 42546.609375
36556.6875 43849.5 41642.171875 39156.109375 30226.6875 32604.5 30152.1875 25130.90625 35346.34375 51033.390625 52931.453125 44863.984375 40612.65625 31504.375 18070.25 20285.765625 21158.59375 21623.15625 21658.953125 28569.90625 42066.40625 30811.5 28949.828125 35132.15625 35925.8125 30568.984375 36230.921875 30838.5625 25137.703125 23801.640625 16681.796875 24190.375 27810.953125 27253.015625 21438.140625 16202.40625 11587.9375 11551.140625 30543.890625 37755.703125 43213.25 40590.75 39914.9375 38701.703125 38986.640625 25557.96875 17446.984375 20145.71875 24300.234375 29713.03125 56529.59375 61629.5 51110.171875 35549.671875 80179.359375 72749.875
30207.359375 34422.828125 36485.25 28417.1875 26858.3125 27147.3125 26797.890625 25063.34375 34536.96875 47966.546875 52261.96875 47811.078125 38770.96875 28231.0625 19400.28125 20125.140625 21609 29399.0625 25559.828125 21372.546875 26745.09375 29360.375 27103.765625 31210.578125 32061.453125 32832.875 31203.828125 30236.578125 30096.46875 25668.328125 17127.015625 25242.6875 30929.65625 27764.046875 25040.546875 19301.65625 14273.890625 16917.265625 18344.0625 23287.59375 35528.890625 30148.828125 34275.96875 35778.421875 34124.859375 27267.5 23580.265625 20082.6875 20645.640625 24230.953125 28136.921875 34363.640625 38180.78125 51119.421875 70570.4375 50048.4375
23030.734375 25978.046875 31949.453125 30343.46875 27336.15625 26002.8125 25610.71875 25089.3125 34193.09375 48623.171875 42048.828125 40033.71875 32600.234375 25628.765625 21654.734375 28374.203125 42518.859375 42594.875 31359.03125 24898.859375 21612.1875 24353.578125 33005.796875 39130.4375 34171.59375 30445.046875 24937.109375 29588.9375 30957.140625 28285.0625 25604.421875 17628.53125 20228.03125 22004.15625 19386.578125 17661.78125 16524.96875 20692.328125 22252.234375 20769.265625 17862.328125 22263.53125 25593.8125 30787.921875 30139.46875 27662.59375 27451.578125 23560.984375 27745.609375 26151.53125 24258.890625 21519.625 28570.484375 50404.25 62505.109375 63375
23558 25071.734375 33726.796875 32008.09375 28633.28125 27557.15625 25523.578125 25182.40625 33388.875 42927.9375 40117.078125 28458.984375 30292.21875 25284.4375 27268.671875 38140.578125 52255.984375 50700.21875 45072.078125 38059.625 23548.328125 23074.609375 29735.90625 39222.765625 38243.265625 28467.609375 22853.5625 18912.265625 27953.625 23464.125 17411.546875 14313.15625 16839.5625 18833 19033.375 20052.734375 18312.640625 21613.703125 20213.859375 18710.015625 16248.359375 16338.421875 17689.25 19610.03125 29020.5 30805.703125 33553.25 26200.578125 23599.734375 27671.65625 21972.359375 26036.546875 25002.25 32948.90625 42688.03125 44202.875
23047.03125 27157.96875 34934.546875 34448.71875 30357.515625 28444.625 26876.984375 26512.75 31614.171875 41025.921875 41042.609375 30383.65625 27061.109375 25351.109375 27891.390625 34798.59375 44738.140625 56892.453125 52043.796875 47021.203125 31625.59375 22687.609375 22304.8125 29825.390625 30215.40625 20880.234375 17687.203125 16036.796875 20294.84375 20045.890625 14250.15625 13951.875 16621.140625 19323.625 19484.15625 17897.59375 18889.125 18727.515625 16394.453125 15543.984375 15168.671875 13971.921875 13728.125 14995.40625 17580.6875 22047.78125 22389.46875 22048.515625 20818.203125 19638.5625 22095.4375 34166.09375 28546.46875 24586.90625 28354.625 39573.890625
18718.359375 27038.21875 34257.25 35673.609375 29596.15625 27874.375 26197.5 26285.25 30124.6875 35755.34375 48621.34375 36615.65625 26227.890625 24893.78125 26635.765625 30143.375 41314.484375 63470.796875 66605.796875 52840.453125 44141.125 29339.203125 22440.734375 39801.890625 50501.15625 24471.921875 16438.84375 14727.828125 13888.96875 16162.0625 12352.09375 14010.5 17753.96875 18522.5625 16032.390625 15862.90625 15118.46875 17757.609375 17751.625 15002.078125 14360.5 14469.78125 12939.671875 12549.34375 14504.46875 13708.28125 13635.65625 13854.890625 21151.4375 19769.015625 22676.015625 27827.546875 37694.796875 35133.625 27000.859375 29185.75
17022.515625 22156.5 29817.828125 32911.859375 30350.46875 26673.71875 28972.203125 27076 31960.25 37546.90625 41363.640625 33108.375 27461.65625 25604.921875 27065.15625 38060.8125 50658.921875 57536.96875 78935.015625 69379.359375 50782.5 33474.453125 26465.25 45395.625 61267.984375 44088.40625 20076.984375 15003.40625 15853.1875 14492.390625 12863.40625 15973.015625 17846.265625 16607.859375 12827.390625 13813.40625 16197.0625 20664.453125 18425.75 16137.671875 14916.59375 16356.609375 13868.953125 11259.25 11093.84375 11866.03125 10773.34375 12136.5 29034.0625 39577.078125 24055.75 22376.84375 27724.703125 43380.765625 42612.640625 32923.59375
17343.359375 20174.34375 23243.140625 27573.046875 32509.203125 29830.109375 26360.0625 25499.75 29674.90625 28732.671875 28512.0625 28511.03125 28944.046875 26791.03125 23995.96875 31981.8125 50278.234375 56407.671875 48946.4375 68806.703125 71063.3125 46602.078125 29097.5625 52550.65625 61991.828125 59510.390625 25088.375 18915.453125 19235.28125 18337.015625 13592.734375 14219.953125 14226.015625 13870.15625 13756.859375 13470.71875 14649.140625 17733.265625 18683.640625 19005.265625 16367.40625 15507.25 12981.4375 10908.59375 9792.234375 10290.296875 10123.28125 10925.546875 19084.328125 45446.015625 39656.046875 31246.828125 22133.40625 29710.796875 48883.296875 42441.359375
19676.34375 24156.90625 26368.5625 24609.21875 23291.96875 26337.921875 24184.265625 27053.9375 30264.890625 26069.96875 27890.484375 27083.0625 28773.34375 29912.734375 23556.375 22267.84375 27398.34375 38755.75 50245.234375 69029.90625 64129.59375 50267.8125 29069.125 37173.359375 67930.078125 64304.375 32883.109375 28844.359375 25293.625 32324.203125 20162.125 13410.28125 17233.9375 19048.09375 16095.296875 12282.578125 12605.21875 14151.5 15809.4375 17448.140625 15214.359375 13534.734375 13022.5625 10706.9375 9386.765625 8910.484375 9099.28125 9480.953125 9733.234375 19594.265625 39657.9375 52387.640625 39329.375 24771.28125 36790.390625 46459.921875
19437.109375 23448.90625 23876.984375 23376.203125 23269.65625 26513.046875 33764.203125 27354.90625 25047.453125 30384.53125 28394.890625 27873.5625 34531.984375 22323.28125 27321.390625 30206.9375 33197.609375 30525.15625 33838.5 39235.4375 50583.421875 50757.921875 35467.21875 34754.125 47490.15625 64575.65625 50125.078125 35638.015625 34105.125 25587.109375 21603.125 19102.109375 20687.453125 16321.203125 18693.640625 15339.9375 12417.15625 12254.375 13137.3125 13599.828125 15043.984375 12171.78125 11732.59375 9239.296875 10351.28125 10373.921875 8932.515625 9090.921875 9463.78125 10806.25 17284.453125 50358.828125 45759.4375 30326.359375 23959.65625 45087.65625
19069.8125 21716.90625 23525.625 28179.234375 25465.546875 28842 35472.53125 26983.53125 24356.25 30717.65625 27289.1875 28172.40625 24335.875 22753.640625 40227.53125 40363.75 46894.28125 45537.65625 35469.234375 34289.015625 30416.03125 35859.40625 39270.9375 37777.515625 49798.53125 62030.265625 63758.84375 38391.671875 28386.984375 23127.34375 29391.40625 21161.234375 19690.5625 17068.875 16072.625 18121.171875 14899.3125 12331.953125 12990.625 12896.375 12180.984375 12020.28125 10458.375 10117.96875 11041.25 11854.859375 9861.203125 8721.125 9593.015625 12197.3125 13268.75 34819.03125 55142.03125 43527.453125 31132.421875 25304.578125
18045.484375 18662 25074.640625 32092.515625 28105.984375 27656.96875 27154.453125 24840.734375 23998.109375 22874.3125 21924.75 24217.453125 25266.46875 23785.28125 42522.59375 45286.84375 41617.140625 44858.375 44539.71875 42526.21875 36367.96875 42333.40625 37001.0625 30885.9375 30404.65625 47502.921875 57529.859375 46413.421875 31072.90625 27014.28125 23423.34375 24040.109375 24963.078125 27232.875 19371.234375 14452.65625 17432.171875 15585.296875 13010.359375 11625.265625 12335.671875 12103.234375 10903.28125 11438.8125 11820.390625 11382.171875 10557.015625 8808.453125 9612.515625 12225.734375 21049.71875 23287.5625 50360.0625 46112.40625 35449.71875 34230.5
17555.25 19843.71875 31405.96875 34794.09375 36381.75 33331.75 28681.328125 24787.984375 24931.78125 23891.015625 24271.0625 27784.125 38214.9375 37115.234375 43089.015625 41233.53125 38741.71875 40623.46875 38836.859375 42266.71875 48008.96875 47954.15625 44032.421875 40602.484375 29115.921875 32407.65625 42385.484375 50219.6875 41838.921875 46263.390625 35740 33086.28125 26161.53125 22268.140625 17053.6875 15640.34375 18224.25 17967.265625 12504.734375 10867.40625 10553.921875 10607.875 10810.640625 10577.84375 9687.984375 9912.765625 11493.296875 8250.921875 9276.828125 11100.15625 34046.78125 31414.421875 25079.4375 40553.1875 49278.96875 44468.53125
16074.96875 18128.6875 28192.109375 36099.640625 38758.234375 33649.625 29992.0625 22917.171875 23135.4375 26555.515625 33916.078125 39917.59375 43110.3125 45541.09375 44313.109375 40559.984375 38078.546875 38356.296875 35482.5625 43571.640625 41076.890625 45937.265625 44323.6875 36601.359375 30852.546875 27063.515625 32963.6875 36833.75 37490.265625 43716.578125 36421.03125 46155.953125 28917.921875 30950.328125 20416.25 14000.375 19672.25 19288.1875 14313.703125 11141.515625 9555.4375 8686.84375 9609.96875 10626.015625 9596.53125 7963.25 7463.078125 7254.875 8825.75 10859.609375 34562.484375 36778.453125 20050.96875 27055.6875 46941.6875 52263.796875
15133.6875 16578.015625 21421.453125 21550.5625 22609.875 24201.765625 22863.15625 21678.046875 22992.34375 25083.390625 30356.375 39747.5625 39605.078125 43845.75 45154.953125 40581.953125 38770.65625 40019.59375 37880.109375 37354.59375 39517.78125 41087.34375 46702.671875 43400.21875 39483.3125 37822.046875 30660.421875 27400.078125 38681.3125 52364.4375 50780.1875 54371.25 39381.546875 27538.71875 20516.53125 12938.8125 18094.546875 20922.9375 14095.0625 11864.375 8286.109375 8373.09375 10357.453125 11124.28125 9802.53125 8130.859375 8603.625 8303.640625 8346.4375 10068.0625 26047.171875 35264.46875 18766.828125 20480.609375 42965.609375 54240.21875
15204.34375 17142.0625 20500.828125 19412.984375 17826.328125 20070.0625 21421.234375 22060.5 22719.21875 28317.453125 34650.0625 39680.40625 45095.515625 47412.765625 44444.03125 41920.765625 39672.84375 38706.953125 41519.1875 38947.796875 34176.9375 35213.125 43337.828125 47087.3125 48462.828125 41442.078125 34339.890625 27219.5625 22538.421875 36999.890625 58630.75 56691.375 46281.140625 29600.890625 17717.6875 13567.40625 17759.921875 19955.953125 15533.546875 12881.3125 7515.265625 8519.5 11754.125 10712.03125 8116.109375 9662.3125 9060.5 7998.25 8115.15625 10469.515625 29334.421875 36899.015625 17200.78125 18150.671875 43134.78125 60683.984375
14645.96875 14655.859375 15711.421875 16750.890625 19909.65625 28853.53125 25464.390625 24222.515625 22988.34375 25347.953125 29502.21875 33490.015625 42151.671875 47160.671875 41467.3125 40469.734375 38201.421875 37236.953125 36421.734375 33540.53125 32071.78125 33236.90625 39633.578125 44497.890625 46724.6875 42141.921875 39920.1875 30175.78125 23773.046875 20697.859375 49465.5625 57620.796875 28542.0625 27492.96875 26201.796875 17058.6875 15326.546875 17639.84375 17930.265625 14627.53125 8365.015625 7944.796875 9509.671875 12062 7357.8125 7006.21875 7525.90625 8502.109375 9722.4375 12108.546875 36499.796875 44801.15625 21469 16125.078125 30977.796875 54408.671875
16578.3125 16935.21875 18864.0625 21831.390625 31095.234375 37457.625 26281.453125 25188.125 24470.953125 30551.34375 35819.859375 38690.421875 36626.765625 32098.5 32770.390625 34191.203125 25399.734375 33034.546875 39711.96875 38378.015625 36905.1875 33067.546875 40649.109375 41791.203125 46269.25 47476.03125 44800.4375 34208.1875 26131.1875 19413.6875 20263.859375 28003.84375 19236.234375 30218.609375 35810.8125 20062.828125 14768.84375 16259.0625 19736.78125 15988.640625 10597.53125 9122.234375 8406.828125 9175.421875 8760.25 6087.875 7265.5 7844.6875 8271.671875 11509.234375 36798.328125 49265.78125 33198.421875 14846.03125 17270.171875 55028.046875
15874.765625 17543.34375 20014.140625 22309.8125 22278.265625 26805.96875 23154.578125 21214.25 25683.625 30900.921875 36588.875 28887.9375 26528.1875 25716.65625 25060.34375 26356.59375 25467.46875 29706.328125 31794.671875 31417.34375 36098.40625 39342.359375 44044.40625 47425.484375 49739.1875 43369.671875 34950.8125 32077.515625 32342.03125 28775.15625 30151.46875 27481.015625 35928.953125 23875.78125 19256.53125 11166.21875 11877.15625 12343.234375 16315.515625 15762 11353.984375 10134.609375 11043.671875 7929.953125 7695.78125 6093.125 6724.765625 6929.515625 7140.359375 8869.65625 29492.0625 52776.203125 40809.59375 17047.765625 14946.03125 26318.109375
16032.796875 16695.640625 17332.140625 18267.4375 19112.1875 20161.546875 20215.890625 19126.140625 21832.421875 27349.9375 26612.40625 25907.96875 35517.546875 38230.734375 41248.734375 40657.953125 33680.34375 38203.75 46653.703125 43636.828125 45834.625 39785.421875 41252.625 44276.734375 49888.34375 48799.71875 47835.296875 44384.28125 39372.421875 35078.09375 38280.84375 34036.421875 40776.625 42723.890625 25305.765625 14043.171875 9393.59375 11081.609375 19829.828125 17416.46875 9004.1875 9582.296875 14629.984375 8456.796875 7552.765625 6142.953125 6951.40625 6844.015625 7057.59375 7917.328125 25297.921875 50374.53125 54571.640625 32330.515625 18165.015625 17053.703125
