Cases/SDM_Urocitellus_beldingi/westernUsClimate_historic/BIO19.asc
NCOLS 316 
NROWS 299 
XLLCORNER -124.820833001 
YLLCORNER 29.1625003333339 
CELLSIZE 0.0666666666645545 
NODATA_value -3.4e+38 
[rows 200 to 224 of 299, columns 112 to 167 of 316]
5479.59375 5914.828125 9491.4375 6299.890625 6463.65625 6379.8125 6795.546875 6822.765625 6588.5625 6016.59375 6012.28125 4791.171875 3664.515625 3425.171875 4304.734375 4673.8125 4284.1875 4590.828125 5988.703125 6576.390625 7772.65625 9711.1875 8356.53125 7240.859375 7110.921875 5882.765625 5051.6875 5520.453125 7390.78125 5072.359375 4729.140625 4766.9375 5430.75 5091.4375 4744.328125 4625.046875 5695.09375 6741.515625 4996.828125 4451.625 5548.6875 6577.921875 6548.421875 6560.4375 7197.40625 7946.21875 7761.609375 7067.390625 6534.546875 6667.796875 7414.78125 9010.734375 10074.640625 9260.625 8642.21875 7946.703125
5423.484375 5809.984375 8782.046875 7259.640625 6837.6875 8051.5 8308.140625 6997.1875 6390.4375 6398.546875 6518.953125 4530.765625 3639.1875 3314.75 3099.015625 3382.078125 3815.65625 3526.875 4455.65625 5565.0625 6319.796875 6859.09375 6947.484375 7098.53125 7419.25 7678.859375 5379.890625 5413.09375 6870.21875 4897.796875 4831.359375 6588.421875 8185.71875 6485.0625 5798.5 5392.984375 6206.140625 7281.21875 5135.3125 4267.21875 5384.25 6359.484375 7569.890625 6881.71875 7477.4375 8611.4375 8334.46875 7185.546875 6671.734375 6453.328125 6619.15625 7243.875 10018.84375 11030.1875 9277.796875 8328.390625
5760.828125 7470.140625 9256.9375 7256.609375 6171.328125 7213.796875 7973.21875 7209.5625 6343.515625 5074.84375 5382.53125 5895.859375 5549.125 5275.96875 5172.375 4563.734375 4049.75 3502.875 3825.421875 4835.25 5740.96875 6569.046875 6843.65625 6997.734375 6924.515625 7668.78125 7582.765625 6659.09375 5519.953125 4824.8125 5840.234375 7454.1875 10198.609375 7911.671875 7167.65625 6501.65625 6364.484375 6997.390625 5386.109375 4290.75 5309.71875 6576.828125 8971.171875 7835.984375 7632.390625 8428.984375 9458.140625 8982.546875 7089.515625 6592.34375 6696.015625 6852.734375 8127.671875 11052.875 11088.140625 10246.21875
6921.53125 6710.90625 6678.484375 6360.28125 6618.734375 7258.375 7723.703125 7731.25 7029.25 6253.25 6601.8125 7404.890625 7573.875 7717.90625 8527.5625 8324.65625 5504.171875 3953.125 3903.5 5412.75 6248.390625 7079.359375 7418.671875 7226.34375 7128.21875 8155.921875 9377.359375 6735.015625 5562.046875 5293.640625 5795.328125 6627.328125 8871.8125 8183.046875 7468.546875 7165.359375 6889.03125 6735.421875 5515.515625 4779.125 5565.640625 6714.46875 8620.25 8750.59375 8338.28125 8968.625 9949.15625 10864.078125 7965.890625 7189.578125 7034.65625 6943.671875 7503.8125 8241.859375 11508.90625 11686.46875
7610.3125 7390.015625 7467.28125 7176.609375 7544.65625 7048.640625 6785.4375 7185.453125 6625.875 6993.453125 7324 7699.21875 7276.328125 7016.328125 7191.046875 7616.296875 5777.421875 4060.578125 3932.09375 5050.25 6607.203125 7820.953125 8116.484375 7837.96875 7582.796875 7584.734375 7673.578125 7614.984375 6679.859375 5664.03125 5704.046875 6104 7426.59375 8344.546875 7316.96875 6916.5625 6842.984375 6574.765625 5549.96875 5391.65625 5606.3125 6364.359375 8116.6875 8846.984375 8909.28125 9832.015625 10614.96875 11253.53125 9644.09375 8221.78125 7780.28125 7434.3125 7748.734375 8030.171875 9819.328125 9698.46875
7738.484375 7931.625 7972.0625 7654.78125 8060.515625 7237.96875 6738.703125 6896.78125 6968.703125 6560.15625 6367.1875 6637.390625 6281.71875 6110.875 5925.703125 5437.4375 4442.90625 4017.421875 3931.203125 5008.84375 6445.984375 6930.015625 7583.25 8159.0625 7980.421875 7702.96875 7794.1875 7989.578125 7038.359375 5956.0625 6006.515625 6571.9375 7474.765625 7907.40625 7205.109375 6696.453125 6445.828125 6384.234375 5988.25 5648.625 5875.5625 6320.953125 7357.984375 8630.1875 9210.546875 9443.875 9605.140625 10467.421875 10971.96875 9336.046875 8872.5 8544.25 8627.515625 8869.078125 8818.359375 9121.296875
7710.0625 7517.375 7467.6875 6815.71875 6959.90625 7032.234375 6867.0625 7027.484375 7446.328125 6591.328125 5865.390625 5619.15625 5648.828125 5203.625 4894.796875 4679.0625 4348.328125 4176.78125 3970.75 4155.046875 5091.140625 5692.65625 6809.4375 8187.59375 8345.875 8287.140625 8396.5 7950.765625 6719.0625 6323.75 6675.765625 7099.296875 7553.921875 7636.421875 7338 6524.78125 6236.515625 6157.078125 6379.21875 6080.6875 5947.875 6303.15625 7207.53125 8027.734375 9250.890625 8947.171875 9153.828125 9829.4375 10949.546875 10093.296875 9637.953125 9406.984375 9536.53125 10311.421875 9219.71875 8906.25
7288.640625 7066.203125 7146.9375 6756.1875 6801.015625 6724.796875 6903.15625 7357.09375 7020.703125 6167.890625 5520.140625 5898.546875 5023.609375 4227.25 4453.734375 4637.65625 5045.5 5266.625 4632.375 4334.609375 4632.6875 5211.4375 6160.9375 7528.28125 8115.328125 8414.5 8798.21875 7580.15625 6997.234375 7328.8125 8020.34375 7382.921875 7205.296875 7164.734375 7187.140625 6500.0625 6068.359375 6116.359375 6703.25 6972.203125 6445.4375 6444.5 7248.421875 7774.234375 8495.921875 8267.46875 8800.734375 9601.78125 10762.859375 10459.3125 9821 9878.875 9979.21875 10416.671875 9608.296875 8682.90625
6823.5625 6680.96875 6666.890625 6622.765625 6730.625 7125.484375 7086.4375 7006.109375 6755.90625 6349.703125 5541.953125 5169.84375 4541.484375 4241.03125 4257.546875 4632.828125 5302.359375 4609.453125 4340.4375 4222.125 4453.796875 5140.234375 5919.09375 6997.5625 7821.8125 7859.265625 7215.09375 6883.46875 7195.734375 7732.234375 7437.375 7164.5 6915.484375 6966.59375 7063.546875 6523.9375 6031.8125 6099.625 6442.359375 6526.390625 6967.1875 6472.203125 7241.5625 7594.609375 8123.40625 8198.734375 8622.0625 9462.71875 10575.265625 10560.53125 10142.8125 10654.0625 10534 9746.0625 8997 8593.078125
6567.609375 6650.90625 6679.40625 6591.765625 6815.671875 7233.65625 7016.484375 6100 5394.8125 5446.453125 5883.578125 6160.421875 5428.546875 4467.71875 4255.421875 4186.171875 4239.046875 4298.671875 4029.234375 3903.5625 4189.9375 4959.25 6471.8125 7202.265625 7692.609375 6925.234375 6595.171875 6601.78125 7232.890625 7234.46875 6947.5 6869.0625 6756.296875 7081.78125 6961 6482.4375 6075.703125 6125.90625 6238.25 6700.0625 6555.453125 6566.6875 7468.375 7611.40625 8525.234375 8665.640625 8485.078125 9000.421875 9823.140625 10595.53125 11132.75 11272.625 11328.046875 9856.09375 9116.078125 8237.34375
6653.0625 6650.28125 6515.046875 6527.1875 7143.375 7644.03125 7182.828125 5701.34375 4581.0625 4582.859375 5164.734375 5556 5207.0625 4481.28125 4344.140625 4343.96875 3873.578125 3813.34375 3661.78125 3672.734375 3967.5625 4533.78125 5648.890625 6691.34375 7012.921875 6103.203125 6366.4375 7180.40625 7662.90625 7112.53125 6883.71875 6910.53125 6985.484375 7210.328125 6791.609375 6500.515625 6181.640625 6071.3125 6155.578125 6593.703125 5676.171875 6358.46875 7373.34375 7971.25 8825.578125 8972.28125 8350 8491.109375 9072.28125 10122.09375 10847.140625 10916.734375 10249.75 9860.15625 9525.328125 8325.625
6677.078125 6499.046875 6425.390625 6486.671875 7021.328125 7055.03125 6913.671875 7252.28125 5407.875 4542.734375 4689.359375 4634.59375 4437.265625 4527.796875 4851.25 4429.21875 4209.09375 3838.171875 4000.53125 4433.84375 4926.671875 4546.59375 4824.75 5360.34375 5493.140625 5612.609375 6827.53125 8482.421875 7676.625 7055.5625 6792.515625 6990.359375 7189.6875 6903.328125 6539.6875 6386.984375 6165.171875 5954.890625 6312.890625 6136.109375 5260.71875 6052.96875 6845.71875 7619.96875 8822.40625 9277.6875 8271.796875 8097.59375 8479.546875 9533.484375 10221.453125 10155.265625 10167.875 10940.703125 9777.234375 8861.546875
6342.609375 6228.03125 6236.46875 6315.640625 6413.828125 6456.328125 5785.546875 5579.6875 5445.921875 4732.46875 4575.203125 4489.140625 4615.359375 5101.546875 5555.96875 5157.4375 4643.65625 4255.546875 5109.734375 5500.765625 5522.875 5327.0625 4671.703125 5022.6875 5810.625 6151.15625 7738.890625 8588.03125 7062.140625 6618.84375 6549.5625 6898.375 7323.296875 6673.875 6298.484375 6186.546875 5989.921875 6068.59375 6150.140625 5461.453125 5090.375 5668.53125 6361.90625 6896.0625 8038.734375 9111.53125 8676.1875 7877.03125 8084.5625 9083.78125 10854.46875 11053.15625 10748.390625 12414.90625 11345.5 9773.09375
6374.578125 6567.875 6275.765625 6233.5625 6378.453125 6326.96875 5925.8125 5250.78125 4863.65625 4754.5 4577.484375 4438.546875 4601.296875 4826.140625 5762.59375 5641.796875 4608.25 4301.046875 4639.515625 5344.453125 5950.671875 5263.28125 4955.875 5892.375 7005.90625 7241.6875 8525.71875 7787.859375 6702.90625 6946.421875 7146.5 7174.28125 7048.8125 6504.8125 6321.3125 6307.984375 6359.703125 6439.9375 6277.734375 5855.734375 5078.296875 5170.046875 5879.96875 6514.546875 7158.546875 7767.203125 8575.8125 8031.671875 7794.65625 8542.546875 9745.4375 11512.421875 12078.609375 13093.65625 12355.59375 11264.765625
6435.265625 6286.953125 6405 6554.609375 6917.828125 7209.625 7744.765625 7843.734375 7557.859375 7024.125 5204.3125 4503.109375 4410.6875 4507.90625 4767.40625 5282.828125 4870.390625 4265.875 4222.3125 5078.4375 5695.84375 5684 5682.75 7022.640625 9134.109375 8601.8125 7574.5 6453.09375 6358.96875 7232.671875 7130.5 6472.75 6533.15625 6498.640625 6277.640625 6353.359375 6501.46875 6665.171875 6962.296875 6613.53125 5275.515625 5002.453125 5470.78125 6254.21875 6607.296875 6943.515625 7287.640625 7297.90625 7581.640625 8291.3125 9200.703125 11045.125 13189.546875 16216.328125 13667.59375 11741.453125
6432.65625 6856.4375 7116.1875 7759.375 7479.71875 7246.46875 7862.109375 9069.40625 11002.765625 9555.578125 8175.09375 7022.59375 5697.90625 4729.328125 4612.09375 4720.296875 4764.265625 4458.34375 4463.78125 4838.578125 5005 5425.1875 5605.265625 6190.984375 6711.546875 6469.5 5956.765625 5533.484375 5742.765625 6201.109375 6316.671875 6171.203125 7241.015625 7066.75 6353.671875 6325.453125 6568.859375 6783.078125 7070.78125 6890.171875 5825.8125 5204.640625 5276.96875 6130.15625 6511.921875 6644.453125 6792.40625 7096.671875 7485.53125 8059.53125 8884.125 10245.25 13404.8125 17602.734375 17168.84375 13251.609375
6982.078125 8203.3125 7804.890625 8087.453125 7804.390625 7406.890625 8157.078125 9022.796875 11407.90625 10753.515625 9599.9375 8782.703125 8048.875 6624.421875 4622.46875 4384.15625 4926.09375 5115.609375 4684.3125 4504.421875 4433.46875 4608.78125 4659.609375 4844.96875 4856.734375 5092.34375 5410.546875 5462.140625 5391.125 5422.90625 5929 7035.1875 7968.65625 7102 6197.328125 6283.6875 6440.421875 6827.953125 6711.703125 6684.734375 6640.90625 6740.765625 6463.328125 6043.1875 7384.25 7456.125 7438.140625 7689.921875 7767.984375 7931.28125 8667.859375 9881.6875 11673.109375 14197.859375 17109.640625 16533.46875
7369.46875 8044.484375 7867.859375 8122.203125 7718.09375 7090.4375 7405.421875 8374.65625 9196.171875 8725.6875 8702.5625 8620.390625 6796.96875 6341.03125 5101 4972.640625 5265.109375 5177.546875 4479.875 4448.46875 4432.984375 4268.40625 4195.671875 4269.25 4488.3125 4481.390625 4576.953125 4891.34375 4602.796875 4600.5 5548.109375 7132.984375 7857.328125 6479.75 6452.8125 6261.4375 6313.046875 6563.015625 6209.796875 6151.09375 6574.4375 7227.265625 6388.0625 5521.21875 6013.78125 7746.078125 9421.1875 9496.828125 8740.984375 8376.265625 8993.25 10088.3125 11556.4375 12946.4375 13797.546875 13459.625
8270.6875 7616 7520.625 8051.09375 7369.359375 6996.0625 7391.0625 7826.328125 8328.140625 8511.4375 7413.484375 6500.8125 5121.046875 4866.734375 5246.421875 6202.046875 6532.140625 5935.046875 5312.171875 4539.625 4436.890625 4363.21875 4301.09375 4257.203125 4264.375 4250.625 4324.671875 4315.890625 4356.890625 4840.375 5216.59375 6401.390625 7429.328125 6278.21875 6294.640625 6084.265625 5961.90625 6020.296875 5823.296875 5817.328125 6103.8125 6603.1875 6482.796875 5494.765625 4946.921875 6277.21875 9287.5 11599.375 10824.859375 9633.421875 9325.203125 10492.65625 12628.15625 14151.09375 11845.828125 9600.5
10632.6875 8452.8125 8205.578125 8904.53125 8236.65625 7466.515625 7631.5 7686.75 7725.171875 7523.0625 6472.125 5120.390625 4740.6875 4437.625 4216.796875 5205.671875 5401.046875 6037.6875 5996.671875 5360.34375 4654.65625 4493.40625 4376.859375 4388.296875 4453.953125 4378.6875 4305.765625 4217.0625 4372.3125 4788.84375 4615.015625 5821.25 6995.75 5896.828125 5499.59375 5600.3125 5794.234375 5849.5625 5711.671875 5614.875 5655.4375 5662.140625 5574.265625 5278.4375 4995.84375 5310.34375 7020.234375 9068.390625 10851.015625 10551.59375 10232.96875 11247.46875 12173.515625 14087.46875 11260.90625 8284.921875
14748.9375 10654.421875 13232.3125 14476.453125 14366.859375 10127.140625 8721.609375 8350.765625 8770.625 8155.890625 6215.6875 4966.359375 4393.515625 4768.9375 4300.609375 4900.09375 5344.953125 4909.859375 5706.625 5588.71875 4986.640625 4844.28125 4576.59375 4710.171875 4404.734375 4408.28125 4350.59375 4316.703125 4333.0625 4407.78125 4464.234375 4901.578125 6420.34375 5579.84375 4993.328125 5284.96875 6072.109375 6123.453125 5820 5688.84375 5492.25 5473.28125 5504.875 5532.875 5843.796875 6148.453125 5845.375 6784.296875 10126.0625 10403.140625 9698.515625 10326.6875 11478.34375 13093.375 13664.796875 12670.359375
20728.5 17842.25 19540.6875 22531.6875 26256.1875 29169.78125 29243.515625 23737.15625 15794.21875 14853.03125 13018.375 9373.5 7864.8125 6304.421875 5845.875 5578.328125 5199.9375 4520.015625 4957.640625 6099.03125 5951.734375 5102.796875 5197.5 5067.765625 4538.3125 4347.359375 4351.53125 4381 4372.375 4468.890625 4455.296875 4498.40625 5624.859375 4748.4375 4551.21875 4812.90625 6522.234375 6889.640625 5959.625 5764.484375 5583.796875 5714.375 6161.640625 6678.84375 7220.5625 7967.546875 8124.40625 6466.84375 6636.171875 8161.65625 7964.546875 8031.734375 9025.75 10511.578125 12543.234375 11048.578125
48128.90625 45199.765625 45553.109375 38670.34375 34847.453125 41017.265625 35706.796875 34078.9375 31574.125 25895.453125 19339.453125 19298.953125 15125.640625 10176.578125 8647.53125 7834.15625 6957.46875 5640.53125 4625.53125 4719.203125 4336.28125 4120.703125 4513.234375 4830.796875 4691.28125 4610.859375 4513.828125 4637.5 4327.546875 4305.578125 4355.328125 4366.671875 4383.140625 4367.328125 4437.296875 4574.75 5897.734375 6661.28125 6011.078125 5542.234375 5251.15625 5463.71875 5872.6875 6229.921875 7000.375 7151.921875 7267.765625 6492.25 6720.328125 7372.0625 6804.34375 6440.640625 7166.6875 7848.859375 9494.9375 9339.703125
41491.78125 42996.390625 42647.71875 47559.71875 45229.078125 41448.34375 37837.15625 38497.953125 45828.171875 45016.015625 22367.84375 18441.78125 15568.96875 13184.953125 11408 9924.796875 7596.78125 6445.15625 4861.25 4104.359375 4035.203125 4095.328125 4231.578125 4284.6875 4478.234375 4824.828125 4839.15625 5373.125 4807.5 4324 4313.234375 4538.515625 4554.234375 4292.15625 4354.578125 4444.328125 4867.609375 5847.609375 5277.953125 4698.484375 4575.484375 4665.734375 5158.28125 5635.765625 5967.1875 5915.1875 5817.734375 6249.203125 7418.46875 7640.328125 7879.109375 8600.296875 7698.75 7005.703125 6939.109375 8225.421875
24780.1875 23728.296875 24840.796875 30189.125 34757.96875 38465.515625 46823.4375 56938.078125 52208.25 41868.171875 28037.1875 20212.125 16376.40625 14507.296875 12058.03125 10835.71875 9523.21875 8953.015625 6693.71875 4749.421875 4257.921875 4155.25 4229.328125 4286.359375 4365.21875 4494.171875 4844.4375 5173.34375 5057.921875 4458.71875 4282.703125 4366.703125 5066.953125 4314.921875 4304.96875 4342.078125 4361.09375 4661.09375 4481.8125 4216.6875 4204.734375 4436.46875 4746.328125 5310.671875 5609.359375 5666.140625 5707.609375 5994.609375 6297.28125 6227.09375 6719.265625 7384.1875 8288.828125 8464.96875 8729.03125 8970.25
