Cases/SDM_Urocitellus_beldingi/westernUsClimate_historic/BIO12.asc
NCOLS 316 
NROWS 299 
XLLCORNER -124.820833001 
YLLCORNER 29.1625003333339 
CELLSIZE 0.0666666666645545 
NODATA_value -3.4e+38 
[rows 189 to 209 of 299, columns 184 to 229 of 316]
27870.448059082 36457.7122192383 47351.8120727539 55288.6544799805 60744.2537231445 66203.5439453125 68410.2905883789 51366.5338134766 29592.1491088867 26552.9331970215 22645.2456665039 23196.3238220215 22832.5468139648 22323.0820007324 21409.4984130859 22309.6198120117 19932.106628418 19806.1057128906 21451.1324462891 21747.6707763672 22797.0191955566 23734.0211181641 25186.6942443848 24855.4742126465 23372.8093566895 22685.8858947754 23009.676574707 24300.4144897461 26754.9086303711 30107.5245361328 29494.2273864746 26909.9554443359 27190.3755187988 28940.8460083008 31174.8187561035 31938.5328979492 30837.0870666504 30524.3074645996 29981.2280883789 22796.7587585449 21978.5030212402 21330.4803466797 21161.4004821777 20619.440612793 20177.9464111328 21164.6734619141
23509.7082519531 25254.7453918457 33135.4758605957 51792.2416381836 61224.9266357422 68241.955871582 70645.5493164062 56931.7881469727 34540.6973266602 26988.4148254395 23885.7671813965 24408.6581420898 22573.2992248535 21936.0241394043 21386.8831787109 20532.3636474609 19137.8340148926 19315.7308349609 19983.6887207031 21519.3480529785 23099.4727478027 22563.8856506348 23238.8967895508 21935.7613525391 21545.1535339355 22395.4096679688 25127.0906677246 27000.454284668 26091.9613342285 26026.0223693848 25191.3542175293 26237.2081604004 26962.4089660645 29262.0234375 31414.7426452637 34393.8883056641 31411.7994689941 31845.7059936523 33896.8469848633 29271.8176574707 24720.2277832031 21596.5798950195 21264.8120727539 20613.98046875 20174.0879516602 21528.2378540039
26913.8937988281 23610.7109680176 34792.6726379395 43748.2553405762 53079.5062255859 66422.1608886719 71168.8530273438 71791.3075561523 54708.5833129883 34524.8316345215 25600.1319274902 26302.7161560059 22395.2555236816 21293.0325012207 20950.7917785645 19824.323059082 19100.2135620117 19356.6461486816 19357.2152709961 21258.4898986816 22152.4961242676 21692.6852111816 21689.3179626465 21219.4986572266 20678.8992919922 22605.4449157715 24813.6499023438 25117.9815673828 23617.2912902832 24184.6911010742 25881.5226745605 28672.260559082 27659.8562316895 28193.40234375 30317.9801635742 31273.9445800781 29391.3706970215 30029.3578186035 30199.7017822266 27391.9340515137 27191.4066467285 22267.7910766602 21355.4202880859 20633.884765625 20496.600402832 22416.3278198242
23215.2742004395 25827.7354736328 27276.4540710449 25732.1438903809 39998.6965637207 58091.3142700195 65524.2119750977 69518.3869628906 58590.8980102539 24544.9180297852 20944.516418457 22919.9554443359 21287.061706543 20969.5698852539 20520.9989013672 19802.991394043 18910.630065918 19431.224609375 19449.8339538574 20772.756652832 20641.8367004395 20698.8398742676 20537.417388916 20308.5645141602 20649.4193725586 22877.9463806152 23808.760559082 23050.7272644043 23573.6828613281 25197.8050842285 26898.6317749023 27153.6083984375 26135.2949829102 27024.7953186035 27159.9339599609 26767.2522888184 28604.741394043 31352.2941589355 30290.766784668 26924.1382751465 25229.2070617676 22269.7276916504 21041.9823303223 21191.8948669434 21568.8362731934 23988.8312072754
31199.3877868652 24766.2547302246 28383.0112609863 24558.190612793 32675.4367675781 37121.0051269531 55034.6426391602 46771.4273986816 57237.2331542969 39814.9743652344 20402.5777282715 19600.3257141113 19283.0351867676 19142.1252746582 20588.596496582 19394.6815185547 18481.3065795898 18726.1148071289 19588.3742370605 19607.9762878418 19358.0782165527 19394.0316772461 19318.4567565918 19705.6676940918 20581.6380004883 21043.2554321289 22553.8738708496 22364.0014038086 23520.9192199707 24714.948638916 26161.5872192383 25577.5767822266 25176.3191833496 24590.4460754395 24759.216796875 26601.4606018066 28059.2277526855 27298.6628112793 26674.8030395508 24483.8281555176 24845.5801696777 21585.4642333984 20969.8415222168 21429.8461303711 22281.483581543 24904.9180603027
31937.5953369141 33767.5934143066 36770.0822143555 29015.2856445312 24607.8332824707 26425.1930541992 27315.8567504883 28014.7037963867 34774.559753418 34065.2916870117 22496.8195495605 23064.8757629395 21657.8495788574 18183.3780822754 18650.0280761719 18140.4503173828 17811.0354614258 17091.8480224609 17591.5570678711 18018.7992553711 18067.1148376465 18552.676940918 19252.6264953613 19827.3653869629 20813.658996582 21301.9202880859 21838.786315918 23040.1343078613 24412.2636413574 25326.3612060547 24910.1086425781 24578.2171630859 24114.1578369141 24417.8004455566 24715.4710388184 24866.201751709 25476.9359130859 26524.936706543 24250.9546508789 23451.2120056152 21941.4441833496 21078.526184082 20833.755065918 21302.0713806152 22948.5973205566 24748.7829284668
30120.6807556152 32134.7778320312 33599.8433227539 35864.1295776367 34350.7772827148 32420.3523254395 32545.5488891602 28508.4851989746 26482.8094482422 25366.4254760742 26178.09375 31672.6201171875 23786.4608459473 19662.0366821289 19349.2729797363 18107.4764709473 17447.3269348145 16809.2257995605 16241.4922485352 18200.3545532227 19342.6691589355 21348.3586730957 21393.0680541992 20287.7406616211 21382.1997680664 22320.1722412109 23805.0370178223 24440.7401733398 24925.1254577637 24811.3554382324 24812.2549438477 24283.4358215332 24413.6379089355 24845.2476196289 24024.3972473145 24232.680480957 24613.1758728027 25752.8813171387 24774.2855224609 22853.7863464355 21061.115234375 20862.0041809082 20985.4452514648 21476.1504821777 23672.7629394531 25297.9034423828
29583.9965515137 31001.7469482422 31141.4425048828 32345.4413452148 33624.2304077148 37415.9128417969 39184.0047607422 38591.6062316895 35567.7229919434 36098.8091125488 39710.7788085938 36975.7254638672 25225.5499572754 20012.6272583008 20001.100769043 18359.7383728027 17326.1418304443 16378.8871154785 16249.9742889404 18139.3632965088 21361.7968444824 22495.252746582 22970.5758361816 22645.5038146973 22639.9324645996 23396.7464599609 24089.9194641113 24523.1901550293 24992.1253051758 25421.4429016113 24719.4554138184 24637.4164428711 24625.9175720215 24443.8619995117 24630.2913513184 24932.655456543 24869.8079223633 26038.1326293945 28493.1276855469 28163.5402526855 22838.7741699219 21767.1675415039 21607.807434082 22147.2293395996 24265.7680053711 25113.0191650391
31046.2952880859 30913.3472595215 30361.0664672852 30664.3422546387 31793.5924682617 34636.5091552734 37545.6657104492 39918.1249389648 42201.5122070312 41328.1644897461 36838.6114501953 34941.5856018066 31667.1736450195 25668.7777099609 20550.9984436035 17498.5669250488 16654.6867675781 16106.5012664795 16848.6568756104 17319.3508605957 21013.8559875488 22265.994934082 23688.9414367676 23876.8097839355 24675.2635498047 24744.2444763184 23746.2070617676 25052.4307556152 26193.9348449707 25225.795715332 25405.2403259277 25336.4503479004 24752.8887634277 25004.1292114258 25119.3442077637 25365.5947875977 26907.7954406738 27528.1713562012 28710.4203796387 30334.4219055176 26507.6794128418 23902.1307983398 23894.6745910645 23584.456237793 25241.2816467285 25515.5882568359
30292.4605712891 29978.1706237793 29757.9144592285 30122.6932678223 30943.9765014648 31289.2997131348 32354.4833068848 34797.3639831543 38164.1907958984 39466.2509155273 38426.7375488281 38429.7051391602 33786.9058837891 28620.2604675293 24659.1613464355 17737.1082458496 16639.2074127197 15920.5210723877 16621.9836120605 17033.1038513184 19674.7198791504 21424.8062438965 22246.0949707031 22910.9723510742 23330.4692077637 23032.4688110352 24019.4421691895 25023.5386657715 24779.1997070312 24756.6723327637 25942.3953552246 25001.5092773438 24852.1559448242 25000.5101318359 25781.7156677246 26608.0328979492 28138.0523986816 29252.2776794434 30663.2152404785 30478.6246643066 29638.1976928711 26529.698059082 25779.934967041 26003.658203125 26991.9164733887 26510.1968383789
29601.786315918 29097.9874572754 29396.9859619141 29408.3437805176 28761.7634277344 29381.2338562012 30168.1413269043 31006.8909606934 31964.6527404785 34073.2805480957 34846.2709960938 34763.1701660156 31057.2355041504 26521.8445129395 19263.7171936035 16727.213684082 16300.0871429443 16078.2245635986 16177.0930175781 17205.8543701172 17829.111328125 20097.2820129395 21816.9362792969 22320.8285827637 22087.6795349121 22898.7964477539 24534.4273376465 24019.1144714355 23591.0371704102 24507.3613586426 25014.6722412109 24172.5116577148 24564.1903076172 25553.1496276855 26418.9341430664 27258.1670837402 28408.2473449707 28876.2757873535 29315.7545471191 28756.5180053711 27579.9138183594 27995.4878540039 27282.8625488281 27379.7358703613 28671.6819763184 29380.0828552246
29986.2632751465 29464.0408935547 29361.8475952148 28964.4355773926 28353.8554992676 28271.4131469727 28794.5809020996 29977.0065612793 31037.7394104004 32014.8428955078 34798.263671875 33937.5731201172 29680.408203125 24659.748840332 18310.7436828613 16815.6542358398 16629.5953826904 16529.6054077148 16316.0211486816 16927.6848297119 17946.5969543457 18858.8082275391 20837.7965087891 21880.2992248535 21864.6840515137 23191.444519043 23641.0940551758 23048.2333374023 23310.6000366211 23819.1197814941 23514.047088623 23759.7979736328 25017.4012145996 26313.3355102539 26905.1659240723 27362.0819396973 28697.7883300781 29421.6438598633 28867.7648010254 28369.958190918 27917.3512268066 28191.6457214355 28293.7824707031 28190.6373901367 28586.4425354004 29161.3789367676
30517.5669250488 29835.4734191895 29245.9680480957 28850.9714355469 28310.37109375 28064.9930114746 28330.2168579102 29751.065246582 33494.8220214844 33649.4346923828 35310.8013916016 36401.7895507812 29335.1491699219 24328.1930236816 20807.7608642578 18671.6347961426 18315.0024108887 18773.2323913574 17645.5792541504 17832.0942077637 18759.1096496582 19074.3981323242 20314.2885742188 21051.4282226562 21253.2893371582 22408.952331543 22735.4193725586 22645.614440918 23229.8921203613 23027.5987854004 23389.5271606445 24046.9058532715 24666.0620422363 25005.3284606934 25626.0230712891 26678.2722473145 28405.9754943848 28277.1338806152 28281.5218505859 27691.1768798828 27246.4410400391 26932.3833618164 27268.1152038574 27340.7690734863 28617.4894714355 30489.3382263184
31439.9778442383 31092.3248901367 30265.4266357422 29554.7586669922 28931.4844360352 28342.6229858398 28592.9312744141 29723.2636108398 34045.603515625 38423.9128417969 38452.2539672852 36658.4526672363 30757.1691894531 30387.9642333984 27758.4995727539 23311.5965270996 22138.2028198242 21750.1854858398 19015.8234863281 18452.9347839355 19293.553894043 19721.9993286133 19868.6078796387 20314.6510925293 20854.806640625 21747.4952697754 21924.3055725098 22452.2976379395 22376.4516296387 23028.779296875 23773.2785339355 24102.0872192383 24790.4922790527 25576.3554992676 25606.5574035645 26322.9174499512 27295.0233764648 27765.6453552246 27438.4487609863 27148.1284790039 26881.571105957 26313.9004211426 26091.0667419434 26946.1886901855 29437.6343688965 31299.2862854004
34198.6789550781 34737.9310913086 34245.7427978516 32625.5160522461 30737.0445556641 30670.8121643066 31699.3760070801 35705.647277832 42593.1198730469 47515.7271118164 47246.545715332 44134.3272705078 39529.6411132812 38722.2317504883 35874.2722167969 29048.4794921875 26499.5828552246 23713.1058044434 20716.266418457 19028.0104980469 19518.3786621094 19394.8442077637 19845.0527648926 20321.4198913574 20503.9170837402 20834.7853393555 21328.1621398926 21831.6223449707 22458.5460510254 23182.4825744629 23401.6503601074 24128.287902832 25772.8098449707 28120.5378723145 27830.6379394531 28729.0876159668 28796.1797485352 28390.1570739746 27638.0881958008 26935.8418579102 26645.203918457 26466.0918273926 26036.5051269531 27543.8844299316 31055.8472595215 32163.3603820801
37896.2993774414 37452.7780151367 37688.9124755859 37846.4719238281 35734.285949707 36580.7171630859 40686.869140625 44706.1389770508 49147.5321044922 53931.2847900391 56339.1312255859 53558.5839233398 50638.5833129883 46023.0179443359 39722.7691650391 35859.4289550781 30740.2352905273 27030.7789611816 24369.9864807129 20253.6918334961 19409.8941040039 19305.5211181641 19434.2135925293 20446.3540039062 20560.2672119141 20476.0968933105 20893.5254211426 21421.7670593262 22143.1268615723 22668.613494873 23794.5406188965 24695.8124389648 26220.3817138672 27878.3487854004 28659.8817138672 31087.4331970215 29110.1519775391 28361.0980834961 28395.0667419434 26943.7050170898 26685.5719299316 27045.0620727539 27194.5089416504 28656.658996582 31202.6825866699 31606.9487609863
37455.5178222656 38989.296081543 40047.7614746094 42901.2608032227 42641.3505249023 44904.6979980469 48833.0667114258 51995.8251342773 53738.6256713867 55589.7090454102 62754.1104736328 59698.8725585938 64260.6553344727 66069.3140869141 46432.9958496094 43559.4349365234 38937.757019043 32179.0358581543 27793.0838928223 22550.3640136719 20099.7886657715 19537.2438354492 19061.7445373535 19360.1656494141 20150.5832519531 20315.1516113281 20853.401550293 21546.049621582 22072.112487793 22530.8203430176 23608.6929626465 24443.0901794434 25676.7503662109 26112.3832397461 28226.6221923828 29863.8352355957 28581.1951599121 27615.1899414062 28427.1342773438 27278.3526306152 26820.6105041504 27377.9534301758 27906.4022521973 29058.0475158691 29590.6840209961 29847.8852233887
35771.6602172852 42045.5195922852 45101.233215332 46427.4907836914 47775.0091552734 49208.4512939453 50666.1762695312 54196.3126831055 59363.4581298828 56988.28515625 56459.4481811523 59412.9913330078 76469.1604003906 101507.930053711 56458.5987548828 44203.8801269531 46333.6506347656 38111.9341430664 31245.335144043 29199.0195617676 24398.5109863281 20802.5988769531 19325.0093383789 18756.5468139648 19092.923034668 19516.0563049316 20406.7194519043 21266.0433654785 22303.7168273926 22952.1122131348 23219.9325256348 23888.0578613281 25107.8385314941 26724.9003295898 28652.0909729004 27809.5653686523 27234.658996582 26704.7133178711 26900.8235473633 26776.510559082 26838.7297973633 27509.3923034668 27803.1278686523 28705.7588806152 29109.4976196289 30188.6481018066
35404.6251220703 38678.3455200195 43017.2473144531 49356.1119995117 52665.0738525391 52534.334777832 53586.7675170898 54872.8460693359 56459.5658569336 55354.9862060547 53292.0722045898 56259.6353759766 56863.3876342773 62614.23828125 57337.3272094727 45461.713684082 42876.8791503906 39338.0686035156 34112.6995544434 30948.5128479004 26497.6726989746 22735.1280517578 20518.9140930176 19172.8321533203 18845.6422119141 19396.3022460938 19888.4073181152 20644.5126037598 21813.0023803711 22924.7941589355 23504.6489257812 24118.8649902344 25114.3731384277 27370.159362793 27293.5156860352 25790.2092895508 25869.4364624023 26993.9235229492 26874.5003356934 26717.8882751465 26622.8889770508 26990.7139587402 27560.7992858887 28693.3718261719 29869.2023925781 30712.2671508789
33855.2611083984 35293.6505126953 39791.2536010742 50614.6401367188 56732.2293701172 62876.5288696289 59339.728515625 58363.7962036133 56977.8063964844 56393.5204467773 54350.0992431641 54951.8250732422 55931.8802490234 51629.7727661133 50082.3227539062 47107.8465576172 43218.7284545898 40625.950378418 37005.698059082 33129.3820495605 28715.9839782715 24674.8567199707 21909.3992004395 20338.5327453613 19495.8944702148 19686.1715087891 20101.7144165039 20332.6504821777 20770.0930175781 21597.2848815918 22573.3336486816 24221.3705444336 25016.0765686035 25737.4531555176 24892.6782226562 24813.5950622559 25609.9488830566 26106.4014892578 26053.8153076172 26450.8890686035 26891.3488464355 27155.1641235352 27571.0430603027 28530.3160095215 29594.3964538574 29943.382019043
36517.0775146484 35450.2404174805 36940.7669067383 48013.2250976562 55973.971496582 61517.2819213867 62721.0516357422 59200.0047607422 59594.8481445312 60024.3848266602 61297.9223632812 60026.3184204102 55686.451171875 55435.8480224609 53363.0460205078 51508.7825927734 47297.3923950195 43016.1745605469 39478.553527832 36015.4641113281 32423.7075500488 28425.9636535645 24195.8060913086 22106.2823791504 20615.4930114746 20491.2366027832 20637.0366516113 20500.0324401855 20719.3362731934 21446.115234375 22493.8659973145 23535.5395202637 23838.625793457 23554.8055419922 24244.7108764648 24839.3187255859 24942.2823791504 25101.6593933105 25889.5191040039 26779.0503234863 27089.5464477539 27189.2123413086 27244.4147949219 27421.5265808105 28465.3929443359 28856.2085571289
