Cases/SDM_Urocitellus_beldingi/westernUsClimate_historic/BIO15.asc
NCOLS 316 
NROWS 299 
XLLCORNER -124.820833001 
YLLCORNER 29.1625003333339 
CELLSIZE 0.0666666666645545 
NODATA_value -3.4e+38 
[rows 168 to 195 of 299, columns 252 to 314 of 316]
22.4375 22.484375 21.765625 22.796875 23.15625 23.859375 23.703125 25.484375 20.03125 20.125 20.671875 23.1875 25.46875 24.96875 23.875 31.140625 36.125 34.984375 31.90625 24.78125 25.6875 27.28125 27.53125 35.59375 54.3125 58.8125 58.15625 58.8125 58.015625 57.34375 57.640625 58.0625 58 58.390625 58.96875 58.796875 46.234375 36.265625 36.546875 41.0625 45.671875 45.625 47.328125 46.4375 45.375 42.046875 44.125 46.546875 46.53125 48.328125 48.78125 47.140625 47.75 49.046875 50.390625 51.859375 52.59375 52.984375 54.609375 55.046875 55.140625 55.65625 56.5
22.671875 19.90625 21.390625 23.828125 22.734375 25.75 25.1875 23.703125 19.53125 21.1875 21.984375 26 30.453125 39.796875 29.640625 39.421875 41.421875 52.109375 39.5 25.640625 25.1875 30.546875 40.328125 45.3125 56.46875 56.40625 57.046875 58.328125 58.734375 57.984375 57.90625 59.921875 60.359375 60.796875 60.40625 59.421875 55.203125 46.640625 38.59375 40.984375 48.484375 50.078125 50.296875 47.953125 45.1875 43.21875 44.328125 44.90625 46.4375 47.390625 45.03125 46.578125 45.9375 47.140625 49.96875 50.3125 51.046875 50.953125 52.34375 51.859375 52.40625 52.9375 53.875
22.484375 22.140625 26.078125 29.140625 25.328125 23.5 24.59375 18.828125 20.515625 22.515625 26.21875 28.0625 28.078125 31.234375 37.46875 30.140625 24.609375 36.84375 31.828125 35.09375 30.5625 32.671875 50.328125 54.640625 55.171875 54.96875 56.546875 58.5 59.265625 59.375 59.375 62.03125 63.8125 64.9375 63.765625 61.171875 57.53125 50.1875 38.15625 42.6875 49.0625 50.078125 49.65625 48.640625 45.875 44.3125 44.296875 43.5 43.578125 44.78125 45.34375 46.484375 46.28125 48.359375 49.515625 49.703125 49.65625 50.40625 49.359375 48.796875 49.640625 50.671875 51.34375
22.125 24.03125 25.359375 25.0625 25.5 24 24.765625 20.40625 19.53125 20.21875 22.765625 22.4375 23.28125 24.125 26.75 26.21875 26.015625 25.984375 25.890625 32.65625 41.828125 43.0625 50.515625 53.78125 53.96875 54.6875 56.234375 58.453125 58.84375 58.609375 59.203125 62.75 67.0625 68.71875 66.15625 61.921875 57.5625 41.515625 34.484375 35.9375 39.65625 41.84375 44.25 46.1875 43.84375 42.703125 42.5 41.984375 42.046875 42.609375 44.109375 45 46.328125 49.421875 49.90625 49.875 49.171875 48.3125 47.625 47.859375 48.9375 49.65625 49.71875
23.15625 23.40625 24.15625 24.21875 23.984375 24.359375 23.421875 23.671875 21.734375 22.546875 25.890625 26.75 26.1875 26.140625 26.5 27.3125 27.546875 26.65625 25.421875 28.609375 27.546875 27.125 30.0625 45.578125 51.265625 52.390625 56.515625 58.421875 58.390625 57.953125 58.234375 60.84375 64.078125 65.546875 63.671875 60.5625 53.828125 33.109375 29.6875 32.046875 37.53125 36.34375 35.03125 37.3125 40.75 40.8125 41.21875 41.375 41.171875 42.0625 43.703125 45.1875 47.15625 49.171875 50.171875 49.921875 49 48.453125 47.96875 47.375 47.40625 47.625 48.578125
24.21875 23.90625 25.296875 26.1875 25.234375 26.640625 26.328125 25.171875 24.78125 24.625 25.953125 33.953125 31.53125 26.75 28.34375 29.796875 29.09375 28.59375 25.3125 25.578125 25.84375 27.765625 29.609375 31.359375 33.515625 43.046875 54.5 57.015625 58.109375 57.59375 56.5625 56.640625 57.109375 58.296875 58.6875 58.1875 55.71875 44.15625 37.859375 40.890625 39.953125 36.9375 33.5 37.0625 39.96875 40.109375 40.265625 41.1875 43.09375 45.515625 46.734375 48.734375 49.53125 50.25 50.984375 50.296875 49.109375 49.03125 48.796875 48.25 47.625 48.8125 49.9375
25.953125 24.21875 24.640625 30.359375 25.703125 27.140625 27.421875 26.671875 25.203125 24.921875 27.359375 34.9375 36.296875 33.375 27.875 29.265625 28.03125 30.546875 27.25 26.265625 27.125 27.796875 30.1875 32.9375 32.578125 32.453125 41.453125 55.578125 57.078125 56.25 55 52.59375 51.640625 54.203125 56.28125 57.328125 58.296875 57.53125 53.3125 48.28125 39.9375 31.5625 31.953125 34.515625 39.46875 39.234375 39.609375 42.3125 45.3125 48.59375 51.1875 51.65625 51.21875 51 50.921875 50.25 49.65625 49.5625 49.78125 49.28125 49.65625 50.59375 50.828125
25.3125 24.3125 26.9375 27 28.21875 30.15625 30.15625 28.640625 25.265625 27.4375 30.046875 34.46875 34.484375 34.796875 29.3125 26.578125 25.296875 25.03125 25.453125 26.53125 27.234375 26.453125 27.59375 33.6875 32.53125 33.59375 43.96875 54.359375 56.859375 56.96875 55.390625 53.1875 52.40625 54.453125 56.359375 57.015625 58.515625 58.671875 56.234375 48.75 37.53125 28.296875 28.9375 34.15625 40.203125 39.921875 46.40625 50.203125 47.296875 49.734375 52.265625 52.1875 51.765625 51.671875 51.328125 50.90625 50.640625 50.125 49.78125 49.8125 50.6875 51 51.140625
27.421875 27.03125 26.875 28.078125 29.546875 30.203125 30.28125 29.09375 27.359375 28.5625 29.734375 29.859375 29.328125 25.875 23.96875 23.328125 24.515625 25.28125 27.140625 28.421875 28.984375 30.5 37.0625 35.859375 33.359375 32.8125 49.8125 56.109375 58.984375 59.671875 58.328125 57.375 56.359375 56.375 56.09375 56.765625 57.53125 56.609375 53.71875 47.703125 32.28125 26.78125 28.53125 35.734375 37.234375 47.78125 60.015625 56.140625 51.59375 49.265625 50.53125 52.109375 52.265625 51.859375 51.0625 51.0625 50.796875 50.296875 50.015625 50 50.734375 51 50.953125
29.96875 27.359375 26.875 27.484375 28.53125 29.40625 29.28125 29.046875 28.65625 28.46875 27.796875 26.5625 25.828125 22.84375 22.171875 24.609375 23.953125 24.359375 26.5625 27.640625 30.078125 32.75 35.3125 34.375 31.125 30.234375 46.84375 57.0625 61.453125 62.609375 61.5 59.9375 59 57.625 55.4375 55.15625 54.921875 54.71875 51.5625 45.734375 31.0625 26.671875 27.859375 33.484375 42.9375 54.828125 59.90625 56.09375 53.453125 50.546875 49.703125 51.078125 52.390625 51.796875 50.65625 50.03125 49.984375 50.234375 50.171875 50.09375 50.5 51.09375 50.8125
30.078125 28.09375 27.921875 28.328125 28.703125 28.90625 29.015625 28.671875 27.46875 28.5625 30.109375 29.171875 26.375 23 24.28125 24.8125 24.640625 24.765625 25.21875 27.5625 29.28125 31.953125 34.15625 30.40625 29.1875 27.71875 38.1875 54.078125 62.40625 66.34375 62.59375 59.296875 58.96875 55.703125 53.875 52.859375 53.265625 53.15625 51.09375 47.96875 39.078125 30.421875 28.546875 32.59375 46.640625 55.71875 56.296875 54.375 53.09375 52.734375 52.21875 51.546875 52.875 52.015625 51.546875 50.328125 49.75 49.984375 50.234375 50.90625 51.59375 52.171875 51.40625
28.515625 27.8125 28.046875 28.953125 28.984375 29.640625 29.265625 28.90625 27.78125 29.03125 28.71875 27.71875 26.859375 25.59375 26.09375 26.03125 25.0625 25.03125 27.03125 27.484375 28.5 32.3125 33 30.234375 27.6875 26.421875 32.5625 46.4375 61.703125 69.828125 67.5 62.328125 58.671875 55.484375 52.140625 51.390625 51.421875 51.5 45.328125 46.390625 39.40625 28.859375 31.25 35.890625 49.1875 53.15625 53.109375 52.046875 51.953125 53.390625 53.546875 52.328125 51.8125 51.65625 52.4375 52.375 51.109375 50.40625 50.765625 51.03125 51.09375 52.328125 52.578125
28.4375 28.296875 29.171875 28.78125 28.6875 29.46875 29.5 29 29.34375 29.28125 28.9375 29.140625 29.1875 29.15625 27.890625 26.71875 25.859375 25.359375 25.9375 26.375 29 30.34375 32.03125 32.359375 29.6875 26.890625 31.03125 46 57.921875 64.828125 66.046875 63.484375 58.546875 54.6875 50.796875 50.125 50.25 49.046875 43.3125 42.734375 33.046875 28.1875 31.671875 37.546875 47.8125 50.96875 51.375 51.6875 51.5625 51.046875 53.15625 53.3125 52.484375 50.421875 51.078125 52.109375 52.828125 52.296875 52.234375 52.3125 52.21875 53.65625 54.84375
28.765625 28.8125 29.140625 29.296875 31.359375 31.78125 31.109375 29.875 30.40625 29.5 29.421875 29.65625 30.125 29.921875 28.453125 27.34375 27.65625 25.9375 26.203125 26.265625 27.28125 27.671875 27.203125 31.15625 29.765625 26.9375 25.09375 36.21875 47.984375 54.375 59.21875 59.28125 56.078125 52.703125 50.265625 49.5625 49.84375 47.453125 43.0625 35.859375 28.546875 30.515625 34.484375 42.5 44.296875 45.53125 49.21875 51.3125 52.0625 53.125 53.9375 53.984375 53.265625 48.296875 47.609375 49.390625 53.640625 54.625 54.234375 54.796875 56.265625 57.53125 58.265625
29.0625 29.5625 29.03125 30.765625 32.71875 33.703125 32.609375 32.015625 30.953125 29.796875 30.171875 30.875 31.515625 31.171875 29.53125 29.359375 28.703125 26.390625 26.625 26.59375 26.515625 26.15625 26.421875 31.5 30.578125 27.734375 25.703125 27.53125 34.828125 45.875 52.5 55.046875 55.765625 55.171875 50.46875 47.578125 48.90625 39.921875 38.609375 31.046875 29.25 33.546875 36.484375 50.46875 51.4375 51.21875 51.671875 51.265625 52.34375 54.0625 56.53125 55.703125 56.671875 56.828125 55.75 51.375 51.578125 56.078125 58.484375 58.84375 59.0625 59.140625 59
29.03125 29.484375 29.6875 31.46875 33.375 33.953125 34.5 34.328125 33.65625 32.671875 31.796875 32.046875 32.234375 31.765625 29.890625 29.4375 27.96875 26.4375 25.9375 28.28125 29.9375 29.328125 26.109375 29.71875 29.59375 29.375 26.546875 24.8125 27.421875 30.53125 39.515625 54.640625 56.390625 55.015625 49.921875 49.078125 46.921875 33.484375 31.015625 33 33.40625 33.90625 36.25 49.96875 53.328125 58.609375 59.265625 56.796875 56.21875 55.109375 55.796875 57.578125 60.390625 64.40625 64.984375 58.25 54.171875 57.640625 60.109375 60.609375 60.125 60.21875 59.25
28.84375 30.328125 31.9375 32.328125 36.078125 37.046875 35.8125 36.15625 38.203125 34.84375 32.8125 31.796875 31.34375 30.421875 29.96875 30.4375 28.703125 27.859375 28.234375 27.328125 33.078125 34.625 27.296875 26.078125 28.78125 30.171875 31.359375 25.578125 25.328125 37.015625 48.1875 53.5 55 54.171875 49.640625 47.578125 43.4375 31.1875 30.703125 32.671875 36.15625 36.21875 41 53.046875 55.53125 59.0625 61.125 61.828125 60.375 58.03125 59.109375 60.421875 64.578125 67.03125 66.5625 66.390625 64.4375 63.65625 65.5625 61.96875 60.265625 60.484375 58.046875
32.625 32.578125 32.90625 33.578125 35.125 36.078125 37.421875 42 42.703125 33.84375 31.109375 32.15625 32.203125 33.9375 34.171875 33.765625 34.109375 32.40625 34.984375 31.9375 35.78125 37.90625 32.296875 24.640625 26.078125 29.890625 33.8125 27.09375 27.5 36.34375 49.5 52.140625 52.5625 51.3125 49.5 44.453125 43.21875 34.015625 35.34375 34.703125 32.59375 35.25 45.734375 56.421875 59.8125 59.8125 60.859375 62.46875 63.84375 61.765625 62.4375 66.390625 69.0625 68.203125 66.59375 66.078125 67.1875 71.546875 75.484375 71.578125 64.71875 59.4375 56.015625
34.9375 35.296875 34.8125 34.625 34.046875 35.96875 38.390625 43.5625 40.9375 32.515625 31.640625 34.09375 34.203125 36.421875 37.59375 37.53125 37.375 35.15625 36.359375 38.90625 39.71875 37.4375 30.109375 24.671875 25.40625 28.71875 26.765625 31.125 35.15625 37.3125 47.25 50.4375 51.0625 52.171875 50.25 45.796875 36.390625 33.21875 34.125 35.28125 37.875 41.765625 47.46875 57.59375 61.859375 61.578125 62.125 63.203125 64.328125 64.1875 65.921875 67.9375 68.9375 67.046875 66.015625 66.109375 68.265625 73.8125 77.5 75.09375 70.15625 62.828125 59.453125
37.125 36.578125 36.65625 36.28125 36.09375 35.453125 36.875 40.1875 37.375 34.21875 33.46875 35.28125 36.109375 37 37.796875 37.921875 38.765625 38.296875 37.3125 40.265625 40.953125 42.546875 41.203125 33.046875 25.03125 26.953125 28.1875 37.953125 35.78125 43.40625 47.140625 50.390625 51.125 51.8125 50.40625 44.53125 33.59375 31.203125 32.984375 36.734375 44.484375 46.015625 44.28125 57.703125 61.140625 62.65625 62.015625 62.734375 64.859375 66.15625 67.828125 69.609375 68.828125 67.625 67 65.90625 65.703125 70.28125 73.703125 71.765625 70.109375 67.5 64.734375
42 41.359375 40.234375 39.421875 38.65625 37.609375 38.3125 38.71875 36.46875 35.40625 35.609375 36.328125 36.875 37.78125 38.78125 40.21875 41.328125 40.890625 41.4375 41.328125 43.140625 44.78125 44.125 36.265625 26.875 25.859375 26.046875 35.75 44.515625 45.09375 49.578125 50.546875 50.703125 50.4375 47.078125 43.265625 39.828125 33.59375 31.3125 31.859375 43.234375 48.765625 44.0625 53.625 59.875 61.125 60.78125 62.859375 65.328125 66.84375 68.796875 70.09375 68.125 67.453125 66.890625 65.953125 64.90625 66.65625 70.59375 68.828125 68.5 68 67.109375
44.46875 46.171875 45.21875 43.375 41.4375 42.078125 40.859375 39.890625 37.578125 36.375 36.71875 36.03125 37.71875 39.53125 40.421875 41.921875 41.15625 41.515625 41.03125 41.65625 43.671875 46.65625 47.703125 44.21875 33.640625 26.171875 32.375 37.8125 45.71875 46.890625 48.03125 48.1875 49.296875 46.46875 42.625 39.875 38.875 36.28125 33.75 33.25 36.921875 37.671875 33.5 42.671875 55.625 59.8125 60.90625 64.609375 66.9375 67 67.78125 67.046875 66.171875 66.3125 66.8125 66.9375 66.65625 68.296875 69.953125 70.71875 70.9375 70.0625 68.171875
48.359375 49.953125 51.015625 48.6875 45.65625 44.75 44.109375 43.28125 40.609375 38.65625 38.96875 38.8125 39.484375 40.25 40.5625 40.9375 41.046875 41.15625 41.21875 43.734375 43.453125 42.9375 45.203125 43.796875 35.75 32.296875 41.875 42.765625 45.5 46.5625 47 45.296875 46.75 42.90625 42.453125 40.015625 38.15625 35.796875 33.734375 31.828125 34.28125 32.265625 39.796875 49.65625 55.8125 61.15625 62.359375 64.4375 65.109375 65.15625 65.484375 65.8125 65.203125 65.96875 66.8125 67.53125 68.21875 69.578125 71.65625 73.890625 74.0625 71.78125 68.640625
49.65625 52 53.203125 51.375 50.296875 48.265625 48.8125 46.859375 45.140625 40.625 39.796875 39.703125 39.6875 40.21875 40.984375 40.765625 40.453125 40.828125 38.390625 42.46875 46.84375 46.53125 47.984375 46.0625 43.90625 42.5625 45.84375 46.3125 46.1875 46.890625 48.84375 48.390625 46.359375 45.875 43.1875 38.34375 36.953125 33.15625 31.921875 32.15625 44.984375 45.96875 47.6875 52.609375 56.125 61.96875 64.46875 63.25 62.484375 63.453125 64.890625 65.546875 65 65.5625 66.890625 68.765625 69.359375 70.140625 73.078125 75.3125 74.71875 72.71875 69.53125
48.0625 50.015625 52.265625 52.109375 51.546875 50.078125 50.65625 50.09375 48.28125 44.6875 40.78125 40.40625 40.359375 40.59375 40.875 40.140625 40.125 40.171875 36.328125 42.3125 44.1875 49.140625 52.34375 53.96875 50.96875 48.828125 47 47.234375 47.03125 48.578125 51.140625 51.9375 50.6875 46.015625 34.015625 30.8125 34.5 31.09375 29.890625 38.0625 47.40625 53.484375 50.3125 53.6875 60.25 62.875 66.265625 64.34375 63.59375 63.953125 64.203125 64.46875 64.96875 65.203125 66.203125 68.171875 68.828125 69.015625 70.953125 72.53125 72.421875 71.171875 69.71875
46.15625 47.625 48.140625 48.921875 50.0625 50.078125 50.703125 50.640625 49.21875 47.359375 43.71875 43.390625 41.46875 40.484375 40.1875 40.171875 36.53125 33.296875 36.359375 44.84375 46.953125 50.515625 51.703125 54.25 54.703125 52.546875 49.390625 48.78125 49.546875 53.8125 56.59375 61.375 57.625 43.015625 36 32.34375 31.109375 27.765625 32.84375 47.78125 50.703125 54.703125 54.078125 64.5 71.015625 70.03125 68.484375 65.21875 64.046875 63.6875 63.53125 63.625 63.921875 64.203125 64.890625 66.078125 66.515625 66.5625 66.609375 66.734375 67.09375 66.6875 65.65625
44.46875 44.15625 44.390625 45.953125 48.328125 49.046875 49.40625 49.46875 48.484375 47.984375 46.0625 43.421875 41.6875 41.15625 40.703125 42 33.875 29.625 31.734375 40.09375 46.34375 44.546875 44.796875 49.375 50.765625 51.828125 50.59375 49.40625 51.421875 52.46875 56.78125 66.203125 57.03125 44.78125 34.421875 31.46875 29.21875 30.0625 38.921875 55.671875 53.171875 58.75 59.453125 67.828125 73.03125 71.890625 68.859375 65.71875 64.0625 63.375 63 62.90625 63.0625 62.9375 63.21875 63.78125 63.625 63.171875 64.078125 64.59375 64.453125 63.78125 63.78125
43.984375 43.53125 43.1875 44.734375 47.328125 49.125 50.046875 50.375 49.25 48.65625 48.953125 44.25 45.015625 46 44.390625 44.078125 36.84375 30.328125 30.65625 33 37.671875 36.078125 37.96875 42.828125 46.96875 50.265625 51.296875 49.6875 49.734375 51.28125 54.546875 55.78125 48.953125 40.328125 32.953125 29.71875 28.265625 29.328125 42.5 56.78125 55.109375 63.390625 65.953125 68.453125 69.84375 69.96875 67.515625 65.125 64.015625 63.59375 62.921875 62.859375 62.875 62.890625 62.125 62.53125 62.140625 61.84375 62.734375 63.53125 63.25 63.515625 63.359375
