Cases/SDM_Urocitellus_beldingi/westernUsClimate_historic/BIO19.asc
NCOLS 316 
NROWS 299 
XLLCORNER -124.820833001 
YLLCORNER 29.1625003333339 
CELLSIZE 0.0666666666645545 
NODATA_value -3.4e+38 
[rows 0 to 24 of 299, columns 0 to 55 of 316]
-3.4e+38 -3.4e+38 -3.4e+38 -3.4e+38 -3.4e+38 -3.4e+38 -3.4e+38 -3.4e+38 -3.4e+38 -3.4e+38 -3.4e+38 -3.4e+38 -3.4e+38 -3.4e+38 -3.4e+38 -3.4e+38 -3.4e+38 -3.4e+38 -3.4e+38 -3.4e+38 -3.4e+38 -3.4e+38 -3.4e+38 -3.4e+38 -3.4e+38 39653.6428571429 40691.8157894737 41748 -3.4e+38 -3.4e+38 48642.6111111111 48275.3137254902 53254.25 55788.75 58793.5 60074.3035714286 60697.5535714286 56198.9642857143 55049.3035714286 58865.5357142857 56241.3571428571 65312.4642857143 61492.3392857143 64045.1964285714 63241.6428571429 63181.625 61360.6428571429 70795.4285714286 79594.875 82769.6964285714 79149.6607142857 71216.0178571429 95913.3392857143 85831 73961.9107142857 44873.8392857143
-3.4e+38 -3.4e+38 -3.4e+38 -3.4e+38 -3.4e+38 -3.4e+38 -3.4e+38 -3.4e+38 -3.4e+38 -3.4e+38 -3.4e+38 -3.4e+38 -3.4e+38 -3.4e+38 -3.4e+38 -3.4e+38 -3.4e+38 -3.4e+38 -3.4e+38 -3.4e+38 -3.4e+38 -3.4e+38 -3.4e+38 -3.4e+38 -3.4e+38 37968.6346153846 38807.15625 40469.1666666667 -3.4e+38 42985.9375 42839.4126984127 45242.34375 53114.1875 53120.515625 52216.40625 52347.21875 51969.15625 47781.125 43983.578125 51788.046875 59639.53125 64375.875 80733.578125 83853.40625 73353.078125 68422.234375 73796.859375 85984.421875 86141.265625 94989.578125 92699.140625 74271.5625 95838.15625 114004.046875 94345.21875 61459.1875
-3.4e+38 -3.4e+38 -3.4e+38 -3.4e+38 -3.4e+38 -3.4e+38 -3.4e+38 -3.4e+38 -3.4e+38 -3.4e+38 -3.4e+38 -3.4e+38 -3.4e+38 -3.4e+38 -3.4e+38 -3.4e+38 -3.4e+38 -3.4e+38 -3.4e+38 -3.4e+38 -3.4e+38 -3.4e+38 -3.4e+38 -3.4e+38 -3.4e+38 38341.2222222222 38925.8333333333 39684 -3.4e+38 42677.7692307692 42795.703125 42210.484375 42030.34375 43183.578125 44826.78125 45331.125 43377.4375 41385.765625 61544.921875 79332.375 60282.203125 64317.890625 72790.1875 80342.8125 78398.78125 76159.640625 85116.265625 93199.40625 96744.125 96383.96875 94368.828125 84645.1875 114332.453125 108337.46875 87554.75 73823.796875
-3.4e+38 -3.4e+38 -3.4e+38 -3.4e+38 -3.4e+38 -3.4e+38 -3.4e+38 -3.4e+38 -3.4e+38 -3.4e+38 -3.4e+38 -3.4e+38 -3.4e+38 -3.4e+38 -3.4e+38 -3.4e+38 -3.4e+38 -3.4e+38 -3.4e+38 -3.4e+38 -3.4e+38 -3.4e+38 -3.4e+38 -3.4e+38 -3.4e+38 -3.4e+38 -3.4e+38 32003.5 33460.5555555556 40245.4 38957.3064516129 38321.890625 35708.171875 33717.546875 36167.53125 38011.09375 39422.25 42100.09375 69024.625 77688.390625 64957.265625 102356.5625 91899.03125 72777.65625 80141.59375 75547.890625 88614.078125 88262.859375 98869.671875 102651.546875 98179.484375 112450.3125 118724.671875 105854.265625 108550.65625 97757.625
-3.4e+38 -3.4e+38 -3.4e+38 -3.4e+38 -3.4e+38 -3.4e+38 -3.4e+38 -3.4e+38 -3.4e+38 -3.4e+38 -3.4e+38 -3.4e+38 -3.4e+38 -3.4e+38 -3.4e+38 -3.4e+38 -3.4e+38 -3.4e+38 -3.4e+38 -3.4e+38 -3.4e+38 -3.4e+38 -3.4e+38 -3.4e+38 -3.4e+38 -3.4e+38 28007.7619047619 28936.126984127 31467.515625 33110.2321428571 34127.6825396825 33891.5625 32097.515625 30628.28125 32249.015625 35376.3125 44258.96875 58802.1875 77609.90625 57638.140625 67824.296875 100364.703125 114764.21875 125965.546875 132852.65625 125730.140625 100473.953125 88198.75 99015.4375 89382.5625 85623.046875 105112.1875 123390.859375 115108.578125 102006.4375 91582.703125
-3.4e+38 -3.4e+38 -3.4e+38 -3.4e+38 -3.4e+38 -3.4e+38 -3.4e+38 -3.4e+38 -3.4e+38 -3.4e+38 -3.4e+38 -3.4e+38 -3.4e+38 -3.4e+38 -3.4e+38 -3.4e+38 -3.4e+38 -3.4e+38 -3.4e+38 -3.4e+38 -3.4e+38 -3.4e+38 -3.4e+38 32394.5 31835.84 31087.9722222222 29516.5396825397 29566.4375 30223.046875 31247.578125 30944.5625 31654.703125 31936.484375 30670.0625 30312.25 38618.203125 53460.125 63856.25 98690.78125 60198.796875 74102.1875 115802.984375 143162.171875 134873.0625 166504.40625 148886 119510.984375 96332.28125 99398.859375 115702.671875 115726.71875 103754.34375 96501.015625 108535.890625 96116.359375 85309.25
-3.4e+38 -3.4e+38 -3.4e+38 -3.4e+38 -3.4e+38 -3.4e+38 -3.4e+38 -3.4e+38 -3.4e+38 -3.4e+38 -3.4e+38 -3.4e+38 -3.4e+38 -3.4e+38 -3.4e+38 -3.4e+38 -3.4e+38 -3.4e+38 -3.4e+38 -3.4e+38 -3.4e+38 -3.4e+38 -3.4e+38 34636.5681818182 33620.78125 32748.765625 31960.96875 31693.140625 31159.796875 34730.34375 31480.328125 29025.09375 31385.265625 30769.515625 31294.0625 47617.234375 59209.515625 66361.34375 84385.640625 70693.65625 80361.109375 119038.328125 147381.84375 138506.15625 133140.890625 132186.40625 106253.890625 109090.625 125798.234375 136477.828125 98317.84375 91523.5 87296.734375 85482.609375 100410.03125 95871.078125
-3.4e+38 -3.4e+38 -3.4e+38 -3.4e+38 -3.4e+38 -3.4e+38 -3.4e+38 -3.4e+38 -3.4e+38 -3.4e+38 -3.4e+38 -3.4e+38 -3.4e+38 -3.4e+38 -3.4e+38 -3.4e+38 -3.4e+38 -3.4e+38 -3.4e+38 -3.4e+38 -3.4e+38 -3.4e+38 -3.4e+38 35831.2352941177 35191.25 34434.171875 32267.90625 30035.84375 29520.640625 28788.953125 28688.921875 28829.890625 27467.75 28164.828125 29309.78125 34078.59375 45461.140625 48724.140625 59521.28125 93032.734375 110299.375 85336.390625 97118.9375 103788.875 129327.71875 122763.015625 97471.671875 113794.234375 117490.515625 113687.546875 97136.78125 78811.484375 93325.453125 106387.28125 109144.078125 109597.5
-3.4e+38 -3.4e+38 -3.4e+38 -3.4e+38 -3.4e+38 -3.4e+38 -3.4e+38 -3.4e+38 -3.4e+38 -3.4e+38 -3.4e+38 -3.4e+38 -3.4e+38 -3.4e+38 -3.4e+38 -3.4e+38 -3.4e+38 -3.4e+38 -3.4e+38 -3.4e+38 -3.4e+38 -3.4e+38 -3.4e+38 35820.8571428571 35184.2222222222 34774.890625 32049.421875 27906.75 25799.140625 25029.515625 25252.953125 25623.59375 25749.171875 25717.40625 26496.765625 28553.84375 31128.15625 36889.734375 42164.59375 46454.953125 54664.09375 51464.328125 57938.140625 67537.578125 71611.421875 76313.59375 79758.484375 101654.390625 111259.1875 101934.578125 84288.59375 83906.859375 88481.578125 87914.296875 105600.84375 122057.15625
78616 83559.0454545455 90244.1333333333 -3.4e+38 -3.4e+38 -3.4e+38 -3.4e+38 -3.4e+38 -3.4e+38 -3.4e+38 -3.4e+38 -3.4e+38 -3.4e+38 -3.4e+38 -3.4e+38 -3.4e+38 -3.4e+38 -3.4e+38 -3.4e+38 -3.4e+38 -3.4e+38 -3.4e+38 -3.4e+38 -3.4e+38 34538.3333333333 33837.4918032787 31153.375 25942.421875 22404.953125 20809.265625 20563.484375 21980.3125 24510.5625 25467.71875 25630.71875 27518.890625 28655.859375 33277.0625 39531.0625 51838.203125 72110.265625 87854 108563.109375 135606.359375 138818.28125 131685.140625 112448.640625 87489.359375 73851.109375 85250.5625 93092.09375 103926.171875 112932.109375 92474.828125 87786.875 85830.4375
76278.875 82385.296875 101602.640625 100177.949152542 96134.8775510204 95460.375 93827 -3.4e+38 -3.4e+38 -3.4e+38 -3.4e+38 -3.4e+38 -3.4e+38 -3.4e+38 -3.4e+38 -3.4e+38 -3.4e+38 -3.4e+38 -3.4e+38 -3.4e+38 -3.4e+38 -3.4e+38 -3.4e+38 -3.4e+38 -3.4e+38 32879.1111111111 29856.5263157895 25386.1636363636 21595.4761904762 20132.390625 19745.78125 19599.046875 19812.734375 21832.0625 24462.890625 26703.78125 28363.5625 33258.90625 40822.203125 48632.671875 90452.984375 112932.53125 102278.578125 114001.5 118316.0625 130880.5 137374.796875 124164.6875 90831.375 96858.296875 105785.109375 105833.09375 115684.046875 115309.203125 95229.015625 89944.5
80154.1111111111 83399.015625 110210.09375 144214.796875 117917.375 97706.171875 90223.5964912281 88670.9756097561 88289.2631578947 88028.2105263158 -3.4e+38 -3.4e+38 -3.4e+38 -3.4e+38 -3.4e+38 -3.4e+38 -3.4e+38 -3.4e+38 -3.4e+38 -3.4e+38 -3.4e+38 -3.4e+38 -3.4e+38 -3.4e+38 -3.4e+38 -3.4e+38 -3.4e+38 -3.4e+38 21284.4 20406.75 19394.0714285714 18649.265625 18533.171875 20456.25 22815.140625 25902.28125 28690.296875 34000.1875 46870.375 45542.953125 58632.3125 67750.015625 69494.6875 91508.375 112802.890625 126991.1875 131316.5625 116662.453125 105063.421875 76108.25 93153.453125 102016.390625 109376.5625 104508.21875 100673.5625 92757.828125
88757.7 90163.46875 101681.484375 128278.71875 133236.984375 111228.21875 97070.859375 93404.375 91542.0625 90326.640625 84025.1538461538 79574.6551724138 73915.4736842105 67129 -3.4e+38 -3.4e+38 -3.4e+38 -3.4e+38 -3.4e+38 -3.4e+38 -3.4e+38 -3.4e+38 -3.4e+38 -3.4e+38 26129.6666666667 24942.8 -3.4e+38 -3.4e+38 -3.4e+38 18941 19192.1333333333 19181.515625 18840.375 19257.890625 22095.390625 25798.125 28687.859375 34345.125 42673.078125 42650.359375 48482.90625 52409.859375 57649.09375 62991.203125 72972.328125 79974.15625 90891.859375 82726.375 87659.78125 100753.359375 115714.421875 96425.265625 95926.765625 96190.203125 90299.53125 86602.421875
88069.9090909091 92514.078125 111575.546875 113054.84375 118445.21875 115925.265625 116223.875 108843.40625 96862.953125 94906.796875 90155.140625 85037.734375 75614.265625 61968.9016393443 54331.8541666667 47717.5 42305.625 36418.7083333333 33385.5625 31409.875 28458.1333333333 26132.962962963 25582.5652173913 24913.21875 23894.5423728814 21495.7936507937 19066.0666666667 18586.125 18688.9130434783 18390.1777777778 18196.921875 18245.21875 18489 18959.328125 21983.21875 24460.296875 27624.921875 32909.15625 37216.46875 40197.703125 42154.515625 45751.78125 64028.390625 89463.59375 110969.890625 118921.90625 138144.015625 134536.765625 112910.515625 100312.1875 109987.109375 113780.015625 105134.15625 98708.21875 93340.171875 86216.765625
88046.5128205128 91307.515625 95609.546875 102270.984375 109690.328125 114477.65625 113579.5625 116306.75 105720.65625 99744.9375 97452.078125 94974.890625 90001.296875 77124.484375 61489.53125 55994.734375 53158.015625 42837.6875 35839.828125 32488.265625 28704.578125 26795 26285.53125 23636.078125 19782.75 17379.640625 16860.65625 17249.953125 18262.59375 18525.375 17648.828125 17388.265625 17962.828125 19328.09375 20883.21875 23812.609375 27098.6875 34129 36957.921875 38565.734375 44674.828125 46623.453125 64903.484375 72094.078125 86360.015625 102104.9375 123333.40625 133211.890625 131165.734375 132828.890625 111067.28125 108958.9375 100791.1875 98389.078125 94303.109375 90073.78125
88985.5 91634.125 98497.90625 108882.5 111117.65625 116926.25 118909.5625 117131.875 110080.640625 104331.9375 104565.578125 109864.078125 110982.90625 120485.875 110625.671875 93345.15625 102118.25 83740.15625 58793.390625 73356.484375 64643.171875 44362.40625 36691.078125 30832.890625 24375.078125 20944.125 18980.359375 18735.078125 20184.765625 19957.859375 19025.53125 18184.796875 18600.09375 20486.0625 22157.859375 24656.8125 27165.65625 31446.03125 34019.03125 35259.890625 41310.09375 44476.109375 48855.296875 61808.875 86271.96875 115136.359375 108045.25 108907.8125 122508.25 126144.390625 129533.765625 115819.515625 103047.765625 95501.75 93723.140625 95544.75
-3.4e+38 92276.5967741935 106427.171875 109715.765625 108368.640625 115677.625 120686.421875 130869.78125 130463.84375 121745.984375 122303.34375 125418.75 130694.984375 124222.6875 159609.515625 186841.0625 150392.453125 104062.125 82641.9375 96010.78125 89181.765625 76218.296875 63341.546875 55181.703125 44226.34375 35065.828125 36359.8125 32061.5625 30428.5 25263.84375 24422.25 22232.5625 20914.578125 21775.625 23904.25 26629.34375 31162.15625 32398.40625 33261.875 33591.34375 38128.875 42285.1875 49893.25 57070.78125 76293.375 92882.640625 109291.140625 124035 119067.703125 141120.5625 133599.515625 130650.203125 109307.109375 102245.125 102171.421875 93371.59375
-3.4e+38 92479.4102564103 97554.109375 101262.171875 103020.671875 112399.21875 121519.03125 129569.390625 130325.84375 134484.65625 146404.84375 148729.90625 145771.03125 148091.265625 151112.6875 164236.15625 165674.546875 125587.765625 98082.484375 86275.53125 76735.171875 78778.703125 80305.640625 72636.890625 66264.984375 55279.203125 57292.671875 63175.8125 41228.984375 30822.53125 27807 26851.703125 24960.1875 25986.40625 28079.59375 30396.671875 32180.96875 32371.546875 33180.9375 34169.328125 36793.125 42185.59375 49048.515625 51400.140625 59384 70105.640625 88898.453125 129193.796875 140043.375 140055.578125 124278.359375 117024.046875 104829.390625 98578.140625 104004.328125 90775.125
-3.4e+38 91929.75 92227.3103448276 96950.75 106102.171875 121888.5 125616.890625 125473.75 127170.140625 132108.84375 146772.734375 161192.046875 154301.28125 153286.546875 155340.546875 170421.265625 177410.5 141960.640625 115161.234375 91249.421875 93270.1875 84365.890625 94518.296875 91957.40625 78043.9375 74064.15625 73742.609375 76679.953125 55843.703125 39119 34739.625 34147.265625 33124.03125 33813.46875 36479.265625 36128.375 34614.25 33282.203125 35094.921875 37590.140625 39840.90625 42296.265625 43926.15625 45451.78125 47956.453125 53928.015625 59780.40625 84009.390625 133156.3125 128972.65625 112947.25 110914.140625 97439.046875 94971.03125 91361.609375 86253.984375
-3.4e+38 -3.4e+38 91133.1 91236.375 94040.890625 112135.328125 125065.0625 125770.25 122845.53125 128591.375 135095.375 142050.015625 148180.53125 155076.4375 173982.515625 206779.359375 248478.140625 201134.296875 182368.734375 150301.078125 121880.59375 98454.609375 112892.15625 98108.4375 92053.03125 94094.921875 85682.265625 77713.21875 69732.4375 46735.859375 43472.4375 41821.609375 42828.296875 42996.75 41843.8125 38428.671875 36837.921875 37068.328125 38012.3125 38882.8125 41918.578125 44363.03125 44070.296875 51688.328125 51544.375 78972.171875 125644.09375 108260.65625 110310.390625 102505.640625 118449.8125 108442.6875 96720.84375 93743.0625 85056.71875 84169.171875
-3.4e+38 -3.4e+38 -3.4e+38 -3.4e+38 93025.6363636364 97295.390625 108561.984375 116802.21875 129771.859375 137755.15625 141464.875 147254.921875 151194.734375 164249.3125 147974.875 169513.875 159778.234375 175045.828125 191754.296875 180114.234375 139089.890625 116797.984375 114287.515625 102279.28125 98912.671875 87474.125 81690.015625 74435.796875 68649.328125 44673.609375 44710.609375 45713 45252.5625 44619.84375 42316.671875 39224.515625 37133.1875 36206.109375 36738.890625 38636.1875 40968.765625 43836.640625 43019.84375 45489.0625 51469.328125 69412.3125 80586.921875 105877.71875 125472.546875 124990.78125 102226.5 96382.234375 94053.53125 94087.8125 81540.90625 82051.734375
-3.4e+38 -3.4e+38 -3.4e+38 -3.4e+38 -3.4e+38 96884.2765957447 110489.609375 125666.421875 125137.828125 127495.421875 133913.09375 138274.203125 142232.84375 136713.65625 143960.359375 152561.484375 176776.625 177237.953125 179084.53125 202050.734375 178011.78125 138997.421875 121423.21875 111125 112172.578125 110986.78125 87758.09375 73577.65625 54111.71875 46646.921875 47151.359375 49444.328125 46279.6875 44091.5 42557.125 39918.328125 37128.71875 35687.453125 35427.765625 39219.328125 40183.6875 43203.984375 44095.828125 43617.234375 49992.484375 61152.203125 72368.390625 101584.765625 116088.046875 131547.625 117672.03125 101630.96875 99916.875 91343.046875 87024.890625 91129.21875
-3.4e+38 -3.4e+38 -3.4e+38 -3.4e+38 -3.4e+38 98545.375 103130.953125 117501.046875 121102.484375 125214.546875 120314.3125 122364.765625 130075.34375 138958 148631.328125 156392.65625 169870.609375 161630.453125 172110.015625 179689.109375 159671.609375 137106.484375 116553.921875 115674.59375 109895.078125 102546.34375 97403.15625 66394.890625 58263.5625 60502.28125 63390.0625 56466.796875 51682.625 47658.078125 44041.515625 40842.015625 37196.609375 35934.640625 36046.78125 38467.65625 41447.828125 42891.359375 45402.8125 43226.15625 56382.953125 62137.1875 75549.625 133670.671875 141128.109375 120712.453125 112099.125 106378.703125 106802.921875 108104.5 103345.5 85921.21875
-3.4e+38 -3.4e+38 -3.4e+38 -3.4e+38 -3.4e+38 -3.4e+38 99472.734375 108739.828125 114657.578125 117052 121294.046875 130396.640625 139860.21875 152657.328125 149259.484375 137312.015625 155013.296875 178543.828125 233145.71875 238985.328125 177813.1875 127575.484375 116285.140625 116394.84375 109410.15625 102396.234375 81774.84375 75568.9375 77349.5 67567.828125 65824.921875 58571.015625 52680.796875 50896.296875 46844.578125 43037.75 39730.359375 36926.109375 36902.0625 40207.46875 49396.5 47030.46875 60528.8125 62465.796875 60139.375 60501.640625 106661.84375 127621.453125 98451.453125 102375.1875 103663.765625 107771.28125 110687.5625 112206.421875 92747.046875 78274.25
-3.4e+38 -3.4e+38 -3.4e+38 -3.4e+38 -3.4e+38 -3.4e+38 94386.6666666667 102916.078125 111297.875 116955.953125 122321.34375 128946.109375 131179.203125 135215.53125 144662.0625 165138.46875 209908.96875 243678 246193.640625 250356.78125 155306.265625 139787.609375 128660.40625 119580.109375 113929.84375 97300.171875 82783.125 82977.640625 76324.34375 62902.046875 59136.5625 58476.40625 54089.46875 51619.109375 49911.90625 48214.6875 40985.46875 38113.796875 38339.15625 40771.890625 44839.828125 47300.9375 58895.890625 76734.046875 85959.09375 80500.015625 73686.609375 97021.15625 130899.296875 116161.953125 112946.859375 108964.609375 125418.0625 104040.234375 87814.390625 72754.9375
