Cases/SDM_Urocitellus_beldingi/westernUsClimate_historic/BIO16.asc
NCOLS 316 
NROWS 299 
XLLCORNER -124.820833001 
YLLCORNER 29.1625003333339 
CELLSIZE 0.0666666666645545 
NODATA_value -3.4e+38 
[rows 210 to 230 of 299, columns 92 to 137 of 316]
20584.5955810547 24235.9346618652 27511.4432678223 28131.578125 21256.4457397461 17854.3137054443 14429.4379730225 11045.1203155518 9750.08554077148 9145.77890014648 9031.91799926758 8608.05114746094 8304.63944244385 7902.15863800049 7465.98322296143 7385.30393981934 7536.63320922852 7421.29839324951 7314.00469207764 7137.39336395264 7005.82070922852 7072.83008575439 6945.72853851318 7002.78125762939 7640.30777740479 8124.23558044434 7560.08159637451 5773.69765472412 4581.08164978027 4582.82504272461 5168.88709259033 5560.42110443115 5207.80311584473 4481.19490814209 4344.11402893066 4343.99060821533 3873.60353088379 3813.31053543091 3680.73320007324 3765.87656021118 3972.08242416382 4533.99767303467 5668.74532318115 6694.85858154297 7012.92150878906 6116.27698516846
20030.412109375 22277.2392272949 25741.0862426758 27853.8299865723 22341.4788818359 15054.3234710693 12570.7211303711 10851.1418151855 9225.43049621582 9076.72732543945 9047.21058654785 8418.97733306885 7784.77812957764 7547.60391998291 7390.71290588379 7551.32302093506 7372.22222137451 7000.15316772461 6637.08828735352 7043.74335479736 7002.53395080566 6788.80194854736 6833.97891998291 6893.8843460083 7444.23202514648 7471.33674621582 7289.06293487549 7675.91641235352 5458.85858154297 4542.73550415039 4689.36834716797 4634.5453414917 4437.30509185791 4527.74961090088 4851.2281036377 4429.16565704346 4209.07616424561 3838.23827362061 4004.01993942261 4434.85352706909 4926.64140319824 4546.52968597412 4825.14728546143 5381.83670806885 5498.2437210083 5620.45314025879
22172.3987731934 25946.2596435547 20304.032043457 17331.6614074707 14640.6453857422 11919.432800293 10731.8531188965 10245.9481048584 9714.99722290039 9984.17652893066 9210.85620117188 8057.60390472412 7427.36795806885 7401.66912078857 7935.91256713867 8399.72425079346 8009.49919128418 7644.9633026123 6857.73399353027 6539.86485290527 6461.91131591797 6501.36133575439 6522.78556060791 6612.97931671143 6785.02655792236 6799.93477630615 5925.36994934082 5642.17420196533 5471.49608612061 4732.5132522583 4575.20542907715 4489.1089630127 4615.30348968506 5101.54960632324 5555.94844818115 5157.42928314209 4643.66679382324 4255.52849578857 5109.60391235352 5500.73516082764 5522.82109832764 5327.01644134521 4671.69883728027 5022.74923706055 5810.57733154297 6170.23201751709
18772.6003875732 17722.6426239014 16612.7671203613 14980.4547119141 12967.9163818359 11051.2132568359 10265.1813049316 10046.8105926514 9598.07698059082 9070.0140838623 8548.95624542236 7709.53162384033 7312.07930755615 7533.73442077637 7983.97264099121 8794.26762390137 8166.03280639648 7920.38437652588 7359.99565124512 6721.71606445312 6416.95741271973 6723.623046875 6470.83750152588 6463.07308959961 6683.89572906494 6631.72460174561 6089.80311584473 5259.52733612061 4863.69842529297 4754.48281860352 4577.49767303467 4438.5386505127 4601.28827667236 4826.03009033203 5762.56057739258 5643.88521575928 4608.23202514648 4301.01715087891 4639.48082733154 5344.43909454346 5950.68747711182 5263.24102783203 4955.85897827148 5892.44142150879 7013.95316314697 7258.57538604736
16170.4078979492 14500.8691864014 14111.297668457 14721.0207061768 14168.8621063232 12673.5534667969 10950.3016204834 10321.3695526123 9549.37344360352 8895.8422088623 8550.49413299561 8009.36672973633 7872.16249847412 8552.80271148682 8432.64376068115 8702.686378479 8516.51913452148 7894.63317871094 6964.97850799561 6507.88358306885 6441.80936431885 6337.77030181885 6474.11136627197 6756.55976867676 7244.46524810791 7438.40237426758 8175.77462005615 8589.84529876709 8033.38247680664 7535.24180603027 5207.74295043945 4503.08401489258 4410.68826293945 4507.90195465088 4767.41951751709 5282.80428314209 4870.38593292236 4265.80121612549 4222.25668716431 5078.50156402588 5695.8452835083 5684.02459716797 5682.69923400879 7028.12266540527 9471.75977325439 8697.57421875
26782.0525512695 28044.2158508301 26897.041015625 21645.2671508789 16728.2934112549 13490.9625701904 11238.9495697021 10396.0992126465 9243.35852050781 9012.05227661133 8869.17027282715 8301.70501708984 8421.65622711182 8703.65703582764 8548.88050842285 8328.68943786621 8890.1109161377 9334.63902282715 7160.16835784912 6212.58944702148 6434.82696533203 6864.86679840088 7117.30234527588 7785.71911621094 7571.6488571167 7299.28589630127 7938.21326446533 9825.22811889648 12582.7113189697 10877.459777832 8871.09142303467 7147.88479614258 5699.20040893555 4729.35077667236 4612.0625 4720.27774047852 4764.23552703857 4458.28630828857 4463.82503890991 4838.55352020264 5004.97732543945 5425.16558837891 5605.34297180176 6190.93318939209 6711.60698699951 6469.44999694824
28033.9317016602 37900.3639526367 37708.6632080078 29906.4230041504 26500.0723114014 19820.8679351807 13278.9254760742 10122.0465087891 9215.23439025879 9095.35391235352 9019.59371948242 8382.23118591309 8518.30825805664 8099.83983612061 7385.77145385742 7378.15668487549 6812.41877746582 8225.83046722412 6714.42852783203 6239.39764404297 6982.06639862061 8203.40313720703 7804.89373016357 8089.78127288818 7829.37492370605 7438.74960327148 8181.63208770752 9289.52230834961 12308.658996582 11832.0175933838 10355.7667694092 9522.78243255615 8711.70861053467 6820.14334869385 4626.39451599121 4384.14416503906 4926.06481933594 5115.57498168945 4684.3120803833 4504.41483306885 4433.49179077148 4608.79962921143 4659.6421661377 4846.06717681885 4856.72731781006 5092.32694244385
31132.9606933594 34601.5030517578 33044.9517211914 30712.012512207 27831.6764221191 27394.0125427246 22654.6430206299 14186.5605010986 11038.9222564697 9950.51635742188 9412.54339599609 8943.42652893066 8545.54501342773 7662.32498931885 7047.88628387451 6755.19219970703 6561.43199920654 6775.7417678833 6804.24647521973 6738.80859375 7369.47422027588 8044.52616882324 7867.81839752197 8130.28480529785 7760.01288604736 7092.98091888428 7405.88282775879 8409.43938446045 9269.53437805176 9012.57107543945 8897.57501220703 8732.33632659912 6917.01685333252 6505.1800994873 5127.21992492676 4991.49335861206 5265.69575500488 5177.544921875 4479.83083343506 4448.44613647461 4433.00386047363 4268.44179153442 4195.62619781494 4269.22227478027 4488.28398132324 4481.37345123291
29368.0278320312 25774.0662841797 26805.2214660645 28606.4952697754 27096.1394042969 23457.5523071289 21931.6371765137 20073.4528198242 14892.4738311768 12303.7518310547 10033.2222900391 8806.1941986084 8808.84997558594 8944.39682769775 8514.24179840088 8156.89144897461 8361.43281555176 8542.11401367188 9075.76447296143 8665.36712646484 8275.37428283691 7615.97109222412 7520.61717987061 8056.78676605225 7398.54925537109 6999.32927703857 7391.00427246094 7826.33206939697 8345.11526489258 8644.3441619873 7430.9781036377 6500.76717376709 5121.05585479736 4866.7289352417 5246.42183685303 6296.02854919434 6654.22933959961 5938.35973358154 5312.15196228027 4539.65311431885 4436.88284301758 4363.23320007324 4301.08945465088 4257.21254730225 4264.32971191406 4250.60272979736
28357.0856933594 25117.3291320801 24255.3757019043 27230.2069091797 29089.7131958008 24828.7919006348 20438.9967956543 17658.4504852295 17097.4457092285 19091.0663146973 15273.8414916992 14292.176940918 13703.4319763184 12719.5386657715 11812.2632598877 11518.3468017578 11804.0338745117 13397.0305328369 13990.5039672852 12705.6503601074 10938.417175293 8482.80778503418 8205.908203125 8911.67379760742 8256.75315856934 7466.98165130615 7631.47736358643 7686.7074432373 7725.18591308594 7525.82968139648 6472.61992645264 5120.44960021973 4740.64883422852 4437.61172485352 4216.74688720703 5206.76365661621 5404.35005187988 6043.11639404297 5996.69731140137 5360.33557128906 4654.64373779297 4493.46211242676 4376.96956634521 4388.31834411621 4453.95705413818 4378.6640625
29204.9682617188 28506.3950500488 28417.2933349609 29617.7132568359 31508.9256896973 34299.5431518555 34532.9979553223 33331.2031555176 32904.2437133789 35851.6430053711 31706.8265991211 34674.9778747559 31808.7929382324 29116.7481994629 30356.7141113281 25882.6203613281 22477.4737243652 25543.4234924316 23623.1917724609 19037.9321136475 15410.3288726807 10912.2835998535 13239.7898254395 14489.2367401123 14436.7780914307 10152.3449172974 8730.10974884033 8375.75042724609 8957.28247070312 8240.19649505615 6225.38277435303 4966.34808349609 4393.54062652588 4768.9164352417 4300.54885482788 4900.06134796143 5344.96095275879 4909.83242034912 5706.59922027588 5588.76992797852 4986.65271759033 4844.26053619385 4576.62577056885 4710.18162536621 4404.73121643066 4408.23670959473
32192.5571594238 35030.1267089844 31732.8655395508 30961.4777526855 31684.0511169434 35758.3112487793 43391.7943725586 48219.7973632812 42155.8161621094 46672.8439331055 56701.6044311523 63639.1598510742 57354.7933959961 59088.3332519531 47959.2871704102 52282.9261779785 44584.7049560547 40257.9898681641 35516.6297302246 28553.505065918 21587.6757202148 18499.0500183105 19922.0637817383 23093.2508239746 27153.7159729004 29837.3148803711 30098.0682830811 24259.6087341309 16485.0156860352 16328.1570281982 14353.3023529053 9802.84918212891 7926.62267303467 6315.00115966797 5845.77227020264 5578.40779876709 5199.87972259521 4519.96836853027 4957.6031036377 6098.99413299561 5951.72147369385 5102.76837921143 5202.60821533203 5189.01056671143 4539.94609069824 4347.30859375
28414.2037353516 28176.9384155273 26449.8508300781 26511.5210571289 24833.1809387207 30450.495513916 37918.5835876465 42294.3715209961 54169.8596191406 60570.9164428711 58830.8494262695 54225.4667358398 49759.5886230469 51564.708984375 54009.5823974609 62046.1551513672 71607.7272338867 67979.4669189453 48759.2553100586 61232.6566162109 51223.2611999512 48037.5737915039 47395.6766967773 40626.9625244141 36813.2129211426 43196.1625976562 37131.7691040039 35170.0025024414 32496.4084472656 27611.2168579102 22632.5035705566 22424.6547241211 16757.126953125 10500.7073974609 8659.20082855225 7834.14218139648 6957.43668365479 5640.52263641357 4625.53514862061 4719.23944854736 4336.25547790527 4120.708984375 4528.79529571533 5260.66054534912 4888.59880065918 4627.21990203857
26886.1954650879 25662.9312133789 25310.6897583008 26264.9686889648 27021.1488647461 29217.5070800781 33597.5390930176 34163.981048584 39810.125579834 50487.7399291992 50968.9237060547 47725.3343505859 44788.4419555664 43980.8106079102 49996.7308349609 51838.5698852539 60661.4525756836 66915.8559570312 54972.0763549805 43074.4986572266 44377.6461791992 46332.1569213867 45843.4602050781 51085.4774169922 48533.5283813477 44697.6190185547 40304.267578125 40607.6666259766 47863.0227661133 46983.7508544922 24539.3818664551 21109.7373657227 17448.4276885986 14270.0003662109 11660.635925293 9924.77111816406 7596.74375152588 6445.15700531006 4861.24609375 4104.38787460327 4035.14022445679 4095.38869094849 4231.53319549561 4287.86170959473 4613.46636962891 5124.27070617676
32784.8717651367 32788.2749023438 32895.4725952148 30435.8835754395 29993.5565795898 28739.5708007812 28236.4706420898 30162.408203125 30891.0269165039 28935.5191040039 28116.2573242188 30675.7287597656 32012.6618347168 33346.0147705078 33908.0730285645 33695.5516052246 33187.9823303223 33039.8598632812 35586.4716186523 32411.0083618164 26303.1246643066 25062.6222839355 26489.3245544434 32526.9372253418 37676.8432617188 41575.7414550781 49448.8129272461 59930.2282104492 53464.7079467773 42542.7547912598 28641.6365661621 21020.6025695801 17821.1230163574 15439.3135681152 12304.7000579834 10877.2363433838 9523.95636749268 8955.18278503418 6693.76485443115 4757.31520843506 4283.74688720703 4168.84021759033 4229.28398132324 4286.30820465088 4365.19764709473 4494.21246337891
35339.4387817383 33787.5982055664 30836.5965576172 28165.1213989258 24745.4647216797 23763.9747009277 24711.6267089844 25960.6097717285 26680.1143798828 24872.1991882324 24224.6598205566 25884.3812866211 28444.2592163086 28346.2319030762 28238.2754516602 28052.5179138184 26896.4508361816 26012.3902587891 26847.2425537109 24229.9790039062 20943.4109191895 20615.9831848145 20976.8504943848 23653.3991394043 30763.841583252 37077.8233642578 45973.3562011719 56319.2164916992 50471.9372558594 35025.6625976562 24215.9981384277 19606.6804504395 17862.1732177734 17246.9207000732 14996.0472869873 15009.8710632324 13880.6285095215 15067.6223144531 15886.3378448486 9991.79453277588 6479.64220428467 5206.28471374512 4659.66053009033 4443.4047164917 4804.90503692627 4929.84960174561
20434.0016479492 20845.397277832 21176.463684082 22035.5939331055 22529.5556335449 22378.5445251465 22464.4245910645 22808.4234008789 23060.5106201172 22933.0108032227 25072.0957946777 25327.9025268555 27355.9524841309 29876.5874633789 27237.5953674316 26224.528717041 25713.0113525391 22793.5523681641 19639.7569580078 18000.0912780762 18270.7973022461 20760.0855407715 22625.7828369141 22193.7613525391 27259.4465637207 33146.0917358398 38008.9786071777 39725.9178161621 35722.401184082 32652.1746826172 20497.198425293 17135.0199737549 15729.4125518799 15857.8577575684 15545.8312530518 17720.9109649658 16715.3804626465 15227.5995941162 16138.6867523193 13918.8430023193 8746.70897674561 5655.74217224121 5214.88048553467 5043.84493255615 4652.13634490967 4616.63399505615
20215.0998535156 20609.0972222222 20419.7119140625 20217.1466064453 20279.2588806152 20874.6348571777 21410.8404846191 22198.5688476562 22417.2500305176 21164.5955810547 21945.5542907715 23502.4903259277 25214.866027832 30128.3177490234 29641.3174438477 24566.0509033203 21859.8124694824 20019.0512390137 17679.1543273926 17025.6836700439 18016.7442016602 17921.9175720215 19719.9740905762 20718.478515625 24277.0693664551 28331.1796569824 29250.548034668 27501.5345458984 25369.583984375 22817.6002502441 19691.7534484863 14440.4873504639 11281.3175354004 11862.1465454102 12504.79296875 12983.8504943848 14453.8167724609 16128.7610168457 15133.0979919434 10880.4476623535 8094.0394821167 4834.63945007324 4582.14218139648 4759.80233001709 4557.75977325439 4647.02854156494
-3.4e+38 -3.4e+38 -3.4e+38 19460.9193274457 20041.5437011719 20218.3008728027 20239.8070068359 20274.6364135742 19856.2751159668 19437.1570739746 19841.0155334473 20540.5277404785 19646.530090332 22696.5230712891 24951.8015441895 28528.8134460449 22915.0073242188 21155.7315368652 20082.2532653809 18461.0245361328 18905.0179443359 17204.237121582 17953.174987793 18789.2160339355 19561.0193786621 23984.4491882324 28804.5429992676 30694.7242126465 30207.8026428223 31906.3789978027 25523.5123901367 15131.6026916504 10944.6031646729 11233.7468566895 9761.16326904297 8532.84769439697 9695.07936096191 12238.3511657715 15671.8671264648 12326.8206939697 9715.91676330566 6650.92617034912 5528.57616424561 4995.23631286621 4992.05977630615 5151.42924499512
-3.4e+38 -3.4e+38 -3.4e+38 19610.31875 21912.334777832 21773.560546875 19395.9430541992 19382.2774658203 18525.9235229492 17908.7603149414 18770.9882507324 19682.2665100098 20387.7780456543 22297.8492126465 24705.5289916992 31331.8912353516 30402.2722167969 22166.5191040039 20665.9342651367 20406.7237243652 20350.5976257324 18613.4288024902 18577.0946350098 20314.1998291016 20189.1787719727 19481.3090209961 22688.7483520508 26415.3719177246 33488.3871154785 44794.1408691406 43996.9274902344 22201.1148986816 10924.7847290039 10164.2781524658 8191.19960784912 6158.11517333984 6201.44532775879 7203.70154571533 10066.1000061035 12653.7190704346 11634.3015594482 9730.45272827148 6958.22969055176 5943.70899963379 5654.35157012939 5838.40706634521
-3.4e+38 -3.4e+38 -3.4e+38 19551.1782078598 20862.3057861328 22323.2955627441 19025.0921936035 18667.6491088867 18323.7097473145 17961.0038452148 18347.4063415527 19214.8347473145 19763.4918212891 19702.4750366211 23604.8425598145 28145.0668029785 36903.3333129883 33726.7280578613 23441.2736206055 20909.8424987793 20896.7104492188 19551.0081481934 19859.4131469727 19714.6902770996 18914.1168212891 18828.8754577637 19378.750793457 21877.9875183105 26511.8074951172 36409.1799926758 39444.3892822266 24294.5331268311 12742.8605804443 10501.3222808838 7307.68437194824 5937.37107086182 4870.98319244385 4883.09181213379 5831.72148132324 7633.90509796143 8261.71794128418 7665.3804397583 6403.31602478027 5969.11094665527 5894.21993255615 5868.27890777588
