Cases/SDM_Urocitellus_beldingi/westernUsClimate_historic/BIO18.asc
NCOLS 316 
NROWS 299 
XLLCORNER -124.820833001 
YLLCORNER 29.1625003333339 
CELLSIZE 0.0666666666645545 
NODATA_value -3.4e+38 
[rows 125 to 149 of 299, columns 0 to 56 of 316]
-3.4e+38 -3.4e+38 -3.4e+38 -3.4e+38 -3.4e+38 -3.4e+38 -3.4e+38 3260.65625 3220.546875 3450.03125 3877.515625 4258.34375 7226.75 6519.890625 5410.265625 11075.796875 10926.4375 7712.875 4031.765625 3257.046875 4224.953125 3677.78125 3367.9375 2707.140625 2893.4375 3592.671875 2202 2869.28125 2261.0625 2408.296875 2267.203125 3382.78125 2831.625 3302.484375 4963.6875 4330.109375 3717.421875 3228.828125 3174.46875 3251.609375 3423.28125 3609.578125 3697.515625 3994.015625 4467.921875 5160.625 4691.203125 4638.96875 5344.328125 4733.9375 3462.640625 3057.21875 2829.09375 2855.609375 2985.078125 3977.078125 5189.015625
-3.4e+38 -3.4e+38 -3.4e+38 -3.4e+38 -3.4e+38 -3.4e+38 3458.4375 3463.671875 3556.015625 3840.734375 4257 4834.4375 4968.296875 5795.4375 5062.9375 7180.234375 9142.1875 9602.546875 6410.375 2761.734375 3070.875 3180.96875 3018.84375 3220.375 3368.875 3445.515625 2699.625 2219.359375 2313.421875 3168.234375 3174.21875 3270.09375 2907.15625 3188.984375 3927.65625 3155.875 2878.84375 2654.34375 2575.90625 2455.0625 2675.3125 2785.078125 3136.34375 3415.453125 3794.921875 4206.6875 4297.90625 4447.984375 4740.4375 4282.53125 3339.9375 3054.953125 3041.640625 2823.046875 2846.09375 3269.65625 4016.875
-3.4e+38 -3.4e+38 -3.4e+38 -3.4e+38 -3.4e+38 -3.4e+38 3447.5 3579.6875 3605.484375 3441.28125 3746.671875 4773.65625 4077.765625 4351.78125 4845.765625 5582.015625 8151.5625 7205.3125 7825.65625 4683.203125 2243.40625 2921.328125 2894.078125 2583.75 2606.09375 2325.03125 2524.546875 2388.875 2426.75 3125.1875 3596.4375 4198.484375 4567.296875 3637.453125 3016.46875 2593.59375 2306.890625 2405.875 2352.65625 2242.03125 2222.5625 2291.90625 2612.859375 3002.109375 3257.515625 3535.359375 3949.5 4555.71875 4780.359375 4409.796875 3877.203125 4252.234375 4148.96875 3679.5625 3572.078125 3907.0625 3997.640625
-3.4e+38 -3.4e+38 -3.4e+38 -3.4e+38 -3.4e+38 3506.25 3666.65625 4575.703125 4663.28125 3366.3125 2715.28125 3039.390625 3743.828125 4475.640625 5180.984375 4646.28125 5704.65625 6121.0625 5335.296875 6069.90625 3155.390625 3522.15625 3534.625 2778.875 2009.21875 2344.71875 2351.0625 2682.890625 2554.9375 3309.734375 4102.1875 3984.625 3385.515625 2969.296875 2682.421875 2481.203125 2397.734375 2343.59375 2319.34375 2165.671875 2082.46875 2077.765625 2488.734375 2900.875 3185.4375 3310.765625 3344.984375 4076.3125 4851.96875 5551.984375 5513.65625 5116.1875 4324.875 4443.109375 4132.390625 4088.90625 3857.453125
-3.4e+38 -3.4e+38 -3.4e+38 -3.4e+38 -3.4e+38 3408.10810810811 3867.984375 4667.28125 4974.890625 4842.484375 3695.765625 3243.734375 3170.078125 3669.328125 4098.640625 4082.859375 4970.59375 5129.34375 5516.15625 4003.453125 4104.890625 3176.9375 3594.765625 3331.96875 2741 2274.078125 2408.75 2979.375 2525.15625 2316.515625 2529.546875 2835.390625 2439.65625 2195.234375 2277.671875 2298.78125 2277.96875 2209.8125 2016.765625 1921.40625 1899.765625 2124.828125 2405.578125 2875.25 3243.640625 3107.84375 3081.109375 3839.5625 5382.53125 7056.8125 6669.6875 5097.5625 4967.671875 5159.328125 4374.734375 4121.90625 3798.953125
-3.4e+38 -3.4e+38 -3.4e+38 -3.4e+38 -3.4e+38 3451.5 3702.15625 4762.65625 5079.5 5204.859375 5430.734375 4863.015625 3674.71875 3157.59375 4161.078125 4246.28125 4845.375 5964.9375 6291.90625 4188.234375 3640.609375 3463.578125 3368.375 3277 3586.90625 2952.109375 2498.171875 2369.625 2019.734375 1799.625 1898.4375 2087.6875 2157.359375 2092 2111.015625 2070.03125 2027.546875 2016.34375 1790.015625 1724.1875 1764.203125 1864.5 1827.453125 2048.234375 2656.984375 3025.6875 3247.03125 4099.359375 5159.390625 5594.453125 5095.421875 4485.28125 3994.21875 4128.171875 4069.625 4038.71875 3711.03125
-3.4e+38 -3.4e+38 -3.4e+38 -3.4e+38 -3.4e+38 -3.4e+38 3515.796875 3786.75 4101.3125 4576.171875 5143.875 4513.546875 3927.4375 3128.640625 3281.90625 3719.484375 3862.75 4491.71875 8084.296875 7546.28125 3778.984375 3803.125 3988.84375 3272.53125 3642.546875 3597.453125 2690.046875 1906.59375 1935.015625 1824.109375 1712.5625 1919.84375 1959.6875 1987.125 2065.546875 1988.421875 1947.671875 1846.296875 1821.078125 1690.75 1737.3125 1768.484375 1855.203125 1991.34375 2400.765625 3026.0625 3417.109375 4158.1875 4379.296875 4428.890625 4177.546875 4005.515625 3637.125 3134.546875 3418.171875 3599.0625 3509.625
-3.4e+38 -3.4e+38 -3.4e+38 -3.4e+38 -3.4e+38 -3.4e+38 3445.22807017544 3854.765625 4096.4375 4284.5 4491.09375 4662.65625 4370.671875 3647.265625 2781.125 3365.53125 3027.328125 3375.859375 4613.640625 7714.71875 5145 3762.71875 3743.703125 4625.9375 3467.78125 3472.21875 3718.96875 2933.484375 2806.78125 2452.015625 1762.015625 1870.140625 1722.828125 1587.78125 1699.546875 1797.015625 1819.953125 1743.515625 1663.546875 1588.578125 1761.796875 2022.375 1939.15625 2084.890625 2414.484375 3040.671875 3480.453125 3949.828125 4251.421875 4102.390625 3868.921875 3838.109375 3618.484375 3199.703125 3509.453125 3678.875 3201.265625
-3.4e+38 -3.4e+38 -3.4e+38 -3.4e+38 -3.4e+38 -3.4e+38 3414.46666666667 3486.83606557377 4093.265625 4727.84375 4597.609375 4560.1875 4152.53125 3758.578125 3199.9375 2997.84375 4524.5 3076.203125 3199.9375 3557.796875 4479.078125 3249.5625 3331.203125 3504.046875 4208.859375 3931.421875 3695.953125 3157.640625 3045.671875 2995.921875 1917.921875 1787.734375 1559.796875 1378.890625 1349.890625 1512.53125 1579.921875 1524.765625 1410.46875 1493.5 1627.140625 1745.09375 1847.53125 2131.59375 2639.671875 3005.8125 3352.90625 3426.0625 3646.21875 3762.6875 4033.28125 4547.828125 4133.765625 3963.796875 4255.578125 3801.53125 2832.84375
-3.4e+38 -3.4e+38 -3.4e+38 -3.4e+38 -3.4e+38 -3.4e+38 -3.4e+38 3632.25 3972.02083333333 4451.125 5749.046875 5959.03125 4609.21875 3809.40625 3170.90625 3231.15625 4982.765625 4026.421875 3161.671875 3403.921875 3388 2977.8125 2925.609375 3443.46875 3460.4375 3720.25 3204.765625 2926.0625 2423.140625 2336.984375 2353.5 1834.171875 1513.734375 1435.859375 1336.53125 1439.078125 1454.65625 1436.78125 1385.03125 1537.171875 1586.734375 1743.90625 1855.703125 2158.75 2410 3045.78125 3509.6875 3320 3740.5625 3935.21875 4187.3125 4569.046875 4189.4375 3239.09375 3219.6875 3024.5625 3233.4375
-3.4e+38 -3.4e+38 -3.4e+38 -3.4e+38 -3.4e+38 -3.4e+38 -3.4e+38 -3.4e+38 -3.4e+38 4593.83870967742 4873.72580645161 6474.5625 5760.59375 4240.390625 3753.703125 3600.546875 4349.046875 4569.125 3604.234375 2989.421875 3277.828125 2996.359375 2674.90625 2809 2935.15625 2962.09375 2914.828125 2723.46875 2372.75 2284.796875 2212.703125 2245.921875 1616.546875 1436.328125 1361.296875 1405.15625 1404.125 1428.921875 1462.53125 1580.609375 1694.28125 1795.03125 1805.796875 1862.328125 2359.78125 2674.75 3120.515625 3396.328125 3749.4375 3864.109375 4054.71875 4954.546875 4524.5 2913 2730.765625 3161.40625 3263.375
-3.4e+38 -3.4e+38 -3.4e+38 -3.4e+38 -3.4e+38 -3.4e+38 -3.4e+38 -3.4e+38 -3.4e+38 -3.4e+38 4668.71428571429 5077 5911.609375 4781.09375 4221.609375 4222.234375 4719.203125 5063.796875 4103.546875 3399.984375 3054.28125 3056.1875 2503.953125 2332 2827.796875 2974.203125 2811.59375 2727.09375 2419.453125 2094.3125 2097.765625 2216.359375 1981.234375 1434.203125 1321.53125 1316.46875 1253.296875 1263.984375 1368.875 1566.90625 1716.125 1765.4375 1701.859375 1754.859375 2435.375 2934.25 3549.875 3122.75 3570.84375 3827.703125 4057.765625 4699.234375 4526.171875 2989.171875 3131.015625 3131.25 2649.140625
-3.4e+38 -3.4e+38 -3.4e+38 -3.4e+38 -3.4e+38 -3.4e+38 -3.4e+38 -3.4e+38 -3.4e+38 -3.4e+38 -3.4e+38 4544 4329.92592592593 4934.1875 4820.75 4359 4689.515625 5052.390625 4542.5625 3566.09375 2796.65625 2616.765625 2461.40625 2601.8125 2988.015625 3244.859375 3002.734375 2666.953125 2481.125 1543.453125 2089.5 2146.203125 2056.25 1354.609375 1226.65625 1171 1087.515625 1082.984375 1201.34375 1335.796875 1422.21875 1453.375 1492.015625 1452.09375 2047.875 2620.921875 3210.84375 3141.03125 3334.921875 3316.0625 3951.71875 3832.3125 3239.578125 3991.28125 4337.125 3614.03125 2484.734375
-3.4e+38 -3.4e+38 -3.4e+38 -3.4e+38 -3.4e+38 -3.4e+38 -3.4e+38 -3.4e+38 -3.4e+38 -3.4e+38 -3.4e+38 -3.4e+38 4050 4142.32142857143 4573.921875 4494.40625 4493.265625 4796.9375 4371.671875 4225.5 3115.109375 3091.171875 2573.84375 2242.4375 2453.640625 2613.171875 2638.71875 2951.375 2426.6875 1618.203125 1618.890625 1685.953125 1634.765625 1284.046875 1223.75 1158.578125 1079 1034.46875 1076.375 1088.890625 1112.6875 1127.734375 1153.328125 1225.6875 1389.78125 2097.359375 2439.875 2539.53125 2652.390625 2899.34375 3637.96875 3073.375 4136.921875 4830.15625 4712.203125 4199 3786.6875
-3.4e+38 -3.4e+38 -3.4e+38 -3.4e+38 -3.4e+38 -3.4e+38 -3.4e+38 -3.4e+38 -3.4e+38 -3.4e+38 -3.4e+38 -3.4e+38 -3.4e+38 3790.41666666667 3794.328125 4259.59375 4333.359375 4172.71875 4108.984375 4300.6875 3753.171875 2704.9375 2919.6875 1802.40625 1967.359375 2252.140625 2428.890625 2467.171875 2697.78125 1703.625 1611.359375 1745.328125 1784.5625 1320.890625 1160.796875 1133.078125 1102.125 1082.75 1013.046875 955.328125 974.3125 976.71875 1022.578125 1118.515625 1148.1875 1410.375 1956.328125 1815.25 2245.0625 2691.234375 2710.59375 3427.59375 4263.75 4522.140625 4309.5625 3831.3125 3494.0625
-3.4e+38 -3.4e+38 -3.4e+38 -3.4e+38 -3.4e+38 -3.4e+38 -3.4e+38 -3.4e+38 -3.4e+38 -3.4e+38 -3.4e+38 -3.4e+38 -3.4e+38 3535 3249.81818181818 3810.40625 4553.25 4845.65625 5181.6875 3846.046875 4059.90625 2945.78125 2950.75 2375.59375 2117.640625 2213.15625 3030.046875 3162.421875 2572.90625 2626.953125 1803.53125 1554.734375 1757.125 1463.71875 1166.640625 1117.671875 1056.109375 1009.71875 917.03125 910.53125 951.546875 953.578125 1055.9375 1105.765625 1126.546875 1152.21875 1410.203125 1654.859375 1835.640625 2131.125 2308.25 2398.078125 2841.78125 3152.359375 3490.109375 4192.125 4080.484375
-3.4e+38 -3.4e+38 -3.4e+38 -3.4e+38 -3.4e+38 -3.4e+38 -3.4e+38 -3.4e+38 -3.4e+38 -3.4e+38 -3.4e+38 -3.4e+38 -3.4e+38 -3.4e+38 2659.96 3026.453125 3984.671875 4743.71875 5348.828125 4282.296875 3868.359375 3218.515625 2878.703125 2713.671875 2313.234375 2036.890625 2459.671875 2951.421875 2402.109375 2586.5625 2353.53125 1680.421875 1503.296875 1248.984375 1099.359375 1089.4375 962.46875 887.734375 863.8125 887.46875 928.765625 988.5625 1051.625 1075.375 1103.0625 1113.390625 1105.515625 1161.78125 1369.25 1826.671875 2157.203125 2420.265625 2799.625 3047.828125 3741.75 4014.15625 3915.8125
-3.4e+38 -3.4e+38 -3.4e+38 -3.4e+38 -3.4e+38 -3.4e+38 -3.4e+38 -3.4e+38 -3.4e+38 -3.4e+38 -3.4e+38 -3.4e+38 -3.4e+38 -3.4e+38 2248.8125 2612.234375 3293.28125 3414.5 3815.984375 4237.75 3338.015625 2884.75 2581.234375 3081.296875 2716.09375 2169.46875 2247.53125 2512.890625 2406.671875 1999.09375 2458.828125 2210.390625 1567.734375 1210.953125 1142.375 996.59375 835.875 793.78125 779.21875 782.21875 825.921875 894.203125 958.15625 980.328125 992.46875 1000.40625 993.21875 1020.0625 1434.15625 2066.453125 2012.0625 2071.515625 2388.90625 2988.84375 3447.09375 3679.78125 3869.3125
-3.4e+38 -3.4e+38 -3.4e+38 -3.4e+38 -3.4e+38 -3.4e+38 -3.4e+38 -3.4e+38 -3.4e+38 -3.4e+38 -3.4e+38 -3.4e+38 -3.4e+38 -3.4e+38 2230.5 2315.71875 2873.859375 3135.4375 3111.109375 3565.65625 3228.953125 2670.078125 2752.78125 2451.109375 2618.9375 3317.078125 2892.734375 2369.28125 2552.609375 1827.53125 1905.71875 2017.953125 1524.78125 1214.140625 1109.46875 956.9375 800.546875 746.953125 717.0625 723 744.359375 830.75 861.625 883.421875 902.265625 914.84375 956.90625 981.625 1022.0625 1209.015625 1800.234375 2067.328125 2159.015625 2472.015625 3058.4375 3085.90625 2940.515625
-3.4e+38 -3.4e+38 -3.4e+38 -3.4e+38 -3.4e+38 -3.4e+38 -3.4e+38 -3.4e+38 -3.4e+38 -3.4e+38 -3.4e+38 -3.4e+38 -3.4e+38 -3.4e+38 2052.48837209302 2356.828125 2835.0625 2931.703125 2801.90625 2549.171875 2592.234375 2524.078125 2584.78125 2426.109375 2334.78125 2680.046875 2830.75 1858.78125 1899.890625 1899.703125 2060.109375 1744.328125 1294.125 1122.5625 938.71875 952.453125 845.84375 797.984375 737.859375 738.25 751.609375 780.5 813.234375 825.5 831.515625 844.640625 870.140625 917.15625 931.0625 999.765625 1354.203125 2100.6875 2236.125 2501.890625 2709.859375 2544.140625 2640.84375
-3.4e+38 -3.4e+38 -3.4e+38 -3.4e+38 -3.4e+38 -3.4e+38 -3.4e+38 -3.4e+38 -3.4e+38 -3.4e+38 -3.4e+38 -3.4e+38 -3.4e+38 -3.4e+38 1947.14285714286 2224.71875 2702.59375 2686.1875 2578.609375 2404.65625 2382.4375 2422.671875 2160.140625 2232.984375 2234.484375 2368.140625 2478.8125 1888.546875 1671.890625 1936.546875 2448.265625 2034.875 1348.734375 995.640625 839.59375 888.78125 853.40625 848.9375 770.453125 777.375 781.984375 769.921875 774.6875 791 821.875 853.4375 857.703125 864.453125 892.4375 964.8125 1118.15625 1439.96875 1977.015625 2188.453125 2704.234375 2375.328125 2362.265625
-3.4e+38 -3.4e+38 -3.4e+38 -3.4e+38 -3.4e+38 -3.4e+38 -3.4e+38 -3.4e+38 -3.4e+38 -3.4e+38 -3.4e+38 -3.4e+38 -3.4e+38 -3.4e+38 1963.62962962963 2329.734375 2616.8125 2493.75 2296.203125 2210.515625 2141.5625 2057.703125 1848 2076.765625 2011.875 2018.09375 2303.5 2490.46875 2014.15625 1849.6875 1749.125 1920.046875 1476 1264.109375 836.09375 861.1875 831.609375 807.359375 783.15625 752.6875 722.828125 708.109375 703.171875 713.890625 758.109375 818.125 872.609375 882.640625 860.578125 897.28125 990.125 1166.421875 1584.40625 1940.953125 1801.390625 2062.875 2327.1875
-3.4e+38 -3.4e+38 -3.4e+38 -3.4e+38 -3.4e+38 -3.4e+38 -3.4e+38 -3.4e+38 -3.4e+38 -3.4e+38 -3.4e+38 -3.4e+38 -3.4e+38 -3.4e+38 2072.4375 2307.171875 2570.6875 2432.484375 2188.59375 2052.578125 2015.359375 1916.046875 1887.890625 1930.71875 1878.203125 1830.8125 1848.96875 1920.265625 1971.609375 1764.859375 1703.90625 1882.703125 1690.703125 1281.984375 884.578125 835.890625 813.390625 807.21875 762.6875 728.21875 700.578125 639.390625 601.171875 652.4375 736.890625 793.578125 784.140625 799.09375 792.96875 792.890625 904.578125 953.625 1182.765625 1337.65625 1571.71875 2062.28125 2296.734375
-3.4e+38 -3.4e+38 -3.4e+38 -3.4e+38 -3.4e+38 -3.4e+38 -3.4e+38 -3.4e+38 -3.4e+38 -3.4e+38 -3.4e+38 -3.4e+38 -3.4e+38 -3.4e+38 2136.75 2275.98333333333 2620.265625 2452.703125 2115.125 1951.3125 1881.40625 1852.59375 1738.171875 1523.734375 1359.0625 1668.875 1624.8125 1486.09375 1368.640625 1574.71875 1575.6875 1379.9375 1422.125 1312.6875 925.703125 773.4375 711.65625 752.375 739.609375 724.140625 662.5 606.71875 586.078125 619.71875 732.25 779.03125 756.9375 748.8125 724.484375 727.890625 740.484375 815.296875 1010.65625 1290.203125 1582.125 2059.171875 2310.125
-3.4e+38 -3.4e+38 -3.4e+38 -3.4e+38 -3.4e+38 -3.4e+38 -3.4e+38 -3.4e+38 -3.4e+38 -3.4e+38 -3.4e+38 -3.4e+38 -3.4e+38 -3.4e+38 -3.4e+38 2191.46875 2428.171875 2507.546875 2178.46875 1920.203125 1818.8125 1792.40625 1835.203125 1478.4375 1206.0625 1428.21875 1340.4375 1322.0625 927.09375 1153.078125 1568.34375 1254.734375 1218.640625 764.1875 769.125 868.515625 709.703125 734.125 754.40625 782.359375 767.046875 659.484375 635.84375 630.3125 660.109375 708.265625 720.28125 732.375 726.75 694.21875 690.25 701.265625 806.796875 1009.75 1266.953125 1657.078125 1900.96875
