Cases/SDM_Urocitellus_beldingi/westernUsClimate_historic/BIO11.asc
NCOLS 316 
NROWS 299 
XLLCORNER -124.820833001 
YLLCORNER 29.1625003333339 
CELLSIZE 0.0666666666645545 
NODATA_value -3.4e+38 
[rows 0 to 25 of 299, columns 232 to 289 of 316]
-1090.25 -1076.25 -1079.73214285714 -1075.80357142857 -1076.46428571429 -1093.57142857143 -1113.03571428571 -1109.80357142857 -1100.625 -1085.625 -1071.10714285714 -1073.64285714286 -1054.5 -1050.67857142857 -1054.16071428571 -1059.91071428571 -1070.80357142857 -1082.53571428571 -1093.5 -1097.58928571429 -1109.60714285714 -1122.44642857143 -1089.21428571429 -1120.42857142857 -1137.78571428571 -1140.98214285714 -1153.48214285714 -1156.23214285714 -1159.78571428571 -1172.83928571429 -1161.85714285714 -1107.57142857143 -1119.39285714286 -1225.75 -1269.64285714286 -1272.44642857143 -1270.57142857143 -1262.16071428571 -1256.83928571429 -1255.66071428571 -1250.41071428571 -1237.875 -1245.71428571429 -1260.08928571429 -1261.67857142857 -1254.64285714286 -1222.76785714286 -1203.71428571429 -1212.76785714286 -1229.10714285714 -1236.82142857143 -1222.33928571429 -1212.80357142857 -1210.375 -1215.08928571429 -1189.58928571429 -1197.375 -1228.375
-1046.03125 -1035.171875 -1039.171875 -1045.625 -1059.765625 -1086.71875 -1102.03125 -1120.4375 -1105.84375 -1087.03125 -1072.71875 -1060.1875 -1045.890625 -1044.09375 -1044.53125 -1046.828125 -1059.109375 -1068.65625 -1079.65625 -1095.140625 -1108.84375 -1123.75 -1116.53125 -1102.6875 -1120.8125 -1136.125 -1141.859375 -1154.046875 -1161.328125 -1138.203125 -1169.125 -1118.8125 -1098.84375 -1198.53125 -1247.875 -1248.5 -1245.09375 -1247.390625 -1245.90625 -1246.796875 -1238.703125 -1233.796875 -1220.703125 -1237.53125 -1256.375 -1255.765625 -1243.421875 -1207 -1200.046875 -1204.359375 -1213.125 -1211.90625 -1216.15625 -1224.234375 -1225.59375 -1216.609375 -1188.296875 -1205.703125
-999.609375 -996.71875 -1004.53125 -1025.140625 -1053.765625 -1063.3125 -1076.140625 -1101.515625 -1110.546875 -1087.109375 -1069.890625 -1055.96875 -1045.4375 -1036.578125 -1036.890625 -1047.453125 -1052.703125 -1053.3125 -1057.21875 -1070.578125 -1085.875 -1101.046875 -1120.59375 -1121.1875 -1115.03125 -1129.9375 -1141.21875 -1154.046875 -1121.296875 -1065.375 -1142.203125 -1095.46875 -1126.859375 -1200.375 -1219.4375 -1231.875 -1234.96875 -1235.03125 -1247.25 -1245.359375 -1245.640625 -1229.25 -1162.578125 -1224.421875 -1249.28125 -1251.0625 -1247.875 -1231.359375 -1205.03125 -1199.390625 -1200.21875 -1211.28125 -1212.71875 -1209.90625 -1214.296875 -1222.625 -1221.953125 -1215.0625
-950.265625 -958.65625 -981.8125 -1013.046875 -1040.109375 -1008.234375 -950.40625 -1021.078125 -1080.4375 -1091.1875 -1065.75 -1048.578125 -1036.046875 -1029.078125 -1025.90625 -1022.828125 -1031.125 -1052.78125 -1069.265625 -1075.375 -1086.28125 -1085.875 -1095.25 -1105.859375 -1103.796875 -1108.5 -1120 -1136.78125 -1125.09375 -1066.0625 -1116.078125 -1139.671875 -1132.140625 -1179.390625 -1210.984375 -1219.3125 -1215.015625 -1229.59375 -1239.28125 -1236.65625 -1234.734375 -1213.078125 -1168.4375 -1192.421875 -1224.34375 -1233.8125 -1229.875 -1231.96875 -1235.25 -1223.96875 -1189.9375 -1187.953125 -1199.59375 -1214.8125 -1214.3125 -1208.59375 -1199.34375 -1206.0625
-922.96875 -936.3125 -961.28125 -984.78125 -1001.375 -1002 -959.625 -930.25 -991.953125 -1054.53125 -1047.359375 -1044.203125 -1035.375 -1025.796875 -1019.671875 -1007.515625 -1004.28125 -1031.125 -1032.671875 -1050.875 -1069.953125 -1075.5 -1073.578125 -1079.390625 -1086.5625 -1087.0625 -1104.734375 -1109.703125 -1137.53125 -1111.296875 -1101.359375 -1116.40625 -1123.84375 -1162.40625 -1179.65625 -1186.9375 -1199.28125 -1215.15625 -1223.90625 -1233.65625 -1236.34375 -1200.3125 -1225.40625 -1239.84375 -1250.390625 -1254.515625 -1249.9375 -1237.21875 -1224.84375 -1225.890625 -1219.9375 -1214.546875 -1177.703125 -1180.5625 -1193.078125 -1195.671875 -1187.875 -1184.015625
-908.625 -907 -938.515625 -963.546875 -976 -980.953125 -978.21875 -968.484375 -951.484375 -999.171875 -1016.3125 -1013.921875 -1018.859375 -1021.46875 -1015.796875 -1010.765625 -1020.765625 -1033.21875 -1043.765625 -1041.84375 -1054.765625 -1058.15625 -1045.046875 -1036.890625 -1055.3125 -1067.15625 -1084.875 -1095.75 -1126.796875 -1112.109375 -1065.6875 -1101.640625 -1110.640625 -1134.46875 -1143.734375 -1149.390625 -1163.515625 -1186.9375 -1206.859375 -1219.859375 -1228.625 -1228.84375 -1241.125 -1254.046875 -1255.34375 -1257.546875 -1255.578125 -1246.0625 -1230.359375 -1214.125 -1201.921875 -1198.9375 -1187.390625 -1167.875 -1166.71875 -1176.796875 -1169.046875 -1162.328125
-904.4375 -896.21875 -910.59375 -921.234375 -933.375 -943.75 -950.671875 -956.765625 -956.40625 -970.46875 -967.375 -967.453125 -969.234375 -986.5 -993.640625 -1003.78125 -1005.578125 -1009.609375 -1015.546875 -1030.4375 -1029.390625 -1033.421875 -1019.640625 -1026.3125 -1049.171875 -1051.046875 -1061.453125 -1075.46875 -1082.59375 -1088.796875 -1071.484375 -1076.8125 -1064.828125 -1071.296875 -1092.921875 -1108.109375 -1131.375 -1150.484375 -1153.90625 -1117.125 -1161.46875 -1226.953125 -1241.9375 -1241.25 -1242.9375 -1246.21875 -1248.203125 -1248.640625 -1240.265625 -1221.8125 -1198.046875 -1176.765625 -1173.09375 -1177.359375 -1172.359375 -1163.1875 -1158.515625 -1144.859375
-870.453125 -880.203125 -884.34375 -886.203125 -889.8125 -906.6875 -922.8125 -932.140625 -934.875 -933.484375 -938.21875 -945.109375 -947.578125 -951.953125 -949.734375 -962.296875 -976.796875 -987.0625 -990.75 -996.53125 -1010.71875 -1017.234375 -1013.546875 -1028.375 -1046.4375 -1047.296875 -1053.609375 -1058.5 -1071.390625 -1072.265625 -1065.9375 -1057.609375 -1027.390625 -1048.734375 -1048.8125 -1087.359375 -1110.6875 -1117.75 -1107.359375 -1094.40625 -1160.96875 -1201.3125 -1215.109375 -1218.140625 -1222.5 -1226.046875 -1230.78125 -1228.953125 -1218.1875 -1197 -1177.421875 -1154.265625 -1139.0625 -1146.4375 -1150.984375 -1163.515625 -1159.046875 -1155.609375
-858.90625 -862.921875 -856.640625 -850.6875 -855.78125 -874.796875 -897.734375 -913.1875 -920.4375 -918.96875 -918.96875 -929.0625 -933.796875 -940.953125 -941.515625 -946.671875 -944.15625 -938.375 -950.15625 -959.453125 -968.390625 -974.265625 -998.046875 -1018.875 -1041.1875 -1050.84375 -1053.890625 -1053.015625 -1059.953125 -1061.734375 -1061.84375 -1058.765625 -1065.328125 -1066.171875 -1070.453125 -1074.09375 -1076.890625 -1040.546875 -1075.25 -1124.078125 -1119.1875 -1154.125 -1178.765625 -1174.9375 -1176.78125 -1196.203125 -1201.6875 -1200.453125 -1187.609375 -1168.890625 -1152.40625 -1147.0625 -1151.578125 -1151.765625 -1152.046875 -1157.625 -1150.953125 -1141.03125
-774.5625 -757.640625 -785.421875 -800.703125 -810.25 -827.390625 -848.328125 -856.140625 -872.3125 -876.96875 -888.34375 -894.34375 -916.03125 -929.3125 -931.640625 -934.25 -933.609375 -931.421875 -933.0625 -940.578125 -944.15625 -968.3125 -998.703125 -1012.4375 -1030.296875 -1038.296875 -1050.96875 -1055.46875 -1038.9375 -1046.015625 -1052.234375 -1060.671875 -1052.703125 -1058.28125 -1063.4375 -1073.09375 -1075.78125 -1070.0625 -1067.109375 -1087.734375 -1100.9375 -1112.71875 -1135.359375 -1144.625 -1138.453125 -1169.75 -1180.90625 -1177.828125 -1169.03125 -1155.296875 -1143.09375 -1134.390625 -1128.484375 -1125.84375 -1125.3125 -1125.390625 -1125.359375 -1125.28125
-698.34375 -737.171875 -754.625 -736.1875 -758.171875 -769.03125 -774.4375 -772.953125 -789.125 -787.84375 -816.421875 -848.796875 -875.171875 -887.203125 -907.578125 -918 -922.234375 -928.5625 -940.6875 -952.765625 -962.484375 -977.03125 -991.53125 -998.75 -1015.171875 -1018.1875 -1034.5625 -1034.359375 -966.625 -1017.46875 -1040.171875 -1010.515625 -972.296875 -1013.234375 -1048.828125 -1058.859375 -1062.265625 -1070.359375 -1075.875 -1074.21875 -1087.65625 -1079.53125 -1086.65625 -1118.4375 -1116.734375 -1124.28125 -1140.234375 -1156.453125 -1152.578125 -1144.65625 -1134.953125 -1130.90625 -1126.625 -1126.921875 -1128.296875 -1131.078125 -1136.65625 -1136.171875
-632.65625 -661.703125 -686.34375 -680.578125 -681.140625 -680.984375 -687.359375 -723.609375 -744.03125 -760.734375 -783.34375 -807.046875 -819.6875 -831.28125 -867.671875 -867.40625 -867.984375 -899.703125 -924.6875 -944.125 -964.703125 -961.0625 -966.09375 -968.328125 -982.203125 -1009.65625 -1025.265625 -990.625 -924.9375 -978.890625 -1013.890625 -1005.34375 -917.6875 -905.0625 -972.40625 -1026.078125 -1054.9375 -1057.859375 -1064.6875 -1080.234375 -1086.828125 -1084.25 -1071.59375 -1075.5 -1105.859375 -1085.96875 -1107.453125 -1135.078125 -1135.671875 -1133.3125 -1132.671875 -1133.234375 -1123.15625 -1117.875 -1119.21875 -1119.578125 -1116.25 -1114.421875
-617.453125 -617.546875 -627.0625 -638.765625 -640.09375 -674.65625 -686.625 -702.1875 -721 -743 -777.890625 -797.78125 -816.609375 -832.90625 -838.78125 -847.8125 -848.796875 -852.03125 -879.921875 -895.09375 -921.46875 -925.5 -899.78125 -896.921875 -894.65625 -947.703125 -1013.359375 -988.609375 -940.671875 -920.703125 -973.640625 -1016.203125 -962.59375 -977.328125 -1016.078125 -1037.859375 -1047.75 -1061.421875 -1057.609375 -1067.265625 -1084 -1085.875 -1085.28125 -1070.5 -1082.546875 -1080.28125 -1082.921875 -1090.84375 -1105.90625 -1098.609375 -1099.96875 -1114.015625 -1106.578125 -1098.03125 -1100.03125 -1100.015625 -1097.515625 -1090.6875
-624.671875 -604.328125 -616.09375 -586.71875 -623.578125 -642.828125 -675.609375 -703.109375 -710.4375 -720.734375 -753.90625 -746.546875 -769.078125 -786.484375 -810.828125 -815.96875 -813 -822.765625 -839.859375 -863.21875 -891.875 -910.203125 -908.734375 -885.1875 -859.171875 -868.765625 -932.328125 -978.515625 -945.515625 -934.40625 -984.890625 -1013.9375 -995.59375 -1008.34375 -1022.5 -1029.875 -1041.046875 -1054.015625 -1061.671875 -1070.46875 -1077.15625 -1082.796875 -1078.375 -1068.4375 -1067 -1068.34375 -1071.578125 -1075.46875 -1084.78125 -1083.0625 -1082.5 -1081.65625 -1082.03125 -1075.859375 -1069.546875 -1066.796875 -1066.5 -1068.484375
-614.859375 -607.84375 -616.0625 -616.96875 -625.9375 -635.0625 -664.421875 -685.15625 -707.53125 -708.1875 -719.828125 -684.859375 -649.53125 -719.109375 -760.03125 -784.078125 -809.453125 -829.03125 -838.03125 -841.296875 -856.109375 -884.390625 -907.59375 -880.140625 -874.453125 -887.734375 -915.953125 -939.984375 -899.3125 -906.0625 -969.296875 -978.515625 -977.4375 -1000.796875 -1008.765625 -1014.078125 -1032.96875 -1047.265625 -1049.5 -1063.78125 -1070.125 -1061.734375 -1054.359375 -1044.625 -1046.21875 -1046.125 -1053.6875 -1065.21875 -1073.109375 -1077.78125 -1077.203125 -1069.984375 -1058.609375 -1050.984375 -1047.078125 -1050.59375 -1063.40625 -1078.15625
-599.4375 -598.859375 -619.5625 -633.6875 -627.765625 -659.375 -676.21875 -680.09375 -652.8125 -647.46875 -650.15625 -633.75 -620.03125 -661.296875 -709.859375 -741.140625 -738.640625 -775.953125 -793.3125 -805.171875 -828.78125 -856.828125 -885.875 -867.78125 -867.453125 -879.234375 -927.765625 -908.28125 -842.390625 -861.296875 -897.484375 -887.84375 -904.96875 -954.140625 -981.53125 -989.75 -1011.34375 -1020.296875 -1029.703125 -1038.953125 -1051.484375 -1036.6875 -1032.265625 -1027.671875 -1028.140625 -1023.5 -1040.9375 -1057.90625 -1070.875 -1081.78125 -1083.140625 -1077.375 -1065.25 -1058.25 -1058.765625 -1068.90625 -1079.6875 -1077.734375
-599.296875 -591.515625 -599.609375 -621.765625 -647.65625 -640.3125 -632.546875 -635.8125 -613.40625 -612.703125 -594.921875 -554.046875 -585.90625 -578.546875 -635.375 -677.4375 -702.921875 -727.75 -755.25 -786.109375 -826.890625 -851.546875 -835.8125 -830.84375 -858.578125 -905.140625 -896.28125 -837.828125 -800.734375 -845.796875 -842.359375 -806.609375 -861.34375 -911.765625 -938.625 -966.03125 -969.390625 -980.9375 -1008.25 -1018.546875 -1010.3125 -1004.890625 -997.34375 -1002.3125 -997.234375 -978.390625 -976 -1013.28125 -1053.3125 -1055.671875 -1050.421875 -1052.546875 -1052.40625 -1035.640625 -1045.328125 -1053.25 -1036.546875 -1027.640625
-595.078125 -595.140625 -610.828125 -584.953125 -626.5 -626 -596.78125 -596.21875 -599.828125 -606.75 -574.46875 -548.328125 -561.390625 -576 -628.453125 -654.328125 -669.578125 -723.4375 -744.296875 -754.609375 -761.90625 -785.953125 -833.96875 -853.34375 -896.046875 -883.6875 -834.546875 -811.40625 -789.125 -827.4375 -794.078125 -769.359375 -817.734375 -869.0625 -888.859375 -918.765625 -954 -979.328125 -982.921875 -970.46875 -988.859375 -994.53125 -990.046875 -986.640625 -983.265625 -973.90625 -964.1875 -969.234375 -990.25 -981.21875 -995.4375 -1019.046875 -1016.6875 -996.921875 -1005.578125 -1031.5 -1011.484375 -994.34375
-584.046875 -579.375 -600.671875 -592.015625 -581.21875 -621.6875 -620.984375 -585.40625 -596.234375 -597.453125 -598.796875 -587.53125 -600.0625 -604.09375 -613.984375 -622.796875 -687.875 -702.859375 -702.515625 -720.984375 -749.75 -772.578125 -802.453125 -850.546875 -887.0625 -832.875 -772.265625 -691.546875 -762.109375 -839.296875 -796.484375 -724.84375 -766.15625 -805.953125 -874.359375 -867.796875 -876.171875 -883.546875 -890.484375 -908.859375 -952.1875 -971.5 -970.046875 -962.21875 -976.28125 -956.59375 -948.453125 -941.40625 -936.6875 -962.109375 -975.734375 -991.09375 -1009.171875 -988.234375 -999.125 -1001.390625 -989.734375 -968.46875
-587.109375 -613.328125 -608.078125 -610.125 -620.5 -626.25 -656.984375 -593.421875 -593.21875 -598.84375 -609.46875 -623.453125 -624.265625 -630.640625 -623.5 -645.296875 -674.015625 -662.96875 -722 -734.875 -757.484375 -777.0625 -816.40625 -873.328125 -843.9375 -784.921875 -741.921875 -675.328125 -658.765625 -762.578125 -803.3125 -710.09375 -775.140625 -802.265625 -781.71875 -786.765625 -828.28125 -876.078125 -926.890625 -965.765625 -961.375 -962.171875 -932.796875 -906.15625 -942.984375 -958.9375 -952.484375 -936.78125 -916.703125 -932.171875 -962.015625 -978.734375 -987.5625 -966.375 -971.75 -971.140625 -963.953125 -966.859375
-587 -561.28125 -560.640625 -563.296875 -564.625 -579.5625 -640.765625 -634.796875 -623.359375 -602.46875 -625.5 -643.71875 -643.890625 -638.75 -640.796875 -646.90625 -674.46875 -703.359375 -730.234375 -722.65625 -750.765625 -743.265625 -781.234375 -843.1875 -790.625 -748.046875 -738.03125 -673.109375 -736.34375 -834.46875 -804.28125 -702.21875 -748.78125 -785.90625 -823.59375 -848.078125 -912.25 -942.6875 -935.921875 -939.28125 -868.578125 -922.71875 -888.28125 -884.78125 -921.765625 -946 -955.890625 -943.640625 -921.390625 -906.140625 -913.34375 -933.890625 -965.359375 -949.453125 -928.578125 -935.421875 -939.96875 -948.71875
-580.984375 -576.96875 -572.6875 -572.1875 -584.453125 -581.609375 -586.453125 -602.734375 -677.890625 -658.09375 -665.796875 -678.984375 -699.640625 -662.984375 -669.59375 -656.71875 -684.390625 -677.640625 -732.21875 -694.15625 -714.25 -742.125 -807.765625 -799.640625 -810 -825.46875 -822.515625 -739.28125 -821.75 -799.421875 -846.578125 -844.78125 -851.265625 -863.34375 -869.8125 -907.546875 -888.140625 -906.015625 -834.015625 -863.828125 -838.40625 -856.9375 -844.953125 -856.890625 -893.4375 -925.484375 -943.921875 -922.796875 -901.046875 -883.390625 -879.203125 -910.953125 -925.046875 -911.0625 -904.359375 -919 -926.765625 -941.453125
-603.53125 -589.875 -570.828125 -571.515625 -577.65625 -574.40625 -576.1875 -585.078125 -613.84375 -643.6875 -656.40625 -697.53125 -722.265625 -719.203125 -720.09375 -743.75 -725.125 -746.578125 -755.5 -765.046875 -783.15625 -774.375 -793.078125 -743.546875 -781.765625 -731.671875 -706.34375 -656.40625 -795.671875 -691.59375 -665.671875 -684.171875 -718.078125 -763.921875 -822.890625 -808.375 -841.703125 -836.78125 -789.375 -790.734375 -785.09375 -794.640625 -824.90625 -843.578125 -864.84375 -905.625 -928.578125 -916 -898.5625 -892.28125 -882.328125 -884.09375 -873 -885.359375 -882.765625 -893.09375 -906.59375 -926.671875
-589.828125 -576.15625 -564.28125 -585.09375 -597.640625 -598.46875 -592.140625 -573.25 -588.078125 -586.0625 -602.453125 -609.609375 -612.234375 -627.625 -655.671875 -644.625 -624.421875 -653.734375 -652.609375 -634.28125 -683.25 -774.1875 -778.96875 -721.421875 -694.9375 -626.5 -618.28125 -567.921875 -608.078125 -681.90625 -619.59375 -648.453125 -674.578125 -700.203125 -727 -756.25 -746.359375 -762.0625 -733.25 -774.640625 -803.46875 -830.546875 -835.796875 -851.71875 -867.09375 -894.953125 -913.65625 -896.90625 -896.078125 -867.703125 -858.046875 -854.671875 -853.84375 -863.8125 -879.359375 -898.53125 -909.796875 -916.640625
-557.765625 -542.359375 -546.34375 -579.109375 -584.59375 -587.9375 -586.71875 -593.515625 -596.34375 -611.640625 -630.09375 -644.28125 -660.75 -660.078125 -662.34375 -668.875 -681.890625 -681.125 -699.828125 -712.828125 -723.5 -766.40625 -757.421875 -711.75 -710.109375 -677.296875 -663.671875 -631.453125 -564.671875 -591.609375 -618.546875 -653.359375 -654.609375 -655.984375 -672.25 -712.375 -741.484375 -751.78125 -774.171875 -769.375 -780.234375 -796.421875 -822.265625 -851.59375 -865.40625 -890.296875 -880.4375 -876.453125 -866.125 -869.3125 -857.34375 -836.765625 -843.125 -859.234375 -876.390625 -882.65625 -896.5 -920.0625
-528.546875 -518.515625 -536.03125 -552.109375 -546.546875 -552.59375 -567.765625 -589.265625 -592.265625 -605.5 -624.984375 -654.75 -678.828125 -667.65625 -641.34375 -630.078125 -614.390625 -610.5625 -637.734375 -631.546875 -671.609375 -754.984375 -671.359375 -635.109375 -676.8125 -669.796875 -667.5 -632.078125 -572.6875 -580.796875 -626.796875 -679.03125 -710.640625 -733.046875 -740.765625 -756.109375 -771.375 -770.359375 -787.59375 -805.625 -818.234375 -824.609375 -829.203125 -839.640625 -868.90625 -872.484375 -834.515625 -867.671875 -865.15625 -846.5625 -845.484375 -825.5625 -826.65625 -838.046875 -849.75 -867.96875 -890.09375 -878.28125
