Cases/SDM_Urocitellus_beldingi/westernUsClimate_historic/BIO18.asc
NCOLS 316 
NROWS 299 
XLLCORNER -124.820833001 
YLLCORNER 29.1625003333339 
CELLSIZE 0.0666666666645545 
NODATA_value -3.4e+38 
[rows 50 to 74 of 299, columns 57 to 113 of 316]
2825.109375 2765.59375 2776.296875 2650.71875 2302.359375 1905.15625 1717.890625 1792.53125 1929.734375 2063.46875 1868.359375 1889.1875 1806.09375 1962.96875 1938.4375 2024.25 2088.9375 2106 2184.3125 2258.53125 2228.953125 2207.375 2235.5 2334.40625 2251.515625 2247.734375 2549.8125 2820.34375 3156.515625 3415.171875 3676.953125 3951.84375 4121.84375 4467.515625 4761.6875 4877.21875 5040.25 5715.875 6699.109375 7599.21875 8053.421875 8238.640625 8038.546875 8083.921875 8608.953125 8553.828125 7284.359375 7052.09375 7391.984375 7963.21875 8080.34375 8251.609375 8246.078125 8456.140625 8660.875 8429.15625 8378.96875
2323.84375 2360.890625 2115.59375 2071.453125 2240.1875 2448.859375 2181.875 1915 2048.921875 2161.671875 2272.484375 2222.765625 2094.265625 2059.484375 2019.984375 2081.859375 2152.828125 2206.609375 2258.546875 2294.703125 2306.03125 2417.125 2498.453125 2605.34375 2496.484375 2637.375 2853.421875 3130.453125 3250.59375 3485.921875 3871.015625 4132.03125 4195.40625 4472.25 4532.703125 4788.9375 5367.328125 6261.515625 6876.484375 7638.609375 8224.375 8392.578125 8061.28125 7686.5625 7796.5 7766.90625 7115.640625 7008.390625 7306.921875 7315.625 7635.8125 7715.546875 7767.5625 8441.796875 8863.71875 8843.125 8729.4375
2474.75 2446.625 2517.09375 2579.671875 2593.90625 2607.734375 2562.171875 2410.046875 2142.015625 2142.046875 2199.234375 2276.15625 2293.59375 2193.390625 2169.125 2213.265625 2253.203125 2291.0625 2546.84375 2546.8125 2552.5625 2742.703125 2871.625 2992.125 3132.734375 3353.640625 3513.84375 3716.8125 4031.796875 4346.828125 5076.25 4654.15625 4457.328125 4489.890625 4785.53125 5819.609375 7163.09375 7666 7737.328125 7902.546875 8067.40625 8527.59375 8250.234375 7879.25 7432.734375 7342.28125 6801.609375 7424.4375 7953.734375 7413.421875 7747.9375 7322.453125 7207.671875 7865.765625 8351.421875 8640.671875 8621.21875
2666.0625 2707.8125 2506 2838.484375 2722.984375 2620.171875 2549.75 2573.578125 2511.15625 2297.734375 2340.453125 2444.296875 2561.390625 2559.625 2486.515625 2539.859375 2527.53125 2730.015625 3034.640625 2994.609375 3047.15625 3292.8125 3521.046875 3763.359375 3819.53125 3898.46875 4073.234375 4365.59375 4914.875 5748.34375 6006.6875 5440.984375 4883.359375 4804.703125 5254.125 6415.90625 6892.4375 7682.53125 8233.0625 8101.078125 7944.375 8011.140625 8296.609375 8323.125 6743.1875 6840.484375 6932.640625 7813.21875 9022.984375 8363.734375 8442.125 8114.984375 7611.875 7279.984375 7844.5625 8288.890625 8436.015625
3126.484375 3140.40625 2600.84375 3010.078125 2700.046875 2722.453125 2783.546875 2654.546875 2593.53125 2629.953125 2725.15625 2912.8125 3001.1875 2964.65625 2992.96875 2962.59375 3126.578125 3244.828125 3245.453125 3314.1875 3777.234375 4217.078125 4368.484375 4578.390625 4628.15625 4670.40625 4877.65625 5340.203125 6040.09375 6442.171875 6459.359375 5777.65625 5318.09375 5650.453125 6487.859375 6771.421875 6816.609375 7403.453125 7964.3125 8100.8125 7904.796875 8025.09375 7895.75 8031.515625 6680.71875 5848.015625 7362.609375 9893.46875 10301.234375 8949.3125 8606.125 8097.375 7998.03125 7874.125 7911.984375 8121.828125 8267.40625
3130.875 2848.4375 2606.8125 3341.78125 3077.5 3153.25 2929.078125 2570.90625 3074.09375 3553.34375 3292.734375 3460.796875 3649.015625 3550.984375 3246.640625 3347.234375 3464.859375 3515.40625 3542.0625 3755.46875 3955.3125 4327.453125 4801.015625 5067.3125 5258.3125 5222.890625 5330.34375 6336.359375 6583.359375 5898.34375 6313.5 6218.734375 6424.0625 6755.640625 7012.171875 7202.390625 7383.1875 7009.265625 6881.703125 7504.953125 7612.140625 7489.953125 7495.5 7591.234375 6240.59375 5789.828125 6163.453125 8628.34375 9387.765625 8400.765625 8921.65625 8781.796875 8873.40625 9181.671875 9642.171875 8821.28125 7871.890625
2596.34375 2682.59375 3283.796875 3567.15625 3379.96875 3344.78125 3094.828125 2802.8125 3229.15625 3722.8125 3914.78125 3895.71875 3972.453125 3768.453125 3477.640625 3569.75 3670.71875 3743.53125 3878.25 4116.078125 4538.6875 4781.4375 4754.765625 5100.5625 5267.4375 5590.734375 6006.25 6657.546875 6487.359375 6161.359375 6411.25 6496.515625 6423.765625 6231.15625 6681.484375 6612.53125 6756.9375 6992.015625 6795.828125 7258.984375 7237.828125 6954.203125 7015.25 6746.546875 6024.296875 5471.25 5631.09375 6285.96875 8573.40625 9260.578125 9547.46875 9215.3125 8986.6875 9172.71875 10064.25 10338.921875 9608.828125
2804.234375 3533.984375 3705.078125 3504.546875 3351.21875 3337.03125 3095.96875 3040.640625 3757.09375 4240.921875 4525.546875 4425.46875 4280 4142.046875 3939.890625 3928.5625 4231.03125 4432.078125 4595.671875 4450.125 4637.1875 5009.359375 5270.0625 5487.421875 5534.65625 5566.59375 5742.828125 6227.921875 6225.09375 6327.9375 6311.421875 5999.015625 5825.390625 5945.21875 6380.5 6588.171875 6776.15625 7216.140625 7292.96875 7317.265625 7196.1875 7169.40625 7201.171875 6951.453125 6495.59375 5402.953125 5632.625 6858.21875 9071.28125 10169.6875 10173.28125 9658.3125 8670.390625 8903.75 9184.015625 9806.171875 9875.59375
3157.15625 3759.828125 3659.59375 3446.875 3388.96875 3391.59375 3298.75 3094.390625 3477.671875 3951.140625 4165.46875 4212.421875 4137.5 4244.28125 4484.390625 4473.21875 4603.53125 4931.25 5220.90625 5407.765625 5539.15625 5486.703125 5394.296875 5587.5625 5307.625 5501.625 5592.578125 5510.515625 5723.84375 5743.015625 6527.359375 6440.203125 6397.34375 6353.328125 6729.703125 6785.296875 6453.4375 6423.859375 6993.78125 7158.53125 6848.390625 7415.875 7208.484375 7252.796875 7121.34375 6806.125 6853.65625 7125.609375 8561.015625 9421.625 9706.828125 9065.96875 8480.75 8524.484375 8770.625 8950.140625 9343.0625
3530.9375 3663.640625 3560.296875 3548.46875 3534.171875 3570.6875 3325.125 3390.5625 3258.84375 4372.9375 4417.484375 4443.6875 4566.625 4804.859375 5174.40625 5482.65625 5384.4375 5701.109375 5696.609375 5879.40625 5940.59375 5834.765625 5405.75 5015.609375 4956.25 5063.78125 5327.703125 5438.015625 5453.0625 5612.15625 6583.8125 6421.125 6483.125 6650.90625 6436.390625 6279.890625 6509.78125 6660.703125 6751.203125 6776.71875 6982.9375 8294.359375 7353.109375 6450.9375 6835.984375 6565.671875 7032.0625 8079.4375 8325 8418.171875 7577.65625 7451.59375 7931.890625 8449.375 9001.453125 8933.40625 9184.984375
4026.296875 3642.65625 3647.125 3822.484375 3870.0625 3862.875 3843.28125 3558.71875 3849.46875 4521.75 4714.34375 5186.34375 5551.859375 5795.3125 5710.71875 5695.421875 5708.59375 5778.453125 6233.4375 6196.65625 5898.8125 5196.375 4424.359375 4233.53125 4469.171875 4612.921875 4907.40625 4838.890625 4897.296875 5310.796875 6193.296875 6446.71875 5440.875 5744.375 5603.984375 5966.125 6412.375 6474.796875 6969.078125 7122.546875 7082.171875 7183.359375 6335.703125 6411.015625 6656.65625 6232.734375 5988.25 6613.78125 7097.5 7576.828125 7096.515625 6963.890625 7247.09375 7713.265625 8343.046875 8604.046875 9078.328125
4012 3919.875 4129.21875 4312.765625 4448.28125 4454.359375 4512.6875 3800.75 4006.046875 5114.125 5470.765625 5374.4375 5508.484375 5943.546875 5988.9375 5709.140625 5707.71875 5244.1875 5735.21875 5828.890625 5512.390625 4664.765625 4691.21875 4832.859375 5632.46875 5447.59375 5500.25 5343.09375 5117.3125 5507.59375 5966.328125 6111.90625 5820.71875 6006.46875 5846.0625 5889.90625 5927.40625 6271.65625 6210.953125 6365.3125 6794.671875 7007.546875 6640.953125 6754.453125 6511.953125 5961.21875 5688.453125 6051.109375 6918.28125 7929.65625 7169.3125 6942.1875 7129.015625 7353.15625 7575.609375 8190.21875 9499.015625
3937.828125 4244.9375 4362.640625 4449.09375 4620.0625 4683.765625 4547.953125 3790.8125 3482.96875 4328.6875 4877.875 5158.84375 5800.046875 5760.59375 5490.828125 5032.5625 5277.65625 5516.53125 5686.859375 5552.265625 5323.9375 5735.265625 5372.078125 5459.265625 5482.1875 5567.4375 5695.109375 5527.4375 5198.640625 4866.09375 5167.234375 5453.0625 5785.71875 5359.09375 5846.40625 6134.1875 6315.046875 6419.453125 6308.71875 6445.796875 6311.46875 6840.9375 7238.4375 7110.9375 6804.515625 5825.53125 5643.09375 5633.578125 6332.703125 6581.796875 6240.3125 6918.46875 7414.984375 7394.03125 7112.328125 6981.140625 7444.296875
3746.921875 3955.546875 3939.25 4075.125 4389.078125 4637.40625 4347.15625 4091.046875 3776.734375 4350.15625 4747.671875 4936.609375 5030.734375 5241.75 5300.328125 5265.84375 5429.875 5458.875 5329.125 5501.90625 5135.828125 5006.578125 5328.515625 5294.65625 5468.03125 4994.90625 5444.296875 5853.8125 6009.546875 5953.875 5598.75 5251.484375 5343.859375 5801.46875 6060.34375 6428.21875 6372.53125 6651.59375 6462.8125 6227.34375 6454.015625 6554.03125 6722.796875 7034.734375 7076.90625 6023.84375 5478.484375 5385.703125 5403.640625 5656.8125 5234.375 5434.03125 5847.078125 6731.125 6991.046875 6677.328125 6193.859375
3556.84375 3562.46875 3949.609375 4199.84375 4471.171875 4567.546875 4377.75 4294.5625 4480.65625 4451.375 4885.265625 4958.25 4853.421875 4990.515625 5070.21875 5307.75 5548.859375 5607.09375 5563.796875 5373.578125 5469.625 5463.25 5435.1875 5375.25 5495.078125 4948.609375 5254.265625 6090.65625 6115.421875 5996.46875 5689.609375 6041.34375 6074.90625 6034.015625 6289.796875 6766.671875 6549.46875 6671.25 6817.9375 6293.765625 5623.21875 5800.234375 5839.890625 6288.421875 6542.109375 6599.1875 6033.046875 5575.359375 5564.875 5840.75 5427.71875 5204.015625 5417.53125 6023.765625 6407.296875 5767.875 5218
3545.1875 3667.78125 4093.21875 4209.1875 4196.171875 3945.96875 4212.59375 4484.671875 4643.34375 4969.15625 4864.625 4493 4856.8125 5100 5390.515625 5388.015625 5372.84375 5869.96875 5271.109375 5309.5625 5419.625 4929.765625 5193.3125 5046.078125 5388.75 4835.046875 5160.578125 5937.578125 6228.09375 6121.359375 5398.328125 5456.703125 5901.34375 5953.65625 6060.84375 6880.125 7584.5625 7307.640625 6301.28125 5869.609375 5590.484375 5612.46875 6089.8125 6302.1875 6400.421875 6704.609375 6841.1875 5877.046875 5960.515625 6274.859375 6071.578125 6052.53125 5848.109375 6088.328125 6636.859375 6273 5382.578125
3317.03125 3623.484375 3901.109375 3790 4200.96875 4209.15625 3910.375 4102.46875 4681.09375 4591.84375 5429.828125 5173.734375 5333.15625 5302.0625 5088.078125 4691.734375 4924.78125 5627.671875 4705.40625 4774.75 5307.796875 4804.078125 4800.109375 5122.859375 5323.53125 4699.46875 5736.140625 5886.96875 5734.671875 5650.34375 5519.90625 5041.875 5810.96875 6076.625 6250.28125 6394.125 6580.28125 6327.953125 6203.203125 5670.203125 5626.875 6012.359375 6014.875 6082.71875 6303.46875 6657.125 5888.765625 5952.71875 6156.578125 6159.953125 6228.515625 5971.4375 5577.6875 5558.34375 6213.28125 6653.796875 6398.546875
3348.78125 3597.640625 3909.046875 3824.859375 3704.859375 4187.5 4204.546875 4717.265625 4577.90625 5187.703125 5644.59375 5763.1875 5676.515625 5993.421875 4711 5076.640625 6053.90625 5933.703125 4598.46875 4624.703125 5146.5625 4932.375 4646.96875 4742.984375 4916.984375 5165.171875 6344.203125 6388.296875 6009.71875 5674.796875 5444.015625 5439.21875 5744.109375 5814.140625 5981.015625 6604.875 6893.59375 6366.859375 6282.34375 6116.796875 5674.015625 5891.65625 5792.8125 5319.59375 6149.671875 5820.203125 6263.421875 6723.578125 7256.375 6940.90625 6756.296875 6388.8125 5220.09375 4733.375 5583.5625 6489.8125 6887.796875
3932.1875 4399.875 4512.78125 4290.59375 4397.640625 4493.75 4750.4375 5279.9375 5259.828125 5024.84375 5448.125 5384.28125 5538.578125 5460.65625 5129.75 5779.078125 5779.109375 5521.96875 5439.625 5104.625 5358.25 5010.28125 4846.3125 4760.53125 4703.03125 5010.53125 5074.890625 5376.390625 5487.0625 5865.859375 5803.65625 5627.359375 5926.203125 6441.125 6857.890625 6747.8125 7396.4375 7045.96875 6702.265625 6104.421875 6061.28125 5576.078125 5336.125 5453.578125 5562.8125 5513.8125 5844.796875 5677.421875 5559.328125 5602.171875 6314.109375 6497.59375 6484.671875 5824.09375 4989.34375 5559.90625 5529.375
3990.6875 4444.796875 4303.375 4353.34375 4439.71875 4805.75 5244.671875 5514.203125 5650.078125 5536.046875 5730.546875 5934.125 5579.53125 4971.671875 4953.375 5122.375 5032.125 5254.21875 5303.9375 5125.375 5249.90625 5293.984375 5224.09375 5385.65625 5309.390625 5531.171875 5531.03125 5677.84375 5558.4375 5710.1875 5717.390625 5674.4375 6055.109375 6336.671875 6554.34375 6663.515625 7099.640625 7249.015625 6715.703125 5877.765625 5610.15625 5554.65625 5043.8125 5082.5 5123.078125 5547.4375 5809.734375 5688.640625 4977.546875 5094.46875 6177.0625 6948.703125 6794.65625 5979.046875 5688.953125 4579.4375 4625.625
3959.3125 4006.84375 4087.359375 4402.25 4388.140625 4704.484375 5005.3125 5356.34375 5472.859375 5976.1875 6217.40625 6137.15625 5912.828125 5783.578125 5456.390625 5356.765625 4909.453125 4815.578125 4746.828125 4721.234375 4532.953125 4883.234375 5072.328125 4742.46875 5064.75 5240.421875 5286.75 5483.21875 5501.0625 5575.984375 5657.421875 5612.875 5706.953125 6207.828125 6486.828125 6592.15625 6700.546875 7173.375 6582.546875 5689.53125 6127.40625 5799.015625 5476.765625 5301.171875 5961.515625 5437.03125 5180.15625 4796.203125 4622.484375 4828.515625 5442.5 5902.671875 6138.734375 6232.265625 5890.171875 4483.4375 4349.21875
4010.3125 4056.34375 3982.140625 4193.96875 4501.953125 4539.5 4701.484375 4999.890625 5415.71875 6398.203125 6515.75 5934.03125 5634.234375 5577.34375 5608.875 5552.65625 5469.0625 4917.734375 4959.5 4927.640625 4752.9375 5080.03125 5296.234375 4927.359375 4655.75 4668.421875 5006.15625 5142.4375 5123.078125 5517.1875 5537.703125 5724.859375 5730.984375 6133.734375 6646.3125 6728.328125 6359.546875 6579.078125 5732.5 5312.40625 5476.375 5576.125 5344.390625 5360.71875 4948.578125 4597.046875 4453.6875 4512.65625 4820.015625 4725 4704.875 4692.828125 5140.765625 5619.390625 5261.328125 4455.953125 3698.890625
4424.390625 4599.171875 4339 4527.5 4653.765625 4569.625 4523.078125 4881.734375 5189.15625 5514.5625 5776.421875 5825.78125 5771 5321.109375 5159.890625 5157.78125 5210.25 5256.40625 5308.140625 5227.3125 4988.03125 5064.171875 5290.9375 5251.34375 5102.703125 5391.5 5618.9375 5687.15625 5414.265625 5406.96875 5448.234375 5372.234375 5041.640625 5107.890625 5247.90625 5205.25 5125.734375 5170.171875 5109.5625 5177.453125 4912.28125 5185.671875 5187.0625 5305.5 5117.890625 4745.953125 4711.546875 4674.265625 4739.375 4754.1875 4681.90625 4189.234375 4092.28125 4417.953125 4587.59375 4322.859375 3680.03125
5038.671875 4959.71875 4620.015625 4643.109375 4455.40625 4454.4375 4312.59375 4578.5 4659.125 4868.703125 4894.578125 4854.21875 4991.640625 4895.078125 4755.3125 4703.765625 4763.9375 4806.40625 4902.984375 5100.8125 5158.9375 5223.546875 5247.671875 5224.046875 4844.03125 5265.34375 5384.828125 5700.28125 5444.1875 5348.921875 5319.203125 5360.21875 5190.265625 5093.03125 5042.125 4767.3125 4892.46875 5270.296875 5102.21875 5135.46875 5298.640625 5153.4375 5271.75 5302.234375 5151.203125 4827.390625 4515.640625 4676.078125 4940.703125 4825.796875 4923.90625 4459.28125 3946.90625 3763.375 3959.109375 4039.84375 4077.09375
4377.609375 4485.53125 4494.703125 4493.5 4279.0625 4267 4316.8125 4404.5 4496.28125 4528.921875 4429.234375 4423.640625 4277.265625 4301.375 4481.296875 4620.140625 4556.890625 4575.5625 4900.34375 5199.078125 5085.0625 5057.125 5384.15625 5291.046875 5221.140625 5275.15625 5443.96875 5538.140625 5447.84375 5388.296875 5260.03125 5390.78125 5398.125 5306.765625 4984.875 4812.265625 4781.078125 5022.5625 5300.203125 5079.578125 5006.96875 4850.59375 4771.796875 4539.59375 4623.21875 4382.40625 4263.90625 4301.609375 4321.328125 4359.359375 4738.484375 4747.828125 4194.125 3865 3612.8125 3561.546875 3632.21875
