Cases/SDM_Urocitellus_beldingi/westernUsClimate_historic/ELEVATION.asc
NCOLS 316 
NROWS 299 
XLLCORNER -124.820833001 
YLLCORNER 29.1625003333339 
CELLSIZE 0.0666666666645545 
NODATA_value -3.4e+38 
[rows 84 to 104 of 299, columns 184 to 229 of 316]
1569.77731323242 1565.82206344604 1528.57926750183 1507.27656173706 1463.65281867981 1436.98313713074 1424.77196502686 1429.82263374329 1436.5144443512 1510.06792640686 1727.80334854126 1716.72249221802 1720.37544059753 1857.74150466919 2014.03048706055 2060.98808670044 1805.09725570679 1708.31784820557 1736.83836555481 1976.63914680481 2302.94208526611 2305.26089668274 2504.16301727295 2466.79104232788 2241.30414390564 1882.56149673462 1989.20909500122 2267.84566116333 2597.30055999756 2879.24348449707 2847.93552780151 2905.05084991455 2880.84254837036 2984.34936141968 2800.51039886475 2563.81105041504 2765.15085601807 2760.5577507019 2726.83703994751 2777.32457351685 2924.99803924561 3159.01512145996 2969.27862167358 2809.98909759521 2519.91455078125 2228.77198600769
1491.8140296936 1499.8625087738 1471.92644691467 1457.67206192017 1443.21792793274 1416.57815361023 1412.0302734375 1420.77307319641 1478.26329231262 1651.53852272034 1851.44527244568 1753.88317680359 1834.08392715454 1877.80892753601 1992.19278335571 2046.52910041809 1900.00843811035 1992.33228874207 1809.84885597229 1755.78115844727 2176.86039733887 2565.58957672119 2467.10335540771 2426.14638900757 2258.10387802124 2019.39251708984 1935.57687187195 2093.38953208923 2400.86014556885 2702.08290481567 2876.5467300415 2656.89477920532 3073.35412216187 3073.7950630188 2914.49225616455 2762.5224647522 2775.7158164978 2697.33278656006 2621.4479598999 2754.27770233154 2966.55445861816 3257.88660430908 3395.32471084595 3206.29397201538 2925.0030670166 2719.82355880737
1417.20325279236 1419.14192199707 1411.96887588501 1410.39100456238 1407.9857749939 1400.18623352051 1404.79988098145 1491.02962875366 1758.31356239319 1892.38300323486 1983.64392471313 1829.91186714172 1871.8643913269 1956.7402305603 2020.51357460022 2001.04381942749 2017.68453025818 2217.85087585449 2235.98767852783 2118.84372329712 1862.5743522644 2090.40773010254 2333.20422935486 2554.38807296753 2423.59256362915 2145.14227676392 2105.79678153992 2003.65851402283 2179.90229606628 2544.91109466553 2305.35312080383 2248.20231628418 2542.07765960693 2744.904712677 3059.36870956421 2912.53506088257 2805.597240448 2579.54441452026 2551.87054443359 2707.86069488525 2697.51477050781 3162.87983703613 3490.07621765137 3526.79656600952 3309.67181015015 2939.65156173706
1377.08444976807 1369.36569786072 1373.90063476562 1379.20967292786 1384.0304775238 1392.6989364624 1435.60539627075 1509.91146278381 1679.63125228882 1980.29931259155 2080.3000202179 1925.05437469482 1990.26312255859 1942.13105392456 1986.52632904053 2107.64644050598 2122.91109657288 2182.9542388916 2165.64242172241 2113.17394256592 2092.32239532471 1798.7557926178 2150.51013565063 2472.2299118042 2643.13074111938 2316.05625534058 2000.27604103088 2326.12119102478 2103.31154060364 2400.88804626465 2181.32702064514 2125.46069335938 2164.82050895691 2235.7202796936 2603.93263626099 2830.54434204102 2822.91521835327 2584.57405090332 2562.70053482056 3019.95486068726 2989.34354400635 2988.70963668823 3504.23891830444 3554.75315093994 3188.54873275757 3244.10766601562
1358.765209198 1356.6087474823 1364.43684005737 1375.15268325806 1386.82249641418 1449.59904289246 1692.31148719788 1733.46746826172 1669.58850669861 1880.80920600891 2068.75595474243 1981.54353523254 1993.4845123291 2016.26263237 1960.97588157654 1944.02042007446 2051.55686759949 2098.58069419861 2203.84854316711 2256.02933502197 2135.13530349731 1896.07572364807 1804.01797294617 2201.32823562622 2213.40765190125 2131.38275527954 2072.5526638031 2433.78937339783 2292.07257843018 2731.77058029175 2295.88928222656 2252.16892433167 2082.26440429688 2179.07450866699 2371.08274841309 2679.26580810547 2569.47245788574 2485.84703063965 2452.04555130005 2981.64559936523 3214.21393966675 3199.88969039917 3201.23123931885 3656.37608718872 3552.21849441528 3403.61782455444
1359.22875785828 1358.17654800415 1388.10843658447 1491.98661613464 1537.86538505554 1511.07574272156 1702.24566078186 1841.51233673096 1814.23251914978 1786.09594917297 1886.582862854 2037.96697235107 2001.22267532349 1993.66111755371 1983.95944404602 1976.48140907288 1956.03980255127 2077.63509559631 2175.71030807495 2057.21101760864 2130.60962295532 2299.25444221497 1820.1745929718 1997.94557571411 2225.89192962646 2120.00879859924 2262.03247261047 2247.29573822021 2563.67752838135 2743.58739852905 2440.4758644104 2293.75380706787 2160.11576843262 2196.46453857422 2296.1029510498 2434.27988052368 2399.54298782349 2352.87022018433 2456.77194595337 2685.38735961914 3022.75262451172 3176.10606765747 3298.3063621521 3487.26058959961 3579.69167327881 3389.27585983276
1343.54227256775 1353.67538261414 1380.77119255066 1447.2985534668 1546.98083686829 1732.89074325562 1734.79813575745 1828.45816040039 1783.49230575562 1817.74545288086 1904.96786308289 1966.58762550354 2003.91460418701 1982.67503738403 2010.54814910889 2055.43783950806 1947.38645553589 1973.49378967285 2326.66056632996 2314.43504333496 2148.30695915222 2009.12647247314 1797.73605537415 1949.78553390503 2572.66961288452 2168.91720199585 2300.18205833435 2194.3607673645 2582.23249053955 2775.02046585083 2631.36973953247 2364.58261108398 2358.16032028198 2353.81014251709 2380.42581176758 2356.11638259888 2366.40588760376 2342.85286331177 2364.86721801758 2428.90947341919 2675.25360488892 2847.62158584595 2989.2082901001 3190.92483520508 3412.69065093994 3345.8860206604
1349.16838264465 1363.48071289062 1492.0899848938 1549.99199867249 1525.645154953 1845.92163467407 1883.07780075073 1912.46168708801 1772.77520942688 1909.71071815491 1903.41744422913 1920.12924957275 1888.87551307678 1927.39938926697 2020.2871837616 1940.71376800537 2003.43008041382 1974.68719291687 2092.10708045959 2177.14352989197 2114.26235580444 1965.33806419373 1800.01716804504 1896.24323272705 2504.54215812683 2541.56164169312 2213.12165641785 2347.86220550537 2683.29370880127 2833.57363510132 2736.27299499512 2613.02407836914 2466.53129196167 2402.33160018921 2337.98384094238 2297.83753204346 2279.41374206543 2299.65907669067 2294.35467529297 2294.47759246826 2407.06824111938 2469.34601593018 2866.60083007812 3005.75082015991 3189.91004943848 3324.91878128052
1361.52777481079 1385.93319129944 1602.07179260254 1794.00521087646 1694.60612869263 2061.2310256958 2311.44235992432 1943.36027336121 1712.32893562317 1942.27754592896 2012.25953292847 1923.07844543457 1897.64599990845 1913.67270278931 1914.24261665344 1928.7866153717 2021.4747467041 2194.12051010132 2085.79493141174 2177.50576972961 2302.33358573914 2175.47054290771 1944.03097724915 1835.05090141296 2115.62968063354 2592.13180923462 2540.9386882782 2178.33040237427 2565.3712387085 2764.49187088013 2705.98333740234 2540.8187828064 2406.39617156982 2324.25954818726 2291.25770187378 2249.71019744873 2246.53276443481 2280.59208297729 2248.30957794189 2233.90044021606 2292.85071563721 2337.3670501709 2508.20734405518 2731.50852966309 2951.68702316284 3072.76996994019
1587.50235176086 1433.0132522583 1593.44411277771 1780.52528762817 1699.11709976196 1863.44416618347 2058.37314414978 1908.12602424622 1702.90070533752 1665.29817581177 1824.35542106628 2035.89393806458 1921.59605789185 1924.66161155701 1872.44589996338 1937.27439117432 2031.91392326355 2104.14031410217 2054.31335830688 2243.26986694336 2233.79084014893 2148.11652374268 2133.02576637268 1913.66819953918 1989.3510761261 2447.66320419312 2717.30490875244 2265.18887710571 2473.69191360474 2755.79581451416 2641.98870849609 2479.6008682251 2357.15918731689 2323.37068939209 2307.12688064575 2246.12214279175 2216.21480178833 2209.79314804077 2190.9253616333 2223.29531860352 2206.21228408813 2217.5334854126 2273.53382492065 2390.10570907593 2581.68284988403 2824.4281578064
1919.88309860229 1821.00713920593 1504.63164901733 1582.87241744995 1522.86926841736 1716.94611167908 2211.51596832275 1981.91111564636 1663.76690483093 1633.87101745605 1678.77382278442 1889.3901348114 1926.76676368713 1902.97725296021 1893.21034049988 1937.26797866821 1965.50558853149 2030.77542877197 2082.19232177734 2129.75103569031 2410.63473129272 2177.02700805664 1984.32161521912 1845.91543579102 2036.57042503357 2577.87626647949 2797.17757034302 2416.12588500977 2647.94791030884 2841.99192810059 2605.27612304688 2467.69244766235 2383.8907623291 2320.4471206665 2272.11457824707 2250.75166320801 2217.73693466187 2193.51727294922 2172.8528213501 2270.54825210571 2219.35930252075 2169.75017547607 2176.97381973267 2228.65494155884 2290.09841156006 2705.32745742798
1783.75118637085 1912.74737739563 1757.77718162537 1938.48205757141 1544.97688865662 1650.54610443115 2273.01567077637 1914.7714805603 1760.27696228027 1701.21941184998 1673.60687255859 1728.1188659668 1888.67442131042 1886.17351722717 1845.05414581299 2026.4531211853 2010.01183891296 2006.4372253418 2101.75282859802 2326.41049957275 2352.22213745117 2227.12937927246 2054.24707794189 1892.47712898254 2056.25754737854 2509.41887664795 2826.31533432007 2547.87540435791 2697.34893417358 2906.56991577148 2725.15303039551 2595.00340270996 2432.72988128662 2399.36019515991 2340.42204284668 2250.55323410034 2195.32421875 2161.07469177246 2155.62432098389 2226.46130752563 2249.97111129761 2167.02278900146 2129.50679397583 2154.46870422363 2181.83690643311 2305.10054779053
1644.53888320923 1775.39579772949 1978.82988739014 2122.67816925049 1565.6383228302 1518.82327651978 1844.09785842896 1811.12058830261 1874.87607383728 1905.8807182312 1675.06580543518 1702.80396652222 1794.4797668457 1818.38572502136 1804.86708831787 1935.40838241577 2201.34281158447 2125.8893661499 2052.85851097107 2218.3241443634 2371.17795181274 2201.11384963989 2070.71273994446 1999.03337669373 2069.56998062134 2601.20767974854 2806.23496246338 2651.89916992188 2704.11793518066 2886.7596321106 2689.77312469482 2593.89223480225 2435.89696884155 2312.09230041504 2244.5379447937 2226.24642562866 2187.96383285522 2130.79056930542 2139.43075561523 2193.42380905151 2149.27878189087 2117.88549804688 2143.86684417725 2208.14752197266 2194.4313659668 2186.14978027344
1630.78708457947 1743.21766090393 1857.20154380798 1916.67708396912 1510.51425743103 1464.33012008667 1649.2255897522 1711.19410705566 1807.79542160034 1910.55677032471 1766.02638626099 1689.98771095276 1730.21450996399 2048.13396644592 1870.79131889343 1821.13085174561 1999.71688842773 2304.76785850525 2239.00103187561 2337.05481719971 2338.28771972656 2184.43829345703 2177.78100013733 2312.57757759094 2150.59799766541 2487.86953353882 2842.26533126831 2785.57542800903 2756.19305038452 2974.16846084595 2714.71239089966 2582.20576095581 2427.25868988037 2298.27394104004 2193.86909866333 2144.14179229736 2132.39780044556 2107.32057952881 2137.21273040771 2126.35280990601 2109.95616912842 2132.44595718384 2185.76971054077 2216.80068206787 2220.23983001709 2194.41310501099
1632.82120704651 1963.74722480774 1795.5505657196 1671.99234962463 1508.12602996826 1448.30733299255 1634.60715484619 1997.33818435669 2047.61399650574 2281.70380592346 1824.71249961853 1602.20642852783 1676.27744293213 2076.74193954468 2155.48831367493 2083.62763404846 1841.40635490417 2012.17756843567 2248.52090644836 2476.90201187134 2281.77116775513 2327.50819396973 2399.16208267212 2396.15787887573 2314.24430084229 2411.5491104126 2647.9497795105 2712.37215423584 2739.00217819214 2878.5613861084 2635.42122268677 2534.989818573 2362.912525177 2255.3543548584 2190.45925521851 2132.62349700928 2090.05293273926 2092.42538452148 2098.95204925537 2133.68562316895 2162.3530960083 2181.35112762451 2218.89812850952 2229.02084732056 2214.70121383667 2194.97807693481
1727.25536155701 1828.72822189331 1840.77006340027 1865.60886573792 1609.40173912048 1456.47932815552 1518.48795890808 1819.2372303009 2117.63384628296 2149.8909740448 1995.04183959961 1574.3745098114 1570.80452346802 1873.17413139343 2368.38499832153 2412.47386169434 1941.494972229 1833.86429214478 2017.50510025024 2550.88682937622 2303.71849060059 2302.61893463135 2264.54077529907 2179.38438415527 2309.68703460693 2367.82814788818 2539.45069122314 2762.20386886597 2794.26877975464 2606.2494468689 2681.41746139526 2761.30730819702 2453.18056488037 2337.84992218018 2217.62919616699 2145.30813980103 2103.23549461365 2089.46224403381 2170.47978973389 2142.16176223755 2166.91957473755 2165.98232650757 2182.64577865601 2194.56482315063 2174.02498626709 2154.90032196045
1770.70921707153 1670.08833885193 1755.55462646484 2155.97372055054 1864.31020355225 1495.38112449646 1508.21074104309 1577.52908706665 1858.97416114807 1947.83901596069 2130.90041542053 1763.67283248901 1554.23338890076 1933.92782592773 2403.57652664185 2258.18573379517 2010.58037567139 1944.34329032898 1870.37595367432 2387.01169967651 2237.51624679565 2099.10356521606 2016.0220489502 2106.97849655151 2178.82404136658 2259.59614944458 2425.68484115601 2611.13563156128 2831.71188354492 2621.38702392578 2659.87535858154 2907.87298202515 2547.54021453857 2345.09312820435 2264.62575531006 2163.67151260376 2060.04112625122 2110.16204452515 2177.37434387207 2193.59255599976 2159.32681274414 2155.00210952759 2158.24046707153 2123.36210250854 2118.08535003662 2122.25184631348
1850.36236953735 1650.09468460083 1771.54799842834 2264.22141075134 1902.93365097046 1744.3933429718 1843.4740447998 1659.24909591675 1589.16164016724 1809.32402038574 1836.02822685242 1761.06706428528 1626.32026863098 1992.12799263 2369.77925109863 2210.76880455017 1899.46296310425 1870.63841056824 1813.6021270752 2052.24423789978 2157.52795219421 2040.37484169006 1931.32633018494 2318.64233779907 2196.34441757202 2259.94984436035 2518.63499450684 2624.08993530273 2853.80541229248 2636.43127822876 2481.19504928589 2604.57816314697 2609.88790130615 2398.28171920776 2209.20706939697 2064.37826728821 2098.96916770935 2180.24612045288 2203.98622894287 2183.12178421021 2157.82736587524 2142.53158569336 2124.05067443848 2090.89365386963 2070.00104904175 2075.49892807007
1961.95691871643 1828.42889976501 1586.88698959351 1619.08009910583 1678.4078540802 1640.26633262634 2127.12503242493 1855.01670265198 1464.13672065735 1592.53628730774 1609.71758270264 1732.17623710632 1654.80855751038 1942.9367389679 2481.63066482544 2315.92691802979 1967.22237968445 1811.90822982788 1807.53076553345 1861.2629032135 2057.72576904297 1939.21758079529 1897.42064094543 2362.96701431274 2226.87997817993 2196.75320625305 2548.76355361938 2565.90954971313 2825.61177062988 2589.83011627197 2518.00687026978 2534.36212539673 2270.05810928345 2292.13515853882 2087.10001945496 2042.82180595398 2172.04135894775 2198.04485321045 2191.70051956177 2170.45243453979 2140.57092285156 2119.13121795654 2102.40208053589 2062.85921096802 2040.58570480347 2037.61894035339
1816.24560165405 1917.66316795349 1586.46271133423 1402.73712921143 1428.27795028687 1682.94301795959 1814.0951499939 1922.51652336121 1472.34201431274 1465.74803543091 1499.3030872345 1560.5030670166 1751.05646705627 2123.06650924683 2500.86915588379 2334.87622451782 1997.6222782135 1822.66550827026 1806.32402610779 1901.52973175049 1951.18283081055 1901.53992843628 1882.9708366394 2174.15397834778 2107.40006446838 2125.68894958496 2480.82820892334 2474.38701248169 2687.18927764893 2517.3044090271 2399.54373168945 2520.65756607056 2254.30941009521 2132.02723312378 2104.6589012146 2040.34237480164 2110.79979896545 2151.22248840332 2125.17158889771 2132.63988876343 2133.92985534668 2097.63855361938 2094.10869598389 2069.77735519409 2047.78239250183 2035.76219367981
1652.44009017944 1664.52239608765 1556.97924995422 1359.47780418396 1346.30498313904 1782.62979125977 1823.79710388184 1935.41657447815 1492.08472061157 1415.56236457825 1455.3906879425 1604.82682418823 1703.74019050598 2020.1088218689 2466.58455085754 2403.28435897827 2074.72550392151 1838.73991584778 1805.55477905273 2019.50259590149 2034.93393135071 1952.06788825989 2115.78500556946 1928.66086959839 2011.51501464844 2123.63366317749 2441.52175521851 2349.15264129639 2425.92654418945 2508.02173995972 2282.0608253479 2374.44058227539 2216.11191940308 2136.42704391479 2084.29957008362 2032.15983581543 2048.45962715149 2091.64365768433 2077.02472496033 2063.39247894287 2073.90836524963 2073.30151367188 2096.3933429718 2084.89556884766 2046.98910903931 2029.33212089539
