Cases/SDM_Urocitellus_beldingi/westernUsClimate_historic/ELEVATION.asc
NCOLS 316 
NROWS 299 
XLLCORNER -124.820833001 
YLLCORNER 29.1625003333339 
CELLSIZE 0.0666666666645545 
NODATA_value -3.4e+38 
[rows 147 to 167 of 299, columns 138 to 183 of 316]
2160.17508888245 2567.90197753906 2515.51958847046 2342.49856948853 2120.08382987976 1924.46235656738 1952.74362945557 2237.83198928833 2195.0154800415 2179.43915939331 2147.83114051819 1960.17895698547 2162.31693840027 2674.93225479126 2893.08574676514 2630.36194992065 2159.89876747131 1705.36564826965 1779.94874763489 2153.27891731262 2679.40795516968 3110.58014297485 2646.95615005493 1804.03222846985 1496.29341697693 1481.95425224304 1528.14927864075 1664.19997215271 1975.16927909851 1872.91438102722 1563.43404960632 1394.13186073303 1400.42850112915 1953.5866355896 1878.37537574768 1688.52485275269 1573.60609054565 1523.23741340637 1473.34371376038 1423.71180725098 1395.61377716064 1389.69527244568 1392.76921081543 1398.16176795959 1398.61288261414 1399.14391326904
2015.85836219788 2393.63781356812 2430.92458343506 2506.8715057373 2150.48769378662 1972.10674476624 1973.81735038757 2126.17134666443 2028.29343414307 2200.6467628479 2368.3243598938 2060.86695480347 2076.15637016296 2351.93647766113 2669.11376953125 2441.00279045105 1850.26682090759 1724.19675254822 1900.57350730896 2414.16192626953 2471.64905929565 2737.11756896973 2332.92308425903 1697.79704856873 1512.3972568512 1519.47819137573 1671.86868286133 1889.4497051239 2066.18714523315 1947.10193824768 1611.69430351257 1403.08184623718 1615.97693252563 2295.85687828064 2016.83840179443 1644.83030128479 1512.43922042847 1520.81550979614 1490.22130012512 1414.07933235168 1390.3984375 1389.21858596802 1402.29398345947 1415.94988632202 1395.11697387695 1396.68380355835
1863.95361328125 2131.49298286438 2340.27630615234 2459.25232696533 2311.80165863037 2099.75197982788 1985.85447502136 1939.03176498413 1953.82954025269 2239.33401489258 2744.07126998901 2175.19879722595 2021.44205474854 2235.93329238892 2441.6247215271 2297.97663497925 1819.55313491821 1741.64300537109 2118.97582626343 2182.17062568665 2026.84731674194 1913.59636878967 1754.06574249268 1562.66039466858 1516.23225784302 1600.88005065918 1816.65553665161 1815.91137504578 1822.42843818665 1969.28147888184 1864.31966781616 1409.70386695862 1553.97897720337 2249.94469642639 1927.89901924133 1603.95302009583 1449.11603355408 1417.02903175354 1404.65186882019 1390.10791969299 1395.75514221191 1407.51717376709 1394.45757484436 1395.53190040588 1396.44937515259 1422.7124042511
1846.67577362061 2060.43251800537 2365.50580596924 2431.2218170166 2352.34045791626 2132.70134353638 2031.38683319092 1903.20091438293 1883.09466171265 2005.74086761475 2715.17292785645 2244.41244506836 2028.38855171204 2122.7197265625 2387.42250823975 2087.11095237732 1803.38631629944 1790.67021751404 2354.95567321777 2539.97708129883 2179.09464836121 1807.2889957428 1629.68115615845 1567.15432167053 1535.29110908508 1543.40593338013 1646.30878829956 1669.34951782227 1689.17991828918 1926.67326164246 2026.7778263092 1778.21565437317 1463.5769443512 1646.78594398499 1705.20087623596 1500.70221138 1387.96043395996 1373.90597343445 1378.09712791443 1401.16250228882 1564.60349464417 1535.84943580627 1409.29200172424 1406.24713134766 1405.44596481323 1422.83835983276
1754.07570266724 1997.34250259399 2465.18445205688 2446.32717895508 2245.01890945435 1997.68312835693 1942.91480445862 1845.85194587708 1787.37459754944 1875.64237976074 2410.91929626465 2260.24630737305 2066.79987716675 2174.2811126709 2390.01100540161 2031.20009040833 1829.82370758057 1793.92283821106 2113.29692840576 3141.62675476074 2629.64670562744 2020.76385498047 1666.90345573425 1574.29713630676 1563.72715759277 1564.37708091736 1564.36644554138 1563.17729759216 1598.15650367737 1902.29185295105 2164.81276321411 2290.25068664551 1732.60161590576 1506.94672012329 1549.85133361816 1438.67036247253 1374.53133583069 1371.0075340271 1393.10212135315 1597.03385162354 1734.5979347229 1510.12818336487 1431.41308784485 1418.30920028687 1418.11821365356 1421.45303344727
1682.92710494995 1934.5926399231 2632.52184677124 2506.9008026123 2202.71970939636 1973.42967033386 1879.5455532074 1812.28966331482 1730.7863368988 1787.2766456604 2435.05444335938 2415.28731536865 2161.66742706299 2369.29693984985 2545.65230178833 2138.02298164368 1829.12210655212 1761.53400421143 1940.75728607178 2958.44454956055 2782.63019561768 2451.32688903809 1927.36631774902 1657.19095611572 1717.1905708313 1930.93915367126 1781.86069107056 1689.49838256836 1618.13849449158 1700.11006164551 1852.64051055908 2115.93175125122 1817.46069335938 1574.8132648468 1585.43222427368 1448.18452262878 1380.0564365387 1370.26570892334 1455.13899230957 1795.99535942078 1709.33118438721 1526.14793014526 1454.47888565063 1442.41712379456 1441.13914871216 1443.53064346313
1604.64378356934 1882.79888153076 2550.62481880188 2467.12779045105 2167.9205493927 1978.53963470459 1910.1097946167 1777.61555480957 1689.78713226318 1804.60787391663 2445.12678909302 2294.82326126099 2248.12978744507 2451.38606262207 2466.84339523315 2033.35691070557 1806.40614128113 1757.55474853516 1846.09160614014 2721.06274795532 2927.21964645386 2331.7067489624 1973.36079978943 1747.10533714294 1696.48120880127 1952.28526496887 2017.00762557983 1966.22605705261 1749.80869483948 1656.49276733398 1825.9746055603 1882.08778190613 1743.5526714325 1564.09053039551 1680.85940361023 1458.74967765808 1373.77732658386 1395.91028213501 1618.10391426086 1871.59770202637 1760.04715538025 1561.93928146362 1461.68764877319 1458.67658042908 1470.62311935425 1473.92936706543
1521.52737808228 1610.91780090332 1813.31350135803 1961.21207046509 2140.3302192688 2029.4512462616 1862.69260597229 1695.48188972473 1666.2324180603 1938.77791404724 2450.16429138184 2214.72063064575 2301.99768066406 2362.15788269043 2227.48285102844 1936.47112464905 1779.55029296875 1761.09426879883 1813.25784111023 2505.65772247314 2542.32152175903 2547.14157104492 1861.38709259033 1689.42164611816 1667.21712303162 1844.61674308777 2066.56920623779 2088.94235801697 1937.42520904541 1796.36256790161 1940.66801071167 1784.83807754517 1647.00309753418 1600.08321380615 1587.43897438049 1433.43148612976 1377.32104873657 1415.57165527344 1648.43647003174 1714.29131317139 1546.77225494385 1510.30136680603 1523.77749633789 1511.7055606842 1523.18620491028 1489.72648429871
1488.32601165771 1521.55021476746 1639.11359596252 1874.23136329651 2063.80600166321 1809.46953392029 1661.47029876709 1638.16292762756 1689.26311683655 2076.28784370422 2314.36260223389 2123.13053512573 2393.54155349731 2402.11069869995 1967.34321403503 1852.38901901245 1915.70841217041 1803.14396095276 1812.24164390564 2082.41059494019 2184.76159286499 2295.98016929626 1757.59201431274 1694.56842422485 1750.77260780334 1792.61117744446 1835.94974517822 2021.29532051086 1903.20944976807 1765.64978599548 1950.83526420593 1727.78689575195 1612.98889541626 1536.45421218872 1480.73878097534 1407.50983428955 1397.35642051697 1464.32364463806 1578.02666664124 1505.4356174469 1525.12768936157 1635.80377960205 1616.28660964966 1682.71579933167 1655.72036170959 1611.06190109253
1464.15063285828 1486.28002357483 1778.53469276428 1904.95203781128 1969.24073982239 1755.68009567261 1642.0850315094 1626.20227050781 1765.99699401855 2444.4967956543 2293.25780105591 2039.81364631653 2182.09462738037 2636.26829147339 1937.61820983887 1814.23949050903 1990.85945510864 1950.32610702515 1819.1422996521 1889.97611808777 1951.16221809387 1879.16990661621 1735.90400314331 1782.33541488647 2102.15615081787 1953.75407981873 1858.31042671204 1755.78824234009 1616.53124427795 1637.75845718384 2042.11155128479 1843.55811500549 1607.20269775391 1469.65564346313 1427.4838142395 1537.14068984985 1610.93113517761 1636.56985855103 1499.15301322937 1490.90560913086 1521.43155479431 1590.76577186584 1677.34190177917 1794.27358818054 1830.62117385864 1848.23029899597
1447.19829559326 1496.75260543823 2041.53584480286 2114.51293754578 2004.57074737549 1844.51875305176 1693.93320846558 1615.74544525146 1660.72943878174 2002.81130218506 2182.57872390747 2025.06228256226 1968.76520729065 2292.44650840759 1861.03596496582 1811.8543548584 1912.70913124084 2117.20473861694 1854.19432640076 1847.0159740448 1836.37773513794 1754.66116905212 1733.81728172302 1851.03211021423 2259.44790840149 2069.54528236389 1879.61191368103 1681.0249671936 1571.63691902161 1593.91254997253 2080.7732334137 2130.56617736816 1685.12169837952 1445.96572113037 1522.82906150818 2016.64732933044 1829.31425285339 1615.54101371765 1514.62554550171 1490.77721595764 1517.43964576721 1718.75049972534 1764.87181663513 1744.15532493591 1844.67124176025 1881.46300506592
1440.26114273071 1634.22540283203 2335.27073860168 2281.49002838135 2075.05072021484 1820.64542198181 1642.53300285339 1604.0030670166 1623.60426712036 1795.88817024231 2286.5680103302 2083.47562217712 1906.30742263794 2162.38555335999 1847.06838417053 1806.65955924988 1855.4465713501 2147.21137046814 1912.15310287476 1910.99760818481 1937.03244972229 1755.3759727478 1767.89736557007 1914.76508522034 2311.50633049011 2210.25365447998 1971.037733078 1698.71022224426 1601.01587486267 1607.61539268494 1910.80216026306 2038.14554595947 1586.80599021912 1457.19443130493 1778.93849945068 2223.52732276917 1861.34152603149 1792.38814735413 1538.55448722839 1503.54421043396 1560.44798851013 1802.61445045471 2057.67723846436 1868.65033149719 1926.57896995544 2023.98553848267
1446.35138511658 1648.34327125549 2192.40439987183 2307.15544128418 1904.37349128723 1708.01922988892 1618.18513679504 1594.3395614624 1595.02124977112 1819.06698417664 2094.1915435791 1841.02135467529 1927.92946434021 2078.19986534119 1959.62188911438 1807.01201629639 1821.02846336365 1918.69531059265 2090.66213035583 2076.22082328796 2066.31678009033 1861.32892417908 1797.01373100281 1936.69381713867 2221.21800041199 2273.58984375 2011.95735549927 1757.18708992004 1655.54193496704 1650.3791103363 1997.41911888123 1977.64161682129 1555.9537525177 1512.43342971802 1746.23727798462 2015.01573753357 1814.39734268188 1705.95454406738 1582.71846008301 1523.31642341614 1629.90638160706 1910.57216644287 2321.77484130859 2171.33930587769 2101.86658287048 2163.92057800293
1602.7446975708 2110.87817764282 2292.38570022583 2098.02184867859 1760.9467716217 1637.18263053894 1599.7234287262 1584.59781265259 1611.97089767456 1999.85901832581 1927.08570480347 1825.64391326904 1915.73894500732 1951.05991172791 1992.78229522705 1812.65301322937 1833.9058265686 1913.35724449158 2152.79687309265 2353.20752716064 2163.5052280426 1930.13710975647 1841.9829044342 1875.08088684082 2039.4743347168 2170.28247833252 2014.62687683105 1825.3792514801 1721.37064170837 1782.33469772339 2246.76259040833 1900.09285926819 1667.75386238098 1603.23703384399 1759.80489349365 1890.02548599243 1834.15712547302 1757.49255180359 1557.59736251831 1532.35777854919 1675.75925636292 2036.80159759521 2288.80772590637 1977.3149471283 1925.77995681763 2079.02286720276
1873.09799194336 2668.4499168396 2310.03763008118 1887.79224205017 1692.60022544861 1627.27325057983 1579.76706695557 1598.02972984314 1690.60796356201 1964.42046356201 1889.47697639465 1937.68503189087 1870.07611274719 1891.17212295532 2084.08929443359 1846.99866485596 1844.35361099243 1970.7243270874 2119.99559593201 2398.4175453186 2298.93887329102 2093.62085151672 1964.75318336487 1885.71159553528 2014.02878570557 2245.69204330444 2137.84122085571 1919.89494514465 1802.3851146698 2140.32583236694 2400.26846313477 2001.38490486145 1835.24844169617 1710.21733665466 1837.01535987854 1897.25427627563 1829.60407829285 1665.63786888123 1527.02024650574 1549.65764427185 1895.8252620697 2254.0435295105 1971.02894020081 1809.27947998047 1856.58621788025 1981.87317657471
2018.10910415649 2642.29761123657 2020.48886680603 1706.92909240723 1703.50586128235 1626.96472740173 1569.16278457642 1677.18552207947 1766.07937812805 1792.97561836243 1880.68806838989 1897.13349533081 1724.44341087341 1829.64124298096 2036.23788452148 1893.8165397644 1857.74122047424 2041.74193191528 2444.41215896606 2302.32063293457 2143.30023765564 2112.51961326599 2269.31196594238 2140.62269020081 1952.83509635925 2212.00618553162 2342.00872039795 2015.82448387146 1880.47350883484 2031.43371963501 2302.18719482422 2129.55767440796 2009.36253547668 1737.94685745239 1726.04791641235 1721.978307724 1633.96005630493 1542.65676116943 1541.55896186829 1569.60318946838 1778.95893478394 1983.5457649231 1729.92867660522 1751.9375705719 1795.70618247986 1981.73385620117
2348.47215652466 2117.73169136047 1743.34345626831 1629.39963722229 1709.37161827087 1646.53426551819 1615.22060585022 1600.73250198364 1700.36700439453 1754.90878677368 1954.57864379883 1747.29782104492 1685.47074890137 1873.1405544281 1994.17946052551 1853.94660568237 1818.20766448975 1948.25117301941 2238.53876876831 2223.46212768555 2028.17752456665 1950.50275039673 2120.5182094574 2244.12795639038 1965.2553024292 2138.66180610657 2436.18301391602 2128.68994140625 1962.92036247253 1929.75007820129 2064.52544403076 1993.14819335938 1890.58688735962 1813.33010864258 1589.16339302063 1574.94761657715 1545.2660446167 1543.72544670105 1560.21406364441 1594.77153587341 1709.82382965088 1884.01960372925 1900.96050453186 1898.1050453186 1943.59371566772 2046.89743995667
2062.09978675842 1804.4394493103 1633.00465011597 1636.57622337341 1652.89000701904 1616.53628921509 1823.39854049683 1731.55611801147 1587.53882026672 1630.5512008667 1738.52826118469 1609.82398986816 1620.15061950684 1722.98268890381 1835.96747970581 1820.69907951355 1772.92090606689 1839.19681549072 1991.32744979858 2267.90505218506 2064.13618659973 1867.75448989868 1979.98576927185 2232.72683334351 2002.3696231842 2040.25229454041 2318.60238647461 2206.18583679199 2006.24916267395 1904.60606384277 1965.60608673096 1975.94127655029 1767.81300735474 1681.81886100769 1551.27437973022 1551.0920085907 1628.70411682129 1737.51073646545 1790.65349006653 1844.75860214233 1991.33909988403 2176.92140579224 2290.16045761108 2139.11359405518 2017.64520645142 2054.80193710327
1820.46348190308 1660.63640594482 1597.27757072449 1625.94848823547 1537.88475036621 1548.54514503479 1695.35369491577 1984.2435836792 1839.05960845947 1578.31516456604 1661.23581695557 1584.73336791992 1522.22617912292 1599.22592926025 1841.95458602905 2116.89302062988 1754.3659286499 1757.01559257507 1834.79239273071 1978.0117816925 2076.39088439941 1885.4388885498 1992.66272163391 2286.99183273315 2061.15460205078 1980.10063552856 2070.69016075134 2202.11335754395 2058.27982711792 1844.07192802429 1853.22659301758 1878.43736839294 1709.39583206177 1571.75065612793 1556.99643135071 1572.93072128296 1763.56996154785 1826.54113960266 1984.44631195068 1995.43971443176 1989.43607330322 2124.82600593567 2156.05096054077 1877.63902854919 1969.87957954407 2183.82856750488
1729.08559799194 1639.27535820007 1620.23864364624 1634.39479446411 1524.49125480652 1537.72379302979 1686.34037399292 2026.73966217041 2063.35754776001 1594.7001209259 1690.93343162537 1598.4497013092 1474.61508750916 1502.42862319946 1754.96257972717 2198.4668712616 1827.96089935303 1715.06596374512 1741.79517173767 1825.00347328186 1872.76643562317 1891.88445663452 2086.77363204956 2346.83285522461 2114.37499237061 2007.75895309448 2125.58874320984 1950.42295074463 1848.51945304871 1790.89598083496 1674.7054901123 1645.16837882996 1574.001953125 1556.93391609192 1564.58212280273 1575.75368881226 1623.39214324951 1781.49750328064 1880.05114936829 1850.0490436554 1914.98415374756 1999.63480949402 1796.25503921509 1795.86686897278 2175.34838867188 2370.76902008057
1968.1990776062 1670.73063278198 1825.72237014771 1732.18318748474 1507.38571166992 1537.23312187195 1738.92021179199 1857.0969543457 1851.32815933228 1555.57852172852 1674.69867515564 1539.69754600525 1435.98300933838 1473.53174781799 1804.93584823608 2248.16116333008 1958.26122665405 1837.30234718323 1705.320728302 1704.160572052 1724.34351539612 1840.48602485657 2048.80954933167 2238.3737449646 2168.60725402832 2005.1376953125 1855.01621818542 1694.3553943634 1636.33798217773 1600.38180923462 1590.84404754639 1572.5496711731 1560.20364570618 1565.73095321655 1572.92244911194 1584.89003562927 1642.51587867737 1683.09439659119 1721.33504295349 1747.51077842712 1844.24054145813 1785.19410514832 1752.56280899048 2001.27849006653 2374.50896453857 2439.53038787842
