Cases/SDM_Urocitellus_beldingi/westernUsClimate_historic/ELEVATION.asc
NCOLS 316 
NROWS 299 
XLLCORNER -124.820833001 
YLLCORNER 29.1625003333339 
CELLSIZE 0.0666666666645545 
NODATA_value -3.4e+38 
[rows 63 to 83 of 299, columns 92 to 137 of 316]
1795.57900810242 1525.28326034546 1504.36937522888 1615.15169906616 1759.86001205444 2100.27542877197 2101.67015838623 2191.72110939026 2120.78527259827 1839.10093307495 1121.48991775513 1028.928647995 1018.43420600891 1025.34484863281 1080.92630577087 919.916013717651 853.129723548889 866.168879508972 972.853051185608 1137.4723777771 1232.57773971558 1072.11148357391 1173.6484670639 945.669912338257 803.998371124268 859.421406745911 944.528361320496 882.822686195374 1294.04808807373 1866.25978660583 1477.17799186707 1245.80376815796 1181.30088424683 1157.45497322083 1259.77585792542 1620.5894908905 1609.07251739502 1583.14863395691 1523.02396011353 1547.24691581726 1896.33593559265 2239.54377746582 2098.83360481262 2011.86405563354 1545.59940910339 1974.50404930115
1878.49485397339 1815.27618408203 1709.26949119568 1566.24707603455 1573.35658454895 1779.96622276306 1717.57814025879 1714.62327957153 1974.16615867615 2052.94445228577 1475.83605575562 1176.07301712036 1060.62215232849 1068.77689933777 1165.19415092468 1045.401304245 976.834033966064 951.566767692566 929.171154022217 1042.18894004822 954.607450485229 865.479074478149 801.613045692444 894.283403396606 941.279420852661 973.518220901489 851.864305496216 1448.83130836487 1942.47345352173 2125.91393280029 1746.19822502136 1374.10646057129 1050.9310426712 961.740155220032 1231.39243793488 1716.4574432373 1853.18158912659 1708.65950775146 1489.83364868164 1504.12088394165 1767.65253257751 1836.75257110596 2038.29871177673 2184.21250915527 1818.33738327026 2112.96666526794
1978.90006446838 2096.23287963867 1943.55203437805 1714.24598312378 1620.39789009094 1554.91760253906 1568.62668418884 1423.16214942932 1373.76609992981 1522.50002670288 1697.46541786194 1383.23622894287 1151.33710479736 1189.71363258362 1311.28169631958 1249.96797370911 1242.8166885376 1180.64435958862 1235.85635757446 1480.85061836243 1396.92580127716 1058.66517829895 835.178648948669 849.558694839478 879.936923980713 1159.99255275726 1209.06121635437 1291.0433139801 1733.42220687866 2030.71397781372 1853.72423362732 1444.11759185791 1119.12167167664 933.793335914612 1242.25381374359 1832.44673919678 1991.7525138855 1841.29923248291 1505.92086410522 1487.3872051239 1621.71892547607 1777.49772644043 2042.63966560364 2176.67185401917 1886.53478240967 2080.62180519104
1343.52022171021 1570.35992431641 1607.39402961731 1555.96721458435 1487.64702224731 1386.76157569885 1346.46598434448 1495.0762462616 1416.23233795166 1395.71480178833 1426.63623428345 1252.5871925354 1235.37640762329 1270.53365325928 1293.04515838623 1297.42766952515 1203.09990692139 1104.80718708038 1127.60539340973 1411.72707939148 1606.94072341919 1486.04653739929 1244.44758605957 970.751314163208 1048.73356056213 1598.87981987 1628.9309425354 1315.28812217712 1212.76138114929 1232.41751289368 1126.95981121063 988.687649726868 931.442222595215 941.416500091553 1110.20905017853 1436.53677749634 1607.23614883423 2007.25791740417 1605.10761070251 1506.56195449829 1625.71359443665 1739.60328292847 2049.84836769104 2088.54231452942 1770.64768981934 1815.69927597046
1663.70777511597 1462.45910644531 1320.87985992432 1370.35668563843 1492.227602005 1589.13835144043 1372.5417137146 1448.1330947876 1582.47350692749 1523.26744270325 1618.83351516724 1591.32522773743 1557.51231765747 1609.18210792542 1567.7892036438 1510.81371498108 1357.70685577393 1002.62944602966 882.637637138367 1124.30396652222 1510.24611663818 1670.63081169128 1381.1572303772 911.13889503479 1402.08188438416 1722.24796295166 1830.24889755249 1443.99346542358 1068.32929325104 921.728657722473 881.235792160034 877.26301574707 924.156488418579 917.830829620361 1067.95293235779 1460.16227149963 1843.56049537659 1988.63419342041 1495.84670829773 1509.47998809814 1697.37265968323 1913.23029708862 1915.03535842896 2100.7544002533 1865.68469238281 1885.09008216858
1487.55945396423 1607.51267051697 1603.6296672821 1549.9479598999 1591.83760070801 1481.45651626587 1310.26905822754 1245.85703277588 1285.63040733337 1329.06416130066 1299.80145835876 1374.20367240906 1384.26839256287 1318.68983840942 1258.45371437073 1361.38701629639 1414.45493888855 1365.00785541534 1152.79841041565 971.214326858521 1231.59950733185 1241.91865444183 874.555990219116 1025.83362483978 1488.33721733093 1510.36242675781 1456.30044364929 1298.12755012512 946.067643165588 861.02281665802 831.857558250427 894.853307723999 958.989224433899 961.930486679077 1060.0461807251 1338.80010223389 1571.78485107422 1970.78422737122 1686.76517677307 1484.53315925598 1520.49795722961 1630.74559211731 1955.17255020142 1980.74101066589 2101.15121269226 2145.20027542114
1184.19568061829 1420.07285690308 1693.87167930603 1819.3269329071 1814.1120300293 1651.00344085693 1335.59673309326 1213.40390396118 1221.80815505981 1246.26764297485 1365.19106864929 1472.81671524048 1399.05299949646 1232.44813919067 1310.40975952148 1520.25462532043 1630.94687461853 1382.31171417236 1151.7900094986 1125.30900764465 932.823575973511 1117.60908031464 911.052501678467 1141.68932819366 1359.91324806213 1351.03978157043 1169.82081604004 1095.43078708649 898.208354949951 801.475980758667 913.307482719421 992.233980178833 1009.91205406189 1029.95587539673 1096.78991317749 1357.06636619568 1571.74378395081 1955.6655216217 2143.94453048706 1525.38378715515 1471.18832015991 1679.2736415863 1961.56289672852 1794.19766807556 2008.96392440796 2194.19365882874
1274.27187919617 1288.84194374084 1565.54941368103 1867.43398857117 1820.73063850403 1536.73828315735 1492.24011421204 1364.09356307983 1332.1962146759 1572.19665908813 1544.19213485718 1372.2829990387 1230.71092987061 1160.48753929138 1162.93236351013 1253.78843307495 1336.35740089417 1377.64699554443 1249.07444190979 1255.32725143433 927.750450134277 956.425870895386 1089.41191673279 1031.18903446198 1175.85150814056 1180.48347473145 977.699778556824 939.007596969604 911.45883846283 1046.66031455994 1026.90579319 1016.03314495087 1006.95105743408 1044.66578006744 1155.09548377991 1355.14951705933 1518.04509735107 1818.09827423096 2104.55951690674 1620.21445274353 1513.08055877686 1859.20079612732 1608.63510322571 1658.4985370636 2047.01063919067 2068.2410774231
1871.34222984314 1695.13404846191 1840.4822101593 1994.6319026947 1928.72760772705 2032.00198936462 1926.12358283997 1667.77733421326 1512.08476448059 1353.57684135437 1261.01112747192 1163.57225608826 1144.43244934082 1246.89392852783 1220.73272514343 1130.46067333221 1067.24263000488 1174.12157440186 1231.39344787598 1157.02180099487 958.788507461548 754.102123260498 879.059471130371 863.398966789246 792.767560005188 878.020663261414 806.708299636841 826.593107223511 835.870642662048 1054.74026584625 1058.23384189606 1048.82415103912 1049.6026802063 1135.81509208679 1170.88704299927 1236.1346206665 1320.29483985901 1634.70227050781 1761.59734344482 1532.97555923462 1580.20354652405 1624.49673271179 1423.35696601868 1658.18822288513 2000.86238098145 1699.70659065247
2074.43179893494 2042.12545585632 1957.57616615295 2055.91955375671 1682.89294242859 1801.97537994385 1741.66698646545 1681.6515045166 1836.93921279907 1511.59209251404 1338.48169517517 1366.22270202637 1272.41433525085 1238.57633209229 1249.10876083374 1232.40388870239 1014.89916229248 920.370017051697 1025.60586643219 1029.63569927216 936.735935211182 757.810583114624 757.400364875793 719.337789535522 650.23997592926 674.536811828613 744.908062934875 754.931941986084 746.864941596985 953.839403152466 1106.26221370697 1060.70027542114 1092.66577529907 1249.9135055542 1230.0225276947 1166.55474281311 1234.4935131073 1625.96880912781 1579.04217529297 1656.48873329163 1631.84142875671 1483.32607269287 1573.23820877075 2125.97233963013 2063.25483131409 1711.09370231628
1608.7054901123 1680.4482460022 1767.36725997925 1900.08238601685 1626.26733970642 1685.09232330322 1551.32525634766 1506.39839935303 1611.40526199341 1570.98006248474 1539.85656356812 1319.45345497131 1349.71925354004 1554.32207679749 1547.27136230469 1409.35244750977 1142.34738063812 886.644500732422 800.10070514679 841.642623901367 850.243789672852 870.296970367432 874.753367424011 832.178846359253 768.831107139587 672.293076515198 654.549946784973 717.26935005188 789.362822532654 839.2108335495 996.683084487915 1040.00407409668 1143.16584396362 1370.09597969055 1293.66627883911 1115.26445007324 1204.12136173248 1546.92435455322 1560.42219924927 1827.72061347961 1260.96726512909 1181.67832565308 1556.02603721619 2114.9628944397 2058.60614776611 1743.89279937744
1648.01135444641 1582.47864151001 1780.86103248596 1679.78709602356 1576.26435279846 1480.91200637817 1518.12133979797 1530.67858123779 1608.33408737183 1518.69992828369 1386.7411403656 1245.82508468628 1235.97762489319 1315.9877910614 1379.69681167603 1604.91920661926 1477.55571746826 1070.93010425568 834.632601737976 758.7819480896 744.27260684967 771.10157585144 818.06743812561 858.669864654541 795.205763816833 709.712850570679 657.762523651123 781.815816879272 860.948787689209 876.09351348877 830.248345375061 908.267980575562 1085.14890861511 1224.50687789917 1248.11103248596 999.427238464355 1188.55681228638 1635.11086845398 1428.50052070618 1674.09243965149 1096.9489812851 1230.60124206543 1485.54597854614 1711.39625740051 1860.89780044556 1566.8100605011
1674.34405899048 1632.23138046265 1692.72302246094 1785.80351829529 1685.93005943298 1452.17127609253 1399.20770645142 1616.20978927612 1448.62647819519 1314.84570121765 1292.51069831848 1174.62307167053 1127.55891036987 1097.52752113342 1110.17045879364 1206.26090621948 1211.36573600769 1048.21950912476 918.348126411438 815.190647125244 762.529759407043 748.730218887329 867.542517662048 821.47323513031 732.31228351593 668.902083396912 667.251708030701 743.172485351562 755.921950340271 762.048892974854 813.933471679688 825.476987838745 884.472754478455 1177.15377616882 1339.80443191528 1000.23959922791 1221.35147285461 1393.78022003174 1248.44843482971 1481.08222389221 1334.61219787598 1140.93867397308 1272.63071250916 1438.26712608337 1607.89099121094 1496.38445663452
1408.35044288635 1542.90832901001 1506.27105712891 1632.5314617157 1703.87323760986 1434.33400726318 1255.62632751465 1368.23702049255 1285.15273857117 1390.85246276855 1422.21828460693 1270.40926170349 1099.29895019531 1020.6739397049 949.598260879517 957.053757667542 982.351343154907 924.178868293762 858.101863861084 778.13601398468 774.262866020203 713.917723655701 719.857518196106 697.970081329346 683.520343780518 661.794038772583 672.337091445923 677.739805221558 698.05931186676 752.288019180298 805.306847572327 853.737822532654 885.904056549072 1131.03662395477 1218.51620578766 874.546948432922 1136.37497425079 1069.75920963287 1313.09494876862 1812.11200904846 1592.24899482727 1443.85859870911 1477.10585021973 1869.29182434082 2142.75993919373 1892.66524505615
1301.38035011292 1256.02624702454 1344.18258285522 1506.0899181366 1446.36838912964 1284.4726524353 1412.65326118469 1219.95388507843 1189.10941791534 1452.20082855225 1564.98810577393 1397.77062225342 1184.13145256042 1134.53729629517 992.258767127991 915.670637130737 966.326596260071 877.884036064148 810.733631134033 738.429436683655 712.075743675232 737.784446716309 837.23904800415 816.347517967224 746.773369789124 664.789757728577 713.531516075134 749.830547332764 717.979716300964 698.941954612732 728.533590316772 772.961954116821 820.500946998596 843.358542442322 866.290936470032 833.686499595642 1045.22731399536 953.000619888306 1327.75703239441 1773.76878929138 1481.23578453064 1353.98156547546 1456.11256790161 1759.18011665344 1979.23291778564 1930.71213531494
1333.21183586121 1174.81136894226 1214.71494674683 1242.42234230042 1284.27667999268 1127.9625377655 1218.45502090454 1163.65757274628 1359.41556930542 1506.34572029114 1497.66693305969 1542.18060302734 1391.22262191772 1256.49521064758 1079.91300487518 825.472997665405 792.169069290161 842.961020469666 844.605990409851 783.686784744263 809.914939880371 840.301630020142 837.88102722168 776.714457511902 702.88807964325 677.073823928833 743.768452644348 796.270944595337 780.690679550171 774.452670097351 755.419571876526 728.262364387512 727.077813148499 830.210263252258 997.45370388031 1239.22457885742 1222.12387275696 1115.71531867981 1378.08523178101 1633.06323432922 1558.71422576904 1369.40130615234 1413.10883712769 1410.23293495178 1617.5918674469 1852.20573806763
1439.44033813477 1261.93620491028 1290.35305976868 1145.75435066223 1149.42812347412 1141.33656692505 1251.05558013916 1163.91676616669 1144.80800533295 1188.1621131897 1064.21576309204 1029.58758068085 1104.75194168091 1063.90813827515 974.266750335693 895.212862014771 912.641134262085 1072.86621189117 927.88240814209 874.887977600098 1034.37582015991 954.295157432556 808.578293800354 700.535690307617 676.480237960815 676.826419830322 710.93016910553 759.717281341553 758.321319580078 757.110716819763 782.479362487793 814.588683128357 854.210470199585 872.957490921021 919.802051544189 1067.041639328 1162.13663196564 1383.42011833191 1610.39848136902 1671.65919685364 1365.09847831726 1466.64490890503 1415.02333259583 1490.36520767212 1753.84393692017 1656.39417648315
1450.26300239563 1368.48525238037 1337.54964828491 1131.03930282593 1217.61985015869 1164.3479385376 1306.58227539062 1273.11171150208 995.563009262085 1089.25510978699 1239.11948776245 1353.18152427673 1468.31763648987 1251.58390426636 1000.3302116394 1080.00527000427 1134.59122180939 1265.69226646423 1088.38537979126 1017.47118663788 1042.26399517059 953.612065315247 808.061935424805 788.438241958618 686.586586952209 702.188715934753 710.93782043457 700.281834602356 712.918477058411 734.832607269287 743.501207351685 756.042536735535 779.568552017212 798.438117980957 813.33145904541 859.100468635559 961.049550056458 1279.93821525574 1628.26210212708 1645.95409584045 1253.87354469299 1220.83413696289 1471.12596511841 1814.35124588013 1783.49861526489 1428.0777759552
1356.40765762329 1423.36417961121 1417.94905090332 1213.02939414978 1239.25951385498 1230.59375572205 1121.54618453979 1302.68905448914 1160.34116077423 1180.08824253082 1411.08926963806 1507.97350883484 1484.83799362183 1292.40509414673 1191.88191890717 1276.63910484314 1397.42520523071 1417.58695983887 1251.05605888367 1121.7902545929 1119.53678131104 903.010475158691 984.48325252533 872.872948646545 707.927447319031 697.201853752136 721.30767250061 748.236113548279 727.770660400391 724.073266983032 732.598247528076 740.945714950562 753.578441619873 767.375658035278 783.144842147827 798.858403205872 857.227039337158 984.553002357483 1382.07100486755 1435.71498298645 1158.96052265167 1430.53528594971 1471.56760215759 1412.16795349121 1321.02186012268 1507.06360626221
1262.35200500488 1322.18091201782 1468.50230407715 1428.86393356323 1561.76030158997 1376.92186737061 1077.2200012207 1211.38476371765 1184.9303188324 1357.16662025452 1423.830286026 1403.53597450256 1321.10441970825 1346.67499160767 1396.48352432251 1364.68781852722 1428.21098327637 1309.14991188049 1119.30771350861 966.342425346375 976.547483444214 1168.51854038239 1180.85397815704 869.086676597595 762.622264862061 719.058109283447 692.062475204468 715.754019737244 754.32820224762 769.009737968445 754.394289970398 751.781834602356 768.769236564636 790.325506210327 801.209076881409 818.047574996948 837.354009628296 852.463927268982 1055.98102283478 1390.97093009949 1100.54070472717 1173.96569633484 1188.91540527344 1324.91719818115 1325.92270851135 1504.2870388031
1256.67160224915 1277.50968933105 1603.85579681396 1630.01596641541 1596.69546318054 1408.63512039185 1258.93543624878 1105.92477989197 1202.13918685913 1357.3874874115 1392.12679100037 1439.88453102112 1359.36962890625 1324.1300945282 1328.24502563477 1313.59317207336 1223.19971656799 1194.14647865295 1068.00484466553 1013.39503002167 998.080263137817 1355.59976387024 1184.26432037354 871.194905281067 926.828224182129 858.287693977356 730.315635681152 723.884838104248 716.517877578735 789.265093803406 795.536130905151 773.420133590698 778.993630409241 800.718078613281 823.851271629333 846.559376716614 886.577414512634 914.084818840027 938.34884929657 1044.67623710632 1188.32075405121 1401.48756599426 1295.38369178772 1236.85153007507 1286.83333396912 1382.39518928528
