Cases/SDM_Urocitellus_beldingi/westernUsClimate_historic/ELEVATION.asc
NCOLS 316 
NROWS 299 
XLLCORNER -124.820833001 
YLLCORNER 29.1625003333339 
CELLSIZE 0.0666666666645545 
NODATA_value -3.4e+38 
[rows 21 to 41 of 299, columns 230 to 275 of 316]
964.534160614014 954.694688796997 964.860872268677 980.745978355408 995.6020154953 979.710207939148 926.112257003784 895.849515914917 858.961457252502 826.580300331116 761.407788276672 800.951785087585 807.212264060974 817.887943267822 804.585146903992 851.401214599609 836.841771125793 844.236607551575 813.427791595459 814.511047363281 773.739297866821 802.38840675354 797.573698997498 781.205401420593 729.875582695007 732.546227455139 727.607451438904 712.767701148987 726.817539215088 808.105317115784 745.875991821289 768.890734672546 745.746214866638 750.297995567322 742.459142684937 729.617401123047 722.16401386261 704.159355163574 720.630373954773 710.190830230713 759.836401939392 747.001620292664 773.129549980164 763.682110786438 785.921362876892 772.63836479187
1013.82871246338 980.808574676514 977.659090042114 988.963711738586 1006.58841705322 985.646169662476 937.362369537354 901.407395362854 866.558543205261 844.476362228394 823.72945022583 810.245924949646 805.317710876465 775.728130340576 761.045535087585 764.120112419128 761.331295013428 743.249207496643 758.525918006897 744.085838317871 734.947967529297 732.915516853333 731.208779335022 741.170394897461 725.945432662964 767.834601402283 735.864530563354 782.98997592926 817.875452041626 876.376761436462 764.42954158783 864.487286567688 886.637376785278 868.641015052795 837.724141120911 802.451721191406 766.458229064941 773.426905632019 748.810351371765 753.527075767517 802.407690048218 812.85687828064 819.149971008301 818.748274803162 791.765315055847 773.725434303284
1044.48832798004 1030.4003162384 1012.84671497345 1017.34724998474 1012.74217128754 949.102321624756 900.505176544189 872.689158439636 867.804231643677 889.632429122925 883.196864128113 898.124371528625 881.257031440735 882.122471809387 879.338028907776 853.878056526184 818.929359436035 827.959880828857 836.119102478027 814.073183059692 815.073804855347 827.001341819763 792.750639915466 722.086073875427 717.994362831116 773.828430175781 800.643305778503 870.816700935364 896.526515007019 956.33632850647 920.818605422974 866.304852485657 928.048474311829 887.649942398071 870.178817749023 857.711289405823 842.459487915039 830.287848472595 824.184220314026 810.895353317261 856.789222717285 829.301643371582 803.362728118896 777.705940246582 773.989152908325 753.926650047302
1041.9819984436 1075.71132087708 1056.14764595032 1087.70416259766 1053.99413585663 965.428050994873 935.33349609375 922.294348716736 934.334177017212 933.1083984375 924.597276687622 901.027677536011 881.418741226196 872.507646560669 858.112923622131 849.435497283936 834.576382637024 821.175843238831 805.649987220764 800.183923721313 778.765313148499 765.112335205078 755.843584060669 719.073762893677 730.414917945862 780.170969963074 791.977284431458 832.708743095398 854.758923530579 890.726085662842 967.859160423279 934.550682067871 917.441472053528 890.793434143066 891.096758842468 890.390984535217 893.158356666565 881.745522499084 856.130083084106 843.286648750305 827.2788438797 830.304716110229 824.259464263916 812.386405944824 780.767863273621 749.396836280823
1126.93576812744 1137.12870407104 1107.3929233551 1132.97279167175 1072.35803127289 1032.95143604279 1040.12996387482 1017.26547336578 1005.15274143219 974.241811752319 954.531246185303 925.708936691284 908.651414871216 895.709062576294 881.056142807007 882.321084976196 884.667908668518 879.835961341858 882.169909477234 871.62638092041 837.324825286865 829.993325233459 790.535180091858 716.67234992981 807.333965301514 856.356196403503 831.873801231384 841.953078269958 855.811118125916 898.282034873962 962.258766174316 949.645728111267 908.575157165527 877.496481895447 859.599384307861 856.28574180603 852.915721893311 845.526254653931 835.842108726501 833.547763824463 816.150100708008 799.614577293396 782.85641002655 782.858425140381 783.816766738892 769.07742023468
1295.50848007202 1184.7880115509 1163.17823982239 1179.39826774597 1155.9601726532 1192.14780807495 1152.26449012756 1110.33741188049 1060.6556186676 1030.49362659454 997.085763931274 969.561424255371 959.123903274536 936.958410263062 921.576972007751 904.817087173462 917.431276321411 912.178443908691 881.927515983582 860.967485427856 843.401700019836 818.096579551697 757.788735389709 747.954217910767 837.619786262512 866.897963523865 896.858297348022 893.879844665527 920.514254570007 929.680144309998 957.788727760315 924.135074615479 899.341238021851 872.171115875244 856.34440612793 840.308979034424 825.254313468933 823.968223571777 813.392992973328 806.192390441895 800.136012077332 788.331630706787 780.688366889954 771.284707069397 781.042853355408 769.054818153381
1343.12097930908 1241.65789222717 1274.62191963196 1359.35731506348 1362.18518638611 1365.8194065094 1380.89257240295 1184.97110939026 1085.54472160339 1041.01678943634 993.544898033142 974.700597763062 951.528468132019 941.791861534119 936.135069847107 917.642664909363 889.913252830505 871.305899620056 856.441492080688 844.844235420227 820.613936424255 792.125308036804 754.574697494507 785.795223236084 808.729648590088 835.609357833862 854.344635009766 868.866024017334 900.060474395752 935.50008392334 956.852373123169 913.307528495789 895.814254760742 880.577175140381 863.18305015564 848.481485366821 870.295907020569 853.587663650513 833.8324842453 820.754177093506 804.228994369507 821.543162345886 819.554786682129 830.383487701416 850.922735214233 834.148170471191
1217.09348487854 1259.24677848816 1378.55019378662 1570.19751548767 1594.0032787323 1380.22410774231 1288.05739974976 1154.87326812744 1069.6775932312 1030.32638168335 1010.77648639679 999.014575004578 976.625094413757 940.475239753723 927.800577163696 941.610330581665 921.555549621582 902.323966026306 909.442182540894 905.384219169617 878.635961532593 864.035886764526 820.049816131592 770.621699333191 852.912546157837 858.721367835999 900.375619888306 922.693913459778 920.86524105072 943.701551437378 979.268341064453 951.508025169373 932.027729034424 915.326930999756 885.871644020081 873.11092376709 873.099757194519 845.888174057007 861.896329879761 848.678656578064 849.456632614136 867.751745223999 861.972288131714 875.102598190308 860.361538887024 825.200951576233
1218.43417739868 1339.54177284241 1527.75880622864 1601.45121765137 1381.7824306488 1253.71823501587 1190.13809585571 1141.11177062988 1092.04405784607 1054.33039283752 1020.77309036255 1004.33497142792 988.102424621582 965.335729598999 953.696884155273 931.364919662476 907.606755256653 913.729098320007 916.437321662903 916.826807975769 885.327175140381 848.019143104553 798.760372161865 796.870031356812 841.994980812073 864.606132507324 903.751219749451 919.89261341095 944.47319316864 962.86646938324 985.90354347229 957.902159690857 928.690302848816 933.229286193848 923.786007881165 916.592419624329 878.544775009155 909.007568359375 913.546067237854 922.541035652161 909.23543548584 905.089385986328 883.071985244751 863.365052223206 845.026352882385 837.965654373169
1228.50366210938 1255.75840377808 1329.03887176514 1420.81244659424 1347.90971183777 1229.50579833984 1186.49528121948 1149.3599281311 1116.33561325073 1084.72203826904 1055.39805412292 1043.85442256927 1017.61741733551 1011.3198890686 990.587904930115 955.204393386841 933.783416748047 909.22838306427 879.727374076843 886.76012134552 890.855350494385 861.274271965027 833.033564567566 785.509640693665 881.083568572998 886.990742683411 883.036136627197 911.191781997681 943.213193893433 952.285032272339 998.893632888794 988.942045211792 986.008318901062 986.082947731018 937.788084030151 909.256721496582 918.672546386719 959.265079498291 970.253783226013 966.346510887146 921.127511978149 876.709631919861 848.077829360962 836.250340461731 825.947726249695 816.85265827179
1345.05899620056 1365.76543426514 1369.00872039795 1408.83897018433 1389.66052627563 1332.03637886047 1284.12162971497 1244.39165687561 1194.73750114441 1165.76382637024 1158.38014030457 1133.20419120789 1074.72541904449 1032.52303886414 989.247131347656 945.294131278992 922.061562538147 930.37366104126 903.578751564026 874.871728897095 858.6967420578 882.502456665039 880.869948387146 799.825112342834 812.471304893494 859.142285346985 910.523306846619 920.88600730896 911.483339309692 950.464972496033 1006.86177253723 1052.0277671814 1029.53636360168 978.145743370056 992.621120452881 976.852637290955 961.244069099426 970.628957748413 934.713124275208 911.866641998291 893.90895652771 872.707060813904 848.841624259949 867.976563453674 873.620104789734 831.082110404968
1482.4727935791 1523.09894561768 1489.28185653687 1484.12976646423 1474.80157852173 1480.02108573914 1486.03876113892 1443.87091255188 1368.92840766907 1276.05673599243 1213.03565979004 1244.16409111023 1150.74289321899 1028.61655139923 973.000104904175 954.874198913574 937.845377922058 921.031785964966 908.107748031616 894.637044906616 899.356081008911 857.10986995697 842.437561035156 810.302570343018 857.712518692017 899.141375541687 917.251119613647 947.163398742676 958.62917137146 938.584428787231 968.063396453857 991.894141197205 1001.54104137421 1004.322473526 1015.07029438019 1036.06949329376 1020.53930091858 999.340786933899 986.112736701965 953.243658065796 921.720956802368 897.417980194092 877.200078964233 890.21791934967 873.062058448792 854.064576148987
1720.06266784668 1713.98749923706 1692.84111213684 1702.17098045349 1651.27899169922 1597.22079086304 1550.0726108551 1446.85234832764 1392.50967788696 1333.2994556427 1292.68888473511 1213.43958854675 1145.2266330719 1062.89457607269 1004.2185716629 978.579440116882 976.25350189209 961.356379508972 967.727555274963 974.429471969604 971.24831199646 924.133241653442 879.938090324402 835.245387077332 863.687392234802 874.2616147995 891.206861495972 899.66471862793 924.340089797974 946.492349624634 936.984582901001 928.851322174072 933.51623249054 936.649524688721 946.029041290283 957.113939285278 977.044206619263 959.977787971497 941.642356872559 923.510696411133 951.19982624054 941.308082580566 926.675898551941 908.924875259399 898.523643493652 894.168599128723
2119.01363754272 2159.98378944397 2123.39813613892 1917.63039588928 1739.92007064819 1659.08575820923 1555.27976989746 1518.24662590027 1444.73885917664 1301.70144844055 1241.6144618988 1185.36289215088 1138.51157951355 1103.44927024841 1056.57769584656 1036.80135536194 1030.32701683044 1006.71885108948 998.159514427185 959.132176399231 930.758110046387 900.052969932556 875.59315776825 851.438811302185 842.639499664307 865.769652366638 890.515800476074 896.300881385803 925.118330955505 929.455516815186 945.993514060974 896.329304695129 908.433626174927 925.022337913513 894.987645149231 930.46625995636 978.199019432068 968.070734977722 924.645823478699 895.24303150177 902.50874710083 919.177645683289 915.186213493347 949.109382629395 931.130999565125 937.142004966736
1974.52356910706 1993.74370384216 2103.83000183105 2177.40798568726 1802.45253562927 1629.3286857605 1523.20390892029 1377.52661323547 1298.62610816956 1264.98533439636 1230.98965072632 1221.35990142822 1185.67318725586 1153.32769203186 1111.56954956055 1073.85292816162 1068.37971878052 1036.93046855927 987.381204605103 950.34513759613 932.226797103882 914.296605110168 880.868999481201 914.943855285645 878.79238986969 875.79297542572 923.713302612305 929.444351196289 987.208757400513 990.797235488892 954.649230957031 917.243344306946 882.766473770142 883.575036048889 880.238801002502 916.076276779175 890.245806694031 888.539038658142 913.426442146301 903.811259269714 870.471013069153 869.688103675842 877.673892021179 929.896796226501 908.327783584595 911.260454177856
1589.79492759705 1643.92659378052 1673.26964569092 1692.27616691589 1564.81142044067 1456.74492263794 1388.20038986206 1274.50799942017 1224.73438072205 1195.31106567383 1172.31129837036 1183.102394104 1160.30449867249 1102.02046394348 1086.59942626953 1059.37301445007 1029.71047973633 1007.72178077698 996.122525215149 961.284340858459 945.95371723175 922.571321487427 901.903238296509 929.978677749634 899.529118537903 869.933091163635 907.337729454041 947.370003700256 959.760423660278 991.993560791016 964.949601173401 914.581303596497 887.656520843506 901.556978225708 857.849580764771 874.483103752136 862.585906982422 875.586482048035 890.512089729309 880.955817222595 889.655679702759 860.380982398987 851.384514808655 906.156490325928 923.659601211548 887.888826370239
1448.89099311829 1479.43235969543 1464.27115821838 1422.01707839966 1376.51152992249 1320.02721214294 1285.84596633911 1258.49150466919 1210.13441848755 1157.77966880798 1142.93935203552 1125.27828216553 1136.74755859375 1125.99500274658 1072.41696929932 1046.97214508057 1022.31060123444 1014.47263526917 1002.90398406982 975.073053359985 944.388613700867 925.380447387695 915.829891204834 911.344861030579 895.013275146484 908.832285881042 946.921275138855 978.395732879639 974.758967399597 956.336477279663 967.96409034729 947.11677646637 903.557931900024 872.111307144165 877.530526161194 848.604996681213 853.735178947449 881.315544128418 879.659537315369 855.022521018982 860.589291572571 846.872527122498 837.255673408508 880.241293907166 919.978927612305 910.066693305969
1316.88664245605 1334.84084701538 1327.40854454041 1309.5973777771 1277.19422721863 1268.46705436707 1216.23036956787 1199.05537414551 1183.69388771057 1143.26134109497 1114.5237865448 1107.70418739319 1103.5359916687 1087.30668640137 1059.43783092499 1059.73320007324 1041.45816612244 1003.74513053894 980.469887733459 966.653033256531 947.370527267456 942.179475784302 951.793894767761 942.384086608887 951.704931259155 983.258511543274 1023.9150428772 1020.32381248474 964.860955238342 951.60440826416 910.797694206238 882.978400230408 907.316603660583 898.564861297607 865.80074596405 852.392236709595 835.084998130798 846.031066894531 846.762307167053 869.431427001953 843.013078689575 837.893278121948 825.31861114502 890.366226196289 927.130945205688 903.161211013794
1242.98211097717 1245.28001594543 1253.6805229187 1237.13827896118 1207.29523849487 1210.36486625671 1206.97766876221 1152.82900047302 1138.09419441223 1119.10948562622 1073.87359809875 1075.47651290894 1070.55635452271 1037.20885848999 1005.40477657318 994.261374473572 989.807485580444 996.99707698822 988.197673797607 1022.68511390686 995.608455657959 999.108833312988 1015.30142784119 1020.60371780396 1014.60415077209 984.459790229797 975.494667053223 992.60996055603 993.334874153137 925.559376716614 914.353744506836 883.340714454651 859.527817726135 870.260891914368 873.771160125732 872.740472793579 877.736034393311 853.030888557434 820.215497016907 854.659730911255 866.582496643066 830.766154289246 812.486415863037 868.559032440186 880.824911117554 882.657632827759
1241.95418548584 1203.96173095703 1186.74523544312 1172.50165748596 1193.85940742493 1191.27359962463 1146.83195114136 1137.00539398193 1103.32802200317 1092.75449180603 1077.23465538025 1056.7466878891 1033.18753814697 1037.82879638672 1071.96678829193 1098.09493350983 1091.215508461 1117.75102615356 1058.16103553772 1082.12084007263 1080.98868846893 1058.44916343689 1016.62695598602 1056.17311096191 1031.34474468231 988.034679412842 951.738629341125 931.842868804932 960.567245483398 933.885349273682 889.897956848145 894.615196228027 860.876687049866 847.389625549316 845.633968353271 837.842082977295 839.256004333496 852.010771751404 819.451843261719 855.095456123352 886.007068634033 856.74266242981 825.535365104675 818.360659599304 832.961465835571 873.253712654114
1196.12658500671 1176.47440338135 1158.95950317383 1144.31924247742 1130.19905090332 1117.60829734802 1111.76510047913 1092.87427330017 1088.478099823 1088.61258125305 1060.2869758606 1041.3650226593 1051.73843574524 1096.91232681274 1142.36804771423 1165.43176841736 1233.38364601135 1173.16127967834 1171.53597259521 1188.46586036682 1149.60906410217 1082.56086349487 1034.89044189453 1013.28947734833 1006.81244087219 1017.5565071106 1002.29424762726 942.173073768616 904.622360229492 889.403447151184 882.859134674072 883.296699523926 856.760245323181 837.797554016113 811.556861877441 804.99692440033 809.68724822998 849.887566566467 832.128345489502 814.088897705078 825.789406776428 856.157946586609 828.75329208374 781.313672065735 790.981479644775 825.882613182068
