Cases/ENM_Ziziphus/clima/bio12.asc
ncols  186
nrows  192
xllcorner  -125
yllcorner  -56
cellsize 0.5
NODATA_value  -9999
[rows 108 to 143 of 192, columns 81 to 161 of 186]
-9999 -9999 -9999 -9999 -9999 -9999 -9999 -9999 -9999 -9999 -9999 -9999 -9999 -9999 -9999 -9999 1 6 100 553 796 845 842 796 823 865 797 767 733 904 1768 1861 1775 1842 1679 1652 1690 1728 1720 1682 1603 1501 1416 1369 1371 1416 1482 1578 1620 1686 1732 1674 1669 1889 1950 1866 1769 1713 1662 1643 1705 1729 1638 1573 1513 1523 1553 1554 1510 1555 1691 1774 1685 1677 1482 1254 1379 1239 1077 945 874
-9999 -9999 -9999 -9999 -9999 -9999 -9999 -9999 -9999 -9999 -9999 -9999 -9999 -9999 -9999 -9999 -9999 2 5 205 679 979 906 752 757 818 825 742 688 688 743 1381 1457 1797 1801 1733 1827 1875 1880 1860 1733 1542 1376 1284 1274 1310 1362 1420 1460 1500 1583 1570 1602 1788 1761 1606 1482 1536 1619 1721 1891 1962 1768 1613 1518 1523 1559 1603 1600 1694 1674 1579 1563 1568 1415 1291 1259 1223 1144 1038 933
-9999 -9999 -9999 -9999 -9999 -9999 -9999 -9999 -9999 -9999 -9999 -9999 -9999 -9999 -9999 -9999 -9999 -9999 5 24 189 676 609 637 640 724 755 809 706 753 747 983 1370 1615 1791 1909 2053 2132 2183 2134 1915 1594 1305 1174 1177 1218 1267 1319 1373 1436 1524 1535 1555 1587 1509 1370 1307 1493 1658 1769 1831 1834 1725 1655 1589 1529 1535 1597 1727 1704 1567 1457 1393 1420 1487 1404 1243 1197 1142 1066 981
-9999 -9999 -9999 -9999 -9999 -9999 -9999 -9999 -9999 -9999 -9999 -9999 -9999 -9999 -9999 -9999 -9999 -9999 -9999 3 24 146 135 300 296 494 550 706 696 904 791 753 975 1431 1702 2040 2401 2637 2723 2582 2186 1677 1225 1068 1125 1156 1197 1268 1370 1457 1506 1484 1450 1399 1365 1288 1267 1414 1679 1694 1739 1752 1632 1568 1577 1510 1568 1556 1700 1693 1596 1506 1490 1504 1426 1328 1221 1163 1099 937 957
-9999 -9999 -9999 -9999 -9999 -9999 -9999 -9999 -9999 -9999 -9999 -9999 -9999 -9999 -9999 -9999 -9999 -9999 -9999 -9999 2 6 8 12 26 132 364 523 661 727 789 697 671 1034 1399 1846 2529 3178 3317 3142 2501 1793 1274 1095 1129 1115 1148 1227 1387 1486 1496 1443 1373 1303 1268 1242 1258 1350 1542 1571 1637 1721 1705 1583 1583 1567 1618 1627 1647 1603 1507 1444 1484 1408 1336 1314 1265 1134 1076 1131 1084
-9999 -9999 -9999 -9999 -9999 -9999 -9999 -9999 -9999 -9999 -9999 -9999 -9999 -9999 -9999 -9999 -9999 -9999 -9999 -9999 -9999 -9999 0 2 2 16 100 298 543 588 644 591 528 646 924 1124 1598 3175 3624 3439 2596 1814 1284 1044 1020 1049 1126 1264 1455 1559 1509 1419 1334 1271 1238 1236 1263 1318 1380 1503 1575 1663 1721 1678 1658 1666 1584 1542 1502 1458 1407 1373 1384 1344 1329 1281 1220 1152 1050 1198 1258
-9999 -9999 -9999 -9999 -9999 -9999 -9999 -9999 -9999 -9999 -9999 -9999 -9999 -9999 -9999 -9999 -9999 -9999 -9999 -9999 -9999 -9999 -9999 -9999 14 11 8 86 280 454 470 446 412 411 537 792 849 1331 2564 2632 2217 1693 1254 975 922 958 1060 1232 1498 1645 1494 1375 1294 1244 1225 1234 1265 1311 1364 1478 1563 1615 1685 1700 1669 1619 1535 1510 1452 1407 1376 1358 1370 1379 1349 1297 1254 1221 1187 1063 1144
-9999 -9999 -9999 -9999 -9999 -9999 -9999 -9999 -9999 -9999 -9999 -9999 -9999 -9999 -9999 -9999 -9999 -9999 -9999 -9999 -9999 -9999 -9999 -9999 -9999 -9999 3 5 37 277 350 371 338 329 415 549 633 572 638 889 1021 1269 1214 913 826 850 941 1081 1283 1397 1368 1291 1236 1209 1205 1230 1272 1322 1380 1466 1525 1570 1650 1668 1629 1557 1543 1582 1458 1396 1343 1335 1408 1426 1397 1329 1344 1349 1270 1183 1250
-9999 -9999 -9999 -9999 -9999 -9999 -9999 -9999 -9999 -9999 -9999 -9999 -9999 -9999 -9999 -9999 -9999 -9999 -9999 -9999 -9999 -9999 -9999 -9999 -9999 -9999 -9999 3 7 127 307 317 303 303 333 396 514 676 587 529 577 759 955 775 707 728 800 908 1056 1129 1169 1188 1170 1161 1176 1225 1279 1339 1400 1471 1507 1532 1606 1630 1584 1556 1555 1598 1483 1384 1257 1276 1394 1433 1426 1418 1441 1393 1263 1224 1175
-9999 -9999 -9999 -9999 -9999 -9999 -9999 -9999 -9999 -9999 -9999 -9999 -9999 -9999 -9999 -9999 -9999 -9999 -9999 -9999 -9999 -9999 -9999 -9999 -9999 -9999 -9999 -9999 2 55 237 258 261 283 313 325 398 567 636 569 785 956 774 611 590 617 680 779 901 1006 1059 1078 1074 1086 1152 1224 1291 1353 1413 1486 1502 1529 1564 1596 1574 1545 1524 1521 1468 1409 1267 1356 1464 1463 1471 1486 1465 1397 1228 1196 1181
-9999 -9999 -9999 -9999 -9999 -9999 -9999 -9999 -9999 -9999 -9999 -9999 -9999 -9999 -9999 -9999 -9999 -9999 -9999 -9999 -9999 -9999 -9999 -9999 -9999 -9999 -9999 -9999 0 16 146 202 218 249 258 242 272 452 606 608 788 1005 734 556 522 535 581 669 790 917 1006 1017 1023 1072 1157 1237 1308 1368 1421 1493 1490 1515 1531 1525 1520 1532 1489 1431 1412 1407 1354 1391 1474 1501 1555 1538 1510 1440 1313 1253 1251
-9999 -9999 -9999 -9999 -9999 -9999 -9999 -9999 -9999 -9999 -9999 -9999 -9999 -9999 -9999 -9999 -9999 -9999 -9999 -9999 -9999 -9999 -9999 -9999 -9999 -9999 -9999 -9999 1 3 68 153 167 190 179 155 201 343 506 635 831 893 752 592 509 484 504 584 711 841 936 956 990 1085 1188 1262 1333 1391 1438 1459 1491 1489 1473 1465 1462 1490 1451 1326 1264 1272 1354 1440 1475 1569 1616 1564 1496 1402 1358 1360 1383
-9999 -9999 -9999 -9999 -9999 -9999 -9999 -9999 -9999 -9999 -9999 -9999 -9999 -9999 -9999 -9999 -9999 -9999 -9999 -9999 -9999 -9999 -9999 -9999 -9999 -9999 -9999 -9999 1 0 36 106 119 132 131 135 190 316 443 605 784 809 776 609 474 473 490 560 670 775 856 904 944 1085 1222 1300 1369 1430 1434 1444 1465 1447 1422 1405 1387 1391 1351 1207 1186 1195 1283 1360 1392 1503 1525 1501 1445 1391 1417 1364 1396
-9999 -9999 -9999 -9999 -9999 -9999 -9999 -9999 -9999 -9999 -9999 -9999 -9999 -9999 -9999 -9999 -9999 -9999 -9999 -9999 -9999 -9999 -9999 -9999 -9999 -9999 -9999 -9999 1 0 14 74 86 90 98 118 161 291 420 577 765 793 719 561 453 521 557 604 670 742 820 905 999 1123 1240 1331 1382 1424 1416 1428 1441 1418 1383 1335 1289 1249 1199 1163 1197 1217 1280 1315 1379 1528 1519 1458 1509 1485 1466 1575 1496
-9999 -9999 -9999 -9999 -9999 -9999 -9999 -9999 -9999 -9999 -9999 -9999 -9999 -9999 -9999 -9999 -9999 -9999 -9999 -9999 -9999 -9999 -9999 -9999 -9999 -9999 -9999 -9999 0 0 7 51 63 63 73 101 142 255 398 535 727 834 727 571 469 549 633 661 690 725 802 930 1081 1205 1289 1350 1372 1398 1411 1419 1434 1411 1352 1284 1204 1130 1129 1172 1198 1185 1227 1294 1357 1473 1461 1502 1507 1452 1417 1587 1520
-9999 -9999 -9999 -9999 -9999 -9999 -9999 -9999 -9999 -9999 -9999 -9999 -9999 -9999 -9999 -9999 -9999 -9999 -9999 -9999 -9999 -9999 -9999 -9999 -9999 -9999 -9999 -9999 1 1 9 34 50 59 67 94 151 280 362 529 800 909 825 639 540 574 653 709 714 694 768 951 1179 1302 1338 1366 1367 1396 1406 1422 1460 1435 1346 1251 1174 1155 1169 1216 1191 1222 1216 1257 1334 1389 1317 1538 1601 1466 1449 1541 1562
-9999 -9999 -9999 -9999 -9999 -9999 -9999 -9999 -9999 -9999 -9999 -9999 -9999 -9999 -9999 -9999 -9999 -9999 -9999 -9999 -9999 -9999 -9999 -9999 -9999 -9999 -9999 -9999 1 2 12 26 37 56 68 92 150 247 298 625 1020 1019 914 681 533 564 641 705 720 671 754 959 1173 1275 1357 1393 1374 1410 1452 1467 1541 1485 1332 1227 1173 1171 1217 1242 1217 1262 1209 1223 1319 1354 1290 1484 1584 1460 1635 1728 1519
-9999 -9999 -9999 -9999 -9999 -9999 -9999 -9999 -9999 -9999 -9999 -9999 -9999 -9999 -9999 -9999 -9999 -9999 -9999 -9999 -9999 -9999 -9999 -9999 -9999 -9999 -9999 -9999 1 4 13 24 35 52 67 92 134 195 265 794 1072 917 960 686 472 533 615 644 667 701 813 982 1143 1264 1389 1424 1409 1446 1539 1556 1552 1437 1289 1241 1237 1276 1296 1284 1288 1317 1262 1289 1263 1239 1278 1414 1608 1723 1573 1551 1500
-9999 -9999 -9999 -9999 -9999 -9999 -9999 -9999 -9999 -9999 -9999 -9999 -9999 -9999 -9999 -9999 -9999 -9999 -9999 -9999 -9999 -9999 -9999 -9999 -9999 -9999 -9999 3 3 6 13 20 39 48 64 89 124 166 220 702 867 823 829 687 566 566 593 594 638 750 873 998 1163 1266 1371 1419 1445 1504 1571 1576 1515 1402 1320 1298 1309 1365 1403 1293 1330 1354 1232 1243 1233 1175 1280 1372 1401 1361 1645 1975 1600
-9999 -9999 -9999 -9999 -9999 -9999 -9999 -9999 -9999 -9999 -9999 -9999 -9999 -9999 -9999 -9999 -9999 -9999 -9999 -9999 -9999 -9999 -9999 -9999 -9999 -9999 -9999 3 3 6 10 19 33 47 64 89 124 166 460 746 794 780 745 681 640 637 631 621 674 803 910 966 1078 1201 1304 1375 1442 1540 1615 1607 1527 1411 1443 1403 1414 1466 1512 1418 1350 1242 1214 1206 1200 1266 1635 1910 2383 2160 2127 -9999 -9999
-9999 -9999 -9999 -9999 -9999 -9999 -9999 -9999 -9999 -9999 -9999 -9999 -9999 -9999 -9999 -9999 -9999 -9999 -9999 -9999 -9999 -9999 -9999 -9999 -9999 -9999 -9999 5 5 7 10 17 31 45 64 93 125 180 698 656 762 765 709 669 665 681 703 742 791 861 938 998 1039 1155 1314 1354 1402 1518 1612 1634 1590 1493 1546 1555 1539 1538 1551 1445 1371 1371 1345 1349 1416 1636 1924 2243 2610 2343 -9999 -9999 -9999
-9999 -9999 -9999 -9999 -9999 -9999 -9999 -9999 -9999 -9999 -9999 -9999 -9999 -9999 -9999 -9999 -9999 -9999 -9999 -9999 -9999 -9999 -9999 -9999 -9999 -9999 -9999 11 8 7 11 23 36 41 65 94 140 284 625 625 695 702 676 660 667 700 762 851 889 920 976 1047 1038 1160 1370 1360 1456 1573 1581 1619 1646 1604 1722 1669 1669 1645 1579 1561 1485 1499 1301 1451 1667 1842 1888 -9999 -9999 -9999 -9999 -9999 -9999
-9999 -9999 -9999 -9999 -9999 -9999 -9999 -9999 -9999 -9999 -9999 -9999 -9999 -9999 -9999 -9999 -9999 -9999 -9999 -9999 -9999 -9999 -9999 -9999 -9999 -9999 -9999 20 11 9 15 27 42 54 69 103 148 275 533 662 616 628 642 643 660 708 790 875 915 955 1009 1075 1146 1339 1395 1429 1533 1627 1542 1643 1756 1813 1827 1786 1750 1729 1653 1530 1469 1511 1542 1858 2202 2460 -9999 -9999 -9999 -9999 -9999 -9999 -9999
-9999 -9999 -9999 -9999 -9999 -9999 -9999 -9999 -9999 -9999 -9999 -9999 -9999 -9999 -9999 -9999 -9999 -9999 -9999 -9999 -9999 -9999 -9999 -9999 -9999 -9999 -9999 18 12 9 20 35 46 59 86 115 138 213 424 688 678 640 627 623 641 700 810 909 915 981 1054 1139 1281 1397 1459 1475 1528 1613 1586 1642 1751 1821 1909 1843 1818 1774 1702 1539 1444 1335 1408 1905 2116 -9999 -9999 -9999 -9999 -9999 -9999 -9999 -9999
-9999 -9999 -9999 -9999 -9999 -9999 -9999 -9999 161 161 -9999 -9999 -9999 -9999 -9999 -9999 -9999 -9999 -9999 -9999 -9999 -9999 -9999 -9999 -9999 -9999 -9999 18 15 12 26 50 63 65 90 128 159 254 526 703 724 657 617 606 630 690 824 935 958 1031 1114 1201 1375 1420 1419 1405 1436 1610 1649 1630 1732 1918 1990 1971 2041 1836 1695 1559 1434 1370 1529 1765 -9999 -9999 -9999 -9999 -9999 -9999 -9999 -9999 -9999
-9999 -9999 -9999 -9999 -9999 -9999 -9999 -9999 -9999 -9999 -9999 -9999 -9999 -9999 -9999 -9999 -9999 -9999 -9999 -9999 -9999 -9999 -9999 -9999 -9999 -9999 -9999 36 19 21 42 69 83 85 107 130 171 341 870 745 678 638 608 607 654 738 858 964 1008 1096 1194 1286 1347 1332 1402 1585 1629 1724 1586 1600 1750 1862 1935 2021 2186 1931 1770 1669 1534 1493 1576 1637 -9999 -9999 -9999 -9999 -9999 -9999 -9999 -9999 -9999
-9999 -9999 -9999 -9999 -9999 -9999 -9999 -9999 -9999 -9999 -9999 -9999 -9999 -9999 -9999 -9999 -9999 -9999 -9999 -9999 -9999 -9999 -9999 -9999 -9999 -9999 -9999 38 25 29 59 96 99 89 123 151 219 694 928 722 621 605 603 629 693 790 913 1024 1074 1152 1258 1291 1262 1226 1360 1683 1723 1734 1665 1686 1736 1801 1846 1919 1934 1809 1797 1702 1572 1524 1622 1625 1567 -9999 -9999 -9999 -9999 -9999 -9999 -9999 -9999
-9999 -9999 -9999 -9999 -9999 -9999 -9999 -9999 -9999 -9999 -9999 -9999 -9999 -9999 -9999 -9999 -9999 -9999 -9999 -9999 -9999 -9999 -9999 -9999 -9999 -9999 33 31 30 44 83 117 112 114 155 237 349 594 768 688 594 580 596 643 723 827 954 1078 1124 1160 1190 1184 1243 1362 1447 1583 1615 1691 1748 1763 1781 1820 1813 1829 1812 1723 1729 1631 1510 1563 1641 1567 1432 -9999 -9999 -9999 -9999 -9999 -9999 -9999 -9999
-9999 -9999 -9999 -9999 -9999 -9999 -9999 -9999 -9999 -9999 -9999 -9999 -9999 -9999 -9999 -9999 -9999 -9999 -9999 -9999 -9999 -9999 -9999 -9999 -9999 -9999 40 41 42 70 100 122 130 150 193 276 342 454 576 601 576 578 600 658 746 849 959 1059 1123 1143 1109 1094 1183 1316 1431 1508 1566 1656 1785 1856 1821 1779 1751 1724 1738 1763 1755 1667 1600 1674 1507 1466 -9999 -9999 -9999 -9999 -9999 -9999 -9999 -9999 -9999
-9999 -9999 -9999 -9999 -9999 -9999 -9999 -9999 -9999 -9999 -9999 -9999 -9999 -9999 -9999 -9999 -9999 -9999 -9999 -9999 -9999 -9999 -9999 -9999 -9999 58 54 50 57 106 110 129 136 185 222 288 346 410 470 531 574 614 652 705 783 869 955 1040 1118 1164 1107 1097 1181 1288 1387 1455 1521 1641 1784 1849 1822 1745 1654 1612 1658 1717 1784 1802 1757 1512 1369 1410 -9999 -9999 -9999 -9999 -9999 -9999 -9999 -9999 -9999
-9999 -9999 -9999 -9999 -9999 -9999 -9999 -9999 -9999 -9999 -9999 -9999 -9999 -9999 -9999 -9999 -9999 -9999 -9999 -9999 -9999 -9999 -9999 -9999 -9999 64 64 61 95 125 117 127 148 207 253 319 361 395 439 506 592 688 729 773 826 886 948 1009 1080 1178 1119 1108 1174 1266 1368 1392 1498 1646 1753 1800 1785 1733 1598 1509 1435 1528 1743 1966 1925 1425 1318 -9999 -9999 -9999 -9999 -9999 -9999 -9999 -9999 -9999 -9999
-9999 -9999 -9999 -9999 -9999 -9999 -9999 -9999 -9999 -9999 -9999 -9999 -9999 -9999 -9999 -9999 -9999 -9999 -9999 -9999 -9999 -9999 -9999 -9999 -9999 82 80 74 114 152 125 132 153 215 269 322 355 398 442 504 622 768 801 829 868 903 941 976 1009 1056 1072 1088 1098 1196 1318 1267 1448 1625 1667 1664 1666 1648 1524 1393 1310 1359 1452 1568 1608 1468 -9999 -9999 -9999 -9999 -9999 -9999 -9999 -9999 -9999 -9999 -9999
-9999 -9999 -9999 -9999 -9999 -9999 -9999 -9999 -9999 -9999 -9999 -9999 -9999 -9999 -9999 -9999 -9999 -9999 -9999 -9999 -9999 -9999 -9999 -9999 -9999 110 105 96 140 179 99 127 153 217 271 323 378 423 461 514 646 778 828 857 887 915 938 962 989 1013 1049 1101 1167 1300 1296 1282 1393 1513 1550 1535 1529 1529 1469 1416 1382 1402 1409 1469 1486 -9999 -9999 -9999 -9999 -9999 -9999 -9999 -9999 -9999 -9999 -9999 -9999
-9999 -9999 -9999 -9999 -9999 -9999 -9999 -9999 -9999 -9999 -9999 -9999 -9999 -9999 -9999 -9999 -9999 -9999 -9999 -9999 -9999 -9999 -9999 -9999 -9999 136 151 139 170 157 127 126 143 209 278 355 428 459 500 572 696 782 828 858 886 916 936 957 984 1028 1071 1131 1220 1311 1325 1327 1373 1465 1429 1392 1408 1427 1439 1479 1446 1401 1384 1425 1450 -9999 -9999 -9999 -9999 -9999 -9999 -9999 -9999 -9999 -9999 -9999 -9999
-9999 -9999 -9999 -9999 -9999 -9999 -9999 -9999 -9999 -9999 -9999 -9999 -9999 -9999 -9999 -9999 -9999 -9999 -9999 -9999 -9999 -9999 -9999 -9999 -9999 163 200 194 212 173 138 131 138 218 282 370 442 480 551 637 724 797 824 847 877 917 934 951 978 1028 1077 1136 1228 1303 1307 1308 1348 1361 1328 1271 1241 1313 1388 1449 1410 1363 1356 1384 -9999 -9999 -9999 -9999 -9999 -9999 -9999 -9999 -9999 -9999 -9999 -9999 -9999
-9999 -9999 -9999 -9999 -9999 -9999 -9999 -9999 -9999 -9999 -9999 -9999 -9999 -9999 -9999 -9999 -9999 -9999 -9999 -9999 -9999 -9999 -9999 -9999 -9999 198 230 237 250 192 178 147 135 199 280 368 449 500 567 652 699 784 806 831 870 913 946 975 988 1023 1066 1123 1199 1261 1271 1267 1276 1270 1259 1221 1173 1231 1327 1362 1342 1279 1316 -9999 -9999 -9999 -9999 -9999 -9999 -9999 -9999 -9999 -9999 -9999 -9999 -9999 -9999
