Cases/ENM_Ziziphus/clima/bio12.asc
ncols  186
nrows  192
xllcorner  -125
yllcorner  -56
cellsize 0.5
NODATA_value  -9999
[rows 0 to 35 of 192, columns 0 to 80 of 186]
-9999 1800 1556 1263 1049 532 855 1230 1151 586 256 179 134 155 206 268 308 315 327 320 316 296 241 214 234 352 442 476 362 332 258 307 397 443 472 529 431 524 669 456 399 378 370 393 413 438 463 513 533 552 573 599 633 690 730 775 805 857 899 916 921 932 937 990 1008 983 978 963 946 945 927 953 988 993 1011 1046 1063 1027 1033 1034 1015
-9999 -9999 1155 1191 948 504 541 1039 1489 983 389 172 127 150 219 265 274 296 291 322 343 305 222 231 207 323 346 410 231 232 349 294 302 387 513 472 573 583 468 461 444 396 371 387 403 421 453 479 509 542 549 595 640 679 728 784 840 880 909 953 958 973 983 983 1002 986 992 972 951 948 961 975 996 1015 1033 1063 1102 1077 1064 1083 1060
-9999 -9999 1121 1163 1024 720 480 599 1101 1191 637 258 166 144 181 233 280 254 241 287 329 306 269 225 283 359 363 240 212 185 232 320 444 336 359 513 530 506 382 458 429 361 331 348 371 401 437 464 503 533 551 595 650 693 738 823 860 891 919 964 984 1006 1023 1014 1009 981 989 982 969 964 964 988 1031 1055 1085 1106 1144 1135 1123 1129 1104
-9999 -9999 -9999 1098 955 705 434 443 732 1151 899 496 252 164 148 156 201 215 254 267 291 332 326 271 352 403 372 270 191 214 253 379 352 494 521 548 514 428 383 407 351 295 289 321 352 380 413 450 495 531 557 601 647 699 760 824 857 904 960 1004 1033 1044 1045 1052 1044 1025 1013 1021 1017 1011 1015 1046 1075 1092 1111 1136 1168 1167 1151 1172 1141
-9999 -9999 -9999 1017 866 586 434 322 392 755 933 674 359 248 153 148 168 224 243 256 276 310 311 340 445 350 326 209 183 216 356 357 425 651 826 817 730 306 280 460 409 342 312 336 368 389 402 441 492 546 589 618 657 712 760 817 884 924 984 1028 1071 1083 1070 1068 1070 1071 1061 1063 1088 1099 1107 1132 1148 1147 1147 1157 1209 1224 1232 1239 1215
-9999 -9999 -9999 -9999 -9999 740 590 401 266 372 659 799 604 275 154 143 157 212 214 206 239 260 313 370 399 331 205 156 149 191 224 244 327 484 525 557 731 483 240 497 430 374 372 395 396 401 421 459 504 543 586 623 658 720 764 827 894 944 999 1049 1079 1093 1091 1090 1092 1087 1094 1115 1146 1170 1184 1201 1219 1235 1226 1227 1257 1289 1315 1326 1303
-9999 -9999 -9999 -9999 -9999 742 492 431 271 215 294 574 680 448 185 122 115 144 166 227 146 182 291 332 312 374 206 152 219 238 213 274 226 257 316 416 470 571 348 562 413 438 420 394 406 427 440 467 507 547 582 617 661 722 786 847 909 958 1000 1065 1098 1111 1117 1101 1086 1085 1127 1168 1195 1204 1217 1256 1307 1311 1271 1268 1282 1317 1352 1333 1324
-9999 -9999 -9999 -9999 -9999 -9999 746 433 470 232 195 281 597 555 219 163 100 114 244 148 131 151 284 336 317 400 248 181 215 280 255 328 271 225 264 330 482 384 415 541 399 390 395 386 404 435 450 483 513 549 577 632 678 726 790 857 908 962 1013 1082 1143 1146 1145 1149 1127 1140 1164 1194 1213 1238 1244 1300 1345 1353 1345 1309 1249 1335 1393 1417 1405
-9999 -9999 -9999 -9999 -9999 -9999 -9999 324 376 390 190 196 434 430 151 112 93 90 155 171 138 176 259 324 367 371 353 194 215 256 277 338 292 271 262 278 434 380 551 450 420 380 382 398 415 449 472 503 537 557 603 664 718 752 812 866 918 977 1036 1099 1159 1197 1197 1212 1218 1252 1236 1222 1224 1250 1283 1319 1346 1367 1396 1372 1332 1389 1434 1471 1434
-9999 -9999 -9999 -9999 -9999 -9999 -9999 228 508 521 417 189 284 298 119 110 115 86 163 218 139 181 237 345 362 469 557 346 225 240 247 291 334 379 319 306 261 358 380 356 370 366 374 397 439 468 492 534 559 567 617 667 711 779 852 901 963 1019 1081 1141 1152 1027 1135 1210 1243 1287 1289 1262 1261 1271 1311 1352 1377 1405 1437 1425 1411 1455 1511 1447 1428
-9999 -9999 -9999 -9999 -9999 -9999 -9999 -9999 380 466 629 576 399 242 167 145 177 121 129 150 134 169 264 364 413 435 515 557 371 287 269 286 325 342 323 256 235 375 337 332 350 377 399 421 436 460 493 515 528 546 604 617 697 795 875 919 986 1048 1152 1231 1260 1216 1304 1356 1344 1272 1268 1272 1312 1330 1363 1424 1422 1427 1412 1420 1424 1454 1481 1430 1467
-9999 -9999 -9999 -9999 -9999 -9999 -9999 -9999 -9999 415 479 429 470 462 576 480 479 204 110 103 128 145 209 294 417 490 540 587 557 472 500 381 370 371 337 300 265 351 364 326 335 355 384 409 438 459 491 525 526 552 612 654 721 795 854 910 986 1061 1150 1234 1312 1385 1439 1409 1362 1306 1270 1296 1337 1374 1415 1444 1415 1460 1497 1472 1447 1427 1434 1386 1375
-9999 -9999 -9999 -9999 -9999 -9999 -9999 -9999 -9999 414 427 -9999 -9999 326 362 378 441 188 143 100 94 132 187 243 272 279 392 516 502 501 598 572 447 421 381 324 254 321 367 345 316 341 388 421 454 462 485 530 557 587 631 670 716 772 839 915 981 1072 1135 1187 1242 1270 1314 1340 1323 1340 1337 1323 1362 1392 1425 1426 1411 1451 1500 1466 1427 1412 1421 1426 1346
-9999 -9999 -9999 -9999 -9999 -9999 -9999 -9999 -9999 -9999 229 230 238 293 298 332 519 222 75 89 86 138 166 164 170 196 246 455 465 408 469 467 487 467 423 259 293 255 473 381 316 332 384 418 448 464 497 524 553 591 636 683 736 786 841 920 986 1055 1113 1138 1193 1207 1236 1299 1298 1352 1383 1360 1369 1402 1442 1438 1404 1413 1438 1459 1443 1438 1466 1412 1327
-9999 -9999 -9999 -9999 -9999 -9999 -9999 -9999 -9999 -9999 -9999 -9999 212 232 -9999 281 419 320 143 59 74 102 112 130 170 247 253 390 433 425 344 338 384 412 377 278 278 243 438 375 313 326 364 393 418 436 475 514 566 606 637 681 736 776 821 860 932 1014 1072 1095 1160 1210 1229 1304 1337 1339 1380 1405 1387 1385 1423 1442 1422 1410 1391 1413 1417 1421 1444 1370 1293
-9999 -9999 -9999 -9999 -9999 -9999 -9999 -9999 -9999 -9999 -9999 -9999 -9999 -9999 -9999 238 307 357 235 78 73 93 121 147 233 272 305 328 411 381 347 335 319 300 257 254 255 245 285 262 277 320 331 343 375 405 445 497 562 626 649 684 737 787 814 865 922 982 1044 1094 1166 1222 1238 1312 1410 1389 1386 1410 1400 1363 1446 1459 1448 1467 1420 1368 1344 1346 1359 1287 1221
-9999 -9999 -9999 -9999 -9999 -9999 -9999 -9999 -9999 -9999 -9999 -9999 -9999 -9999 -9999 -9999 306 306 270 90 56 68 90 138 232 279 375 425 459 382 360 437 346 279 232 222 225 227 258 231 228 289 296 296 336 376 421 488 551 591 637 679 719 757 815 837 907 995 1050 1097 1163 1237 1290 1342 1426 1464 1457 1469 1478 1486 1510 1485 1494 1524 1504 1465 1457 1414 1357 1333 1296
-9999 -9999 -9999 -9999 -9999 -9999 -9999 -9999 -9999 -9999 -9999 -9999 -9999 -9999 -9999 -9999 287 265 316 161 60 62 77 104 185 279 363 460 535 474 375 338 384 292 258 220 216 239 248 261 272 301 304 301 317 363 427 491 533 569 617 661 694 750 797 861 912 994 1055 1104 1163 1257 1341 1407 1456 1479 1511 1556 1567 1569 1571 1558 1569 1589 1583 1583 1557 1501 1393 1367 1346
-9999 -9999 -9999 -9999 -9999 -9999 -9999 -9999 -9999 -9999 -9999 -9999 -9999 -9999 -9999 -9999 -9999 195 250 284 80 -9999 -9999 99 131 211 291 378 539 518 453 389 406 347 298 244 225 252 268 279 307 348 363 351 359 377 412 483 543 578 597 663 713 770 826 872 935 1012 1098 1173 1268 1340 1404 1471 1549 1531 1523 1557 1646 1624 1595 1622 1637 1609 1620 1592 1560 1564 1508 1453 1420
-9999 -9999 -9999 -9999 -9999 -9999 -9999 -9999 -9999 -9999 -9999 -9999 -9999 -9999 -9999 -9999 -9999 171 166 186 104 -9999 -9999 -9999 124 212 305 346 494 546 525 478 472 394 317 277 265 278 261 280 318 319 367 401 387 360 391 459 536 604 647 712 788 829 834 893 979 1039 1123 1238 1340 1400 1452 1445 1505 1501 1506 1529 1595 1565 1533 1573 1582 1564 1550 1510 1521 1538 1548 1551 1511
-9999 -9999 -9999 -9999 -9999 -9999 -9999 -9999 -9999 -9999 -9999 -9999 -9999 -9999 -9999 -9999 -9999 -9999 127 133 126 90 82 82 111 173 270 321 427 499 524 551 601 603 446 347 374 347 271 281 318 306 346 352 323 307 343 408 515 632 691 721 798 828 858 927 1003 1045 1108 1211 1280 1349 1434 1450 1484 1530 1552 1597 1623 1585 1557 1522 1514 -9999 -9999 -9999 -9999 -9999 1469 1488 1490
-9999 -9999 -9999 -9999 -9999 -9999 -9999 -9999 -9999 -9999 -9999 -9999 -9999 112 -9999 -9999 -9999 -9999 -9999 98 103 144 116 100 108 144 181 262 390 477 540 564 662 721 546 438 493 376 286 298 307 296 308 313 335 317 284 391 490 576 615 646 688 709 814 903 1002 1069 1193 1248 1115 -9999 -9999 -9999 -9999 -9999 1553 1592 1576 1553 1532 1456 1432 -9999 -9999 -9999 -9999 -9999 -9999 -9999 -9999
-9999 -9999 -9999 -9999 -9999 -9999 -9999 -9999 -9999 -9999 -9999 -9999 -9999 99 -9999 -9999 -9999 -9999 -9999 -9999 96 117 161 107 112 132 160 228 359 461 586 682 707 684 529 466 470 439 336 317 299 331 303 234 295 364 342 422 458 525 551 594 641 682 780 879 998 1104 1204 1318 -9999 -9999 -9999 -9999 -9999 -9999 -9999 -9999 -9999 -9999 -9999 1426 -9999 -9999 -9999 -9999 -9999 -9999 -9999 -9999 -9999
-9999 -9999 -9999 -9999 -9999 -9999 -9999 -9999 -9999 -9999 -9999 -9999 -9999 -9999 -9999 -9999 -9999 -9999 59 74 -9999 90 127 147 107 104 164 217 292 431 537 770 856 861 738 559 450 447 346 318 349 327 264 250 272 363 486 450 438 501 543 550 584 657 777 907 972 1034 -9999 -9999 -9999 -9999 -9999 -9999 -9999 -9999 -9999 -9999 -9999 -9999 -9999 -9999 -9999 -9999 -9999 -9999 -9999 -9999 -9999 -9999 -9999
-9999 -9999 -9999 -9999 -9999 -9999 -9999 -9999 -9999 -9999 -9999 -9999 -9999 -9999 -9999 -9999 -9999 -9999 -9999 62 94 95 113 129 121 108 -9999 179 221 322 458 719 815 883 810 625 505 452 370 344 362 342 326 288 311 354 458 457 420 454 483 502 582 653 742 806 893 -9999 -9999 -9999 -9999 -9999 -9999 -9999 -9999 -9999 -9999 -9999 -9999 -9999 -9999 -9999 -9999 -9999 -9999 -9999 -9999 -9999 -9999 -9999 -9999
-9999 -9999 -9999 -9999 -9999 -9999 -9999 -9999 -9999 -9999 -9999 -9999 -9999 -9999 -9999 -9999 -9999 -9999 -9999 -9999 103 98 110 102 128 124 96 -9999 186 187 272 547 745 932 901 667 558 493 468 393 358 357 375 332 324 312 353 399 426 436 464 500 560 618 667 714 -9999 -9999 -9999 -9999 -9999 -9999 -9999 -9999 -9999 -9999 -9999 -9999 -9999 -9999 -9999 -9999 -9999 -9999 -9999 -9999 -9999 -9999 -9999 -9999 -9999
-9999 -9999 -9999 -9999 -9999 -9999 -9999 -9999 -9999 -9999 -9999 -9999 -9999 -9999 -9999 -9999 -9999 -9999 -9999 -9999 -9999 84 87 109 131 173 127 114 -9999 -9999 273 407 645 828 876 905 751 584 514 450 367 318 298 296 275 249 291 358 424 470 504 516 560 606 656 683 -9999 -9999 -9999 -9999 -9999 -9999 -9999 -9999 -9999 -9999 -9999 -9999 -9999 -9999 -9999 -9999 -9999 -9999 -9999 -9999 -9999 -9999 -9999 -9999 -9999
-9999 -9999 -9999 -9999 -9999 -9999 -9999 -9999 -9999 -9999 -9999 -9999 -9999 -9999 -9999 -9999 -9999 -9999 -9999 -9999 -9999 -9999 -9999 -9999 95 129 197 149 -9999 -9999 -9999 346 529 865 1013 1064 914 720 542 472 374 311 263 243 230 278 301 281 330 560 675 547 564 579 656 687 -9999 -9999 -9999 -9999 -9999 -9999 -9999 -9999 -9999 -9999 -9999 -9999 -9999 -9999 -9999 -9999 -9999 -9999 -9999 -9999 -9999 -9999 -9999 -9999 -9999
-9999 -9999 -9999 -9999 -9999 -9999 -9999 -9999 -9999 -9999 -9999 -9999 -9999 -9999 -9999 -9999 -9999 -9999 -9999 -9999 -9999 -9999 -9999 -9999 -9999 77 173 202 170 -9999 -9999 304 374 570 944 1011 1002 805 608 479 443 328 270 207 190 235 302 295 296 597 675 596 621 617 679 712 -9999 -9999 -9999 -9999 -9999 -9999 -9999 -9999 -9999 -9999 -9999 -9999 -9999 -9999 -9999 -9999 -9999 -9999 -9999 -9999 -9999 -9999 -9999 -9999 -9999
-9999 -9999 -9999 -9999 -9999 -9999 -9999 -9999 -9999 -9999 -9999 -9999 -9999 -9999 -9999 -9999 -9999 -9999 -9999 -9999 -9999 -9999 -9999 -9999 -9999 82 122 217 211 -9999 -9999 271 357 541 785 1011 1098 1069 754 532 408 327 289 244 225 340 423 436 445 666 787 675 645 629 694 739 -9999 -9999 -9999 -9999 -9999 -9999 -9999 -9999 -9999 -9999 -9999 -9999 -9999 -9999 -9999 -9999 -9999 -9999 -9999 -9999 -9999 -9999 -9999 -9999 -9999
-9999 -9999 -9999 -9999 -9999 -9999 -9999 -9999 -9999 -9999 -9999 -9999 -9999 -9999 -9999 -9999 -9999 -9999 -9999 -9999 -9999 -9999 -9999 -9999 -9999 70 81 161 226 216 -9999 -9999 -9999 600 582 717 1062 1136 988 718 503 448 367 329 314 368 407 434 396 463 753 724 773 679 699 -9999 -9999 -9999 -9999 -9999 -9999 -9999 -9999 -9999 -9999 -9999 -9999 -9999 -9999 -9999 -9999 -9999 -9999 -9999 -9999 -9999 -9999 -9999 -9999 -9999 -9999
-9999 -9999 -9999 -9999 -9999 -9999 -9999 -9999 -9999 -9999 -9999 -9999 -9999 -9999 -9999 -9999 -9999 -9999 -9999 -9999 -9999 -9999 -9999 -9999 -9999 -9999 50 92 151 235 253 -9999 -9999 -9999 458 495 874 1145 1028 789 590 524 466 406 346 319 353 343 332 391 710 728 664 659 761 -9999 -9999 -9999 -9999 -9999 -9999 -9999 -9999 -9999 -9999 -9999 -9999 -9999 -9999 -9999 -9999 -9999 -9999 -9999 -9999 -9999 -9999 -9999 -9999 -9999 -9999
-9999 -9999 -9999 -9999 -9999 -9999 -9999 -9999 -9999 -9999 -9999 -9999 -9999 -9999 -9999 -9999 -9999 -9999 -9999 -9999 -9999 -9999 -9999 -9999 -9999 -9999 -9999 -9999 106 297 325 230 -9999 -9999 -9999 487 676 984 1113 956 753 504 536 463 379 338 340 313 379 445 675 735 767 754 1020 -9999 -9999 -9999 -9999 -9999 -9999 -9999 -9999 -9999 -9999 -9999 -9999 -9999 -9999 -9999 -9999 -9999 -9999 -9999 -9999 -9999 -9999 -9999 -9999 -9999 -9999
-9999 -9999 -9999 -9999 -9999 -9999 -9999 -9999 -9999 -9999 -9999 -9999 -9999 -9999 -9999 -9999 -9999 -9999 -9999 -9999 -9999 -9999 -9999 -9999 -9999 -9999 -9999 -9999 -9999 231 371 275 -9999 -9999 -9999 -9999 761 831 1165 1118 847 575 544 479 410 378 357 337 406 424 538 813 801 964 1106 -9999 -9999 -9999 -9999 -9999 -9999 -9999 -9999 -9999 -9999 -9999 -9999 -9999 -9999 -9999 -9999 -9999 -9999 -9999 -9999 -9999 -9999 -9999 -9999 -9999 -9999
-9999 -9999 -9999 -9999 -9999 -9999 -9999 -9999 -9999 -9999 -9999 -9999 -9999 -9999 -9999 -9999 -9999 -9999 -9999 -9999 -9999 -9999 -9999 -9999 -9999 -9999 -9999 -9999 -9999 217 241 -9999 -9999 -9999 -9999 -9999 -9999 728 980 1239 920 637 559 457 433 419 346 375 430 479 651 1278 902 877 992 -9999 -9999 -9999 -9999 -9999 -9999 -9999 -9999 -9999 -9999 -9999 -9999 -9999 -9999 -9999 347 -9999 -9999 -9999 -9999 -9999 -9999 -9999 -9999 -9999 -9999
-9999 -9999 -9999 -9999 -9999 -9999 -9999 -9999 -9999 -9999 -9999 -9999 -9999 -9999 -9999 -9999 -9999 -9999 -9999 -9999 -9999 -9999 -9999 -9999 -9999 -9999 -9999 -9999 -9999 -9999 -9999 -9999 -9999 -9999 -9999 -9999 -9999 -9999 1005 1290 1034 773 615 583 588 479 437 380 425 558 586 1292 1070 900 1068 -9999 -9999 -9999 -9999 -9999 -9999 -9999 -9999 -9999 -9999 -9999 -9999 -9999 -9999 -9999 -9999 -9999 -9999 -9999 -9999 -9999 -9999 -9999 -9999 -9999 1405
