Cases/ENM_Ziziphus/clima/bio12.asc
ncols  186
nrows  192
xllcorner  -125
yllcorner  -56
cellsize 0.5
NODATA_value  -9999
[rows 72 to 107 of 192, columns 81 to 161 of 186]
-9999 -9999 -9999 -9999 -9999 1841 -9999 -9999 -9999 -9999 -9999 -9999 -9999 -9999 7024 2496 1346 1966 1887 1706 1772 3273 2597 2401 2346 2337 2343 2560 2773 2900 2975 2999 2959 2955 3215 3250 3333 3187 2943 2848 2692 2544 2427 2404 2151 1856 1495 1306 1259 1291 1398 1703 1913 2054 2212 2393 2626 2516 2496 2558 2443 2391 2510 2880 3122 3300 3488 -9999 -9999 -9999 -9999 -9999 -9999 -9999 -9999 -9999 -9999 -9999 -9999 -9999 -9999
-9999 -9999 -9999 -9999 -9999 -9999 -9999 -9999 -9999 -9999 -9999 -9999 4798 6939 6841 2397 1669 2220 1696 1688 2637 2809 2795 2627 2497 2483 2534 2671 2825 2970 3063 3106 3112 3098 3137 3301 3454 3182 2638 2574 2458 2234 2072 2007 1965 1809 1611 1473 1520 1559 1528 1604 1804 1953 2031 2088 2208 2291 2361 2414 2444 2397 2401 2527 2670 3028 3410 3605 -9999 -9999 -9999 -9999 -9999 -9999 -9999 -9999 -9999 -9999 -9999 -9999 -9999
-9999 -9999 -9999 -9999 -9999 -9999 -9999 -9999 -9999 -9999 -9999 3651 4238 6020 6333 2652 1836 1768 1571 1815 2863 2770 2662 2584 2526 2564 2648 2781 2932 3053 3151 3233 3324 3379 3131 3330 3422 3017 2491 2299 2380 2158 1954 1880 1867 1828 1776 1587 1585 1549 1481 1609 1788 1906 1956 1942 1917 1955 2118 2226 2301 2332 2361 2423 2575 2911 3359 3707 -9999 -9999 -9999 -9999 -9999 -9999 -9999 -9999 -9999 -9999 -9999 -9999 -9999
-9999 -9999 -9999 -9999 -9999 -9999 -9999 -9999 -9999 -9999 -9999 3277 4168 4200 2776 2231 1823 1528 1856 2122 2687 2483 2403 2467 2524 2628 2759 2892 3030 3157 3246 3338 3475 3542 3456 3377 3271 2891 2486 2313 2176 2082 1961 1829 1808 1793 1727 1653 1705 1675 1647 1716 1822 1913 1986 1987 1873 1817 1964 2105 2185 2280 2347 2415 2570 2825 3159 3510 3527 -9999 -9999 -9999 -9999 -9999 -9999 -9999 -9999 -9999 -9999 -9999 -9999
-9999 -9999 -9999 -9999 -9999 -9999 -9999 -9999 -9999 -9999 2035 2712 4820 3236 1741 1925 1962 2271 2750 2667 2487 2366 2355 2451 2568 2711 2864 2997 3171 3281 3302 3344 3573 3604 3452 3273 3102 2904 2657 2486 2293 1995 1858 1813 1820 1863 1777 1784 1816 1811 1821 1853 1945 1987 2044 2052 2026 1919 1945 2020 2117 2231 2343 2416 2517 2646 2787 2962 3127 3140 -9999 -9999 -9999 -9999 -9999 -9999 -9999 -9999 -9999 -9999 -9999
-9999 -9999 -9999 -9999 -9999 -9999 -9999 -9999 -9999 960 1858 2751 4140 1997 1641 2782 3350 3592 3101 2762 2584 2484 2468 2553 2640 2768 2925 3087 3289 3420 3388 3326 3571 3544 3286 3129 3078 2998 2794 2588 2358 2197 1995 1835 1847 1865 1868 1910 1948 1879 1963 2033 2100 2129 2113 2118 2093 2029 2003 2031 2113 2228 2332 2415 2470 2477 2420 2448 2735 2906 -9999 -9999 -9999 -9999 -9999 -9999 -9999 -9999 -9999 -9999 -9999
-9999 -9999 -9999 -9999 -9999 -9999 -9999 -9999 1667 1391 2272 2619 1571 1127 1997 3563 3949 3448 2858 2752 2714 2647 2632 2677 2728 2831 2956 3116 3281 3438 3529 3490 3489 3311 3093 3286 3188 3009 2793 2602 2532 2374 2201 1950 1972 1996 1933 1900 1920 1921 2079 2156 2170 2226 2220 2202 2180 2116 2076 2073 2141 2253 2345 2449 2445 2385 2208 2211 2547 2773 -9999 -9999 -9999 -9999 -9999 -9999 -9999 -9999 -9999 -9999 -9999
-9999 -9999 -9999 -9999 -9999 -9999 -9999 -9999 1283 1854 2824 2142 1019 1494 2912 3464 3526 3115 2780 2873 2878 2796 2763 2785 2818 2886 2961 3066 3164 3317 3465 3514 3543 3207 2869 2941 2948 2834 2704 2651 2721 2599 2287 2175 2254 2216 1994 1838 1900 2008 2132 2207 2237 2281 2316 2313 2264 2191 2114 2086 2116 2243 2331 2408 2409 2338 2275 2482 2751 2900 3185 -9999 -9999 -9999 -9999 -9999 -9999 -9999 -9999 -9999 -9999
-9999 -9999 -9999 -9999 -9999 -9999 -9999 -9999 782 1934 2819 1909 1190 2175 3490 3451 3208 2874 2692 2945 2945 2853 2821 2861 2902 2932 2964 3006 3055 3192 3370 3506 3546 3280 3000 2887 2812 2697 2570 2587 2637 2494 2265 2251 2341 2277 2074 1966 2015 2115 2190 2269 2305 2371 2419 2438 2389 2257 2099 1986 2005 2187 2282 2354 2363 2291 2463 2951 3279 3017 3034 2908 2944 -9999 -9999 -9999 -9999 -9999 -9999 -9999 -9999
-9999 -9999 -9999 -9999 -9999 -9999 -9999 249 803 1916 2432 952 1243 3470 3326 3246 3060 2775 2717 2826 2867 2832 2806 2857 2919 2938 2970 2994 3011 3122 3338 3465 3467 3316 3101 2928 2797 2683 2592 2592 2570 2409 2241 2278 2246 2178 2140 2161 2237 2284 2288 2296 2320 2383 2501 2557 2513 2319 2054 1828 1773 1958 2067 2194 2357 2429 2563 2838 3032 2904 2573 2600 2718 2757 2727 2468 2246 -9999 -9999 -9999 -9999
-9999 -9999 -9999 -9999 -9999 -9999 146 375 1148 1632 1941 724 1746 4080 3391 3200 3041 2805 2691 2758 2838 2792 2731 2779 2862 2927 2982 3035 3095 3221 3400 3467 3452 3360 3170 2967 2825 2728 2697 2724 2667 2534 2435 2399 2239 2134 2222 2380 2509 2466 2365 2307 2289 2302 2412 2511 2526 2321 2004 1779 1657 1744 1791 1949 2302 2473 2516 2522 2727 2727 2599 2368 2383 2440 2447 2329 2177 2395 2134 1801 -9999
-9999 -9999 -9999 -9999 -9999 -9999 -9999 445 928 1280 1604 804 2166 3824 3434 3198 3025 2821 2666 2795 2955 2887 2699 2753 2831 2913 3013 3092 3166 3318 3537 3482 3456 3381 3198 3002 2894 2831 2892 2997 2852 2688 2605 2595 2507 2362 2370 2543 2753 2622 2352 2258 2186 2132 2123 2308 2416 2211 1873 1680 1649 1698 1780 1949 2274 2291 2294 2351 2524 2544 2587 2560 2423 2302 2268 2227 2281 2573 1963 1682 2002
-9999 -9999 -9999 -9999 -9999 -9999 100 248 669 968 1577 719 2271 3139 3023 3044 2995 2826 2778 2938 3207 3238 2972 2851 2843 2898 3025 3101 3128 3245 3475 3581 3464 3298 3156 3047 2905 3008 3487 3357 2962 2744 2671 2689 2686 2596 2506 2570 2648 2518 2281 2200 2112 2047 2038 2277 2281 2048 1866 1878 1857 1916 1911 2004 2233 2268 2420 2463 2590 2538 2487 2493 2419 2285 2154 2148 2296 2479 2206 1912 1969
-9999 -9999 -9999 -9999 -9999 -9999 -9999 328 423 862 981 1029 2639 2605 2641 2692 2718 2653 2715 2946 3212 3298 3080 2926 2884 2891 2967 3006 2974 2974 3281 3651 3345 3106 3045 2953 2826 2991 3280 3121 2794 2621 2599 2647 2642 2548 2483 2601 2341 2285 2310 2200 2178 2151 2199 2259 2227 2048 1945 2084 1932 2015 1827 1784 1972 2161 2354 2462 2509 2479 2413 2443 2393 2119 1943 1968 2090 2199 2062 1797 1780
-9999 -9999 -9999 -9999 -9999 -9999 -9999 -9999 316 815 773 1377 2762 2426 2427 2325 2230 2328 2496 2792 3022 3056 2921 2896 2915 2863 2897 2916 2839 2705 2800 3081 2992 2872 2906 2912 2906 2890 2796 2603 2445 2362 2437 2582 2607 2460 2298 2374 2233 2182 2219 2129 2217 2161 2236 2217 2450 2133 1882 1910 1853 1775 1559 1586 1882 2126 2237 2278 2360 2426 2394 2308 2129 1849 1693 1750 1855 1895 1874 1636 1707
-9999 -9999 -9999 -9999 -9999 -9999 -9999 205 664 1261 934 2123 2634 2484 2386 2220 2085 2127 2268 2619 2801 2822 2827 2825 2834 2786 2777 2829 2793 2642 2512 2663 2731 2736 2782 2842 2892 2789 2558 2380 2223 2100 2272 2480 2608 2451 2231 2211 2163 2140 2212 2233 2243 2188 2276 2343 2429 2078 1842 1828 1822 1716 1551 1617 2075 2362 2151 2082 2204 2397 2351 2207 1969 1667 1504 1577 1698 1749 1733 1656 1774
-9999 -9999 -9999 -9999 -9999 -9999 66 297 702 1071 1060 2026 2664 2602 2447 2274 2128 2088 2193 2418 2525 2554 2640 2673 2667 2619 2540 2575 2719 2677 2581 2618 2629 2629 2675 2738 2771 2707 2565 2426 2293 2199 2278 2414 2517 2489 2398 2307 2193 2088 2148 2250 2286 2260 2272 2272 2189 2046 1986 1849 1793 1692 1583 1634 1949 2155 2061 2035 2217 2316 2269 2163 1925 1609 1427 1436 1540 1572 1563 1616 1483
-9999 -9999 -9999 -9999 -9999 -9999 36 99 286 881 1119 1722 2596 2581 2413 2298 2140 2039 2127 2307 2403 2536 2573 2532 2533 2496 2435 2466 2615 2676 2699 2689 2622 2579 2588 2642 2695 2686 2627 2552 2520 2464 2402 2436 2501 2570 2608 2459 2303 2167 2173 2264 2323 2293 2254 2218 2172 2221 2105 1920 1807 1724 1655 1653 1795 1871 1878 1975 2096 2148 2133 2165 1954 1550 1334 1300 1313 1335 1469 1606 1460
-9999 -9999 -9999 -9999 -9999 -9999 25 43 154 548 958 1315 1886 1857 2054 2151 2114 2015 2100 2250 2343 2520 2453 2408 2450 2451 2441 2476 2568 2678 2802 2783 2617 2525 2523 2584 2662 2712 2708 2634 2590 2536 2449 2480 2548 2603 2596 2520 2410 2293 2250 2266 2275 2242 2220 2245 2375 2483 2284 2037 1897 1814 1765 1761 1794 1809 1832 1911 1978 1999 1943 1986 1859 1546 1345 1255 1171 1199 1303 1348 1287
-9999 -9999 -9999 -9999 -9999 -9999 24 30 79 330 806 878 1002 1166 1494 1751 2084 2095 2181 2286 2254 2354 2381 2382 2424 2446 2450 2471 2527 2601 2691 2689 2549 2443 2490 2563 2649 2745 2820 2711 2450 2354 2439 2512 2595 2657 2575 2520 2438 2346 2288 2255 2215 2158 2169 2271 2469 2665 2316 2111 1998 1922 1875 1865 1874 1875 1883 1904 1905 1900 1884 1785 1686 1570 1428 1341 1246 1123 1111 1184 1183
-9999 -9999 -9999 -9999 -9999 -9999 25 22 38 148 740 820 834 1013 1166 1352 1972 2130 2156 2249 2249 2326 2377 2402 2436 2464 2454 2444 2471 2476 2461 2523 2523 2464 2489 2539 2602 2703 2892 2865 2451 2342 2406 2510 2672 2828 2669 2532 2413 2310 2280 2265 2192 2085 2153 2246 2280 2214 2169 2143 2083 2018 1967 1953 1966 1962 1955 1919 1884 1785 1703 1632 1582 1572 1481 1345 1268 1218 1226 1453 1360
-9999 -9999 -9999 -9999 -9999 -9999 -9999 15 24 42 403 998 967 1056 1028 1234 1339 1859 1933 2032 2196 2347 2397 2392 2427 2483 2428 2396 2450 2422 2333 2437 2535 2514 2496 2500 2497 2489 2574 2590 2381 2321 2346 2432 2585 2714 2647 2527 2341 2194 2244 2292 2258 2254 2294 2281 2193 2139 2201 2233 2187 2109 2035 2008 2049 2009 2003 1952 1853 1744 1673 1619 1666 1677 1528 1350 1240 1234 1214 1314 1216
-9999 -9999 -9999 -9999 -9999 -9999 -9999 -9999 -9999 19 187 676 984 1066 1150 1550 1598 1787 1756 1871 2118 2384 2390 2298 2302 2321 2269 2359 2508 2459 2408 2458 2549 2503 2459 2445 2395 2192 2102 2341 2337 2287 2261 2289 2379 2489 2529 2549 2389 2121 2204 2272 2315 2461 2507 2387 2284 2256 2319 2370 2287 2183 2090 2012 2068 2019 1956 1952 1896 1821 1798 1728 1787 1732 1551 1355 1245 1172 1028 1068 1074
-9999 -9999 -9999 -9999 -9999 -9999 -9999 -9999 -9999 6 40 333 810 972 1048 1851 2114 2238 2065 1874 1972 2207 2246 2168 2129 2044 2047 2252 2380 2421 2420 2425 2432 2368 2324 2331 2325 2100 1930 2246 2256 2239 2197 2170 2200 2358 2487 2588 2576 2312 2248 2275 2341 2461 2512 2444 2374 2358 2387 2403 2344 2251 2161 2101 2101 2021 1882 1940 1928 1846 1843 1867 1823 1740 1508 1291 1247 1162 1053 1071 997
-9999 -9999 -9999 -9999 -9999 -9999 -9999 -9999 -9999 -9999 4 122 528 864 887 1507 2247 2648 2627 1877 1764 1910 2013 2087 2023 1998 2092 2175 2226 2341 2389 2321 2243 2182 2122 2130 2124 2101 2026 2089 2131 2187 2177 2152 2194 2322 2456 2495 2455 2328 2258 2259 2311 2387 2433 2433 2420 2409 2409 2407 2372 2301 2227 2168 2134 2029 1888 1881 1865 1766 1743 1890 1820 1819 1563 1307 1206 1208 1106 1020 963
-9999 -9999 -9999 -9999 -9999 -9999 -9999 -9999 -9999 -9999 -9999 10 184 625 752 926 2182 3139 3381 2003 1695 1740 1778 1774 1860 1902 1974 2037 2125 2250 2360 2170 2062 2068 2043 1976 1891 1916 1940 1996 2051 2165 2216 2218 2237 2266 2298 2301 2276 2228 2191 2193 2234 2299 2343 2365 2397 2423 2433 2427 2395 2337 2267 2184 2093 1992 1881 1781 1754 1881 1905 1959 1830 1767 1583 1359 1222 1229 1108 964 973
-9999 -9999 -9999 -9999 -9999 -9999 -9999 -9999 -9999 -9999 -9999 9 56 593 793 837 1422 2301 3130 1935 1712 1719 1757 1819 1816 1792 1851 1920 2005 2035 2077 2034 1969 2007 1998 1915 1837 1753 1799 1933 2069 2211 2270 2330 2230 2142 2109 2099 2100 2100 2091 2092 2121 2181 2207 2281 2363 2397 2424 2444 2409 2361 2287 2188 2070 1958 1851 1730 1703 2046 2215 2058 1807 1703 1594 1406 1288 1433 1057 981 962
-9999 -9999 -9999 -9999 -9999 -9999 -9999 -9999 -9999 -9999 -9999 -9999 18 360 687 850 816 1051 2408 1980 1851 1782 1829 1903 1856 1801 1830 1874 1890 1865 1871 1918 1943 1949 1917 1880 1858 1665 1690 1865 2050 2250 2286 2203 1988 1859 1916 1937 1969 1994 2000 1997 2017 2108 2191 2255 2301 2332 2359 2388 2395 2378 2308 2179 2038 1929 1844 1784 1859 2094 2255 2018 1759 1619 1575 1410 1271 1234 1035 1021 932
-9999 -9999 -9999 -9999 -9999 -9999 -9999 -9999 -9999 -9999 -9999 -9999 8 104 529 799 968 1038 2272 2510 2029 1795 1809 1860 1883 1877 1878 1868 1823 1764 1763 1832 1912 1907 1866 1828 1780 1672 1639 1768 1964 2229 2345 2091 1850 1731 1843 1897 1924 1936 1936 1921 1994 2080 2201 2216 2182 2183 2203 2259 2348 2398 2323 2161 1988 1871 1817 1819 1890 1999 2022 1851 1718 1572 1526 1408 1285 1180 1048 975 945
-9999 -9999 -9999 -9999 -9999 -9999 -9999 -9999 -9999 -9999 -9999 -9999 -9999 15 321 732 999 1082 1777 2309 2069 1707 1728 1844 1927 1968 1988 1949 1841 1701 1680 1731 1845 1837 1799 1761 1715 1664 1589 1688 1804 2036 2209 1973 1923 1890 1903 1926 1929 1917 1880 1786 1862 1997 2093 2097 2037 1965 1980 2123 2262 2358 2292 2103 1874 1772 1757 1797 1862 1892 1864 1727 1613 1575 1508 1422 1309 1158 1031 1001 1011
-9999 -9999 -9999 -9999 -9999 -9999 -9999 -9999 -9999 -9999 -9999 -9999 -9999 10 61 592 943 815 1230 1769 1754 1684 1708 1847 1995 2108 2176 2155 2013 1788 1727 1749 1767 1758 1710 1645 1612 1622 1629 1665 1641 1775 1878 1827 1913 1940 1929 1961 1953 1923 1897 1887 1868 1930 2007 2016 1939 1847 1886 2028 2169 2281 2227 1982 1706 1662 1665 1771 1835 1801 1707 1592 1559 1600 1541 1485 1404 1173 958 945 935
-9999 -9999 -9999 -9999 -9999 -9999 -9999 -9999 -9999 -9999 -9999 -9999 -9999 1 17 237 851 781 860 1041 1529 1616 1742 1862 2059 2265 2452 2522 2397 2134 1932 1839 1778 1720 1648 1565 1532 1551 1570 1584 1590 1645 1706 1744 1801 1845 1879 1961 1965 1937 1933 1948 1916 1947 2029 2042 1938 1805 1866 1972 2111 2266 2248 1963 1733 1662 1629 1745 1775 1710 1574 1489 1534 1570 1505 1574 1618 1330 1132 990 938
-9999 -9999 -9999 -9999 -9999 -9999 -9999 -9999 -9999 -9999 -9999 -9999 -9999 -9999 14 51 512 869 786 827 1209 1425 1563 1716 1582 2228 2786 3032 2965 2586 2174 1953 1828 1728 1634 1557 1515 1505 1506 1511 1527 1559 1604 1647 1685 1702 1690 1811 1938 1964 1974 1988 1982 1987 2050 2123 2044 1891 1906 1915 2016 2157 2152 1926 1753 1681 1623 1645 1671 1606 1506 1444 1514 1466 1452 1586 1774 1573 1333 1097 984
-9999 -9999 -9999 -9999 -9999 -9999 -9999 -9999 -9999 -9999 -9999 -9999 -9999 -9999 -9999 16 185 644 778 799 819 1141 1292 1315 1135 1710 3185 3695 3631 3044 2419 2096 1904 1755 1642 1562 1514 1486 1473 1456 1463 1495 1531 1564 1591 1608 1627 1770 1911 1986 2010 2035 2054 2019 2009 2024 1950 1851 1875 1808 1888 1954 1915 1788 1675 1617 1603 1633 1668 1649 1549 1499 1485 1369 1456 1584 1651 1535 1306 1116 938
-9999 -9999 -9999 -9999 -9999 -9999 -9999 -9999 -9999 -9999 -9999 -9999 -9999 -9999 -9999 13 24 346 754 818 812 846 918 944 760 720 1678 4124 4657 3522 2728 2250 1973 1784 1654 1576 1531 1497 1483 1464 1446 1461 1478 1498 1523 1567 1663 1833 1920 1980 1994 2010 2033 1982 1914 1929 1934 1877 1820 1758 1783 1779 1736 1639 1579 1579 1583 1619 1690 1678 1669 1614 1492 1566 1437 1424 1449 1311 1094 963 882
-9999 -9999 -9999 -9999 -9999 -9999 -9999 -9999 -9999 -9999 -9999 -9999 -9999 -9999 -9999 -9999 2 53 500 762 789 773 783 790 780 741 769 804 1757 2924 2693 2257 1989 1801 1655 1600 1587 1571 1564 1545 1505 1468 1443 1436 1457 1508 1606 1730 1804 1897 1905 1869 1886 1941 1919 1914 1927 1859 1760 1684 1620 1616 1623 1562 1530 1547 1565 1577 1535 1604 1725 1911 1719 1647 1620 1272 1344 1199 1022 945 826
