Cases/ENM_Ziziphus/clima/bio5.asc
ncols  186
nrows  192
xllcorner  -125
yllcorner  -56
cellsize 0.5
NODATA_value  -9999
[rows 0 to 36 of 192, columns 0 to 82 of 186]
-9999 242 265 302 301 351 340 295 272 279 306 327 341 338 330 314 300 300 297 292 290 304 321 334 333 320 295 249 268 275 310 305 285 275 264 225 247 212 187 270 307 314 317 315 321 322 325 325 328 329 329 332 333 329 328 329 327 322 321 318 315 312 314 314 311 313 316 309 307 305 307 309 306 306 302 301 297 297 295 291 293 296 288
-9999 -9999 230 295 319 346 353 334 288 251 289 327 337 326 299 293 294 281 294 282 281 306 334 332 344 319 296 252 312 324 285 318 321 299 246 235 198 186 212 247 279 294 304 313 319 320 328 329 331 334 331 335 338 342 337 335 327 324 322 321 319 316 317 316 314 314 316 314 315 309 312 313 310 308 309 305 300 299 301 299 301 297 289
-9999 -9999 213 260 313 341 352 344 326 250 256 297 317 326 304 287 268 286 310 301 291 308 320 336 326 289 263 295 316 352 346 319 279 306 292 225 211 208 229 238 284 303 316 325 326 325 336 337 339 338 335 338 338 338 338 336 326 322 322 321 319 319 318 317 318 317 318 318 318 317 315 314 313 312 313 311 305 302 305 304 301 298 296
-9999 -9999 -9999 234 264 294 325 335 345 293 216 226 267 309 321 319 300 310 312 317 313 301 301 322 298 261 249 292 336 337 339 297 311 268 254 223 220 225 245 269 318 334 337 338 337 335 336 336 336 337 339 341 343 340 336 334 331 328 327 327 326 325 323 319 321 320 319 319 318 318 318 315 313 315 316 313 307 306 309 306 303 300 301
-9999 -9999 -9999 217 221 241 314 343 353 342 271 199 243 277 319 323 321 307 318 324 325 315 309 307 263 268 271 319 340 337 296 305 290 237 190 185 196 250 263 241 301 325 337 336 332 337 342 341 338 336 338 341 343 344 342 336 331 333 332 330 330 325 324 321 320 319 318 318 316 316 320 316 313 316 317 315 311 307 310 308 304 302 301
-9999 -9999 -9999 -9999 -9999 238 296 338 354 360 343 256 191 282 331 339 336 316 329 343 343 347 339 327 301 302 328 339 352 343 342 347 319 280 276 260 216 232 273 228 273 308 316 316 327 336 342 342 343 344 345 344 346 346 347 342 336 337 336 332 328 323 318 317 316 316 319 321 323 321 323 320 317 316 317 315 313 312 311 307 300 298 298
-9999 -9999 -9999 -9999 -9999 232 245 318 353 363 366 345 237 250 341 380 381 363 354 335 388 387 350 339 339 296 328 333 317 322 339 318 334 326 315 290 269 230 267 222 274 278 296 316 328 334 340 346 346 347 349 352 353 352 351 348 340 339 340 335 329 318 315 320 326 325 322 324 327 330 329 324 320 318 316 319 314 314 310 306 298 298 296
-9999 -9999 -9999 -9999 -9999 -9999 238 293 336 368 368 364 298 236 330 357 403 387 322 371 394 398 345 329 333 290 320 331 322 306 320 291 309 323 306 292 262 281 271 237 293 300 309 319 326 330 338 344 344 345 344 349 351 350 346 347 345 342 340 336 329 320 319 319 330 331 331 332 332 332 328 323 320 318 317 319 317 316 312 298 293 295 302
-9999 -9999 -9999 -9999 -9999 -9999 -9999 258 318 356 368 369 335 295 369 385 401 405 367 364 389 369 342 327 310 303 299 349 332 318 310 287 300 305 304 308 282 296 247 274 293 317 326 328 332 332 338 342 341 345 346 351 350 347 346 344 345 342 340 340 332 324 318 319 322 327 333 339 336 331 328 325 321 321 317 317 317 313 307 296 303 308 292
-9999 -9999 -9999 -9999 -9999 -9999 -9999 235 254 307 333 362 347 321 375 377 383 408 371 349 394 364 343 320 319 295 266 320 342 330 325 307 296 280 290 305 329 306 296 308 322 333 338 339 330 330 332 334 342 350 352 350 352 348 346 343 345 341 342 343 344 341 337 338 339 333 336 337 334 331 327 323 324 325 318 316 316 311 299 307 312 295 274
-9999 -9999 -9999 -9999 -9999 -9999 -9999 -9999 221 258 282 278 306 344 363 369 375 397 395 389 405 396 364 336 321 332 331 284 312 328 328 312 297 288 290 321 335 301 306 312 328 327 327 324 325 325 330 341 352 359 361 358 353 351 349 347 341 342 340 339 336 330 331 333 337 335 334 332 331 329 324 323 325 326 323 322 318 314 309 313 308 291 287
-9999 -9999 -9999 -9999 -9999 -9999 -9999 -9999 -9999 229 250 265 295 308 312 335 314 379 406 412 408 413 401 381 349 342 348 316 288 300 281 283 281 277 284 306 329 312 305 316 333 338 331 328 330 327 331 334 353 359 362 363 365 360 353 348 345 344 342 341 336 330 330 335 336 335 335 334 333 332 329 327 329 327 319 320 319 316 316 317 312 306 311
-9999 -9999 -9999 -9999 -9999 -9999 -9999 -9999 -9999 218 231 -9999 -9999 278 297 334 339 388 391 406 416 413 403 392 392 398 385 357 334 317 274 255 277 273 278 304 339 320 302 311 341 344 329 325 328 330 334 338 349 361 364 363 365 360 356 351 347 343 344 344 341 338 336 337 336 334 334 335 335 335 329 329 329 328 326 324 323 323 319 313 314 315 320
-9999 -9999 -9999 -9999 -9999 -9999 -9999 -9999 -9999 -9999 219 224 232 243 265 288 318 385 415 409 414 403 402 409 411 405 405 380 356 352 318 316 292 280 282 333 324 344 267 295 337 346 331 329 332 335 336 346 354 361 363 358 359 356 358 351 350 346 346 346 344 339 339 336 336 336 334 335 335 333 329 327 327 330 331 326 326 323 317 321 319 319 327
-9999 -9999 -9999 -9999 -9999 -9999 -9999 -9999 -9999 -9999 -9999 -9999 219 216 -9999 268 314 350 407 422 415 409 409 410 405 394 407 388 362 335 349 353 330 307 309 337 334 352 281 292 330 346 340 336 342 345 344 346 349 355 355 353 355 357 354 354 354 352 350 347 344 341 339 336 337 338 337 334 333 332 332 328 327 331 332 327 325 323 321 324 325 327 330
-9999 -9999 -9999 -9999 -9999 -9999 -9999 -9999 -9999 -9999 -9999 -9999 -9999 -9999 -9999 256 296 309 359 406 407 395 387 392 388 388 386 380 349 340 342 348 346 340 346 345 342 350 331 334 312 350 349 347 345 347 347 346 347 345 346 348 348 349 358 357 355 356 352 347 342 342 340 339 338 338 338 336 331 332 332 330 331 333 333 332 331 329 326 327 328 328 333
-9999 -9999 -9999 -9999 -9999 -9999 -9999 -9999 -9999 -9999 -9999 -9999 -9999 -9999 -9999 -9999 267 293 312 374 388 380 372 375 382 383 361 350 333 337 339 321 338 351 361 361 357 355 339 349 331 348 362 360 352 349 346 344 347 352 351 351 348 349 354 357 356 356 353 348 344 342 340 340 339 337 337 334 330 333 330 332 332 334 333 331 331 330 327 327 330 330 330
-9999 -9999 -9999 -9999 -9999 -9999 -9999 -9999 -9999 -9999 -9999 -9999 -9999 -9999 -9999 -9999 273 293 294 335 368 370 354 363 374 373 362 342 330 331 342 353 336 367 369 372 371 359 352 335 336 341 361 364 362 355 345 345 348 351 352 352 351 348 352 356 357 355 353 348 345 343 339 336 336 335 334 330 330 333 334 334 332 332 331 326 327 329 327 330 334 334 331
-9999 -9999 -9999 -9999 -9999 -9999 -9999 -9999 -9999 -9999 -9999 -9999 -9999 -9999 -9999 -9999 -9999 310 305 302 356 -9999 -9999 368 374 379 381 366 347 343 346 361 347 361 355 370 372 354 333 333 343 317 329 345 345 345 346 343 346 346 348 347 351 348 350 355 355 355 352 348 342 340 338 335 335 334 332 329 332 333 332 329 329 327 326 325 323 325 327 330 331 331 332
-9999 -9999 -9999 -9999 -9999 -9999 -9999 -9999 -9999 -9999 -9999 -9999 -9999 -9999 -9999 -9999 -9999 322 331 327 349 -9999 -9999 -9999 369 365 359 360 353 352 352 364 336 317 343 357 357 349 336 333 333 325 319 323 326 342 349 348 348 342 340 337 341 347 353 354 355 357 348 343 340 337 333 331 330 328 327 327 330 330 328 324 322 321 321 321 318 322 323 327 327 329 330
-9999 -9999 -9999 -9999 -9999 -9999 -9999 -9999 -9999 -9999 -9999 -9999 -9999 -9999 -9999 -9999 -9999 -9999 341 343 337 353 362 363 372 366 354 357 366 369 376 379 332 292 309 329 328 331 337 337 366 359 345 346 349 352 357 357 350 341 337 341 344 349 356 354 353 351 342 334 333 330 326 324 324 323 322 325 327 326 324 320 318 -9999 -9999 -9999 -9999 -9999 321 321 324 327 330
-9999 -9999 -9999 -9999 -9999 -9999 -9999 -9999 -9999 -9999 -9999 -9999 -9999 235 -9999 -9999 -9999 -9999 -9999 352 349 335 350 359 376 371 377 376 381 381 389 387 351 291 294 309 300 324 343 343 355 357 362 355 336 325 343 359 360 354 355 356 356 356 356 354 349 345 337 329 323 -9999 -9999 -9999 -9999 -9999 320 322 322 322 320 316 315 -9999 -9999 -9999 -9999 -9999 -9999 -9999 -9999 -9999 -9999
-9999 -9999 -9999 -9999 -9999 -9999 -9999 -9999 -9999 -9999 -9999 -9999 -9999 240 -9999 -9999 -9999 -9999 -9999 -9999 356 353 335 361 369 370 379 378 375 379 391 364 329 296 304 303 299 316 346 347 347 333 334 357 331 316 335 356 368 366 365 365 364 362 356 350 339 333 332 330 -9999 -9999 -9999 -9999 -9999 -9999 -9999 -9999 -9999 -9999 -9999 315 -9999 -9999 -9999 -9999 -9999 -9999 -9999 -9999 -9999 -9999 -9999
-9999 -9999 -9999 -9999 -9999 -9999 -9999 -9999 -9999 -9999 -9999 -9999 -9999 -9999 -9999 -9999 -9999 -9999 331 332 -9999 356 345 341 364 376 376 365 362 374 390 362 328 298 282 296 306 320 341 349 335 335 333 330 325 312 350 366 372 375 374 374 369 362 355 341 328 327 -9999 -9999 -9999 -9999 -9999 -9999 -9999 -9999 -9999 -9999 -9999 -9999 -9999 -9999 -9999 -9999 -9999 -9999 -9999 -9999 -9999 -9999 -9999 -9999 -9999
-9999 -9999 -9999 -9999 -9999 -9999 -9999 -9999 -9999 -9999 -9999 -9999 -9999 -9999 -9999 -9999 -9999 -9999 -9999 335 334 347 355 350 358 370 -9999 365 366 374 387 379 358 318 277 281 307 327 332 342 339 335 326 331 316 315 338 377 379 376 378 374 364 361 351 334 326 -9999 -9999 -9999 -9999 -9999 -9999 -9999 -9999 -9999 -9999 -9999 -9999 -9999 -9999 -9999 -9999 -9999 -9999 -9999 -9999 -9999 -9999 -9999 -9999 -9999 -9999
-9999 -9999 -9999 -9999 -9999 -9999 -9999 -9999 -9999 -9999 -9999 -9999 -9999 -9999 -9999 -9999 -9999 -9999 -9999 -9999 331 340 345 359 352 363 374 -9999 373 379 385 393 372 338 312 285 298 327 327 338 341 328 320 326 314 323 345 374 376 376 380 375 363 362 347 333 -9999 -9999 -9999 -9999 -9999 -9999 -9999 -9999 -9999 -9999 -9999 -9999 -9999 -9999 -9999 -9999 -9999 -9999 -9999 -9999 -9999 -9999 -9999 -9999 -9999 -9999 -9999
-9999 -9999 -9999 -9999 -9999 -9999 -9999 -9999 -9999 -9999 -9999 -9999 -9999 -9999 -9999 -9999 -9999 -9999 -9999 -9999 -9999 347 347 356 345 337 361 365 -9999 -9999 372 380 386 378 346 292 285 303 315 333 341 344 335 330 328 337 337 341 355 365 380 373 366 361 345 326 -9999 -9999 -9999 -9999 -9999 -9999 -9999 -9999 -9999 -9999 -9999 -9999 -9999 -9999 -9999 -9999 -9999 -9999 -9999 -9999 -9999 -9999 -9999 -9999 -9999 -9999 -9999
-9999 -9999 -9999 -9999 -9999 -9999 -9999 -9999 -9999 -9999 -9999 -9999 -9999 -9999 -9999 -9999 -9999 -9999 -9999 -9999 -9999 -9999 -9999 -9999 351 345 346 361 -9999 -9999 -9999 377 381 371 347 306 271 265 305 319 336 348 348 345 342 325 319 329 333 344 365 378 373 360 346 328 -9999 -9999 -9999 -9999 -9999 -9999 -9999 -9999 -9999 -9999 -9999 -9999 -9999 -9999 -9999 -9999 -9999 -9999 -9999 -9999 -9999 -9999 -9999 -9999 -9999 -9999 -9999
-9999 -9999 -9999 -9999 -9999 -9999 -9999 -9999 -9999 -9999 -9999 -9999 -9999 -9999 -9999 -9999 -9999 -9999 -9999 -9999 -9999 -9999 -9999 -9999 -9999 354 351 354 365 -9999 -9999 372 372 377 359 329 271 260 288 325 331 341 349 359 351 343 331 325 308 340 369 376 366 358 348 335 -9999 -9999 -9999 -9999 -9999 -9999 -9999 -9999 -9999 -9999 -9999 -9999 -9999 -9999 -9999 -9999 -9999 -9999 -9999 -9999 -9999 -9999 -9999 -9999 -9999 -9999 -9999
-9999 -9999 -9999 -9999 -9999 -9999 -9999 -9999 -9999 -9999 -9999 -9999 -9999 -9999 -9999 -9999 -9999 -9999 -9999 -9999 -9999 -9999 -9999 -9999 -9999 340 348 342 352 -9999 -9999 366 366 364 364 355 314 254 271 312 336 354 348 345 340 331 328 328 281 271 363 372 367 357 349 340 -9999 -9999 -9999 -9999 -9999 -9999 -9999 -9999 -9999 -9999 -9999 -9999 -9999 -9999 -9999 -9999 -9999 -9999 -9999 -9999 -9999 -9999 -9999 -9999 -9999 -9999 -9999
-9999 -9999 -9999 -9999 -9999 -9999 -9999 -9999 -9999 -9999 -9999 -9999 -9999 -9999 -9999 -9999 -9999 -9999 -9999 -9999 -9999 -9999 -9999 -9999 -9999 325 320 331 343 354 -9999 -9999 -9999 360 362 365 345 300 251 277 313 332 330 334 329 326 330 333 311 275 325 360 353 356 349 -9999 -9999 -9999 -9999 -9999 -9999 -9999 -9999 -9999 -9999 -9999 -9999 -9999 -9999 -9999 -9999 -9999 -9999 -9999 -9999 -9999 -9999 -9999 -9999 -9999 -9999 -9999 -9999
-9999 -9999 -9999 -9999 -9999 -9999 -9999 -9999 -9999 -9999 -9999 -9999 -9999 -9999 -9999 -9999 -9999 -9999 -9999 -9999 -9999 -9999 -9999 -9999 -9999 -9999 311 338 344 350 357 -9999 -9999 -9999 357 358 356 300 251 248 289 307 298 314 319 325 319 316 312 295 296 356 359 352 348 -9999 -9999 -9999 -9999 -9999 -9999 -9999 -9999 -9999 -9999 -9999 -9999 -9999 -9999 -9999 -9999 -9999 -9999 -9999 -9999 -9999 -9999 -9999 -9999 -9999 -9999 -9999 -9999
-9999 -9999 -9999 -9999 -9999 -9999 -9999 -9999 -9999 -9999 -9999 -9999 -9999 -9999 -9999 -9999 -9999 -9999 -9999 -9999 -9999 -9999 -9999 -9999 -9999 -9999 -9999 -9999 343 334 338 359 -9999 -9999 -9999 356 350 335 277 242 258 299 291 310 303 306 302 302 303 301 269 327 356 347 340 -9999 -9999 -9999 -9999 -9999 -9999 -9999 -9999 -9999 -9999 -9999 -9999 -9999 -9999 -9999 -9999 -9999 -9999 -9999 -9999 -9999 -9999 -9999 -9999 -9999 -9999 -9999 -9999
-9999 -9999 -9999 -9999 -9999 -9999 -9999 -9999 -9999 -9999 -9999 -9999 -9999 -9999 -9999 -9999 -9999 -9999 -9999 -9999 -9999 -9999 -9999 -9999 -9999 -9999 -9999 -9999 -9999 330 328 346 -9999 -9999 -9999 -9999 334 326 316 282 267 275 277 290 303 312 301 295 310 317 299 317 347 317 325 -9999 -9999 -9999 -9999 -9999 -9999 -9999 -9999 -9999 -9999 -9999 -9999 -9999 -9999 -9999 -9999 -9999 -9999 -9999 -9999 -9999 -9999 -9999 -9999 -9999 -9999 -9999 -9999
-9999 -9999 -9999 -9999 -9999 -9999 -9999 -9999 -9999 -9999 -9999 -9999 -9999 -9999 -9999 -9999 -9999 -9999 -9999 -9999 -9999 -9999 -9999 -9999 -9999 -9999 -9999 -9999 -9999 329 329 -9999 -9999 -9999 -9999 -9999 -9999 325 326 308 288 292 288 281 289 298 296 301 313 329 325 337 352 328 316 -9999 -9999 -9999 -9999 -9999 -9999 -9999 -9999 -9999 -9999 -9999 -9999 -9999 -9999 -9999 328 -9999 -9999 -9999 -9999 -9999 -9999 -9999 -9999 -9999 -9999 324 321
-9999 -9999 -9999 -9999 -9999 -9999 -9999 -9999 -9999 -9999 -9999 -9999 -9999 -9999 -9999 -9999 -9999 -9999 -9999 -9999 -9999 -9999 -9999 -9999 -9999 -9999 -9999 -9999 -9999 -9999 -9999 -9999 -9999 -9999 -9999 -9999 -9999 -9999 325 325 306 310 298 304 292 297 289 292 303 340 329 331 341 333 318 -9999 -9999 -9999 -9999 -9999 -9999 -9999 -9999 -9999 -9999 -9999 -9999 -9999 -9999 -9999 -9999 -9999 -9999 -9999 -9999 -9999 -9999 -9999 -9999 -9999 321 322 321
-9999 -9999 -9999 -9999 -9999 -9999 -9999 -9999 -9999 -9999 -9999 -9999 -9999 -9999 -9999 -9999 -9999 -9999 -9999 -9999 -9999 -9999 -9999 -9999 -9999 -9999 -9999 -9999 -9999 -9999 -9999 -9999 -9999 -9999 -9999 -9999 316 -9999 326 330 331 319 313 304 315 305 290 286 300 318 332 338 348 336 325 320 -9999 -9999 -9999 -9999 -9999 -9999 -9999 -9999 -9999 -9999 -9999 -9999 -9999 -9999 -9999 -9999 334 334 332 329 328 -9999 -9999 -9999 319 322 323
