Cases/ENM_Ziziphus/clima/bio5.asc
ncols  186
nrows  192
xllcorner  -125
yllcorner  -56
cellsize 0.5
NODATA_value  -9999
[rows 111 to 147 of 192, columns 83 to 165 of 186]
-9999 -9999 -9999 -9999 -9999 -9999 -9999 -9999 -9999 -9999 -9999 -9999 -9999 -9999 -9999 -9999 -9999 280 264 225 234 193 199 147 137 139 164 160 162 176 218 291 297 308 325 328 329 329 329 330 332 328 323 326 330 332 332 330 321 334 338 342 328 323 333 334 311 319 315 314 328 331 332 335 332 330 319 309 307 291 284 284 293 301 312 319 327 333 318 318 311 290 290
-9999 -9999 -9999 -9999 -9999 -9999 -9999 -9999 -9999 -9999 -9999 -9999 -9999 -9999 -9999 -9999 -9999 -9999 271 258 255 255 260 222 150 137 132 151 163 169 152 244 270 286 310 329 329 328 326 326 327 321 318 324 330 332 330 329 330 339 343 344 341 340 342 341 323 330 328 321 320 326 324 329 324 323 313 303 298 291 292 289 293 304 304 321 328 321 306 310 295 293 302
-9999 -9999 -9999 -9999 -9999 -9999 -9999 -9999 -9999 -9999 -9999 -9999 -9999 -9999 -9999 -9999 -9999 -9999 -9999 -9999 268 268 266 258 220 169 120 138 163 170 183 211 227 226 252 315 329 327 323 322 322 323 323 325 328 328 327 329 334 340 344 346 346 344 343 342 339 327 326 314 316 321 317 314 316 314 314 310 304 299 300 294 295 310 310 313 323 318 300 298 287 301 317
-9999 -9999 -9999 -9999 -9999 -9999 -9999 -9999 -9999 -9999 -9999 -9999 -9999 -9999 -9999 -9999 -9999 -9999 -9999 -9999 -9999 -9999 267 269 258 222 167 136 170 189 187 196 177 215 206 245 298 315 319 318 321 324 328 332 334 332 323 324 333 339 343 345 344 344 343 343 341 326 317 313 310 311 308 303 306 311 317 316 311 312 317 307 302 310 313 316 314 318 302 296 293 302 303
-9999 -9999 -9999 -9999 -9999 -9999 -9999 -9999 -9999 -9999 -9999 -9999 -9999 -9999 -9999 -9999 -9999 -9999 -9999 -9999 -9999 -9999 -9999 -9999 265 268 249 162 164 174 189 196 197 187 251 248 262 257 269 298 317 332 333 336 338 336 329 330 327 336 339 340 342 341 342 341 340 329 325 321 307 307 307 305 303 311 321 317 314 318 324 311 300 310 307 306 307 309 290 291 295 291 295
-9999 -9999 -9999 -9999 -9999 -9999 -9999 -9999 -9999 -9999 -9999 -9999 -9999 -9999 -9999 -9999 -9999 -9999 -9999 -9999 -9999 -9999 -9999 -9999 -9999 268 268 210 129 168 181 193 205 185 220 273 282 269 259 271 318 333 337 340 341 337 329 336 338 332 331 333 338 338 339 340 339 334 330 326 309 304 311 309 312 311 321 321 318 317 308 298 296 301 297 302 307 300 302 281 286 293 312
-9999 -9999 -9999 -9999 -9999 -9999 -9999 -9999 -9999 -9999 -9999 -9999 -9999 -9999 -9999 -9999 -9999 -9999 -9999 -9999 -9999 -9999 -9999 -9999 -9999 -9999 258 230 154 165 191 197 205 194 209 228 264 261 264 292 332 339 343 343 341 338 338 340 342 342 340 337 334 334 336 339 339 328 327 320 312 304 309 313 318 317 323 323 317 304 294 282 287 293 294 299 310 304 303 284 290 284 307
-9999 -9999 -9999 -9999 -9999 -9999 -9999 -9999 -9999 -9999 -9999 -9999 -9999 -9999 -9999 -9999 -9999 -9999 -9999 -9999 -9999 -9999 -9999 -9999 -9999 -9999 252 244 174 159 190 198 202 193 185 213 239 237 265 311 324 342 346 344 343 341 341 340 336 341 343 336 334 333 333 335 334 317 322 316 312 313 316 312 319 320 319 318 315 307 293 280 277 285 285 298 307 302 297 286 290 295 317
-9999 -9999 -9999 -9999 -9999 -9999 -9999 -9999 -9999 -9999 -9999 -9999 -9999 -9999 -9999 -9999 -9999 -9999 -9999 -9999 -9999 -9999 -9999 -9999 -9999 -9999 252 250 204 150 184 193 203 191 183 203 226 235 272 306 319 339 343 343 344 344 344 343 341 343 345 341 335 332 331 330 323 320 310 312 316 317 319 313 315 312 314 318 317 311 303 288 267 269 280 300 300 295 292 282 287 304 300
-9999 -9999 -9999 -9999 -9999 -9999 -9999 -9999 -9999 -9999 -9999 -9999 -9999 -9999 -9999 -9999 -9999 -9999 -9999 -9999 -9999 -9999 -9999 -9999 -9999 -9999 251 256 220 157 183 200 210 201 211 233 231 245 281 309 325 339 342 344 346 348 347 347 347 348 349 344 336 327 328 323 320 314 308 313 316 316 318 317 314 307 306 311 315 313 306 289 269 266 283 295 286 290 286 265 286 305 285
-9999 -9999 -9999 -9999 -9999 -9999 -9999 -9999 -9999 -9999 -9999 -9999 -9999 -9999 -9999 -9999 -9999 -9999 -9999 -9999 -9999 -9999 -9999 -9999 -9999 -9999 255 257 241 159 166 194 212 221 213 249 250 259 306 315 329 341 343 345 349 352 352 351 350 349 348 344 336 319 325 322 317 309 307 312 312 313 315 317 308 307 305 303 304 302 298 281 268 273 278 284 282 276 277 277 287 290 284
-9999 -9999 -9999 -9999 -9999 -9999 -9999 -9999 -9999 -9999 -9999 -9999 -9999 -9999 -9999 -9999 -9999 -9999 -9999 -9999 -9999 -9999 -9999 -9999 -9999 -9999 262 260 252 164 166 178 204 212 209 245 257 265 295 326 343 345 346 347 351 355 356 354 351 348 346 342 332 317 323 316 308 310 310 311 312 310 311 311 305 304 306 305 303 298 293 288 278 265 275 288 285 276 276 270 296 311 316
-9999 -9999 -9999 -9999 -9999 -9999 -9999 -9999 -9999 -9999 -9999 -9999 -9999 -9999 -9999 -9999 -9999 -9999 -9999 -9999 -9999 -9999 -9999 -9999 -9999 -9999 258 250 244 183 157 152 189 186 215 253 246 272 298 313 340 346 347 349 354 359 359 355 351 348 345 341 330 322 321 308 313 317 318 317 313 311 313 307 306 303 301 300 301 298 287 285 285 268 267 285 281 267 264 272 292 306 311
-9999 -9999 -9999 -9999 -9999 -9999 -9999 -9999 -9999 -9999 -9999 -9999 -9999 -9999 -9999 -9999 -9999 -9999 -9999 -9999 -9999 -9999 -9999 -9999 -9999 -9999 251 247 244 217 190 144 161 175 218 242 225 280 314 323 340 345 346 349 354 359 359 355 351 348 345 342 334 328 320 304 313 316 319 319 316 313 309 307 304 301 297 294 296 295 282 275 280 273 258 276 260 246 274 286 284 272 279
-9999 -9999 -9999 -9999 -9999 -9999 -9999 -9999 -9999 -9999 -9999 -9999 -9999 -9999 -9999 -9999 -9999 -9999 -9999 -9999 -9999 -9999 -9999 -9999 -9999 -9999 251 246 245 221 213 151 155 166 202 232 224 294 328 337 345 346 346 349 352 355 355 353 350 349 348 343 332 329 319 309 309 314 315 319 315 308 305 304 306 305 300 299 293 287 289 288 279 262 242 244 262 260 281 303 302 303 296
-9999 -9999 -9999 -9999 -9999 -9999 -9999 -9999 -9999 -9999 -9999 -9999 -9999 -9999 -9999 -9999 -9999 -9999 -9999 -9999 -9999 -9999 -9999 -9999 -9999 249 249 250 238 218 246 173 168 187 207 217 215 285 333 342 347 349 349 351 351 351 349 349 348 348 350 342 337 329 320 313 309 312 314 316 311 305 291 285 296 298 300 296 290 289 281 280 270 259 257 261 255 285 307 307 303 -9999 285
-9999 -9999 -9999 -9999 -9999 -9999 -9999 -9999 -9999 -9999 -9999 -9999 -9999 -9999 -9999 -9999 -9999 -9999 -9999 -9999 -9999 -9999 -9999 -9999 -9999 253 251 260 242 229 236 169 169 183 208 207 248 304 327 339 350 352 351 352 350 347 346 348 348 348 348 339 332 325 320 318 312 314 313 310 307 299 297 290 282 279 289 288 288 285 276 264 251 253 261 262 281 -9999 -9999 -9999 -9999 -9999 -9999
-9999 -9999 -9999 -9999 -9999 -9999 -9999 -9999 -9999 -9999 -9999 -9999 -9999 -9999 -9999 -9999 -9999 -9999 -9999 -9999 -9999 -9999 -9999 -9999 -9999 258 243 263 233 199 179 177 180 166 179 194 272 308 305 342 352 355 352 350 347 344 345 346 348 348 344 336 326 319 317 319 316 313 313 311 309 295 288 291 287 282 274 272 272 271 279 293 281 291 288 286 -9999 -9999 -9999 -9999 -9999 -9999 -9999
-9999 -9999 -9999 -9999 -9999 -9999 -9999 -9999 -9999 -9999 -9999 -9999 -9999 -9999 -9999 -9999 -9999 -9999 -9999 -9999 -9999 -9999 -9999 -9999 -9999 260 237 251 211 169 154 196 184 176 175 228 287 295 325 342 349 352 351 347 345 343 344 346 348 349 344 338 329 320 314 315 315 314 311 300 293 292 278 269 280 275 268 267 285 286 293 303 295 -9999 -9999 -9999 -9999 -9999 -9999 -9999 -9999 -9999 -9999
-9999 -9999 -9999 -9999 -9999 -9999 -9999 -9999 -9999 -9999 -9999 -9999 -9999 -9999 -9999 -9999 -9999 -9999 -9999 -9999 -9999 -9999 -9999 -9999 -9999 268 262 252 176 154 144 160 177 162 225 244 285 310 332 342 347 350 350 348 346 344 344 346 347 347 343 341 327 322 318 316 318 315 311 300 289 280 274 263 262 272 273 268 261 279 298 305 -9999 -9999 -9999 -9999 -9999 -9999 -9999 -9999 -9999 -9999 -9999
-9999 -9999 -9999 -9999 -9999 -9999 -9999 -9999 -9999 -9999 -9999 -9999 -9999 -9999 -9999 -9999 -9999 -9999 -9999 -9999 -9999 -9999 -9999 -9999 -9999 266 262 248 170 145 149 165 151 157 235 258 275 308 328 342 348 350 351 350 347 344 343 344 345 346 342 338 326 319 319 318 320 323 315 305 297 292 280 262 255 267 270 265 254 278 289 -9999 -9999 -9999 -9999 -9999 -9999 -9999 -9999 -9999 -9999 -9999 -9999
-9999 -9999 -9999 -9999 -9999 -9999 243 241 -9999 -9999 -9999 -9999 -9999 -9999 -9999 -9999 -9999 -9999 -9999 -9999 -9999 -9999 -9999 -9999 -9999 270 258 234 167 128 134 172 176 159 188 256 289 297 332 344 350 353 353 352 349 346 343 342 343 343 340 335 329 324 323 322 317 320 309 293 287 287 271 261 264 274 273 266 264 288 -9999 -9999 -9999 -9999 -9999 -9999 -9999 -9999 -9999 -9999 -9999 -9999 -9999
-9999 -9999 -9999 -9999 -9999 -9999 -9999 -9999 -9999 -9999 -9999 -9999 -9999 -9999 -9999 -9999 -9999 -9999 -9999 -9999 -9999 -9999 -9999 -9999 -9999 248 232 195 143 117 122 163 174 200 246 234 301 323 342 349 353 356 356 355 353 348 343 340 338 337 335 335 334 331 334 330 317 314 304 301 300 297 276 256 258 254 265 273 284 288 -9999 -9999 -9999 -9999 -9999 -9999 -9999 -9999 -9999 -9999 -9999 -9999 -9999
-9999 -9999 -9999 -9999 -9999 -9999 -9999 -9999 -9999 -9999 -9999 -9999 -9999 -9999 -9999 -9999 -9999 -9999 -9999 -9999 -9999 -9999 -9999 -9999 -9999 240 230 188 132 100 131 234 209 275 239 298 327 336 348 354 357 359 359 358 357 354 346 338 332 335 335 340 342 338 334 329 320 312 313 311 309 295 289 277 265 255 261 283 272 280 283 -9999 -9999 -9999 -9999 -9999 -9999 -9999 -9999 -9999 -9999 -9999 -9999
-9999 -9999 -9999 -9999 -9999 -9999 -9999 -9999 -9999 -9999 -9999 -9999 -9999 -9999 -9999 -9999 -9999 -9999 -9999 -9999 -9999 -9999 -9999 -9999 254 251 218 166 118 97 154 263 289 330 321 314 331 335 350 356 360 362 361 360 359 357 347 337 330 332 338 345 345 339 331 326 323 321 315 304 301 290 281 279 267 261 261 257 252 265 277 -9999 -9999 -9999 -9999 -9999 -9999 -9999 -9999 -9999 -9999 -9999 -9999
-9999 -9999 -9999 -9999 -9999 -9999 -9999 -9999 -9999 -9999 -9999 -9999 -9999 -9999 -9999 -9999 -9999 -9999 -9999 -9999 -9999 -9999 -9999 -9999 264 250 186 140 119 130 199 263 328 345 311 311 327 337 351 357 362 364 362 359 356 351 343 336 331 331 334 340 340 336 332 329 326 322 313 306 297 290 280 272 264 260 253 235 277 274 -9999 -9999 -9999 -9999 -9999 -9999 -9999 -9999 -9999 -9999 -9999 -9999 -9999
-9999 -9999 -9999 -9999 -9999 -9999 -9999 -9999 -9999 -9999 -9999 -9999 -9999 -9999 -9999 -9999 -9999 -9999 -9999 -9999 -9999 -9999 -9999 252 241 227 162 108 135 184 278 236 283 335 330 332 338 345 352 354 357 359 356 352 349 345 338 332 331 329 329 332 334 333 330 326 322 317 308 302 298 289 279 277 269 259 248 265 287 281 -9999 -9999 -9999 -9999 -9999 -9999 -9999 -9999 -9999 -9999 -9999 -9999 -9999
-9999 -9999 -9999 -9999 -9999 -9999 -9999 -9999 -9999 -9999 -9999 -9999 -9999 -9999 -9999 -9999 -9999 -9999 -9999 -9999 -9999 -9999 -9999 246 234 194 125 107 156 222 298 264 315 341 355 345 346 347 346 336 347 348 346 344 342 339 335 329 329 328 324 326 329 329 325 319 312 307 302 295 295 285 285 286 274 257 247 270 280 -9999 -9999 -9999 -9999 -9999 -9999 -9999 -9999 -9999 -9999 -9999 -9999 -9999 -9999
-9999 -9999 -9999 -9999 -9999 -9999 -9999 -9999 -9999 -9999 -9999 -9999 -9999 -9999 -9999 -9999 -9999 -9999 -9999 -9999 -9999 -9999 -9999 230 226 194 126 100 170 238 324 297 328 354 352 347 348 345 328 317 335 336 335 334 335 335 333 330 328 326 324 326 328 327 322 314 312 311 307 301 300 298 299 298 294 283 265 265 -9999 -9999 -9999 -9999 -9999 -9999 -9999 -9999 -9999 -9999 -9999 -9999 -9999 -9999 -9999
-9999 -9999 -9999 -9999 -9999 -9999 -9999 -9999 -9999 -9999 -9999 -9999 -9999 -9999 -9999 -9999 -9999 -9999 -9999 -9999 -9999 -9999 -9999 240 231 205 125 99 236 289 336 316 335 345 340 345 344 334 302 314 326 327 327 327 329 332 332 331 329 327 326 326 328 328 322 316 311 310 306 300 301 297 294 290 294 289 277 -9999 -9999 -9999 -9999 -9999 -9999 -9999 -9999 -9999 -9999 -9999 -9999 -9999 -9999 -9999 -9999
-9999 -9999 -9999 -9999 -9999 -9999 -9999 -9999 -9999 -9999 -9999 -9999 -9999 -9999 -9999 -9999 -9999 -9999 -9999 -9999 -9999 -9999 -9999 242 240 202 124 148 214 296 340 325 333 328 328 343 329 304 278 308 319 320 320 321 326 329 331 332 329 328 328 327 325 324 321 314 314 309 298 294 295 289 287 289 291 282 279 -9999 -9999 -9999 -9999 -9999 -9999 -9999 -9999 -9999 -9999 -9999 -9999 -9999 -9999 -9999 -9999
-9999 -9999 -9999 -9999 -9999 -9999 -9999 -9999 -9999 -9999 -9999 -9999 -9999 -9999 -9999 -9999 -9999 -9999 -9999 -9999 -9999 -9999 -9999 248 227 173 119 168 236 294 329 310 329 331 333 343 307 273 294 306 311 314 315 317 323 326 328 328 327 327 328 325 324 322 316 316 313 308 298 292 290 286 288 289 282 280 -9999 -9999 -9999 -9999 -9999 -9999 -9999 -9999 -9999 -9999 -9999 -9999 -9999 -9999 -9999 -9999 -9999
-9999 -9999 -9999 -9999 -9999 -9999 -9999 -9999 -9999 -9999 -9999 -9999 -9999 -9999 -9999 -9999 -9999 -9999 -9999 -9999 -9999 -9999 -9999 265 254 208 125 181 208 295 335 336 341 343 337 341 319 269 306 306 308 311 314 315 319 321 323 324 324 324 325 322 320 317 315 317 314 309 304 297 289 290 288 280 278 -9999 -9999 -9999 -9999 -9999 -9999 -9999 -9999 -9999 -9999 -9999 -9999 -9999 -9999 -9999 -9999 -9999 -9999
-9999 -9999 -9999 -9999 -9999 -9999 -9999 -9999 -9999 -9999 -9999 -9999 -9999 -9999 -9999 -9999 -9999 -9999 -9999 -9999 -9999 -9999 -9999 266 264 235 131 141 212 311 339 340 337 337 331 322 318 280 301 305 308 312 315 314 314 316 320 322 322 322 324 321 320 317 316 317 316 312 307 299 292 289 281 277 -9999 -9999 -9999 -9999 -9999 -9999 -9999 -9999 -9999 -9999 -9999 -9999 -9999 -9999 -9999 -9999 -9999 -9999 -9999
-9999 -9999 -9999 -9999 -9999 -9999 -9999 -9999 -9999 -9999 -9999 -9999 -9999 -9999 -9999 -9999 -9999 -9999 -9999 -9999 -9999 -9999 -9999 232 256 281 159 127 211 318 332 337 338 327 303 291 302 287 299 306 310 313 316 314 311 311 319 320 319 318 320 319 317 316 317 316 312 307 305 299 290 282 278 -9999 -9999 -9999 -9999 -9999 -9999 -9999 -9999 -9999 -9999 -9999 -9999 -9999 -9999 -9999 -9999 -9999 -9999 -9999 -9999
-9999 -9999 -9999 -9999 -9999 -9999 -9999 -9999 -9999 -9999 -9999 -9999 -9999 -9999 -9999 -9999 -9999 -9999 -9999 -9999 -9999 -9999 -9999 245 261 281 163 111 250 311 326 336 338 328 307 304 297 303 306 310 314 315 315 313 310 310 314 316 314 309 309 312 312 313 313 311 306 306 304 293 281 276 -9999 -9999 -9999 -9999 -9999 -9999 -9999 -9999 -9999 -9999 -9999 -9999 -9999 -9999 -9999 -9999 -9999 -9999 -9999 -9999 -9999
-9999 -9999 -9999 -9999 -9999 219 -9999 -9999 233 239 -9999 -9999 -9999 -9999 -9999 -9999 -9999 -9999 -9999 -9999 -9999 -9999 -9999 290 291 291 203 134 256 293 317 333 337 334 320 317 315 316 318 319 320 318 315 312 309 308 311 313 309 303 298 299 302 307 308 306 302 299 293 283 275 -9999 -9999 -9999 -9999 -9999 -9999 -9999 -9999 -9999 -9999 -9999 -9999 -9999 -9999 -9999 -9999 -9999 -9999 -9999 -9999 -9999 -9999
