Cases/ENM_Ziziphus/clima/bio5.asc
ncols  186
nrows  192
xllcorner  -125
yllcorner  -56
cellsize 0.5
NODATA_value  -9999
[rows 74 to 110 of 192, columns 83 to 165 of 186]
-9999 -9999 -9999 -9999 -9999 -9999 -9999 -9999 -9999 296 301 310 308 255 188 227 272 238 321 323 340 351 352 347 342 338 334 333 332 333 334 336 338 338 336 332 328 320 279 284 305 316 319 326 331 333 330 331 332 333 331 333 336 334 326 325 322 322 323 321 320 324 325 326 328 330 -9999 -9999 -9999 -9999 -9999 -9999 -9999 -9999 -9999 -9999 -9999 -9999 -9999 -9999 -9999 -9999 -9999
-9999 -9999 -9999 -9999 -9999 -9999 -9999 -9999 -9999 291 300 305 249 236 181 265 231 313 323 329 338 346 349 344 338 335 331 327 326 327 329 332 336 336 334 330 321 315 308 294 299 317 323 327 328 331 324 327 327 329 332 336 338 340 336 324 322 319 322 319 319 324 323 322 327 329 328 -9999 -9999 -9999 -9999 -9999 -9999 -9999 -9999 -9999 -9999 -9999 -9999 -9999 -9999 -9999 -9999
-9999 -9999 -9999 -9999 -9999 -9999 -9999 -9999 293 292 299 286 278 188 222 269 299 321 322 327 332 337 340 336 331 329 324 321 321 322 324 328 333 333 331 319 310 300 299 319 323 322 321 316 331 330 326 323 323 329 328 336 338 342 341 337 328 325 324 321 318 322 323 322 324 328 327 326 -9999 -9999 -9999 -9999 -9999 -9999 -9999 -9999 -9999 -9999 -9999 -9999 -9999 -9999 -9999
-9999 -9999 -9999 -9999 -9999 -9999 -9999 298 304 303 273 216 195 226 276 314 318 319 322 325 329 328 332 331 326 323 318 315 315 317 321 324 328 330 328 303 300 304 316 313 319 325 323 327 330 329 326 327 323 323 323 328 339 341 339 336 330 325 323 321 321 321 323 322 323 327 327 326 -9999 -9999 -9999 -9999 -9999 -9999 -9999 -9999 -9999 -9999 -9999 -9999 -9999 -9999 -9999
-9999 -9999 -9999 -9999 -9999 -9999 292 293 301 280 222 155 207 293 307 312 316 317 320 322 323 323 328 326 322 316 313 310 309 311 316 320 324 325 313 300 308 323 324 324 314 325 326 327 328 328 328 328 329 325 330 329 336 340 336 333 327 324 321 319 321 316 322 323 325 326 326 326 -9999 -9999 -9999 -9999 -9999 -9999 -9999 -9999 -9999 -9999 -9999 -9999 -9999 -9999 -9999
-9999 -9999 -9999 -9999 -9999 -9999 300 297 299 245 187 201 287 305 309 311 315 316 318 319 320 321 325 323 319 313 311 308 307 310 314 316 317 319 320 315 316 322 323 324 325 325 326 327 328 328 326 327 328 330 334 335 337 338 337 331 324 319 323 322 325 321 321 325 326 325 326 326 325 -9999 -9999 -9999 -9999 -9999 -9999 -9999 -9999 -9999 -9999 -9999 -9999 -9999 -9999
-9999 -9999 -9999 -9999 -9999 -9999 296 303 288 213 159 213 292 305 309 311 316 319 317 318 319 320 323 320 317 313 310 305 305 309 312 313 314 315 318 319 320 321 323 323 324 324 325 326 327 327 327 326 329 326 331 331 337 338 334 329 322 320 323 327 326 325 323 328 328 326 326 325 324 323 322 -9999 -9999 -9999 -9999 -9999 -9999 -9999 -9999 -9999 -9999 -9999 -9999
-9999 -9999 -9999 -9999 -9999 303 307 307 276 161 135 251 298 305 308 312 315 317 317 316 317 320 324 321 315 312 309 306 305 307 309 311 312 313 315 317 318 320 321 322 324 325 324 325 326 327 325 325 327 329 332 334 336 337 335 328 323 319 319 321 320 325 328 330 329 327 326 325 324 322 322 323 325 326 324 -9999 -9999 -9999 -9999 -9999 -9999 -9999 -9999
-9999 -9999 -9999 -9999 294 293 304 312 261 150 200 283 300 306 308 310 312 314 315 316 316 319 320 318 315 311 309 307 306 307 308 310 310 312 313 315 317 319 320 321 322 323 325 325 326 326 327 328 327 330 329 331 335 337 336 333 329 320 319 321 328 329 331 331 330 329 328 326 325 323 323 323 325 325 323 321 319 319 -9999 -9999 -9999 -9999 -9999
-9999 -9999 -9999 -9999 -9999 291 305 313 263 159 210 284 300 308 311 310 311 313 313 315 315 316 316 315 313 310 308 305 306 307 308 309 310 311 312 315 317 318 320 321 322 323 324 325 326 326 326 327 327 328 329 331 333 333 335 333 330 328 327 329 330 330 331 330 330 331 330 329 327 325 324 325 325 325 323 320 318 319 319 -9999 -9999 -9999 -9999
-9999 -9999 -9999 -9999 293 302 309 316 284 150 230 287 309 310 312 313 312 313 314 315 315 316 315 314 313 311 308 306 306 307 307 308 310 311 312 315 318 319 320 321 321 322 323 324 326 326 326 326 327 327 330 330 333 336 335 331 328 324 324 324 324 326 329 328 329 331 330 330 329 327 326 326 325 324 325 324 323 322 320 323 326 329 -9999
-9999 -9999 -9999 -9999 -9999 314 318 312 179 188 274 307 316 315 314 313 313 313 315 316 316 316 315 313 312 310 309 308 307 308 308 309 311 311 312 315 318 321 321 321 321 322 323 324 325 327 327 326 326 325 328 332 334 335 331 329 324 317 315 316 318 321 323 325 326 328 330 331 330 328 327 327 325 326 326 328 329 329 324 325 328 331 332
-9999 -9999 -9999 -9999 -9999 -9999 317 285 195 215 280 315 319 318 316 314 314 315 316 317 318 316 315 314 312 310 309 308 309 309 310 311 312 312 315 316 319 323 323 322 321 322 322 324 326 327 329 329 327 326 328 330 332 332 330 327 324 318 315 314 315 317 318 320 323 326 329 333 331 330 328 326 325 328 329 333 334 334 332 331 332 332 330
-9999 -9999 -9999 -9999 -9999 319 313 283 201 271 288 315 322 321 319 316 316 318 319 320 320 317 315 314 313 312 311 310 310 309 311 312 313 314 317 318 321 322 322 321 321 321 322 323 325 326 328 328 327 327 328 330 331 330 329 328 326 320 316 314 314 312 311 311 317 324 330 332 332 330 328 327 328 326 331 336 338 338 338 340 341 344 341
-9999 -9999 -9999 -9999 312 304 311 282 235 275 296 317 324 322 320 319 320 321 323 322 321 318 316 314 314 313 313 313 312 311 312 314 315 317 318 319 321 321 321 320 320 319 321 323 324 326 327 328 328 328 329 330 330 330 333 333 326 319 314 315 314 312 308 308 315 321 328 332 332 330 328 328 328 328 328 334 339 342 343 346 349 353 353
-9999 -9999 -9999 -9999 318 324 321 254 240 272 305 312 322 322 321 322 324 325 327 327 323 319 317 315 314 314 314 313 312 313 314 315 317 319 319 320 320 321 321 320 319 320 321 322 323 326 327 329 330 330 331 331 331 333 333 328 324 322 320 318 315 314 311 312 316 319 324 328 332 328 328 327 330 331 328 331 336 343 345 351 355 358 354
-9999 -9999 -9999 -9999 324 333 330 276 240 284 294 284 302 316 320 325 328 329 331 331 325 319 317 315 315 314 314 313 314 314 315 316 319 319 320 320 321 321 322 322 322 322 322 322 323 326 328 330 331 332 333 333 333 335 335 331 327 326 323 322 319 318 316 317 319 320 325 328 331 332 335 336 334 336 337 339 338 343 346 351 354 359 353
-9999 -9999 -9999 -9999 315 326 326 299 239 287 254 239 282 292 322 328 331 332 332 329 324 320 317 315 315 315 314 314 315 315 316 318 318 320 320 321 322 323 325 325 325 324 324 323 324 327 329 331 333 334 333 336 338 338 337 334 330 329 328 323 322 321 317 319 320 320 325 328 332 332 335 336 339 340 345 343 343 341 343 349 352 350 352
-9999 -9999 -9999 -9999 311 317 319 311 229 244 237 212 249 283 317 332 335 334 332 327 323 319 316 315 315 315 315 316 316 316 318 319 319 320 321 322 324 325 327 327 328 328 328 327 327 329 331 333 335 336 338 341 340 338 338 337 334 334 332 328 325 324 324 322 321 323 316 327 333 333 334 331 336 338 342 339 338 338 341 343 347 349 344
-9999 -9999 -9999 -9999 -9999 303 313 311 276 192 206 211 264 306 323 324 336 335 330 326 321 318 315 315 316 317 317 318 318 318 318 319 320 321 322 323 325 327 328 329 331 332 331 330 330 331 333 333 337 339 340 343 344 341 341 341 340 338 336 333 329 327 326 328 328 324 329 332 335 336 335 331 336 334 335 334 334 339 344 348 350 351 346
-9999 -9999 -9999 -9999 -9999 -9999 -9999 310 287 217 193 206 263 319 322 330 338 332 329 323 320 316 315 317 317 317 318 318 318 317 318 319 320 321 323 324 326 329 330 331 334 335 334 333 332 334 333 335 337 342 345 345 346 345 345 345 344 343 340 338 333 333 329 332 331 327 331 337 338 337 336 339 339 336 338 343 345 345 344 349 350 350 350
-9999 -9999 -9999 -9999 -9999 -9999 -9999 290 287 240 191 202 219 298 310 326 337 335 330 324 320 316 316 317 318 318 319 318 318 317 318 319 321 323 324 326 327 329 330 332 335 336 335 334 334 335 337 336 337 343 347 350 348 345 348 348 349 348 344 342 339 338 333 331 334 332 336 341 342 341 341 345 344 342 340 342 341 342 340 348 345 350 353
-9999 -9999 -9999 -9999 -9999 -9999 -9999 -9999 264 246 189 169 196 271 300 316 333 335 332 326 322 320 318 318 319 320 320 318 317 317 318 320 322 324 325 326 327 328 329 330 332 334 334 335 335 336 338 340 339 343 347 350 348 343 343 349 354 353 349 347 345 343 336 332 338 337 343 345 345 341 344 344 343 338 337 342 337 340 338 347 342 352 356
-9999 -9999 -9999 -9999 -9999 -9999 -9999 -9999 -9999 264 233 166 199 219 298 312 331 333 333 329 324 322 320 319 320 320 319 318 317 317 318 321 324 325 327 328 328 328 328 329 330 332 334 335 335 336 338 340 341 342 344 348 352 352 351 349 350 353 353 352 348 347 345 339 339 342 346 348 347 341 345 344 342 335 337 341 340 341 345 342 338 344 353
-9999 -9999 -9999 -9999 -9999 -9999 -9999 -9999 -9999 269 259 165 154 198 277 300 327 321 332 329 326 324 321 320 321 320 319 318 317 317 319 322 325 327 328 330 329 329 329 329 330 331 333 334 335 336 338 339 342 341 344 345 350 354 356 356 354 351 357 355 352 349 347 343 341 347 349 350 348 342 346 346 345 337 339 342 338 343 348 337 337 347 344
-9999 -9999 -9999 -9999 -9999 -9999 -9999 -9999 -9999 -9999 267 190 125 156 212 262 319 318 325 328 325 325 322 322 321 320 319 318 318 319 321 325 327 330 333 334 335 332 330 330 332 332 333 335 335 336 336 337 340 340 342 345 349 352 355 358 360 358 357 357 354 352 351 345 344 349 351 351 350 345 343 345 345 340 341 346 347 351 344 341 342 344 342
-9999 -9999 -9999 -9999 -9999 -9999 -9999 -9999 -9999 -9999 268 241 149 125 174 219 297 315 304 326 326 326 323 322 321 320 319 319 319 322 325 328 330 333 336 338 338 335 332 331 332 333 335 334 333 335 334 333 335 338 341 340 344 349 352 357 360 360 356 356 356 353 351 349 347 350 353 353 352 347 341 345 347 343 334 334 342 351 347 337 338 346 345
-9999 -9999 -9999 -9999 -9999 -9999 -9999 -9999 -9999 -9999 -9999 264 192 120 131 176 267 293 295 322 327 326 324 322 319 318 317 318 320 325 328 330 333 336 340 343 343 338 331 325 331 333 334 335 332 332 329 328 329 332 338 338 341 345 349 353 353 355 355 357 356 353 352 352 349 350 352 353 352 349 348 342 344 339 332 333 341 346 342 335 331 342 340
-9999 -9999 -9999 -9999 -9999 -9999 -9999 -9999 -9999 -9999 -9999 268 258 144 110 145 225 273 301 309 326 327 324 320 317 316 316 319 322 326 329 332 336 339 342 344 345 342 337 333 332 333 335 333 329 325 323 322 326 329 335 338 342 346 348 351 351 353 355 357 357 354 350 350 350 349 350 352 351 352 351 343 340 332 326 332 339 345 348 342 336 326 322
-9999 -9999 -9999 -9999 -9999 -9999 -9999 -9999 -9999 -9999 -9999 264 273 212 100 125 152 197 294 285 318 326 323 321 316 314 316 319 323 327 331 334 337 340 343 345 346 344 340 337 336 335 330 329 327 321 316 317 321 327 333 336 342 347 352 352 350 349 352 356 356 353 348 345 348 350 349 350 348 351 351 347 347 337 325 327 335 344 347 344 345 322 304
-9999 -9999 -9999 -9999 -9999 -9999 -9999 -9999 -9999 -9999 -9999 -9999 272 268 152 109 153 206 270 278 297 317 282 302 314 313 314 319 325 328 332 334 337 341 344 346 348 346 343 341 339 335 327 321 321 316 308 310 319 327 331 337 344 348 352 350 347 347 348 352 353 350 346 343 347 349 348 347 346 348 347 343 345 343 324 327 333 331 327 338 341 331 299
-9999 -9999 -9999 -9999 -9999 -9999 -9999 -9999 -9999 -9999 -9999 -9999 -9999 282 230 139 113 170 206 266 292 285 250 268 305 307 311 317 324 327 330 334 338 341 344 347 350 349 346 342 338 335 331 326 318 310 299 306 315 324 329 334 342 343 343 343 341 342 342 343 345 344 341 342 346 346 345 343 345 341 339 343 340 334 324 323 326 323 322 341 342 328 310
-9999 -9999 -9999 -9999 -9999 -9999 -9999 -9999 -9999 -9999 -9999 -9999 -9999 283 279 200 124 129 200 229 244 210 186 192 231 279 298 309 316 322 327 332 336 339 342 345 349 348 345 340 336 332 329 326 322 314 310 302 312 318 325 329 335 336 334 334 333 334 335 335 337 338 337 339 344 344 341 341 338 334 334 322 330 328 316 317 320 320 325 335 333 314 310
-9999 -9999 -9999 -9999 -9999 -9999 -9999 -9999 -9999 -9999 -9999 -9999 -9999 -9999 284 272 173 146 177 210 203 200 194 186 149 155 205 262 282 300 315 329 335 337 338 340 343 344 342 339 336 332 327 326 322 314 317 305 308 313 319 324 328 331 331 323 324 324 325 329 333 333 335 339 341 341 340 338 333 323 325 316 308 327 314 314 317 318 318 326 324 301 297
-9999 -9999 -9999 -9999 -9999 -9999 -9999 -9999 -9999 -9999 -9999 -9999 -9999 -9999 283 293 264 175 153 173 179 166 172 176 167 141 148 166 232 260 281 321 334 334 332 333 337 340 339 337 334 333 330 326 326 311 320 319 305 308 314 322 329 332 327 317 316 319 319 321 328 329 335 339 339 339 336 334 327 323 320 302 310 324 312 310 315 322 326 328 315 297 300
-9999 -9999 -9999 -9999 -9999 -9999 -9999 -9999 -9999 -9999 -9999 -9999 -9999 -9999 -9999 286 299 246 179 149 150 130 142 159 174 174 170 146 135 237 261 310 325 329 327 327 331 336 336 335 333 332 330 328 329 323 317 321 312 310 316 330 331 327 314 314 315 313 310 317 324 329 334 337 337 336 331 322 318 316 304 293 316 316 307 309 315 318 323 326 316 298 294
-9999 -9999 -9999 -9999 -9999 -9999 -9999 -9999 -9999 -9999 -9999 -9999 -9999 -9999 -9999 -9999 284 280 236 188 180 146 141 139 145 136 181 165 144 204 278 299 310 324 326 327 328 332 333 333 333 329 329 329 330 331 328 329 325 323 327 333 326 314 310 312 310 306 310 316 326 326 328 336 336 333 324 314 312 310 304 295 308 298 306 311 318 322 325 323 315 292 282
