Cases/ENM_Ziziphus/clima/bio6.asc
ncols  186
nrows  192
xllcorner  -125
yllcorner  -56
cellsize 0.5
NODATA_value  -9999
[rows 74 to 110 of 192, columns 84 to 167 of 186]
-9999 -9999 -9999 -9999 -9999 -9999 -9999 -9999 226 222 218 194 125 74 117 158 136 196 197 210 217 219 217 216 214 212 212 211 211 209 206 204 204 206 208 210 204 163 169 189 199 201 207 210 212 215 218 218 216 211 211 213 211 206 207 203 204 204 200 197 197 197 200 207 213 -9999 -9999 -9999 -9999 -9999 -9999 -9999 -9999 -9999 -9999 -9999 -9999 -9999 -9999 -9999 -9999 -9999 -9999 -9999
-9999 -9999 -9999 -9999 -9999 -9999 -9999 -9999 228 223 204 130 112 71 153 128 187 197 201 208 213 217 216 214 213 212 209 207 207 204 201 198 199 205 208 204 201 194 180 184 201 206 209 209 212 209 214 212 212 212 213 212 211 205 198 200 198 202 198 197 201 200 202 210 217 221 -9999 -9999 -9999 -9999 -9999 -9999 -9999 -9999 -9999 -9999 -9999 -9999 -9999 -9999 -9999 -9999 -9999 -9999
-9999 -9999 -9999 -9999 -9999 -9999 -9999 224 225 217 183 158 83 112 160 186 200 198 201 205 210 213 212 210 211 209 206 206 205 203 202 199 202 207 200 195 187 186 206 209 208 206 201 215 214 212 209 207 210 208 212 210 210 204 205 202 202 203 201 199 203 206 208 213 221 224 225 -9999 -9999 -9999 -9999 -9999 -9999 -9999 -9999 -9999 -9999 -9999 -9999 -9999 -9999 -9999 -9999 -9999
-9999 -9999 -9999 -9999 -9999 -9999 216 215 213 179 110 91 119 167 202 204 203 203 204 206 206 210 211 209 208 207 205 205 205 206 206 209 212 212 189 188 193 204 201 206 212 210 214 216 216 214 214 207 206 203 205 212 211 206 205 203 202 204 203 204 207 211 213 218 225 228 228 -9999 -9999 -9999 -9999 -9999 -9999 -9999 -9999 -9999 -9999 -9999 -9999 -9999 -9999 -9999 -9999 -9999
-9999 -9999 -9999 -9999 -9999 214 209 204 178 109 49 98 182 199 203 204 204 204 205 205 206 210 210 208 205 205 205 204 204 207 210 214 217 203 190 198 213 214 214 203 214 215 217 217 217 216 215 214 209 211 207 212 213 208 206 203 203 203 204 207 205 214 218 224 228 229 229 -9999 -9999 -9999 -9999 -9999 -9999 -9999 -9999 -9999 -9999 -9999 -9999 -9999 -9999 -9999 -9999 -9999
-9999 -9999 -9999 -9999 -9999 211 199 195 125 61 84 175 194 199 202 204 205 205 206 206 207 211 210 209 206 206 205 204 205 207 211 214 216 215 209 209 214 215 215 216 216 217 217 219 218 216 216 215 215 217 216 216 215 213 207 202 199 206 208 214 212 215 223 227 230 230 231 231 -9999 -9999 -9999 -9999 -9999 -9999 -9999 -9999 -9999 -9999 -9999 -9999 -9999 -9999 -9999 -9999
-9999 -9999 -9999 -9999 -9999 193 190 176 90 40 88 179 194 198 201 203 205 206 207 208 208 210 209 208 208 207 204 204 205 207 210 213 214 215 215 215 215 216 215 215 215 216 218 219 219 218 217 219 214 217 215 219 219 214 208 203 202 209 216 216 217 216 224 227 228 228 230 231 232 232 -9999 -9999 -9999 -9999 -9999 -9999 -9999 -9999 -9999 -9999 -9999 -9999 -9999 -9999
-9999 -9999 -9999 -9999 198 193 192 168 42 27 129 185 192 196 200 201 204 206 207 208 208 210 210 209 208 208 206 204 204 206 208 211 211 213 213 214 214 215 215 215 216 217 218 219 220 218 217 219 220 221 221 222 222 219 211 207 204 207 211 210 217 221 223 223 223 224 226 228 230 228 222 214 213 216 -9999 -9999 -9999 -9999 -9999 -9999 -9999 -9999 -9999 -9999
-9999 -9999 -9999 197 185 181 196 153 31 78 171 188 194 196 198 199 202 205 207 208 209 210 209 210 208 208 207 205 205 205 207 208 208 209 211 212 214 214 215 215 216 218 219 220 220 221 222 220 222 221 223 225 226 224 219 215 208 209 212 220 221 222 221 219 218 218 221 224 224 221 215 208 209 215 218 221 223 -9999 -9999 -9999 -9999 -9999 -9999 -9999
-9999 -9999 -9999 -9999 183 182 192 147 38 91 173 188 195 198 198 199 203 205 207 208 208 209 209 208 207 206 204 205 205 205 206 206 206 207 209 211 213 214 215 215 216 218 220 221 221 221 223 221 221 223 224 227 225 224 219 217 219 221 224 223 223 221 218 216 213 213 217 218 217 215 212 210 211 216 217 221 225 228 -9999 -9999 -9999 -9999 -9999 -9999
-9999 -9999 -9999 198 191 186 194 167 36 106 170 194 196 199 200 200 203 206 207 207 207 208 208 208 207 205 204 204 204 203 204 204 204 204 207 212 214 215 215 216 217 219 220 222 223 222 222 222 222 224 225 229 231 226 217 212 212 216 219 218 217 218 215 213 211 212 215 216 215 213 212 209 212 217 220 224 227 228 226 224 223 -9999 -9999 -9999
-9999 -9999 -9999 -9999 185 189 192 68 66 147 191 201 201 200 199 199 200 204 206 205 205 206 205 205 205 205 204 203 204 203 204 205 203 203 208 213 216 216 216 217 218 219 221 222 225 225 223 222 219 221 226 230 231 221 212 204 197 202 205 208 210 212 212 210 210 212 214 214 213 212 210 208 211 214 220 222 223 225 222 220 219 217 217 214
-9999 -9999 -9999 -9999 -9999 192 171 83 95 153 199 205 205 203 199 198 200 202 204 205 204 204 204 203 203 203 202 204 204 205 204 205 204 206 210 215 218 218 217 217 218 219 221 224 225 227 226 223 219 220 223 225 224 218 210 203 197 196 198 201 202 203 205 207 208 211 214 213 211 210 207 206 209 212 216 219 220 219 216 212 210 214 214 203
-9999 -9999 -9999 -9999 174 178 156 87 143 162 198 209 208 206 201 197 201 203 205 206 204 203 203 203 202 201 201 202 202 203 204 205 206 209 211 216 218 218 217 217 218 219 221 223 224 224 223 220 217 216 218 219 217 214 210 204 197 194 194 194 194 193 192 198 205 211 213 212 210 206 203 204 203 209 214 215 216 214 211 206 203 205 204 178
-9999 -9999 -9999 142 146 162 142 105 140 170 202 213 211 209 205 203 204 205 206 208 204 202 201 200 199 200 200 200 199 201 204 206 208 210 211 214 215 216 215 215 215 217 219 219 220 220 218 216 214 213 213 212 212 213 211 201 193 188 190 190 189 186 186 193 201 209 214 212 208 202 197 196 196 200 207 211 211 209 207 202 198 194 190 178
-9999 -9999 -9999 138 146 154 114 105 139 184 198 211 211 211 210 208 206 207 207 204 201 200 199 198 197 197 196 197 198 201 203 206 209 209 210 211 213 213 213 212 213 215 215 216 216 215 214 212 209 208 207 205 207 207 200 195 191 190 188 185 185 183 186 192 197 204 210 212 204 197 189 186 186 186 192 198 204 203 204 201 196 192 183 179
-9999 -9999 -9999 140 149 156 128 103 153 170 162 186 203 209 210 208 207 207 206 202 199 197 196 196 195 195 194 196 196 198 201 205 206 207 208 209 209 210 210 211 211 211 212 213 212 211 209 206 204 201 199 199 200 200 195 190 188 185 184 183 183 182 185 189 193 201 207 211 206 199 189 176 174 177 185 189 196 198 199 199 197 190 186 178
-9999 -9999 -9999 137 149 156 146 98 156 121 107 158 170 205 205 205 205 205 202 199 196 195 194 194 193 192 192 193 193 195 199 200 203 204 205 206 207 208 208 208 207 208 209 210 208 206 203 201 197 193 193 194 193 191 188 184 183 182 178 178 179 177 180 183 186 194 200 205 200 192 181 169 165 170 178 186 189 193 197 196 189 190 186 176
-9999 -9999 -9999 135 145 152 153 78 97 93 68 112 151 183 196 200 201 200 197 195 192 192 191 191 191 190 190 190 190 193 195 197 199 200 202 202 204 204 203 204 204 204 204 204 202 200 197 195 191 189 189 185 183 183 181 178 179 177 175 174 175 175 173 175 181 177 190 196 192 185 168 161 162 168 172 179 184 189 192 196 190 186 184 178
-9999 -9999 -9999 -9999 138 149 149 115 25 44 53 120 168 176 178 195 196 194 191 190 188 188 188 190 190 190 189 188 188 189 190 193 195 197 198 199 200 200 200 200 200 199 199 198 196 194 189 188 185 181 180 179 175 175 176 175 174 173 171 169 168 167 170 173 173 181 185 189 189 184 174 172 168 168 171 175 184 191 199 204 202 189 176 179
-9999 -9999 -9999 -9999 -9999 -9999 147 118 42 14 37 110 179 174 182 194 189 189 185 186 185 185 187 188 189 188 186 184 183 184 186 189 192 194 195 197 197 197 196 196 195 194 193 191 190 185 183 180 180 177 172 171 170 170 170 170 169 168 168 165 166 160 166 169 168 175 182 185 185 184 187 184 175 174 180 185 189 189 197 200 197 189 185 187
-9999 -9999 -9999 -9999 -9999 -9999 138 131 69 8 24 46 150 160 177 192 192 189 184 183 182 183 185 187 188 187 182 179 177 178 182 186 190 192 194 195 195 194 194 192 191 189 187 185 183 181 177 173 174 173 172 166 163 165 165 166 166 163 163 163 163 159 160 166 167 173 179 181 181 184 189 188 182 177 179 180 184 183 192 187 188 184 183 185
-9999 -9999 -9999 -9999 -9999 -9999 -9999 137 94 6 -16 13 110 148 164 187 192 190 185 183 183 182 183 185 186 183 178 172 170 173 178 184 187 190 192 193 193 192 191 189 186 184 182 178 176 175 174 169 168 168 168 163 155 153 158 163 162 159 160 161 162 158 157 166 168 174 177 178 176 184 185 183 176 173 177 174 179 179 187 179 180 178 179 174
-9999 -9999 -9999 -9999 -9999 -9999 -9999 -9999 121 65 -21 10 34 148 159 186 191 192 188 184 183 180 180 182 182 177 171 166 163 168 176 183 186 189 191 192 192 188 187 185 181 179 175 173 171 169 168 166 163 161 162 163 161 157 152 151 152 155 157 158 161 163 161 165 171 177 179 180 176 182 182 179 170 170 174 173 176 184 179 169 165 175 176 165
-9999 -9999 -9999 -9999 -9999 -9999 -9999 -9999 127 106 -25 -37 9 113 143 187 173 192 188 184 182 179 178 178 176 173 168 163 160 168 178 183 186 187 189 190 191 188 185 181 176 172 169 166 165 164 162 162 159 158 156 159 160 159 155 148 143 152 155 157 159 162 164 167 175 180 182 182 177 181 180 178 168 168 167 163 169 179 169 165 171 180 176 168
-9999 -9999 -9999 -9999 -9999 -9999 -9999 -9999 -9999 122 12 -62 -31 24 82 181 172 182 187 182 182 177 176 175 172 169 165 164 166 175 182 184 186 188 191 193 190 187 182 177 171 166 163 160 159 157 156 157 154 154 155 156 157 157 156 153 148 149 153 154 159 164 165 170 179 184 184 182 178 177 178 175 166 162 162 159 163 160 163 167 171 185 180 161
-9999 -9999 -9999 -9999 -9999 -9999 -9999 -9999 -9999 126 81 -33 -54 -7 37 149 171 151 185 181 180 175 174 172 168 165 163 164 170 180 184 185 185 186 190 191 188 185 178 172 166 160 155 152 153 151 149 149 150 151 150 152 155 155 156 154 151 146 149 153 157 163 169 175 183 187 186 182 179 171 170 170 164 149 141 140 145 143 147 159 166 170 163 140
-9999 -9999 -9999 -9999 -9999 -9999 -9999 -9999 -9999 -9999 120 22 -54 -40 -1 103 138 134 177 183 179 174 173 168 165 161 159 160 169 179 182 182 181 181 188 187 185 179 167 166 160 153 150 147 147 144 141 141 142 148 147 149 152 154 153 148 145 144 145 150 154 163 174 181 187 189 187 180 171 164 162 165 159 147 135 128 126 122 139 158 160 159 154 144
-9999 -9999 -9999 -9999 -9999 -9999 -9999 -9999 -9999 -9999 130 101 -31 -64 -31 48 109 144 151 178 180 173 169 167 163 158 153 155 164 173 179 180 179 178 184 185 183 181 171 163 156 151 145 142 138 137 134 136 138 144 148 151 152 149 149 146 143 141 141 145 150 159 174 185 190 190 187 180 173 167 162 162 156 146 138 124 122 128 143 164 146 145 147 142
-9999 -9999 -9999 -9999 -9999 -9999 -9999 -9999 -9999 -9999 127 124 37 -79 -55 -32 9 128 106 159 175 172 175 170 166 161 156 159 165 172 177 178 179 180 183 183 181 178 171 164 157 147 143 141 135 130 130 131 135 141 145 151 153 150 147 143 140 137 135 137 147 156 168 182 189 188 185 178 175 169 165 169 167 157 149 136 131 134 142 154 135 126 136 130
-9999 -9999 -9999 -9999 -9999 -9999 -9999 -9999 -9999 -9999 -9999 131 98 -27 -72 -35 13 86 90 112 147 96 142 174 172 168 166 167 170 174 177 178 180 182 182 182 180 176 172 166 158 146 137 136 132 125 123 128 133 136 143 149 155 150 147 142 138 135 133 135 143 154 164 177 184 186 183 178 175 167 160 170 180 169 165 150 132 127 143 152 146 121 127 137
-9999 -9999 -9999 -9999 -9999 -9999 -9999 -9999 -9999 -9999 -9999 -9999 118 48 -44 -73 -27 2 72 98 90 51 90 167 176 176 175 175 175 177 178 180 180 181 180 181 179 175 171 165 158 151 144 136 128 118 121 124 127 130 140 150 154 150 146 140 138 134 133 136 142 150 161 174 181 182 180 179 172 164 163 170 177 171 165 152 136 134 155 161 148 133 115 143
-9999 -9999 -9999 -9999 -9999 -9999 -9999 -9999 -9999 -9999 -9999 -9999 120 102 8 -63 -66 -9 21 40 0 -30 -24 37 132 164 173 175 177 177 179 179 179 178 177 178 177 173 169 163 156 151 146 140 132 127 116 121 122 127 138 148 152 149 145 140 136 132 131 134 141 148 158 172 178 180 181 177 171 168 159 171 174 161 156 148 141 147 159 162 140 137 114 125
-9999 -9999 -9999 -9999 -9999 -9999 -9999 -9999 -9999 -9999 -9999 -9999 -9999 115 69 -23 -54 -32 -3 -11 -17 -26 -44 -102 -95 -6 105 140 159 170 177 179 177 174 172 173 173 171 167 162 156 147 144 138 129 131 118 118 121 127 134 142 149 151 144 139 132 127 129 132 136 146 159 170 176 180 180 176 167 168 162 159 177 156 148 144 139 143 152 154 138 135 141 137
-9999 -9999 -9999 -9999 -9999 -9999 -9999 -9999 -9999 -9999 -9999 -9999 -9999 103 86 47 -31 -57 -44 -42 -64 -66 -75 -99 -128 -109 -57 68 119 141 167 176 172 166 163 165 168 167 164 158 154 148 141 138 121 131 131 117 121 126 134 143 150 152 146 139 134 126 122 127 132 145 159 168 175 178 180 175 172 170 154 164 175 153 140 138 138 144 153 149 141 141 146 152
-9999 -9999 -9999 -9999 -9999 -9999 -9999 -9999 -9999 -9999 -9999 -9999 -9999 -9999 100 86 27 -33 -70 -78 -108 -105 -102 -104 -116 -89 -79 -72 91 127 157 164 166 157 151 156 163 162 161 156 152 146 139 136 129 124 131 125 125 132 148 150 153 154 152 141 128 114 113 117 127 143 158 168 174 176 172 172 170 158 146 165 161 143 134 132 133 139 149 154 145 135 133 142
-9999 -9999 -9999 -9999 -9999 -9999 -9999 -9999 -9999 -9999 -9999 -9999 -9999 -9999 -9999 95 73 29 -26 -39 -89 -105 -117 -121 -126 -56 -26 -43 39 141 151 152 159 154 149 152 158 160 159 157 149 142 136 132 132 133 137 138 138 142 151 153 148 148 144 131 117 110 107 111 115 135 158 168 173 172 167 169 167 157 143 149 136 133 127 126 130 141 149 157 141 123 124 134
