Cases/ENM_Ziziphus/clima/bio6.asc
ncols  186
nrows  192
xllcorner  -125
yllcorner  -56
cellsize 0.5
NODATA_value  -9999
[rows 111 to 147 of 192, columns 84 to 167 of 186]
-9999 -9999 -9999 -9999 -9999 -9999 -9999 -9999 -9999 -9999 -9999 -9999 -9999 -9999 -9999 -9999 124 91 29 43 -24 -23 -100 -113 -104 -53 -10 -8 -10 46 137 135 138 151 152 153 155 157 158 158 148 136 129 125 126 133 137 133 148 151 154 148 152 156 154 126 126 113 103 110 116 140 160 166 171 168 163 165 151 136 126 126 129 131 124 118 120 128 140 138 118 118 124 136
-9999 -9999 -9999 -9999 -9999 -9999 -9999 -9999 -9999 -9999 -9999 -9999 -9999 -9999 -9999 -9999 -9999 132 98 92 85 85 16 -85 -92 -82 -32 -19 -43 -56 64 93 103 128 151 152 153 154 156 156 146 132 125 118 120 130 138 145 154 155 154 157 162 161 158 136 137 128 116 112 125 138 157 159 162 157 149 146 139 125 111 118 125 120 121 113 106 112 126 116 112 119 122 134
-9999 -9999 -9999 -9999 -9999 -9999 -9999 -9999 -9999 -9999 -9999 -9999 -9999 -9999 -9999 -9999 -9999 -9999 -9999 140 132 113 83 23 -45 -104 -76 -49 -59 -56 -11 16 15 43 124 150 150 152 153 154 154 142 130 122 122 134 145 153 159 160 160 163 164 163 159 153 137 132 117 120 131 138 144 151 151 151 145 133 126 119 112 115 130 126 119 115 108 108 119 112 117 125 125 130
-9999 -9999 -9999 -9999 -9999 -9999 -9999 -9999 -9999 -9999 -9999 -9999 -9999 -9999 -9999 -9999 -9999 -9999 -9999 -9999 -9999 137 126 84 24 -54 -99 -69 -60 -70 -59 -67 -19 -24 27 99 135 148 150 150 151 148 141 135 135 138 145 154 160 162 163 164 165 164 161 157 139 130 124 124 130 134 135 141 146 149 142 130 123 119 117 123 135 135 127 116 114 114 117 117 121 121 119 138
-9999 -9999 -9999 -9999 -9999 -9999 -9999 -9999 -9999 -9999 -9999 -9999 -9999 -9999 -9999 -9999 -9999 -9999 -9999 -9999 -9999 -9999 -9999 108 93 49 -82 -87 -82 -74 -66 -75 -73 1 11 26 57 95 128 150 153 149 144 141 140 143 148 145 155 159 161 166 166 164 161 157 145 140 138 127 130 136 140 140 145 150 140 129 124 120 125 131 143 138 126 118 115 109 114 118 115 117 127 145
-9999 -9999 -9999 -9999 -9999 -9999 -9999 -9999 -9999 -9999 -9999 -9999 -9999 -9999 -9999 -9999 -9999 -9999 -9999 -9999 -9999 -9999 -9999 -9999 110 95 -19 -124 -90 -81 -74 -76 -81 -31 30 47 71 84 98 139 147 146 144 143 140 138 147 150 145 149 157 168 167 164 160 156 150 148 147 133 131 141 144 148 144 149 142 132 126 126 131 136 144 134 125 121 113 113 105 107 109 129 138 143
-9999 -9999 -9999 -9999 -9999 -9999 -9999 -9999 -9999 -9999 -9999 -9999 -9999 -9999 -9999 -9999 -9999 -9999 -9999 -9999 -9999 -9999 -9999 -9999 -9999 90 14 -98 -91 -68 -65 -56 -59 -42 -12 52 69 86 108 132 139 142 142 140 138 140 142 147 150 153 162 171 168 163 159 155 146 149 145 139 133 139 145 149 147 151 146 131 115 116 115 125 134 125 120 122 113 110 99 101 97 126 146 141
-9999 -9999 -9999 -9999 -9999 -9999 -9999 -9999 -9999 -9999 -9999 -9999 -9999 -9999 -9999 -9999 -9999 -9999 -9999 -9999 -9999 -9999 -9999 -9999 -9999 82 44 -71 -96 -67 -58 -50 -58 -71 -32 29 41 85 114 119 133 139 138 138 138 138 138 136 146 154 161 170 167 162 158 154 141 148 143 140 142 144 139 142 144 142 138 129 119 114 110 111 114 107 110 116 112 109 102 104 111 136 132 144
-9999 -9999 -9999 -9999 -9999 -9999 -9999 -9999 -9999 -9999 -9999 -9999 -9999 -9999 -9999 -9999 -9999 -9999 -9999 -9999 -9999 -9999 -9999 -9999 -9999 97 62 -28 -105 -73 -66 -55 -68 -81 -54 -10 22 75 98 105 126 132 132 134 136 137 138 139 147 156 162 164 161 156 153 149 149 142 143 146 145 144 135 132 130 129 130 128 124 122 116 106 100 90 98 104 104 106 106 105 118 113 120 139
-9999 -9999 -9999 -9999 -9999 -9999 -9999 -9999 -9999 -9999 -9999 -9999 -9999 -9999 -9999 -9999 -9999 -9999 -9999 -9999 -9999 -9999 -9999 -9999 -9999 110 76 -1 -96 -74 -62 -58 -71 -53 -19 -14 13 62 85 99 116 124 128 129 133 135 139 143 150 155 157 155 148 145 141 148 150 145 147 146 144 143 137 127 116 117 121 125 126 127 122 113 95 86 90 95 101 95 85 101 114 94 95 106
-9999 -9999 -9999 -9999 -9999 -9999 -9999 -9999 -9999 -9999 -9999 -9999 -9999 -9999 -9999 -9999 -9999 -9999 -9999 -9999 -9999 -9999 -9999 -9999 -9999 115 82 34 -91 -93 -71 -63 -60 -62 -8 -2 14 68 77 90 109 118 122 123 129 136 141 145 149 152 153 149 135 138 136 143 144 144 145 143 141 138 137 120 113 114 116 119 120 120 117 113 99 89 89 95 95 93 97 102 98 86 97 136
-9999 -9999 -9999 -9999 -9999 -9999 -9999 -9999 -9999 -9999 -9999 -9999 -9999 -9999 -9999 -9999 -9999 -9999 -9999 -9999 -9999 -9999 -9999 -9999 -9999 113 90 53 -84 -92 -91 -73 -72 -79 -33 -14 3 43 77 95 103 110 109 114 126 134 139 142 145 148 149 142 129 134 131 131 139 141 142 140 134 129 123 113 109 110 113 116 117 112 106 103 90 88 90 93 94 94 101 111 117 117 135 150
-9999 -9999 -9999 -9999 -9999 -9999 -9999 -9999 -9999 -9999 -9999 -9999 -9999 -9999 -9999 -9999 -9999 -9999 -9999 -9999 -9999 -9999 -9999 -9999 -9999 94 67 40 -61 -102 -118 -91 -103 -83 -50 -54 -3 41 63 93 100 103 105 114 127 134 136 139 142 145 145 138 131 130 119 125 135 140 141 134 128 123 114 111 107 103 104 108 111 106 106 100 84 80 86 79 72 81 101 110 114 121 128 153
-9999 -9999 -9999 -9999 -9999 -9999 -9999 -9999 -9999 -9999 -9999 -9999 -9999 -9999 -9999 -9999 -9999 -9999 -9999 -9999 -9999 -9999 -9999 -9999 -9999 82 61 38 -18 -63 -125 -118 -116 -88 -83 -92 4 65 80 94 96 98 105 115 126 131 133 134 138 143 145 139 134 127 113 116 127 137 137 129 122 115 111 108 104 99 97 100 104 100 99 96 86 74 81 60 49 87 107 106 98 114 147 155
-9999 -9999 -9999 -9999 -9999 -9999 -9999 -9999 -9999 -9999 -9999 -9999 -9999 -9999 -9999 -9999 -9999 -9999 -9999 -9999 -9999 -9999 -9999 -9999 -9999 86 57 37 -11 -34 -115 -121 -121 -100 -83 -83 33 82 92 96 96 96 105 113 118 123 126 128 131 137 139 133 132 124 115 115 126 129 128 118 111 109 108 110 108 103 101 97 97 102 102 96 82 63 63 74 70 96 134 144 151 164 167 -9999
-9999 -9999 -9999 -9999 -9999 -9999 -9999 -9999 -9999 -9999 -9999 -9999 -9999 -9999 -9999 -9999 -9999 -9999 -9999 -9999 -9999 -9999 -9999 -9999 107 86 61 26 -13 9 -86 -104 -96 -87 -83 -83 24 90 96 96 96 98 103 107 110 113 118 121 124 131 133 130 126 121 115 113 118 119 115 107 106 97 93 104 102 103 99 96 99 96 98 93 86 87 90 78 112 148 156 157 -9999 177 -9999 -9999
-9999 -9999 -9999 -9999 -9999 -9999 -9999 -9999 -9999 -9999 -9999 -9999 -9999 -9999 -9999 -9999 -9999 -9999 -9999 -9999 -9999 -9999 -9999 -9999 105 82 70 28 2 0 -83 -94 -91 -74 -79 -19 54 79 89 94 96 98 101 102 102 106 112 116 120 127 131 130 124 120 116 109 111 112 101 101 103 102 92 85 81 91 94 96 95 91 87 81 90 108 107 123 -9999 -9999 -9999 -9999 -9999 -9999 -9999 -9999
-9999 -9999 -9999 -9999 -9999 -9999 -9999 -9999 -9999 -9999 -9999 -9999 -9999 -9999 -9999 -9999 -9999 -9999 -9999 -9999 -9999 -9999 -9999 -9999 96 53 61 19 -23 -54 -67 -74 -97 -92 -80 23 54 49 84 91 94 95 96 96 98 102 107 112 117 123 128 131 126 118 114 106 100 103 98 100 99 97 90 80 72 71 62 72 78 93 115 116 138 148 145 -9999 -9999 -9999 -9999 -9999 -9999 -9999 -9999 -9999
-9999 -9999 -9999 -9999 -9999 -9999 -9999 -9999 -9999 -9999 -9999 -9999 -9999 -9999 -9999 -9999 -9999 -9999 -9999 -9999 -9999 -9999 -9999 -9999 86 38 42 4 -44 -71 -39 -61 -78 -85 -36 22 31 61 77 84 88 89 90 92 95 98 103 108 113 118 126 130 127 115 111 102 94 92 86 83 89 84 76 78 72 71 66 87 96 112 128 128 -9999 -9999 -9999 -9999 -9999 -9999 -9999 -9999 -9999 -9999 -9999 -9999
-9999 -9999 -9999 -9999 -9999 -9999 -9999 -9999 -9999 -9999 -9999 -9999 -9999 -9999 -9999 -9999 -9999 -9999 -9999 -9999 -9999 -9999 -9999 -9999 94 64 44 -15 -48 -71 -67 -61 -84 -30 -17 15 43 62 74 79 83 86 87 90 94 97 99 102 107 113 124 126 125 117 110 107 100 87 77 70 70 73 72 72 74 75 75 78 102 131 136 -9999 -9999 -9999 -9999 -9999 -9999 -9999 -9999 -9999 -9999 -9999 -9999 -9999
-9999 -9999 -9999 -9999 -9999 -9999 -9999 -9999 -9999 -9999 -9999 -9999 -9999 -9999 -9999 -9999 -9999 -9999 -9999 -9999 -9999 -9999 -9999 -9999 95 73 54 -7 -48 -58 -56 -80 -83 -17 5 24 51 63 73 77 81 84 86 90 95 96 95 96 100 112 120 118 116 111 104 96 90 79 73 66 64 65 63 60 62 62 64 69 112 138 -9999 -9999 -9999 -9999 -9999 -9999 -9999 -9999 -9999 -9999 -9999 -9999 -9999 -9999
-9999 -9999 -9999 -9999 -9999 96 95 -9999 -9999 -9999 -9999 -9999 -9999 -9999 -9999 -9999 -9999 -9999 -9999 -9999 -9999 -9999 -9999 -9999 106 77 56 4 -62 -71 -45 -54 -79 -57 12 57 53 66 72 76 80 82 84 87 91 92 92 92 94 114 120 114 110 105 99 88 78 71 64 60 56 50 50 57 55 57 61 78 126 -9999 -9999 -9999 -9999 -9999 -9999 -9999 -9999 -9999 -9999 -9999 -9999 -9999 -9999 -9999
-9999 -9999 -9999 -9999 -9999 -9999 -9999 -9999 -9999 -9999 -9999 -9999 -9999 -9999 -9999 -9999 -9999 -9999 -9999 -9999 -9999 -9999 -9999 -9999 89 56 32 -25 -73 -81 -54 -56 -43 -8 -11 57 60 65 69 74 78 80 81 84 85 86 90 95 103 115 118 112 110 105 99 98 85 74 77 82 82 57 45 48 44 57 74 100 112 -9999 -9999 -9999 -9999 -9999 -9999 -9999 -9999 -9999 -9999 -9999 -9999 -9999 -9999 -9999
-9999 -9999 -9999 -9999 -9999 -9999 -9999 -9999 -9999 -9999 -9999 -9999 -9999 -9999 -9999 -9999 -9999 -9999 -9999 -9999 -9999 -9999 -9999 -9999 80 47 15 -43 -94 -74 -13 -35 -1 -22 33 55 55 59 64 69 73 75 78 81 83 85 90 97 110 114 116 117 115 106 100 95 87 89 92 94 99 87 70 58 51 59 88 90 106 120 -9999 -9999 -9999 -9999 -9999 -9999 -9999 -9999 -9999 -9999 -9999 -9999 -9999 -9999
-9999 -9999 -9999 -9999 -9999 -9999 -9999 -9999 -9999 -9999 -9999 -9999 -9999 -9999 -9999 -9999 -9999 -9999 -9999 -9999 -9999 -9999 -9999 88 74 26 -13 -67 -101 -56 -9 -7 13 19 32 50 48 52 59 64 69 72 75 79 82 85 89 95 103 107 108 113 114 106 97 95 95 94 92 96 96 88 81 68 62 63 69 74 106 128 -9999 -9999 -9999 -9999 -9999 -9999 -9999 -9999 -9999 -9999 -9999 -9999 -9999 -9999
-9999 -9999 -9999 -9999 -9999 -9999 -9999 -9999 -9999 -9999 -9999 -9999 -9999 -9999 -9999 -9999 -9999 -9999 -9999 -9999 -9999 -9999 -9999 86 56 -6 -48 -73 -74 -31 -19 -2 16 7 19 39 45 52 56 61 65 69 73 76 79 83 87 92 96 99 101 104 103 99 97 99 96 93 93 95 95 88 82 75 72 68 59 90 117 -9999 -9999 -9999 -9999 -9999 -9999 -9999 -9999 -9999 -9999 -9999 -9999 -9999 -9999 -9999
-9999 -9999 -9999 -9999 -9999 -9999 -9999 -9999 -9999 -9999 -9999 -9999 -9999 -9999 -9999 -9999 -9999 -9999 -9999 -9999 -9999 -9999 94 63 30 -33 -86 -67 -37 -4 -31 -15 12 18 29 42 49 54 55 58 62 65 68 72 76 80 86 92 92 92 94 96 95 92 91 93 92 89 90 95 94 88 87 85 77 69 81 96 117 -9999 -9999 -9999 -9999 -9999 -9999 -9999 -9999 -9999 -9999 -9999 -9999 -9999 -9999 -9999
-9999 -9999 -9999 -9999 -9999 -9999 -9999 -9999 -9999 -9999 -9999 -9999 -9999 -9999 -9999 -9999 -9999 -9999 -9999 -9999 -9999 -9999 92 64 -1 -71 -95 -60 -32 -3 -21 5 22 40 42 48 53 53 45 54 58 61 65 69 72 76 82 90 89 86 88 90 90 86 84 83 84 86 87 94 90 93 96 91 76 70 105 97 -9999 -9999 -9999 -9999 -9999 -9999 -9999 -9999 -9999 -9999 -9999 -9999 -9999 -9999 -9999 -9999
-9999 -9999 -9999 -9999 -9999 -9999 -9999 -9999 -9999 -9999 -9999 -9999 -9999 -9999 -9999 -9999 -9999 -9999 -9999 -9999 -9999 -9999 89 66 -5 -78 -108 -66 -34 1 -9 14 39 48 51 55 55 43 35 51 54 57 61 66 70 74 78 82 84 84 87 88 85 81 77 81 88 92 93 99 102 105 105 103 96 97 112 -9999 -9999 -9999 -9999 -9999 -9999 -9999 -9999 -9999 -9999 -9999 -9999 -9999 -9999 -9999 -9999 -9999
-9999 -9999 -9999 -9999 -9999 -9999 -9999 -9999 -9999 -9999 -9999 -9999 -9999 -9999 -9999 -9999 -9999 -9999 -9999 -9999 -9999 -9999 86 59 0 -85 -118 -36 -22 3 -2 21 44 52 59 58 52 29 39 49 51 54 57 63 68 73 77 78 79 81 84 84 81 77 75 78 86 91 93 99 101 101 99 101 96 101 -9999 -9999 -9999 -9999 -9999 -9999 -9999 -9999 -9999 -9999 -9999 -9999 -9999 -9999 -9999 -9999 -9999 -9999
-9999 -9999 -9999 -9999 -9999 -9999 -9999 -9999 -9999 -9999 -9999 -9999 -9999 -9999 -9999 -9999 -9999 -9999 -9999 -9999 -9999 -9999 74 53 -9 -92 -84 -49 -20 4 3 22 32 44 60 51 34 16 38 45 47 50 55 62 67 73 77 75 74 76 79 78 74 71 69 77 84 85 87 93 94 95 97 100 98 98 -9999 -9999 -9999 -9999 -9999 -9999 -9999 -9999 -9999 -9999 -9999 -9999 -9999 -9999 -9999 -9999 -9999 -9999
-9999 -9999 -9999 -9999 -9999 -9999 -9999 -9999 -9999 -9999 -9999 -9999 -9999 -9999 -9999 -9999 -9999 -9999 -9999 -9999 -9999 -9999 69 29 -42 -102 -76 -39 -21 -3 -4 20 35 46 58 31 6 27 37 41 42 44 52 60 66 70 70 68 68 70 73 72 69 64 67 72 80 83 83 85 83 88 96 98 98 -9999 -9999 -9999 -9999 -9999 -9999 -9999 -9999 -9999 -9999 -9999 -9999 -9999 -9999 -9999 -9999 -9999 -9999 -9999
-9999 -9999 -9999 -9999 -9999 -9999 -9999 -9999 -9999 -9999 -9999 -9999 -9999 -9999 -9999 -9999 -9999 -9999 -9999 -9999 -9999 -9999 77 46 -18 -102 -66 -54 -17 3 13 27 41 45 52 36 -1 32 36 37 39 42 50 59 66 66 64 61 61 65 67 65 62 60 64 67 72 78 79 77 78 82 95 96 -9999 -9999 -9999 -9999 -9999 -9999 -9999 -9999 -9999 -9999 -9999 -9999 -9999 -9999 -9999 -9999 -9999 -9999 -9999 -9999
-9999 -9999 -9999 -9999 -9999 -9999 -9999 -9999 -9999 -9999 -9999 -9999 -9999 -9999 -9999 -9999 -9999 -9999 -9999 -9999 -9999 -9999 78 51 0 -101 -100 -47 0 12 17 22 32 34 31 32 6 28 33 36 37 43 49 57 64 64 64 61 62 66 64 64 61 59 62 64 66 66 72 77 82 88 95 -9999 -9999 -9999 -9999 -9999 -9999 -9999 -9999 -9999 -9999 -9999 -9999 -9999 -9999 -9999 -9999 -9999 -9999 -9999 -9999 -9999
-9999 -9999 -9999 -9999 -9999 -9999 -9999 -9999 -9999 -9999 -9999 -9999 -9999 -9999 -9999 -9999 -9999 -9999 -9999 -9999 -9999 -9999 65 46 26 -80 -117 -53 9 12 14 19 19 7 1 15 12 32 38 37 37 44 47 50 54 63 64 63 62 65 64 63 62 61 61 60 57 62 74 81 86 88 -9999 -9999 -9999 -9999 -9999 -9999 -9999 -9999 -9999 -9999 -9999 -9999 -9999 -9999 -9999 -9999 -9999 -9999 -9999 -9999 -9999 -9999
-9999 -9999 -9999 -9999 -9999 -9999 -9999 -9999 -9999 -9999 -9999 -9999 -9999 -9999 -9999 -9999 -9999 -9999 -9999 -9999 -9999 -9999 69 42 22 -81 -136 -38 -5 3 7 13 15 5 4 4 21 38 39 38 38 40 42 43 45 54 60 61 58 60 65 64 62 61 60 57 61 68 77 83 87 -9999 -9999 -9999 -9999 -9999 -9999 -9999 -9999 -9999 -9999 -9999 -9999 -9999 -9999 -9999 -9999 -9999 -9999 -9999 -9999 -9999 -9999 -9999
-9999 -9999 -9999 -9999 82 -9999 -9999 86 80 -9999 -9999 -9999 -9999 -9999 -9999 -9999 -9999 -9999 -9999 -9999 -9999 -9999 77 56 26 -50 -119 -43 -27 -7 4 9 14 6 2 8 21 32 35 35 35 36 37 40 42 47 53 55 54 61 66 64 61 61 61 60 64 69 77 82 -9999 -9999 -9999 -9999 -9999 -9999 -9999 -9999 -9999 -9999 -9999 -9999 -9999 -9999 -9999 -9999 -9999 -9999 -9999 -9999 -9999 -9999 -9999 -9999
