Cases/ENM_Ziziphus/clima/bio6.asc
ncols  186
nrows  192
xllcorner  -125
yllcorner  -56
cellsize 0.5
NODATA_value  -9999
[rows 0 to 36 of 192, columns 0 to 83 of 186]
-9999 24 10 -14 -19 19 16 -26 -59 -88 -77 -78 -74 -78 -82 -83 -87 -91 -101 -112 -115 -115 -110 -100 -99 -98 -115 -149 -139 -131 -138 -136 -139 -147 -149 -167 -169 -173 -167 -114 -93 -108 -112 -108 -103 -102 -98 -107 -103 -102 -105 -109 -106 -108 -98 -96 -103 -100 -97 -94 -98 -105 -99 -91 -92 -91 -88 -87 -88 -86 -85 -84 -85 -84 -84 -82 -81 -80 -82 -85 -85 -75 -76 -75
-9999 -9999 24 3 -11 11 24 11 -21 -81 -79 -82 -75 -84 -101 -98 -92 -102 -105 -126 -124 -110 -104 -107 -101 -105 -118 -138 -123 -119 -117 -111 -109 -121 -157 -177 -190 -182 -177 -148 -116 -111 -114 -112 -109 -102 -95 -99 -96 -95 -96 -101 -101 -97 -88 -86 -93 -90 -86 -80 -75 -85 -84 -86 -88 -82 -85 -85 -83 -82 -78 -77 -79 -79 -76 -77 -75 -70 -70 -74 -71 -71 -69 -69
-9999 -9999 32 22 9 13 26 30 7 -59 -83 -90 -83 -81 -100 -107 -108 -101 -96 -110 -119 -107 -106 -106 -104 -119 -134 -120 -114 -109 -95 -99 -117 -110 -134 -198 -212 -184 -183 -158 -108 -111 -120 -118 -115 -104 -99 -98 -97 -97 -96 -93 -88 -91 -84 -83 -87 -87 -82 -76 -76 -82 -81 -83 -79 -75 -83 -76 -78 -70 -67 -70 -72 -71 -66 -66 -66 -64 -60 -62 -64 -69 -69 -66
-9999 -9999 -9999 36 32 32 28 29 17 -22 -85 -101 -98 -86 -86 -85 -89 -84 -87 -92 -94 -98 -107 -104 -116 -138 -140 -110 -102 -96 -89 -108 -112 -135 -159 -203 -207 -183 -154 -130 -93 -100 -110 -110 -112 -108 -108 -97 -96 -94 -91 -85 -76 -80 -80 -82 -83 -82 -81 -74 -78 -77 -76 -79 -74 -75 -77 -79 -78 -72 -62 -64 -63 -59 -56 -60 -61 -57 -52 -57 -55 -60 -63 -67
-9999 -9999 -9999 45 51 51 28 26 25 5 -41 -91 -89 -91 -83 -71 -68 -74 -71 -73 -74 -81 -93 -91 -125 -133 -118 -83 -79 -80 -93 -105 -118 -146 -180 -191 -183 -172 -162 -152 -96 -93 -97 -97 -101 -101 -100 -91 -89 -89 -81 -77 -73 -74 -71 -69 -73 -75 -71 -68 -68 -71 -74 -72 -67 -73 -71 -73 -71 -71 -64 -61 -58 -52 -49 -52 -53 -52 -51 -53 -51 -53 -60 -62
-9999 -9999 -9999 -9999 -9999 40 28 18 24 18 4 -44 -94 -74 -65 -56 -51 -57 -51 -47 -52 -51 -53 -60 -88 -90 -69 -61 -59 -62 -76 -87 -101 -117 -141 -164 -167 -170 -172 -163 -117 -91 -90 -88 -84 -87 -86 -81 -76 -82 -78 -72 -74 -67 -64 -64 -63 -64 -64 -65 -54 -59 -65 -66 -69 -69 -68 -69 -71 -68 -57 -50 -48 -48 -46 -47 -50 -48 -47 -50 -51 -54 -59 -56
-9999 -9999 -9999 -9999 -9999 44 38 12 10 19 23 14 -53 -72 -41 -21 -19 -22 -27 -39 -8 -7 -32 -41 -53 -80 -62 -58 -63 -64 -72 -88 -91 -91 -102 -136 -154 -156 -152 -158 -123 -107 -89 -78 -76 -76 -71 -68 -72 -75 -71 -65 -64 -62 -57 -54 -54 -57 -54 -54 -49 -60 -65 -66 -60 -65 -67 -68 -61 -51 -45 -43 -43 -43 -42 -45 -48 -43 -45 -47 -51 -50 -53 -53
-9999 -9999 -9999 -9999 -9999 -9999 26 11 -9 14 20 22 -18 -60 -33 -25 -1 -15 -41 -12 14 16 -24 -40 -48 -76 -67 -65 -69 -79 -82 -97 -95 -91 -102 -123 -136 -114 -124 -134 -107 -97 -85 -74 -72 -70 -68 -69 -70 -73 -65 -56 -58 -53 -45 -46 -50 -51 -44 -44 -43 -51 -47 -45 -52 -54 -55 -46 -33 -37 -33 -37 -41 -44 -45 -45 -40 -38 -40 -44 -48 -47 -41 -41
-9999 -9999 -9999 -9999 -9999 -9999 -9999 20 4 0 12 18 2 -25 -9 -6 2 3 -11 2 26 9 -21 -42 -59 -66 -75 -59 -72 -82 -85 -100 -99 -98 -107 -104 -101 -85 -110 -103 -96 -80 -71 -71 -69 -66 -61 -58 -58 -57 -57 -53 -47 -45 -41 -37 -40 -41 -38 -34 -35 -39 -39 -41 -44 -45 -41 -29 -23 -27 -25 -28 -32 -40 -45 -44 -34 -33 -35 -39 -40 -34 -43 -53
-9999 -9999 -9999 -9999 -9999 -9999 -9999 42 39 12 8 22 16 -9 2 1 1 17 10 10 35 11 -16 -46 -58 -61 -87 -66 -65 -75 -75 -88 -102 -110 -103 -87 -64 -78 -93 -86 -69 -61 -54 -57 -65 -61 -56 -59 -51 -50 -50 -45 -41 -41 -35 -32 -32 -31 -27 -27 -28 -30 -33 -37 -32 -30 -26 -21 -21 -19 -16 -22 -26 -29 -33 -34 -30 -31 -35 -30 -31 -41 -53 -52
-9999 -9999 -9999 -9999 -9999 -9999 -9999 -9999 52 39 17 4 10 0 -4 1 4 19 32 39 46 31 -1 -26 -50 -37 -38 -76 -74 -74 -72 -83 -101 -108 -100 -77 -70 -81 -84 -74 -57 -57 -55 -57 -62 -63 -57 -58 -48 -38 -41 -40 -41 -31 -33 -33 -32 -29 -24 -25 -32 -29 -34 -33 -21 -14 -12 -16 -20 -15 -15 -18 -18 -19 -21 -21 -23 -25 -29 -27 -28 -37 -37 -23
-9999 -9999 -9999 -9999 -9999 -9999 -9999 -9999 -9999 59 53 50 45 35 6 3 -25 13 39 54 49 40 19 0 -18 -13 -15 -47 -74 -77 -87 -94 -109 -112 -104 -81 -70 -69 -70 -65 -55 -53 -52 -54 -59 -59 -50 -52 -39 -34 -35 -36 -31 -26 -27 -23 -21 -22 -19 -16 -23 -27 -28 -21 -17 -7 -1 -10 -9 -7 -10 -10 -7 -18 -27 -22 -19 -19 -20 -18 -19 -18 -12 -8
-9999 -9999 -9999 -9999 -9999 -9999 -9999 -9999 -9999 66 64 -9999 -9999 78 57 36 12 26 33 52 47 36 29 17 16 32 24 -1 -24 -48 -81 -102 -108 -113 -103 -74 -57 -58 -63 -57 -51 -56 -55 -58 -56 -46 -38 -39 -36 -36 -30 -31 -22 -21 -16 -12 -7 -13 -13 -10 -15 -12 -9 -10 -14 -11 -6 -2 -2 0 -8 -6 -1 -11 -19 -15 -10 -11 -15 -17 -10 -5 -2 -1
-9999 -9999 -9999 -9999 -9999 -9999 -9999 -9999 -9999 -9999 87 89 94 88 62 55 13 32 47 43 47 51 54 43 32 28 28 26 7 -14 -49 -61 -79 -94 -84 -41 -48 -40 -60 -55 -45 -51 -55 -57 -50 -42 -35 -27 -30 -27 -17 -22 -20 -17 -11 -9 -4 -9 -11 -10 -5 -1 2 -3 -5 -10 -6 2 4 5 -4 -3 1 -2 -2 -3 -4 -7 -14 -10 -3 0 5 5
-9999 -9999 -9999 -9999 -9999 -9999 -9999 -9999 -9999 -9999 -9999 -9999 95 92 -9999 73 35 17 46 45 51 61 64 59 47 29 23 26 17 -13 -23 -36 -51 -56 -54 -44 -48 -37 -47 -48 -38 -41 -39 -35 -30 -31 -26 -18 -19 -12 -5 -10 -18 -8 -3 4 5 -3 -2 -3 5 10 12 1 2 7 8 7 9 8 1 0 1 2 6 9 6 4 0 3 6 7 13 13
-9999 -9999 -9999 -9999 -9999 -9999 -9999 -9999 -9999 -9999 -9999 -9999 -9999 -9999 -9999 71 47 10 29 50 57 62 63 63 52 33 22 22 16 -8 -20 -25 -38 -41 -38 -39 -32 -25 -31 -31 -26 -17 -23 -24 -20 -19 -18 -19 -18 -13 -6 -6 -13 -2 -3 4 7 10 13 11 9 11 14 6 8 16 20 16 15 13 6 4 6 7 10 15 20 19 14 14 16 15 19 20
-9999 -9999 -9999 -9999 -9999 -9999 -9999 -9999 -9999 -9999 -9999 -9999 -9999 -9999 -9999 -9999 57 23 14 47 58 62 63 57 41 29 16 8 1 -3 -9 -31 -34 -30 -27 -24 -18 -19 -31 -29 -20 -13 -17 -21 -22 -14 -21 -25 -19 -10 -8 -5 -4 -1 1 10 15 18 20 20 15 9 6 11 18 18 24 23 17 17 13 15 11 12 13 12 14 16 22 22 25 27 27 26
-9999 -9999 -9999 -9999 -9999 -9999 -9999 -9999 -9999 -9999 -9999 -9999 -9999 -9999 -9999 -9999 52 36 18 35 57 64 63 56 42 27 18 6 -5 -4 -13 -21 -25 -14 -15 -15 -17 -23 -28 -32 -23 -16 -14 -18 -18 -5 -15 -18 -5 2 -6 -5 1 5 16 15 24 22 19 20 24 16 13 18 27 28 30 26 20 25 26 24 18 22 24 21 18 20 30 32 34 35 36 36
-9999 -9999 -9999 -9999 -9999 -9999 -9999 -9999 -9999 -9999 -9999 -9999 -9999 -9999 -9999 -9999 -9999 51 36 24 54 -9999 -9999 53 45 30 24 22 14 4 -7 -8 -14 -8 -11 -10 -17 -21 -24 -26 -22 -20 -14 -12 -6 -3 -9 -10 -6 -3 -6 -3 5 9 22 22 37 37 30 24 25 26 23 28 32 37 36 33 33 31 33 37 37 40 41 40 38 37 36 35 37 37 40 42
-9999 -9999 -9999 -9999 -9999 -9999 -9999 -9999 -9999 -9999 -9999 -9999 -9999 -9999 -9999 -9999 -9999 64 56 39 51 -9999 -9999 -9999 49 36 32 36 33 24 14 11 -13 -32 -14 -7 -11 -10 -15 -18 -18 -21 -15 -14 -9 -3 0 1 2 2 -2 4 14 19 32 30 37 38 37 37 41 39 39 44 46 44 45 44 45 44 45 52 56 51 55 58 50 49 47 45 45 44 44 44
-9999 -9999 -9999 -9999 -9999 -9999 -9999 -9999 -9999 -9999 -9999 -9999 -9999 -9999 -9999 -9999 -9999 -9999 68 56 47 60 66 65 58 53 50 56 58 44 31 23 -10 -47 -42 -23 -22 -18 -10 -9 0 -1 -2 0 7 16 21 23 19 10 6 20 28 33 34 36 39 39 48 59 57 58 56 56 56 52 54 56 58 60 61 65 67 -9999 -9999 -9999 -9999 -9999 60 61 56 51 47 47
-9999 -9999 -9999 -9999 -9999 -9999 -9999 -9999 -9999 -9999 -9999 -9999 -9999 109 -9999 -9999 -9999 -9999 -9999 70 65 52 61 66 77 70 76 77 71 66 53 37 12 -36 -54 -42 -40 -18 -2 -1 4 9 10 14 21 31 41 41 38 27 29 39 43 43 41 44 48 49 52 60 72 -9999 -9999 -9999 -9999 -9999 60 65 70 72 71 78 81 -9999 -9999 -9999 -9999 -9999 -9999 -9999 -9999 -9999 -9999 56
-9999 -9999 -9999 -9999 -9999 -9999 -9999 -9999 -9999 -9999 -9999 -9999 -9999 112 -9999 -9999 -9999 -9999 -9999 -9999 75 72 57 72 77 77 89 93 88 83 73 46 16 -22 -41 -45 -36 -12 7 3 1 5 14 25 30 35 47 47 47 45 44 44 41 43 50 57 63 67 66 63 -9999 -9999 -9999 -9999 -9999 -9999 -9999 -9999 -9999 -9999 -9999 83 -9999 -9999 -9999 -9999 -9999 -9999 -9999 -9999 -9999 -9999 -9999 -9999
-9999 -9999 -9999 -9999 -9999 -9999 -9999 -9999 -9999 -9999 -9999 -9999 -9999 -9999 -9999 -9999 -9999 -9999 86 80 -9999 82 69 63 76 87 97 104 104 92 77 53 26 -12 -43 -41 -23 -4 13 7 -2 6 19 28 35 36 51 44 46 52 55 52 45 51 61 68 72 75 -9999 -9999 -9999 -9999 -9999 -9999 -9999 -9999 -9999 -9999 -9999 -9999 -9999 -9999 -9999 -9999 -9999 -9999 -9999 -9999 -9999 -9999 -9999 -9999 -9999 -9999
-9999 -9999 -9999 -9999 -9999 -9999 -9999 -9999 -9999 -9999 -9999 -9999 -9999 -9999 -9999 -9999 -9999 -9999 -9999 85 81 84 83 72 74 81 -9999 112 113 101 85 67 48 10 -34 -35 -15 3 11 7 4 11 25 37 35 37 46 43 46 53 62 59 51 61 72 83 80 -9999 -9999 -9999 -9999 -9999 -9999 -9999 -9999 -9999 -9999 -9999 -9999 -9999 -9999 -9999 -9999 -9999 -9999 -9999 -9999 -9999 -9999 -9999 -9999 -9999 -9999 -9999
-9999 -9999 -9999 -9999 -9999 -9999 -9999 -9999 -9999 -9999 -9999 -9999 -9999 -9999 -9999 -9999 -9999 -9999 -9999 -9999 79 84 82 82 71 77 89 -9999 110 102 91 87 66 36 10 -15 -10 12 14 9 4 12 32 41 34 37 42 49 53 57 66 65 60 71 81 87 -9999 -9999 -9999 -9999 -9999 -9999 -9999 -9999 -9999 -9999 -9999 -9999 -9999 -9999 -9999 -9999 -9999 -9999 -9999 -9999 -9999 -9999 -9999 -9999 -9999 -9999 -9999 -9999
-9999 -9999 -9999 -9999 -9999 -9999 -9999 -9999 -9999 -9999 -9999 -9999 -9999 -9999 -9999 -9999 -9999 -9999 -9999 -9999 -9999 90 89 88 76 70 90 105 -9999 -9999 86 85 81 75 51 3 -11 -6 3 9 7 18 36 39 39 41 39 41 53 62 70 68 70 76 83 89 -9999 -9999 -9999 -9999 -9999 -9999 -9999 -9999 -9999 -9999 -9999 -9999 -9999 -9999 -9999 -9999 -9999 -9999 -9999 -9999 -9999 -9999 -9999 -9999 -9999 -9999 -9999 -9999
-9999 -9999 -9999 -9999 -9999 -9999 -9999 -9999 -9999 -9999 -9999 -9999 -9999 -9999 -9999 -9999 -9999 -9999 -9999 -9999 -9999 -9999 -9999 -9999 92 88 88 105 -9999 -9999 -9999 87 80 74 62 30 -9 -32 -6 3 11 25 37 41 44 40 39 46 55 67 76 79 82 85 93 99 -9999 -9999 -9999 -9999 -9999 -9999 -9999 -9999 -9999 -9999 -9999 -9999 -9999 -9999 -9999 -9999 -9999 -9999 -9999 -9999 -9999 -9999 -9999 -9999 -9999 -9999 -9999 -9999
-9999 -9999 -9999 -9999 -9999 -9999 -9999 -9999 -9999 -9999 -9999 -9999 -9999 -9999 -9999 -9999 -9999 -9999 -9999 -9999 -9999 -9999 -9999 -9999 -9999 101 92 95 102 -9999 -9999 94 93 90 80 63 16 -9 -4 9 13 28 38 45 52 55 50 51 52 73 77 76 80 87 98 106 -9999 -9999 -9999 -9999 -9999 -9999 -9999 -9999 -9999 -9999 -9999 -9999 -9999 -9999 -9999 -9999 -9999 -9999 -9999 -9999 -9999 -9999 -9999 -9999 -9999 -9999 -9999 -9999
-9999 -9999 -9999 -9999 -9999 -9999 -9999 -9999 -9999 -9999 -9999 -9999 -9999 -9999 -9999 -9999 -9999 -9999 -9999 -9999 -9999 -9999 -9999 -9999 -9999 108 99 87 94 -9999 -9999 99 98 99 98 90 69 21 3 7 19 36 43 48 60 58 46 39 31 42 71 73 77 83 95 103 -9999 -9999 -9999 -9999 -9999 -9999 -9999 -9999 -9999 -9999 -9999 -9999 -9999 -9999 -9999 -9999 -9999 -9999 -9999 -9999 -9999 -9999 -9999 -9999 -9999 -9999 -9999 -9999
-9999 -9999 -9999 -9999 -9999 -9999 -9999 -9999 -9999 -9999 -9999 -9999 -9999 -9999 -9999 -9999 -9999 -9999 -9999 -9999 -9999 -9999 -9999 -9999 -9999 118 118 100 92 105 -9999 -9999 -9999 106 109 109 102 71 15 9 24 32 38 56 75 58 45 39 38 39 66 73 71 84 98 -9999 -9999 -9999 -9999 -9999 -9999 -9999 -9999 -9999 -9999 -9999 -9999 -9999 -9999 -9999 -9999 -9999 -9999 -9999 -9999 -9999 -9999 -9999 -9999 -9999 -9999 -9999 -9999 -9999
-9999 -9999 -9999 -9999 -9999 -9999 -9999 -9999 -9999 -9999 -9999 -9999 -9999 -9999 -9999 -9999 -9999 -9999 -9999 -9999 -9999 -9999 -9999 -9999 -9999 -9999 126 107 104 108 97 -9999 -9999 -9999 113 114 116 84 29 7 29 32 15 34 52 46 38 35 37 43 51 82 88 97 105 -9999 -9999 -9999 -9999 -9999 -9999 -9999 -9999 -9999 -9999 -9999 -9999 -9999 -9999 -9999 -9999 -9999 -9999 -9999 -9999 -9999 -9999 -9999 -9999 -9999 -9999 -9999 -9999 -9999
-9999 -9999 -9999 -9999 -9999 -9999 -9999 -9999 -9999 -9999 -9999 -9999 -9999 -9999 -9999 -9999 -9999 -9999 -9999 -9999 -9999 -9999 -9999 -9999 -9999 -9999 -9999 -9999 118 101 85 104 -9999 -9999 -9999 121 126 120 66 14 17 38 12 22 22 27 30 33 36 46 35 80 106 106 113 -9999 -9999 -9999 -9999 -9999 -9999 -9999 -9999 -9999 -9999 -9999 -9999 -9999 -9999 -9999 -9999 -9999 -9999 -9999 -9999 -9999 -9999 -9999 -9999 -9999 -9999 -9999 -9999 -9999
-9999 -9999 -9999 -9999 -9999 -9999 -9999 -9999 -9999 -9999 -9999 -9999 -9999 -9999 -9999 -9999 -9999 -9999 -9999 -9999 -9999 -9999 -9999 -9999 -9999 -9999 -9999 -9999 -9999 111 92 106 -9999 -9999 -9999 -9999 140 145 122 70 39 29 14 11 19 27 36 37 50 57 52 82 117 106 123 -9999 -9999 -9999 -9999 -9999 -9999 -9999 -9999 -9999 -9999 -9999 -9999 -9999 -9999 -9999 -9999 -9999 -9999 -9999 -9999 -9999 -9999 -9999 -9999 -9999 -9999 -9999 -9999 166
-9999 -9999 -9999 -9999 -9999 -9999 -9999 -9999 -9999 -9999 -9999 -9999 -9999 -9999 -9999 -9999 -9999 -9999 -9999 -9999 -9999 -9999 -9999 -9999 -9999 -9999 -9999 -9999 -9999 122 122 -9999 -9999 -9999 -9999 -9999 -9999 149 142 108 67 49 28 15 22 30 37 46 57 68 74 110 134 130 133 -9999 -9999 -9999 -9999 -9999 -9999 -9999 -9999 -9999 -9999 -9999 -9999 -9999 -9999 -9999 200 -9999 -9999 -9999 -9999 -9999 -9999 -9999 -9999 -9999 -9999 171 165 159
-9999 -9999 -9999 -9999 -9999 -9999 -9999 -9999 -9999 -9999 -9999 -9999 -9999 -9999 -9999 -9999 -9999 -9999 -9999 -9999 -9999 -9999 -9999 -9999 -9999 -9999 -9999 -9999 -9999 -9999 -9999 -9999 -9999 -9999 -9999 -9999 -9999 -9999 144 132 86 65 39 30 28 27 33 43 53 77 83 103 129 139 142 -9999 -9999 -9999 -9999 -9999 -9999 -9999 -9999 -9999 -9999 -9999 -9999 -9999 -9999 -9999 -9999 -9999 -9999 -9999 -9999 -9999 -9999 -9999 -9999 -9999 177 169 166 166
-9999 -9999 -9999 -9999 -9999 -9999 -9999 -9999 -9999 -9999 -9999 -9999 -9999 -9999 -9999 -9999 -9999 -9999 -9999 -9999 -9999 -9999 -9999 -9999 -9999 -9999 -9999 -9999 -9999 -9999 -9999 -9999 -9999 -9999 -9999 -9999 143 -9999 147 143 116 71 52 36 38 36 36 35 42 65 91 108 131 138 145 152 -9999 -9999 -9999 -9999 -9999 -9999 -9999 -9999 -9999 -9999 -9999 -9999 -9999 -9999 -9999 -9999 169 166 164 169 174 -9999 -9999 -9999 180 175 172 177
