Cases/ENM_Ziziphus/clima/bio7.asc
ncols  186
nrows  192
xllcorner  -125
yllcorner  -56
cellsize 0.5
NODATA_value  -9999
[rows 0 to 36 of 192, columns 0 to 82 of 186]
-9999 218 255 316 319 332 324 321 330 367 383 405 415 416 412 397 387 391 398 405 405 419 432 434 432 418 410 398 407 406 449 441 424 422 413 392 416 385 355 384 400 422 429 424 424 424 423 432 430 431 434 440 440 437 426 425 430 422 418 413 413 417 413 405 403 404 403 396 396 391 392 393 391 389 385 383 378 377 377 376 379 371 365
-9999 -9999 206 293 331 336 330 322 309 331 369 410 412 410 400 391 386 383 399 408 405 416 438 439 445 424 415 390 435 444 402 429 429 420 404 412 388 368 390 396 395 405 418 425 428 422 423 428 427 429 427 436 439 439 425 422 420 414 407 401 394 401 402 402 402 396 401 398 398 391 390 390 390 387 385 382 376 369 370 373 372 368 359
-9999 -9999 181 238 305 328 326 314 319 309 339 387 400 407 404 393 376 387 406 411 410 415 426 442 430 408 397 415 430 461 441 418 396 415 427 423 423 392 412 396 393 414 436 443 442 429 435 435 436 435 431 431 427 429 422 419 413 408 404 397 394 401 399 399 397 393 400 394 396 387 381 385 385 383 378 377 372 366 365 365 365 367 364
-9999 -9999 -9999 198 231 262 297 307 328 315 301 327 365 395 407 404 389 394 399 408 407 399 408 426 414 399 390 402 439 433 428 405 423 403 413 426 427 407 400 399 412 435 447 449 448 443 444 434 432 432 431 426 419 420 416 416 414 410 407 401 404 402 399 397 395 395 396 398 395 390 380 379 376 375 372 373 368 363 361 363 358 360 364
-9999 -9999 -9999 172 169 190 286 317 328 337 312 291 332 367 401 394 388 381 389 396 399 396 402 399 388 401 390 402 418 417 389 410 407 383 371 376 380 422 425 393 397 418 434 434 433 437 443 433 428 425 420 418 416 418 413 405 404 408 403 398 398 397 398 393 387 392 389 392 387 387 384 377 371 368 365 367 365 359 360 362 355 355 362
-9999 -9999 -9999 -9999 -9999 197 268 320 330 342 339 300 285 356 395 395 386 373 380 391 394 397 392 387 389 392 397 401 411 406 418 433 419 396 416 425 383 403 445 392 390 399 406 404 411 423 428 424 419 426 423 416 419 413 411 406 399 400 400 397 382 381 383 382 384 385 387 391 394 389 380 370 366 364 363 362 362 360 358 357 351 352 356
-9999 -9999 -9999 -9999 -9999 188 207 306 343 344 343 331 290 322 382 401 400 386 381 374 396 394 381 380 392 376 390 391 380 385 411 406 425 416 417 426 423 385 419 380 397 385 385 394 404 410 411 414 417 422 421 417 417 414 408 402 394 396 394 389 378 378 380 386 386 390 389 392 388 381 374 367 363 361 359 364 362 357 355 353 349 349 349
-9999 -9999 -9999 -9999 -9999 -9999 211 282 345 354 348 342 316 296 363 382 404 402 363 383 380 383 369 369 380 367 387 396 391 385 402 388 404 414 408 415 397 395 395 371 399 397 395 393 398 400 406 413 414 417 409 405 409 403 391 393 394 393 383 380 372 372 366 364 381 385 387 378 365 369 362 360 362 362 362 364 357 354 352 342 341 342 343
-9999 -9999 -9999 -9999 -9999 -9999 -9999 238 314 356 356 351 332 321 378 391 399 402 377 362 363 360 363 369 369 370 374 408 404 400 396 388 399 403 411 413 384 381 357 377 389 397 397 399 402 398 398 400 399 402 403 405 397 392 387 381 385 384 378 374 367 363 358 360 366 373 374 368 359 358 353 353 354 361 363 361 351 346 341 335 343 342 335
-9999 -9999 -9999 -9999 -9999 -9999 -9999 193 215 296 325 340 331 330 373 377 382 391 361 339 359 352 360 366 377 356 353 386 407 405 399 396 398 390 393 392 393 384 388 394 391 393 392 397 394 391 389 393 393 399 402 395 393 389 381 375 377 372 369 370 372 371 369 375 371 363 362 357 355 350 343 345 350 354 351 349 347 341 334 338 343 336 328
-9999 -9999 -9999 -9999 -9999 -9999 -9999 -9999 169 218 265 274 296 343 367 368 371 378 363 349 359 365 365 362 372 369 368 360 386 403 400 396 398 396 390 398 405 383 391 386 385 385 382 381 387 388 387 398 399 397 403 398 395 382 383 380 373 371 364 364 368 360 366 366 358 348 346 348 351 345 339 341 343 346 344 343 341 339 338 340 336 328 324
-9999 -9999 -9999 -9999 -9999 -9999 -9999 -9999 -9999 170 197 215 250 273 306 331 339 366 367 358 360 373 383 381 368 355 363 363 362 378 368 377 390 390 388 387 399 381 375 381 388 391 383 382 388 386 381 387 392 393 397 400 397 385 381 371 366 366 361 357 359 357 358 356 353 342 336 344 342 339 339 337 336 345 346 342 338 335 336 335 332 324 322
-9999 -9999 -9999 -9999 -9999 -9999 -9999 -9999 -9999 152 167 -9999 -9999 200 240 298 327 362 358 354 370 377 374 375 377 367 361 358 359 365 355 357 385 386 381 378 396 378 364 368 392 399 384 384 384 377 372 377 386 396 394 393 386 381 372 363 354 356 357 354 355 350 345 347 350 346 340 337 336 335 337 335 330 340 345 339 333 334 335 331 324 319 322
-9999 -9999 -9999 -9999 -9999 -9999 -9999 -9999 -9999 -9999 132 136 138 154 204 233 305 353 369 366 367 352 348 365 379 377 377 354 349 367 368 377 372 374 366 374 372 383 326 350 381 397 387 386 381 377 371 374 384 388 379 380 379 372 369 360 354 355 357 357 350 341 337 339 341 345 340 333 331 328 332 330 326 332 333 329 330 330 331 331 322 319 322
-9999 -9999 -9999 -9999 -9999 -9999 -9999 -9999 -9999 -9999 -9999 -9999 124 124 -9999 195 278 333 361 377 364 348 345 350 358 365 385 362 345 348 372 388 381 363 364 382 382 389 328 340 368 387 380 371 372 376 370 364 368 367 360 363 373 365 358 350 348 355 353 350 340 331 327 335 335 331 329 326 324 325 331 329 326 329 325 318 319 319 321 321 319 320 317
-9999 -9999 -9999 -9999 -9999 -9999 -9999 -9999 -9999 -9999 -9999 -9999 -9999 -9999 -9999 186 249 300 331 356 350 334 324 330 336 355 365 359 333 348 362 373 384 381 384 384 374 375 362 365 338 367 372 371 365 365 365 364 366 358 352 354 361 351 361 353 348 346 340 336 333 331 326 333 330 322 319 320 316 319 326 326 326 326 323 317 311 310 312 313 312 312 314
-9999 -9999 -9999 -9999 -9999 -9999 -9999 -9999 -9999 -9999 -9999 -9999 -9999 -9999 -9999 -9999 210 271 298 328 329 318 309 318 341 354 345 343 332 340 348 352 372 381 388 384 375 373 371 378 351 361 379 380 374 363 367 370 366 362 359 356 352 350 353 347 341 339 334 328 329 334 333 329 321 319 313 311 313 316 318 317 320 322 321 319 316 314 306 304 306 303 303
-9999 -9999 -9999 -9999 -9999 -9999 -9999 -9999 -9999 -9999 -9999 -9999 -9999 -9999 -9999 -9999 221 258 277 300 310 306 291 308 332 346 345 337 334 335 355 374 362 381 384 387 388 381 380 367 360 357 374 382 380 360 360 363 354 349 358 357 350 343 336 341 333 333 334 328 321 326 326 318 309 307 304 304 310 308 308 310 314 310 307 305 309 309 297 298 301 299 295
-9999 -9999 -9999 -9999 -9999 -9999 -9999 -9999 -9999 -9999 -9999 -9999 -9999 -9999 -9999 -9999 -9999 259 270 278 301 -9999 -9999 315 329 349 357 344 334 339 352 369 360 369 366 380 389 376 357 359 365 337 344 357 351 347 355 353 353 349 353 350 346 339 328 334 318 318 322 324 317 314 315 307 303 297 295 295 299 302 298 292 293 287 285 284 285 288 291 295 294 294 292
-9999 -9999 -9999 -9999 -9999 -9999 -9999 -9999 -9999 -9999 -9999 -9999 -9999 -9999 -9999 -9999 -9999 258 274 288 297 -9999 -9999 -9999 321 329 327 324 319 328 338 353 349 349 357 364 368 359 351 351 351 346 334 337 335 345 349 347 346 340 342 333 327 328 321 324 319 319 311 305 300 299 294 286 284 284 282 284 285 285 283 271 266 270 266 263 268 273 276 282 283 286 287
-9999 -9999 -9999 -9999 -9999 -9999 -9999 -9999 -9999 -9999 -9999 -9999 -9999 -9999 -9999 -9999 -9999 -9999 273 287 290 293 296 298 314 312 304 301 308 325 346 356 342 339 351 352 350 350 347 346 366 360 347 346 342 335 336 334 331 331 331 321 316 316 322 318 315 312 294 275 276 272 270 268 268 270 268 269 268 266 263 256 251 -9999 -9999 -9999 -9999 -9999 261 260 268 276 283
-9999 -9999 -9999 -9999 -9999 -9999 -9999 -9999 -9999 -9999 -9999 -9999 -9999 126 -9999 -9999 -9999 -9999 -9999 282 284 283 289 294 299 301 302 299 309 316 336 350 339 327 348 351 340 342 345 344 350 348 351 341 316 294 302 318 322 327 326 317 313 313 316 310 300 295 285 269 252 -9999 -9999 -9999 -9999 -9999 260 257 252 250 249 238 234 -9999 -9999 -9999 -9999 -9999 -9999 -9999 -9999 -9999 -9999
-9999 -9999 -9999 -9999 -9999 -9999 -9999 -9999 -9999 -9999 -9999 -9999 -9999 129 -9999 -9999 -9999 -9999 -9999 -9999 281 281 279 289 292 293 290 285 287 296 318 318 313 318 345 348 335 329 339 345 346 328 320 332 301 281 288 310 320 321 321 321 323 319 306 292 276 266 266 268 -9999 -9999 -9999 -9999 -9999 -9999 -9999 -9999 -9999 -9999 -9999 232 -9999 -9999 -9999 -9999 -9999 -9999 -9999 -9999 -9999 -9999 -9999
-9999 -9999 -9999 -9999 -9999 -9999 -9999 -9999 -9999 -9999 -9999 -9999 -9999 -9999 -9999 -9999 -9999 -9999 245 252 -9999 274 276 278 287 290 280 262 259 282 313 308 302 311 325 337 330 324 328 342 337 329 314 302 291 276 299 322 326 323 319 321 323 311 294 273 256 251 -9999 -9999 -9999 -9999 -9999 -9999 -9999 -9999 -9999 -9999 -9999 -9999 -9999 -9999 -9999 -9999 -9999 -9999 -9999 -9999 -9999 -9999 -9999 -9999 -9999
-9999 -9999 -9999 -9999 -9999 -9999 -9999 -9999 -9999 -9999 -9999 -9999 -9999 -9999 -9999 -9999 -9999 -9999 -9999 250 253 263 272 277 284 289 -9999 253 252 273 302 312 310 308 311 316 322 324 321 335 335 324 301 294 282 279 292 334 334 323 317 315 313 300 279 251 246 -9999 -9999 -9999 -9999 -9999 -9999 -9999 -9999 -9999 -9999 -9999 -9999 -9999 -9999 -9999 -9999 -9999 -9999 -9999 -9999 -9999 -9999 -9999 -9999 -9999 -9999
-9999 -9999 -9999 -9999 -9999 -9999 -9999 -9999 -9999 -9999 -9999 -9999 -9999 -9999 -9999 -9999 -9999 -9999 -9999 -9999 252 256 263 277 282 286 286 -9999 264 277 294 307 306 302 302 300 308 316 313 329 337 317 289 285 279 286 303 325 323 319 314 310 303 291 266 246 -9999 -9999 -9999 -9999 -9999 -9999 -9999 -9999 -9999 -9999 -9999 -9999 -9999 -9999 -9999 -9999 -9999 -9999 -9999 -9999 -9999 -9999 -9999 -9999 -9999 -9999 -9999
-9999 -9999 -9999 -9999 -9999 -9999 -9999 -9999 -9999 -9999 -9999 -9999 -9999 -9999 -9999 -9999 -9999 -9999 -9999 -9999 -9999 257 258 268 270 267 270 260 -9999 -9999 287 295 305 303 295 289 296 309 312 324 335 326 299 290 289 296 299 300 302 303 309 305 296 285 262 237 -9999 -9999 -9999 -9999 -9999 -9999 -9999 -9999 -9999 -9999 -9999 -9999 -9999 -9999 -9999 -9999 -9999 -9999 -9999 -9999 -9999 -9999 -9999 -9999 -9999 -9999 -9999
-9999 -9999 -9999 -9999 -9999 -9999 -9999 -9999 -9999 -9999 -9999 -9999 -9999 -9999 -9999 -9999 -9999 -9999 -9999 -9999 -9999 -9999 -9999 -9999 259 256 258 256 -9999 -9999 -9999 290 301 297 285 276 280 297 311 316 325 323 311 303 298 284 280 283 278 277 288 299 291 275 253 229 -9999 -9999 -9999 -9999 -9999 -9999 -9999 -9999 -9999 -9999 -9999 -9999 -9999 -9999 -9999 -9999 -9999 -9999 -9999 -9999 -9999 -9999 -9999 -9999 -9999 -9999 -9999
-9999 -9999 -9999 -9999 -9999 -9999 -9999 -9999 -9999 -9999 -9999 -9999 -9999 -9999 -9999 -9999 -9999 -9999 -9999 -9999 -9999 -9999 -9999 -9999 -9999 253 259 259 263 -9999 -9999 278 279 287 279 266 255 269 292 316 319 313 310 314 299 288 281 274 256 267 292 300 286 271 250 229 -9999 -9999 -9999 -9999 -9999 -9999 -9999 -9999 -9999 -9999 -9999 -9999 -9999 -9999 -9999 -9999 -9999 -9999 -9999 -9999 -9999 -9999 -9999 -9999 -9999 -9999 -9999
-9999 -9999 -9999 -9999 -9999 -9999 -9999 -9999 -9999 -9999 -9999 -9999 -9999 -9999 -9999 -9999 -9999 -9999 -9999 -9999 -9999 -9999 -9999 -9999 -9999 232 249 255 257 -9999 -9999 267 268 265 266 265 244 232 268 305 317 319 305 297 280 274 282 290 250 230 292 299 291 274 255 238 -9999 -9999 -9999 -9999 -9999 -9999 -9999 -9999 -9999 -9999 -9999 -9999 -9999 -9999 -9999 -9999 -9999 -9999 -9999 -9999 -9999 -9999 -9999 -9999 -9999 -9999 -9999
-9999 -9999 -9999 -9999 -9999 -9999 -9999 -9999 -9999 -9999 -9999 -9999 -9999 -9999 -9999 -9999 -9999 -9999 -9999 -9999 -9999 -9999 -9999 -9999 -9999 206 202 231 251 248 -9999 -9999 -9999 254 252 256 244 229 236 268 289 300 292 278 254 268 285 294 273 236 259 288 282 272 251 -9999 -9999 -9999 -9999 -9999 -9999 -9999 -9999 -9999 -9999 -9999 -9999 -9999 -9999 -9999 -9999 -9999 -9999 -9999 -9999 -9999 -9999 -9999 -9999 -9999 -9999 -9999 -9999
-9999 -9999 -9999 -9999 -9999 -9999 -9999 -9999 -9999 -9999 -9999 -9999 -9999 -9999 -9999 -9999 -9999 -9999 -9999 -9999 -9999 -9999 -9999 -9999 -9999 -9999 186 231 240 242 260 -9999 -9999 -9999 243 244 239 215 222 241 260 276 283 280 267 279 281 281 275 253 246 274 271 256 243 -9999 -9999 -9999 -9999 -9999 -9999 -9999 -9999 -9999 -9999 -9999 -9999 -9999 -9999 -9999 -9999 -9999 -9999 -9999 -9999 -9999 -9999 -9999 -9999 -9999 -9999 -9999 -9999
-9999 -9999 -9999 -9999 -9999 -9999 -9999 -9999 -9999 -9999 -9999 -9999 -9999 -9999 -9999 -9999 -9999 -9999 -9999 -9999 -9999 -9999 -9999 -9999 -9999 -9999 -9999 -9999 225 233 253 255 -9999 -9999 -9999 235 224 214 211 228 241 261 279 287 282 279 271 269 267 254 234 247 249 241 227 -9999 -9999 -9999 -9999 -9999 -9999 -9999 -9999 -9999 -9999 -9999 -9999 -9999 -9999 -9999 -9999 -9999 -9999 -9999 -9999 -9999 -9999 -9999 -9999 -9999 -9999 -9999 -9999
-9999 -9999 -9999 -9999 -9999 -9999 -9999 -9999 -9999 -9999 -9999 -9999 -9999 -9999 -9999 -9999 -9999 -9999 -9999 -9999 -9999 -9999 -9999 -9999 -9999 -9999 -9999 -9999 -9999 220 236 240 -9999 -9999 -9999 -9999 194 181 194 212 229 246 263 278 285 285 265 258 261 260 247 235 230 211 202 -9999 -9999 -9999 -9999 -9999 -9999 -9999 -9999 -9999 -9999 -9999 -9999 -9999 -9999 -9999 -9999 -9999 -9999 -9999 -9999 -9999 -9999 -9999 -9999 -9999 -9999 -9999 -9999
-9999 -9999 -9999 -9999 -9999 -9999 -9999 -9999 -9999 -9999 -9999 -9999 -9999 -9999 -9999 -9999 -9999 -9999 -9999 -9999 -9999 -9999 -9999 -9999 -9999 -9999 -9999 -9999 -9999 207 207 -9999 -9999 -9999 -9999 -9999 -9999 176 184 199 221 243 260 267 267 268 259 255 256 261 251 227 218 198 183 -9999 -9999 -9999 -9999 -9999 -9999 -9999 -9999 -9999 -9999 -9999 -9999 -9999 -9999 -9999 128 -9999 -9999 -9999 -9999 -9999 -9999 -9999 -9999 -9999 -9999 153 156
-9999 -9999 -9999 -9999 -9999 -9999 -9999 -9999 -9999 -9999 -9999 -9999 -9999 -9999 -9999 -9999 -9999 -9999 -9999 -9999 -9999 -9999 -9999 -9999 -9999 -9999 -9999 -9999 -9999 -9999 -9999 -9999 -9999 -9999 -9999 -9999 -9999 -9999 182 193 219 245 260 273 264 270 256 249 250 263 247 227 213 194 176 -9999 -9999 -9999 -9999 -9999 -9999 -9999 -9999 -9999 -9999 -9999 -9999 -9999 -9999 -9999 -9999 -9999 -9999 -9999 -9999 -9999 -9999 -9999 -9999 -9999 144 152 155
-9999 -9999 -9999 -9999 -9999 -9999 -9999 -9999 -9999 -9999 -9999 -9999 -9999 -9999 -9999 -9999 -9999 -9999 -9999 -9999 -9999 -9999 -9999 -9999 -9999 -9999 -9999 -9999 -9999 -9999 -9999 -9999 -9999 -9999 -9999 -9999 173 -9999 179 186 215 248 261 268 277 269 253 251 258 252 241 230 217 199 180 168 -9999 -9999 -9999 -9999 -9999 -9999 -9999 -9999 -9999 -9999 -9999 -9999 -9999 -9999 -9999 -9999 165 168 167 160 154 -9999 -9999 -9999 139 147 150
