Cases/ENM_Ziziphus/clima/bio7.asc
ncols  186
nrows  192
xllcorner  -125
yllcorner  -56
cellsize 0.5
NODATA_value  -9999
[rows 111 to 147 of 192, columns 83 to 165 of 186]
-9999 -9999 -9999 -9999 -9999 -9999 -9999 -9999 -9999 -9999 -9999 -9999 -9999 -9999 -9999 -9999 -9999 156 173 197 191 216 222 247 250 243 218 170 170 186 172 153 162 170 174 177 176 174 172 172 175 180 187 197 205 206 199 192 188 186 187 188 180 172 177 180 185 193 202 211 218 215 191 175 166 159 151 146 142 141 148 158 166 172 182 195 209 213 190 178 172 172 172
-9999 -9999 -9999 -9999 -9999 -9999 -9999 -9999 -9999 -9999 -9999 -9999 -9999 -9999 -9999 -9999 -9999 -9999 139 160 162 170 175 206 234 229 214 183 182 212 207 180 177 183 182 178 177 175 172 171 171 176 186 198 212 213 200 191 185 184 188 190 184 178 181 184 187 193 200 205 208 201 185 172 165 160 156 153 152 152 168 178 175 179 184 200 215 215 194 184 180 181 183
-9999 -9999 -9999 -9999 -9999 -9999 -9999 -9999 -9999 -9999 -9999 -9999 -9999 -9999 -9999 -9999 -9999 -9999 -9999 -9999 128 136 153 175 197 214 224 213 211 230 239 222 211 211 209 191 179 177 172 169 168 169 181 195 206 206 193 184 181 181 184 186 183 180 181 183 187 190 194 196 196 190 179 170 165 163 163 166 171 173 181 183 180 181 184 195 208 210 192 179 175 184 192
-9999 -9999 -9999 -9999 -9999 -9999 -9999 -9999 -9999 -9999 -9999 -9999 -9999 -9999 -9999 -9999 -9999 -9999 -9999 -9999 -9999 -9999 130 143 174 198 221 236 239 249 257 255 245 234 230 219 199 180 171 168 171 173 180 191 199 197 185 179 179 179 181 182 180 179 179 181 184 186 188 189 186 181 174 167 165 165 168 174 181 189 198 190 179 175 179 189 198 204 189 179 176 181 183
-9999 -9999 -9999 -9999 -9999 -9999 -9999 -9999 -9999 -9999 -9999 -9999 -9999 -9999 -9999 -9999 -9999 -9999 -9999 -9999 -9999 -9999 -9999 -9999 157 175 200 244 251 257 263 261 271 260 250 238 236 200 174 169 168 179 184 192 197 196 187 182 181 181 180 178 176 176 178 180 182 184 184 183 180 176 171 165 164 166 171 177 185 194 204 186 170 166 169 180 189 193 181 178 177 176 179
-9999 -9999 -9999 -9999 -9999 -9999 -9999 -9999 -9999 -9999 -9999 -9999 -9999 -9999 -9999 -9999 -9999 -9999 -9999 -9999 -9999 -9999 -9999 -9999 -9999 158 173 229 253 258 262 268 281 266 252 243 235 199 175 173 179 186 191 196 198 196 191 189 188 186 183 176 170 171 175 180 183 185 183 179 176 173 170 166 163 167 172 179 187 191 182 167 160 157 163 176 186 187 189 175 179 184 183
-9999 -9999 -9999 -9999 -9999 -9999 -9999 -9999 -9999 -9999 -9999 -9999 -9999 -9999 -9999 -9999 -9999 -9999 -9999 -9999 -9999 -9999 -9999 -9999 -9999 -9999 169 216 252 256 259 262 260 253 250 240 212 192 179 184 200 200 201 201 201 199 197 197 195 192 187 175 163 166 173 179 184 181 179 176 173 171 170 168 169 170 172 177 187 189 178 166 162 159 169 179 188 191 193 184 189 186 181
-9999 -9999 -9999 -9999 -9999 -9999 -9999 -9999 -9999 -9999 -9999 -9999 -9999 -9999 -9999 -9999 -9999 -9999 -9999 -9999 -9999 -9999 -9999 -9999 -9999 -9999 170 200 245 255 257 256 252 251 257 245 210 196 180 197 205 209 208 206 205 203 202 202 200 195 189 175 164 166 171 177 179 176 174 172 171 171 172 173 177 176 176 180 186 187 179 169 166 170 178 189 191 190 188 184 186 184 181
-9999 -9999 -9999 -9999 -9999 -9999 -9999 -9999 -9999 -9999 -9999 -9999 -9999 -9999 -9999 -9999 -9999 -9999 -9999 -9999 -9999 -9999 -9999 -9999 -9999 -9999 156 189 232 255 257 259 258 259 264 257 235 213 197 208 213 213 211 210 210 208 207 205 202 196 189 179 172 171 175 177 174 170 168 168 170 172 174 178 183 182 184 188 189 186 181 171 161 169 189 202 195 191 187 177 183 186 187
-9999 -9999 -9999 -9999 -9999 -9999 -9999 -9999 -9999 -9999 -9999 -9999 -9999 -9999 -9999 -9999 -9999 -9999 -9999 -9999 -9999 -9999 -9999 -9999 -9999 -9999 141 180 220 253 257 263 268 271 265 252 245 232 219 224 227 222 217 216 217 215 212 208 204 198 193 187 181 180 182 182 173 165 163 166 169 172 175 180 186 191 189 189 190 188 179 166 156 172 198 204 192 189 191 179 186 191 191
-9999 -9999 -9999 -9999 -9999 -9999 -9999 -9999 -9999 -9999 -9999 -9999 -9999 -9999 -9999 -9999 -9999 -9999 -9999 -9999 -9999 -9999 -9999 -9999 -9999 -9999 140 175 207 251 259 266 275 281 275 257 252 245 238 239 239 233 225 223 226 223 216 210 205 200 196 191 187 184 187 185 174 165 163 166 169 172 176 180 188 194 192 187 185 182 177 164 155 174 189 195 187 181 183 180 185 192 198
-9999 -9999 -9999 -9999 -9999 -9999 -9999 -9999 -9999 -9999 -9999 -9999 -9999 -9999 -9999 -9999 -9999 -9999 -9999 -9999 -9999 -9999 -9999 -9999 -9999 -9999 149 170 199 248 258 269 277 284 288 279 271 263 252 249 248 241 236 238 237 229 222 215 209 203 198 193 190 188 189 186 177 171 169 169 172 177 182 188 192 195 195 192 187 180 180 182 175 176 187 197 192 183 182 169 185 194 199
-9999 -9999 -9999 -9999 -9999 -9999 -9999 -9999 -9999 -9999 -9999 -9999 -9999 -9999 -9999 -9999 -9999 -9999 -9999 -9999 -9999 -9999 -9999 -9999 -9999 -9999 164 183 204 244 259 270 279 289 298 303 300 275 257 250 247 246 244 244 240 232 225 219 212 206 200 195 193 191 191 188 187 182 177 176 179 184 190 194 196 197 198 197 194 187 181 179 185 184 187 199 201 195 183 170 182 192 190
-9999 -9999 -9999 -9999 -9999 -9999 -9999 -9999 -9999 -9999 -9999 -9999 -9999 -9999 -9999 -9999 -9999 -9999 -9999 -9999 -9999 -9999 -9999 -9999 -9999 -9999 169 187 206 234 253 269 279 291 306 325 316 276 250 243 246 248 247 244 239 234 228 223 217 211 202 198 196 194 192 191 196 189 182 182 187 191 194 196 196 197 198 197 196 191 182 176 185 186 185 195 200 197 187 179 177 174 166
-9999 -9999 -9999 -9999 -9999 -9999 -9999 -9999 -9999 -9999 -9999 -9999 -9999 -9999 -9999 -9999 -9999 -9999 -9999 -9999 -9999 -9999 -9999 -9999 -9999 -9999 165 190 208 232 247 265 277 287 301 314 307 261 246 246 249 250 250 244 239 236 232 227 223 218 210 204 199 197 195 194 194 188 186 191 197 197 196 196 196 197 197 198 195 191 187 186 184 180 178 181 188 190 185 169 158 152 132
-9999 -9999 -9999 -9999 -9999 -9999 -9999 -9999 -9999 -9999 -9999 -9999 -9999 -9999 -9999 -9999 -9999 -9999 -9999 -9999 -9999 -9999 -9999 -9999 -9999 142 163 190 212 231 237 258 272 283 293 300 298 261 243 246 251 252 251 248 244 241 236 231 227 225 218 209 207 204 200 198 196 194 195 201 204 199 194 192 193 196 197 197 194 190 185 181 177 172 169 170 177 174 158 152 146 -9999 108
-9999 -9999 -9999 -9999 -9999 -9999 -9999 -9999 -9999 -9999 -9999 -9999 -9999 -9999 -9999 -9999 -9999 -9999 -9999 -9999 -9999 -9999 -9999 -9999 -9999 148 170 189 214 227 236 252 264 274 282 286 267 249 248 251 255 256 253 251 248 245 240 236 232 228 220 209 203 201 200 202 203 202 202 209 206 196 195 198 196 198 198 194 192 189 186 177 170 162 153 155 157 -9999 -9999 -9999 -9999 -9999 -9999
-9999 -9999 -9999 -9999 -9999 -9999 -9999 -9999 -9999 -9999 -9999 -9999 -9999 -9999 -9999 -9999 -9999 -9999 -9999 -9999 -9999 -9999 -9999 -9999 -9999 162 191 201 214 222 233 244 254 263 270 274 249 254 256 257 261 261 257 254 251 246 243 240 236 231 222 208 196 193 199 205 210 212 209 213 209 197 192 201 206 209 203 210 200 192 187 177 165 153 139 141 -9999 -9999 -9999 -9999 -9999 -9999 -9999
-9999 -9999 -9999 -9999 -9999 -9999 -9999 -9999 -9999 -9999 -9999 -9999 -9999 -9999 -9999 -9999 -9999 -9999 -9999 -9999 -9999 -9999 -9999 -9999 -9999 174 198 210 207 213 225 235 245 254 260 264 265 263 264 264 265 264 261 257 253 248 245 243 241 236 226 212 199 194 199 205 213 220 219 215 210 203 195 194 202 203 197 200 198 190 181 175 167 -9999 -9999 -9999 -9999 -9999 -9999 -9999 -9999 -9999 -9999
-9999 -9999 -9999 -9999 -9999 -9999 -9999 -9999 -9999 -9999 -9999 -9999 -9999 -9999 -9999 -9999 -9999 -9999 -9999 -9999 -9999 -9999 -9999 -9999 -9999 174 198 208 191 203 216 227 237 246 254 261 270 267 269 268 268 267 264 260 255 250 247 247 245 240 230 218 202 198 202 206 211 215 223 223 219 210 201 191 190 198 197 192 183 177 167 170 -9999 -9999 -9999 -9999 -9999 -9999 -9999 -9999 -9999 -9999 -9999
-9999 -9999 -9999 -9999 -9999 -9999 -9999 -9999 -9999 -9999 -9999 -9999 -9999 -9999 -9999 -9999 -9999 -9999 -9999 -9999 -9999 -9999 -9999 -9999 -9999 170 189 194 176 194 207 221 232 241 251 253 251 257 265 270 270 269 267 264 257 249 248 249 249 246 230 218 208 203 208 214 224 233 236 232 231 228 215 199 195 205 208 201 185 166 150 -9999 -9999 -9999 -9999 -9999 -9999 -9999 -9999 -9999 -9999 -9999 -9999
-9999 -9999 -9999 -9999 -9999 -9999 147 146 -9999 -9999 -9999 -9999 -9999 -9999 -9999 -9999 -9999 -9999 -9999 -9999 -9999 -9999 -9999 -9999 -9999 164 181 178 163 190 204 217 231 238 246 243 232 245 266 273 273 273 271 268 262 255 251 250 250 249 226 215 215 214 218 223 229 241 238 228 226 230 221 211 208 219 215 205 187 162 -9999 -9999 -9999 -9999 -9999 -9999 -9999 -9999 -9999 -9999 -9999 -9999 -9999
-9999 -9999 -9999 -9999 -9999 -9999 -9999 -9999 -9999 -9999 -9999 -9999 -9999 -9999 -9999 -9999 -9999 -9999 -9999 -9999 -9999 -9999 -9999 -9999 -9999 158 176 163 169 190 203 217 229 243 254 244 243 263 277 280 279 278 277 274 269 264 257 250 243 234 220 217 222 221 229 231 219 229 230 224 218 216 219 210 210 210 208 199 184 177 -9999 -9999 -9999 -9999 -9999 -9999 -9999 -9999 -9999 -9999 -9999 -9999 -9999
-9999 -9999 -9999 -9999 -9999 -9999 -9999 -9999 -9999 -9999 -9999 -9999 -9999 -9999 -9999 -9999 -9999 -9999 -9999 -9999 -9999 -9999 -9999 -9999 -9999 160 183 172 175 193 204 247 243 275 261 265 272 281 289 290 288 286 283 280 276 271 261 248 235 225 221 224 225 224 228 229 225 224 224 219 214 197 201 207 207 204 201 195 182 174 163 -9999 -9999 -9999 -9999 -9999 -9999 -9999 -9999 -9999 -9999 -9999 -9999
-9999 -9999 -9999 -9999 -9999 -9999 -9999 -9999 -9999 -9999 -9999 -9999 -9999 -9999 -9999 -9999 -9999 -9999 -9999 -9999 -9999 -9999 -9999 -9999 166 177 192 178 185 198 210 272 296 317 302 282 281 287 298 298 296 293 289 285 280 275 262 248 236 229 230 237 232 225 224 229 229 226 221 212 205 195 193 197 199 199 198 188 177 160 149 -9999 -9999 -9999 -9999 -9999 -9999 -9999 -9999 -9999 -9999 -9999 -9999
-9999 -9999 -9999 -9999 -9999 -9999 -9999 -9999 -9999 -9999 -9999 -9999 -9999 -9999 -9999 -9999 -9999 -9999 -9999 -9999 -9999 -9999 -9999 -9999 178 193 192 188 192 204 229 282 330 329 304 292 288 292 299 300 300 299 293 286 280 272 260 248 239 234 235 238 237 233 233 232 228 226 220 212 202 195 192 190 189 189 185 176 187 157 -9999 -9999 -9999 -9999 -9999 -9999 -9999 -9999 -9999 -9999 -9999 -9999 -9999
-9999 -9999 -9999 -9999 -9999 -9999 -9999 -9999 -9999 -9999 -9999 -9999 -9999 -9999 -9999 -9999 -9999 -9999 -9999 -9999 -9999 -9999 -9999 158 178 198 195 193 202 222 283 267 299 323 312 303 297 296 298 298 299 297 291 284 277 269 259 247 239 237 237 238 238 238 238 235 229 225 219 213 203 195 191 189 184 182 179 185 191 164 -9999 -9999 -9999 -9999 -9999 -9999 -9999 -9999 -9999 -9999 -9999 -9999 -9999
-9999 -9999 -9999 -9999 -9999 -9999 -9999 -9999 -9999 -9999 -9999 -9999 -9999 -9999 -9999 -9999 -9999 -9999 -9999 -9999 -9999 -9999 -9999 153 170 195 196 201 216 254 301 285 311 319 315 304 297 295 294 291 292 290 285 279 273 267 259 247 239 239 238 238 238 239 239 235 229 223 216 208 201 195 192 190 183 182 177 164 183 -9999 -9999 -9999 -9999 -9999 -9999 -9999 -9999 -9999 -9999 -9999 -9999 -9999 -9999
-9999 -9999 -9999 -9999 -9999 -9999 -9999 -9999 -9999 -9999 -9999 -9999 -9999 -9999 -9999 -9999 -9999 -9999 -9999 -9999 -9999 -9999 -9999 141 160 199 204 209 236 272 322 306 315 314 303 296 292 289 284 281 284 282 278 273 269 265 259 252 245 242 241 239 240 242 241 237 231 224 215 208 202 197 194 193 191 186 167 152 -9999 -9999 -9999 -9999 -9999 -9999 -9999 -9999 -9999 -9999 -9999 -9999 -9999 -9999 -9999
-9999 -9999 -9999 -9999 -9999 -9999 -9999 -9999 -9999 -9999 -9999 -9999 -9999 -9999 -9999 -9999 -9999 -9999 -9999 -9999 -9999 -9999 -9999 154 171 205 211 217 272 312 333 318 314 302 288 286 285 282 272 275 278 277 273 269 266 263 259 255 251 247 245 242 243 247 246 241 233 223 214 207 202 196 193 191 193 193 176 -9999 -9999 -9999 -9999 -9999 -9999 -9999 -9999 -9999 -9999 -9999 -9999 -9999 -9999 -9999 -9999
-9999 -9999 -9999 -9999 -9999 -9999 -9999 -9999 -9999 -9999 -9999 -9999 -9999 -9999 -9999 -9999 -9999 -9999 -9999 -9999 -9999 -9999 -9999 168 186 211 216 232 263 317 336 322 311 296 284 283 279 271 262 269 273 273 271 267 264 261 259 255 254 254 251 248 247 250 250 245 237 225 214 207 202 195 192 191 190 184 181 -9999 -9999 -9999 -9999 -9999 -9999 -9999 -9999 -9999 -9999 -9999 -9999 -9999 -9999 -9999 -9999
-9999 -9999 -9999 -9999 -9999 -9999 -9999 -9999 -9999 -9999 -9999 -9999 -9999 -9999 -9999 -9999 -9999 -9999 -9999 -9999 -9999 -9999 -9999 179 199 215 221 244 276 315 332 314 309 296 287 285 277 267 267 268 270 272 271 265 263 260 257 258 259 259 258 251 251 253 252 249 241 228 215 209 206 203 200 193 184 181 -9999 -9999 -9999 -9999 -9999 -9999 -9999 -9999 -9999 -9999 -9999 -9999 -9999 -9999 -9999 -9999 -9999
-9999 -9999 -9999 -9999 -9999 -9999 -9999 -9999 -9999 -9999 -9999 -9999 -9999 -9999 -9999 -9999 -9999 -9999 -9999 -9999 -9999 -9999 -9999 188 208 226 227 248 262 312 332 323 313 302 293 290 283 271 274 270 271 272 271 266 260 255 257 260 263 263 259 255 254 255 256 253 246 237 226 218 212 212 205 185 182 -9999 -9999 -9999 -9999 -9999 -9999 -9999 -9999 -9999 -9999 -9999 -9999 -9999 -9999 -9999 -9999 -9999 -9999
-9999 -9999 -9999 -9999 -9999 -9999 -9999 -9999 -9999 -9999 -9999 -9999 -9999 -9999 -9999 -9999 -9999 -9999 -9999 -9999 -9999 -9999 -9999 188 213 235 232 241 260 311 326 323 315 306 297 291 286 274 273 271 272 275 272 265 257 252 257 259 261 260 258 257 256 257 257 255 251 247 241 227 215 207 193 182 -9999 -9999 -9999 -9999 -9999 -9999 -9999 -9999 -9999 -9999 -9999 -9999 -9999 -9999 -9999 -9999 -9999 -9999 -9999
-9999 -9999 -9999 -9999 -9999 -9999 -9999 -9999 -9999 -9999 -9999 -9999 -9999 -9999 -9999 -9999 -9999 -9999 -9999 -9999 -9999 -9999 -9999 167 211 255 239 245 264 309 320 323 319 308 296 290 287 275 267 269 273 275 272 266 261 257 257 256 256 256 255 254 254 255 256 254 252 249 243 226 209 196 190 -9999 -9999 -9999 -9999 -9999 -9999 -9999 -9999 -9999 -9999 -9999 -9999 -9999 -9999 -9999 -9999 -9999 -9999 -9999 -9999
-9999 -9999 -9999 -9999 -9999 -9999 -9999 -9999 -9999 -9999 -9999 -9999 -9999 -9999 -9999 -9999 -9999 -9999 -9999 -9999 -9999 -9999 -9999 176 218 259 244 247 288 316 323 329 325 313 301 300 293 282 269 271 276 277 275 271 268 265 260 256 253 251 249 248 248 250 252 251 249 245 236 216 198 188 -9999 -9999 -9999 -9999 -9999 -9999 -9999 -9999 -9999 -9999 -9999 -9999 -9999 -9999 -9999 -9999 -9999 -9999 -9999 -9999 -9999
-9999 -9999 -9999 -9999 -9999 137 -9999 -9999 148 159 -9999 -9999 -9999 -9999 -9999 -9999 -9999 -9999 -9999 -9999 -9999 -9999 -9999 213 235 265 253 252 299 320 324 330 328 321 314 314 307 295 286 284 285 283 279 275 270 266 263 259 254 249 237 232 238 245 247 246 242 235 224 206 193 -9999 -9999 -9999 -9999 -9999 -9999 -9999 -9999 -9999 -9999 -9999 -9999 -9999 -9999 -9999 -9999 -9999 -9999 -9999 -9999 -9999 -9999
