Cases/ENM_Ziziphus/clima/bio7.asc
ncols  186
nrows  192
xllcorner  -125
yllcorner  -56
cellsize 0.5
NODATA_value  -9999
[rows 74 to 110 of 192, columns 83 to 165 of 186]
-9999 -9999 -9999 -9999 -9999 -9999 -9999 -9999 -9999 70 79 93 115 130 114 111 113 102 125 126 131 134 134 130 126 124 122 121 120 122 125 130 134 134 130 124 118 115 116 115 116 117 118 119 121 121 115 112 114 116 119 122 124 123 120 117 118 118 119 121 123 126 128 126 121 117 -9999 -9999 -9999 -9999 -9999 -9999 -9999 -9999 -9999 -9999 -9999 -9999 -9999 -9999 -9999 -9999 -9999
-9999 -9999 -9999 -9999 -9999 -9999 -9999 -9999 -9999 64 77 101 119 124 110 113 103 126 127 127 130 133 132 128 124 122 119 118 119 120 124 130 138 136 129 122 117 115 114 114 115 116 117 118 119 118 115 113 115 118 120 123 126 129 130 126 123 121 120 121 122 123 123 121 116 112 107 -9999 -9999 -9999 -9999 -9999 -9999 -9999 -9999 -9999 -9999 -9999 -9999 -9999 -9999 -9999 -9999
-9999 -9999 -9999 -9999 -9999 -9999 -9999 -9999 68 67 81 103 120 105 110 109 113 122 124 125 127 128 127 124 121 118 115 114 115 117 121 127 134 131 124 119 115 113 113 113 114 114 115 115 116 116 114 114 116 118 121 124 128 132 137 133 126 122 121 120 120 119 117 115 111 107 103 100 -9999 -9999 -9999 -9999 -9999 -9999 -9999 -9999 -9999 -9999 -9999 -9999 -9999 -9999 -9999
-9999 -9999 -9999 -9999 -9999 -9999 -9999 82 88 90 94 106 103 107 109 111 114 116 120 121 122 122 122 120 117 114 112 110 110 112 115 118 119 118 116 113 112 111 111 112 112 112 113 113 114 113 112 114 116 118 121 123 127 130 133 131 127 123 120 118 117 114 112 109 105 102 99 98 -9999 -9999 -9999 -9999 -9999 -9999 -9999 -9999 -9999 -9999 -9999 -9999 -9999 -9999 -9999
-9999 -9999 -9999 -9999 -9999 -9999 78 84 96 102 114 106 109 110 108 109 112 114 116 117 118 118 117 116 114 111 108 106 105 107 109 110 109 108 109 110 110 109 110 110 111 111 111 110 111 111 112 113 115 117 119 122 124 127 128 127 125 121 118 116 113 111 108 104 100 98 97 97 -9999 -9999 -9999 -9999 -9999 -9999 -9999 -9999 -9999 -9999 -9999 -9999 -9999 -9999 -9999
-9999 -9999 -9999 -9999 -9999 -9999 89 97 104 119 126 118 112 111 110 108 111 112 112 113 114 114 114 113 110 108 105 102 103 105 107 105 103 103 104 106 107 107 108 109 109 109 109 109 109 110 110 111 113 115 117 119 121 123 124 124 122 120 116 114 111 109 106 103 99 96 96 95 94 -9999 -9999 -9999 -9999 -9999 -9999 -9999 -9999 -9999 -9999 -9999 -9999 -9999 -9999
-9999 -9999 -9999 -9999 -9999 -9999 103 113 112 123 119 125 113 112 111 110 113 114 111 111 111 112 113 110 108 106 103 101 102 104 105 103 101 101 102 104 105 106 107 108 109 109 109 108 108 108 109 110 110 113 114 116 117 119 120 120 119 117 114 111 110 108 107 104 101 98 98 96 93 91 90 -9999 -9999 -9999 -9999 -9999 -9999 -9999 -9999 -9999 -9999 -9999 -9999
-9999 -9999 -9999 -9999 -9999 106 115 115 108 119 108 122 112 112 112 112 114 113 111 110 110 112 114 111 107 104 101 100 101 103 103 102 101 101 102 103 105 105 106 107 108 109 107 107 107 107 107 108 108 110 111 112 114 115 116 117 116 114 112 110 110 109 108 107 106 104 102 99 95 92 94 102 111 114 108 -9999 -9999 -9999 -9999 -9999 -9999 -9999 -9999
-9999 -9999 -9999 -9999 97 107 123 116 108 119 122 112 112 112 112 112 113 112 110 108 108 110 110 109 106 103 101 100 101 102 103 103 103 103 104 104 104 105 105 106 107 108 107 106 106 106 106 106 107 108 108 109 110 111 113 114 114 112 109 109 108 108 110 110 111 111 110 105 101 99 102 109 117 116 108 103 98 95 -9999 -9999 -9999 -9999 -9999
-9999 -9999 -9999 -9999 -9999 107 123 121 117 122 119 111 112 113 113 112 112 110 108 108 107 107 107 106 104 103 102 101 101 102 103 104 105 105 106 106 105 105 105 106 106 106 106 105 105 105 105 105 106 106 107 107 107 108 111 114 113 109 106 105 106 107 110 112 114 118 117 112 108 108 109 113 116 113 107 103 98 94 91 -9999 -9999 -9999 -9999
-9999 -9999 -9999 -9999 95 111 123 122 118 114 124 117 115 114 113 113 112 110 108 108 108 108 107 107 105 104 103 102 102 103 104 105 106 107 108 107 106 105 105 105 105 105 105 104 104 103 104 104 104 105 106 105 104 105 109 114 116 112 107 105 106 108 111 113 116 120 118 115 113 112 113 114 115 113 108 104 100 95 92 97 102 106 -9999
-9999 -9999 -9999 -9999 -9999 129 129 120 110 123 126 116 115 114 114 114 114 113 111 111 111 110 109 108 107 105 104 104 104 104 105 105 107 108 109 107 105 105 105 105 105 104 104 103 103 103 102 103 104 105 107 106 104 104 110 117 120 119 113 111 110 111 111 113 116 118 118 117 116 115 115 116 116 115 112 108 107 106 99 102 108 112 116
-9999 -9999 -9999 -9999 -9999 -9999 125 114 112 121 127 116 114 113 113 116 117 116 114 113 113 112 111 109 108 107 107 106 105 105 106 107 107 108 108 107 104 104 105 105 104 104 103 103 102 102 102 102 104 107 108 108 107 108 113 117 121 121 118 116 115 114 115 115 117 118 118 118 118 118 118 119 119 119 117 116 116 115 112 115 120 122 117
-9999 -9999 -9999 -9999 -9999 145 135 126 114 128 127 116 113 112 113 116 119 117 116 115 114 113 112 111 110 110 110 109 108 108 108 108 108 108 108 107 105 104 104 104 104 104 103 103 102 103 103 105 107 110 111 112 112 113 115 119 121 123 122 120 119 118 118 119 119 119 119 119 120 120 122 124 124 123 122 122 123 122 124 129 135 141 136
-9999 -9999 -9999 -9999 170 158 149 140 130 135 127 114 111 111 111 114 117 117 117 117 114 114 114 113 113 113 113 113 112 111 110 110 109 109 108 108 107 106 105 105 105 105 104 104 104 106 107 110 112 114 116 117 118 119 119 121 124 126 126 125 124 123 122 122 121 120 120 118 119 122 126 130 133 132 128 127 128 130 134 139 147 156 159
-9999 -9999 -9999 -9999 180 178 167 140 134 133 121 114 111 110 110 112 116 119 120 120 119 117 116 116 116 116 116 116 115 114 113 112 111 110 110 109 109 108 108 108 107 107 106 106 107 109 112 115 118 121 123 124 125 126 126 128 130 131 131 130 130 128 127 126 124 123 121 118 119 124 131 138 144 146 142 138 137 139 142 147 153 162 163
-9999 -9999 -9999 -9999 184 184 174 148 137 131 123 122 116 113 111 115 120 122 124 125 123 121 120 119 119 119 119 120 119 118 117 116 114 113 113 113 112 112 112 112 112 111 110 110 110 113 117 121 125 128 131 133 135 135 135 136 137 138 138 137 136 135 133 132 130 127 124 121 120 126 136 147 158 162 160 154 149 147 148 152 156 162 163
-9999 -9999 -9999 -9999 178 178 171 153 141 131 132 132 124 122 117 122 126 127 127 127 125 123 122 122 121 122 122 122 122 122 120 119 118 117 116 116 116 117 117 117 117 117 116 114 115 119 123 128 132 137 140 143 144 145 146 146 146 147 146 145 144 142 140 139 137 134 130 128 127 132 143 154 170 175 175 165 157 152 151 152 156 161 161
-9999 -9999 -9999 -9999 176 172 167 158 151 147 143 144 137 132 135 136 134 133 132 130 128 126 124 124 124 124 125 126 126 126 125 124 123 121 120 120 121 122 123 124 124 124 123 123 123 126 131 136 141 145 149 153 155 156 156 156 156 155 154 153 152 150 149 148 146 142 139 137 137 141 149 162 175 176 174 167 159 154 152 151 151 158 158
-9999 -9999 -9999 -9999 -9999 165 164 163 161 167 162 158 144 138 147 146 141 139 137 134 132 129 128 127 126 126 127 129 130 130 129 128 127 125 125 125 126 127 128 130 131 132 132 131 133 135 139 144 149 154 159 163 165 166 166 166 165 164 163 162 160 158 159 159 154 151 148 146 146 147 151 156 163 167 167 164 159 155 153 150 146 149 157
-9999 -9999 -9999 -9999 -9999 -9999 -9999 164 169 175 179 169 153 140 147 148 144 143 140 138 134 132 130 129 128 128 130 132 134 135 134 133 131 129 129 129 130 132 133 135 138 140 140 140 141 144 148 152 157 162 167 173 175 175 175 175 174 174 172 170 168 167 169 166 162 158 156 155 153 152 152 152 155 161 164 163 160 156 154 152 150 153 161
-9999 -9999 -9999 -9999 -9999 -9999 -9999 152 156 171 183 178 173 148 150 149 145 143 142 140 137 134 133 132 131 131 132 136 139 140 140 138 135 133 132 132 132 134 135 138 143 145 146 147 149 152 156 160 164 169 174 178 182 182 183 183 183 182 181 179 177 175 174 171 168 165 163 162 161 159 157 155 156 160 163 163 160 158 157 156 158 162 169
-9999 -9999 -9999 -9999 -9999 -9999 -9999 -9999 127 152 183 185 183 161 153 152 146 143 141 141 139 137 136 135 134 135 137 141 145 146 145 142 138 136 135 134 134 135 137 140 143 148 151 153 156 159 163 166 170 175 179 183 186 188 189 191 191 191 190 187 184 181 178 175 172 169 168 168 168 165 161 159 160 162 164 164 162 161 159 160 164 172 178
-9999 -9999 -9999 -9999 -9999 -9999 -9999 -9999 -9999 143 168 187 189 185 150 153 145 142 141 141 141 139 139 139 138 138 141 146 151 153 150 145 141 139 138 137 136 136 140 142 145 150 155 159 163 166 169 172 175 179 183 186 189 191 194 197 199 201 198 194 190 186 182 178 174 171 170 169 167 165 163 162 164 165 167 168 167 165 161 163 169 179 177
-9999 -9999 -9999 -9999 -9999 -9999 -9999 -9999 -9999 142 153 189 191 189 164 156 140 148 140 141 142 141 142 142 143 144 147 150 154 157 151 144 142 141 141 140 139 139 141 145 149 155 161 166 169 172 174 177 179 183 186 189 191 194 197 201 206 209 205 200 195 190 185 179 175 172 169 168 167 166 165 165 167 169 172 174 176 174 168 168 172 177 164
-9999 -9999 -9999 -9999 -9999 -9999 -9999 -9999 -9999 -9999 145 178 188 187 188 179 138 146 143 141 143 143 145 145 146 148 150 153 154 153 147 144 143 144 145 144 142 142 143 149 155 161 168 172 175 177 179 181 183 186 188 190 193 195 198 202 206 210 208 204 199 193 187 180 174 170 168 167 167 166 165 168 171 174 179 184 188 188 184 179 175 173 157
-9999 -9999 -9999 -9999 -9999 -9999 -9999 -9999 -9999 -9999 142 160 182 179 180 181 148 144 154 141 144 146 148 149 149 151 154 156 155 152 145 143 146 149 150 148 147 146 147 153 160 168 174 179 181 181 183 184 186 188 189 191 192 194 197 201 206 209 209 207 203 196 188 179 172 167 166 167 169 168 170 174 177 180 184 193 202 207 204 190 179 180 175
-9999 -9999 -9999 -9999 -9999 -9999 -9999 -9999 -9999 -9999 -9999 144 170 174 171 177 165 155 161 145 144 147 150 150 151 153 156 159 159 155 149 148 151 156 159 155 155 153 152 158 165 173 181 185 185 185 185 187 188 190 190 191 191 192 195 200 205 210 212 211 207 199 189 178 168 163 163 166 172 177 184 180 179 180 186 198 213 220 220 196 173 183 181
-9999 -9999 -9999 -9999 -9999 -9999 -9999 -9999 -9999 -9999 -9999 138 157 175 174 177 176 164 157 158 148 148 151 151 150 153 159 166 166 161 156 154 156 160 164 160 160 159 157 162 169 177 184 188 187 186 187 188 189 191 191 191 191 193 199 203 205 210 214 216 212 203 190 177 164 159 161 165 172 179 184 181 177 175 179 194 214 223 220 199 172 179 177
-9999 -9999 -9999 -9999 -9999 -9999 -9999 -9999 -9999 -9999 -9999 137 149 175 178 180 185 189 166 179 159 151 151 146 147 148 155 163 165 162 158 157 159 161 163 162 163 163 162 166 172 178 183 186 186 186 186 187 190 192 192 191 190 194 202 205 207 209 215 221 219 207 192 177 166 160 161 165 170 176 182 182 178 170 168 179 200 213 212 202 192 187 178
-9999 -9999 -9999 -9999 -9999 -9999 -9999 -9999 -9999 -9999 -9999 -9999 141 171 179 181 188 194 184 188 185 169 186 160 140 140 146 153 158 158 158 158 159 161 162 164 166 166 167 169 173 178 181 184 184 184 184 187 191 194 195 194 195 193 202 204 206 208 212 219 218 206 192 179 169 164 163 165 169 173 180 183 176 163 155 162 183 199 200 195 189 185 178
-9999 -9999 -9999 -9999 -9999 -9999 -9999 -9999 -9999 -9999 -9999 -9999 -9999 164 182 183 186 197 204 195 195 195 199 179 138 131 135 143 149 152 154 156 158 160 163 166 169 170 171 171 174 177 180 182 183 182 182 185 191 197 199 194 193 189 193 197 201 204 207 211 209 202 191 181 172 166 163 163 166 170 175 180 170 157 153 158 174 187 188 186 181 181 177
-9999 -9999 -9999 -9999 -9999 -9999 -9999 -9999 -9999 -9999 -9999 -9999 -9999 163 177 191 187 195 209 208 205 210 215 216 194 147 133 135 141 145 149 154 157 160 164 168 171 172 171 171 173 176 179 180 182 183 183 187 191 196 198 191 187 184 185 188 193 198 202 204 203 197 190 181 172 166 161 160 161 163 166 163 159 154 155 161 172 179 178 176 171 174 173
-9999 -9999 -9999 -9999 -9999 -9999 -9999 -9999 -9999 -9999 -9999 -9999 -9999 -9999 168 204 197 200 209 213 215 217 220 230 251 249 211 157 142 140 145 152 156 160 164 168 170 170 171 172 174 177 180 182 183 185 186 187 190 192 191 189 186 182 180 180 185 192 197 201 200 197 189 180 172 165 160 158 157 156 157 153 148 150 157 166 173 178 175 174 170 163 162
-9999 -9999 -9999 -9999 -9999 -9999 -9999 -9999 -9999 -9999 -9999 -9999 -9999 -9999 180 207 216 206 210 216 221 230 238 251 266 269 257 223 164 141 140 155 158 162 166 171 172 172 172 174 176 179 182 185 188 190 189 188 188 188 187 187 187 182 175 170 177 186 194 199 201 198 190 180 171 164 158 154 152 151 150 147 146 149 159 170 177 184 183 176 167 156 159
-9999 -9999 -9999 -9999 -9999 -9999 -9999 -9999 -9999 -9999 -9999 -9999 -9999 -9999 -9999 186 213 219 211 219 227 238 247 261 278 290 258 224 207 145 134 152 160 164 171 176 176 173 174 174 177 180 185 189 193 194 192 189 187 185 184 182 181 174 160 162 174 186 196 204 207 202 191 179 169 162 155 150 147 146 146 146 151 154 164 175 183 185 183 177 162 153 159
-9999 -9999 -9999 -9999 -9999 -9999 -9999 -9999 -9999 -9999 -9999 -9999 -9999 -9999 -9999 -9999 189 208 207 215 220 235 246 256 265 262 237 191 187 165 138 148 158 165 172 178 176 174 173 174 176 180 186 193 198 199 195 191 188 185 185 182 173 166 162 168 179 190 200 210 215 210 193 178 168 160 152 146 143 143 147 152 159 162 173 184 193 192 184 174 158 151 159
