Cases/SDM_Urocitellus_beldingi/westernUsClimate_hadley2080a2/BIO04.asc
NCOLS 315 
NROWS 297 
XLLCORNER -124.741664802 
YLLCORNER 29.2083311801598 
CELLSIZE 0.066666670143822 
NODATA_value -3.4e+38 
[rows 135 to 161 of 297, columns 59 to 117 of 315]
156765.625 162812.5 155796.875 165843.75 172609.375 176609.375 173140.625 164078.125 170921.875 169859.375 175234.375 176968.75 174968.75 174515.625 172781.25 168859.375 166156.25 175484.375 178906.25 180234.375 178453.125 183265.625 184578.125 181046.875 180843.75 182218.75 184000 185015.625 184781.25 184937.5 184484.375 185703.125 186984.375 186640.625 185625 186359.375 186671.875 186984.375 187000 186031.25 183953.125 177031.25 177718.75 183656.25 188109.375 189000 188562.5 186875 177578.125 174875 179781.25 178812.5 176546.875 175093.75 172828.125 167468.75 171843.75 171281.25 168171.875
175796.875 164546.875 160859.375 165312.5 169937.5 170125 172437.5 167640.625 172296.875 174515.625 168000 176203.125 175375 174562.5 172109.375 172500 174062.5 175906.25 178968.75 181750 183468.75 184828.125 184687.5 182093.75 183781.25 184671.875 186187.5 184468.75 184656.25 186640.625 186953.125 186578.125 185812.5 186531.25 186875 186937.5 186812.5 187000 186937.5 184609.375 178890.625 179718.75 187781.25 189000 189062.5 188796.875 187703.125 185859.375 184125 180078.125 178203.125 177843.75 174109.375 168609.375 170265.625 171218.75 168953.125 168718.75 164265.625
164984.375 173343.75 165671.875 162171.875 173718.75 180750 182375 178828.125 180406.25 180234.375 178312.5 178000 173375 174531.25 173968.75 173734.375 177328.125 177984.375 174671.875 176875 183234.375 186640.625 186625 185734.375 182968.75 184281.25 188015.625 187187.5 186937.5 187250 186906.25 186578.125 186171.875 186453.125 186375 186218.75 186500 186750 186328.125 179078.125 177671.875 184656.25 189000 189000 188906.25 187296.875 184828.125 181921.875 179750 178562.5 177531.25 176609.375 171015.625 164578.125 162781.25 169703.125 165250 161203.125 157781.25
151500 160218.75 173765.625 176546.875 179609.375 176390.625 185953.125 186796.875 185453.125 182812.5 180500 179000 170703.125 174828.125 173515.625 174250 176890.625 179265.625 179500 171078.125 172781.25 186484.375 187796.875 188140.625 179890.625 185671.875 189140.625 187468.75 186359.375 186500 186468.75 186312.5 186031.25 185953.125 185984.375 186000 186000 186125 183296.875 181562.5 186843.75 188421.875 188906.25 188671.875 187062.5 181828.125 176781.25 178812.5 173906.25 174015.625 175437.5 175828.125 170781.25 163828.125 168125 168843.75 161578.125 156515.625 153625
148093.75 149609.375 155609.375 166828.125 173687.5 181312.5 186187.5 187234.375 186859.375 176437.5 175562.5 180531.25 176546.875 175359.375 174500 175031.25 177625 177312.5 179468.75 175359.375 171562.5 186125 191625 187750 182765.625 190406.25 189500 188093.75 187828.125 187078.125 186546.875 185906.25 185250 185140.625 185343.75 185718.75 185906.25 185593.75 179671.875 185984.375 187984.375 188156.25 187921.875 186609.375 180234.375 173312.5 173671.875 180437.5 180875 174765.625 171796.875 172921.875 169015.625 164546.875 171390.625 166656.25 159765.625 152828.125 155609.375
152171.875 148000 150359.375 152546.875 156375 177250 185156.25 180531.25 183062.5 176484.375 164140.625 179765.625 179156.25 176781.25 175671.875 177015.625 181375 179218.75 174859.375 172437.5 175734.375 188218.75 193234.375 193250 192187.5 192218.75 189296.875 189484.375 188343.75 187203.125 185984.375 185109.375 184859.375 184937.5 185000 185234.375 185609.375 184328.125 179109.375 185812.5 187812.5 187671.875 183812.5 179968.75 174015.625 175156.25 182109.375 182781.25 181265.625 170796.875 166265.625 168531.25 168734.375 168062.5 171453.125 165531.25 158265.625 155375 157265.625
158281.25 150812.5 152046.875 153906.25 149921.875 158796.875 180625 177265.625 167578.125 168046.875 159250 177875 172078.125 172718.75 179593.75 181562.5 183406.25 181484.375 184437.5 187156.25 188484.375 187640.625 190546.875 193734.375 193265.625 193000 191828.125 190265.625 188562.5 186937.5 185406.25 184265.625 184015.625 184062.5 184718.75 184984.375 184437.5 179968.75 175937.5 185937.5 187140.625 186328.125 177000 168156.25 175421.875 182718.75 183625 182796.875 179859.375 174046.875 170906.25 169703.125 167765.625 169078.125 169953.125 166890.625 157890.625 157312.5 158375
143062.5 143875 145875 151031.25 151750 150078.125 157921.875 166500 169187.5 168656.25 178312.5 171859.375 185156.25 183390.625 184015.625 185812.5 185140.625 185828.125 182125 182390.625 186781.25 179625 182468.75 191750 191718.75 192843.75 192656.25 190921.875 188890.625 186781.25 184687.5 183328.125 183093.75 183781.25 184093.75 184156.25 182953.125 176234.375 181531.25 186312.5 186406.25 184640.625 176968.75 169375 181718.75 183953.125 182968.75 177406.25 172718.75 176281.25 174406.25 169640.625 171218.75 173078.125 172468.75 167921.875 159125 159546.875 160687.5
147765.625 140875 143718.75 147453.125 148843.75 147187.5 146437.5 152187.5 164484.375 179890.625 188218.75 173984.375 158937.5 156062.5 179281.25 187390.625 185843.75 180500 184031.25 178015.625 178421.875 188296.875 189953.125 193843.75 195703.125 194734.375 193468.75 191859.375 189437.5 186953.125 184265.625 182625 182953.125 183656.25 184078.125 184062.5 183359.375 182171.875 184296.875 186281.25 184343.75 181625 180750 181296.875 183328.125 176625 178078.125 170921.875 177687.5 178796.875 176421.875 170906.25 175078.125 175312.5 173578.125 165484.375 158906.25 160328.125 165937.5
152578.125 144625 142468.75 146125 148046.875 147812.5 144890.625 153546.875 165437.5 183046.875 188796.875 177093.75 152437.5 146687.5 174125 186328.125 183687.5 174187.5 175875 181281.25 193531.25 196062.5 195640.625 197390.625 197296.875 196203.125 194265.625 192500 190640.625 187968.75 185359.375 183546.875 183671.875 184031.25 184718.75 184796.875 184406.25 185375 185843.75 186328.125 185500 182656.25 183968.75 185296.875 184515.625 169734.375 171953.125 177078.125 180765.625 181125 179437.5 176218.75 178203.125 176906.25 171796.875 161250 160703.125 168281.25 171640.625
141625 141562.5 144546.875 146703.125 149109.375 152140.625 151234.375 154500 165984.375 177203.125 174671.875 153859.375 144796.875 145140.625 174703.125 185812.5 172781.25 174406.25 190546.875 196156.25 197140.625 198203.125 195593.75 198812.5 198781.25 197796.875 196406.25 194078.125 191859.375 189375 187375 185828.125 185062.5 184984.375 185062.5 185546.875 185671.875 185968.75 186593.75 186812.5 186828.125 185906.25 186671.875 186765.625 185500 175828.125 172671.875 176640.625 183546.875 183375 181515.625 176953.125 180031.25 178062.5 166421.875 157734.375 168406.25 174703.125 174609.375
143312.5 144484.375 144515.625 148875 154453.125 154812.5 157156.25 148187.5 150203.125 155531.25 153328.125 160875 161968.75 155921.875 177890.625 186953.125 176250 190968.75 196328.125 192468.75 186781.25 194093.75 199468.75 199750 194984.375 194765.625 196515.625 194531.25 193234.375 190156.25 189000 187671.875 186593.75 186296.875 185859.375 186015.625 185750 186437.5 186703.125 184281.25 185843.75 186578.125 186921.875 185484.375 186500 182562.5 178312.5 183890.625 185875 183906.25 180109.375 177953.125 181781.25 176734.375 163265.625 162671.875 176875 177890.625 176296.875
147640.625 148765.625 146796.875 147765.625 149140.625 150125 156250 144328.125 147937.5 153046.875 160375 162875 163250 152000 159734.375 190531.25 193046.875 188875 189015.625 172515.625 175218.75 182953.125 199500 201828.125 200031.25 200359.375 199046.875 194109.375 192703.125 190218.75 190125 188906.25 188046.875 187140.625 185953.125 186000 185343.75 186734.375 186765.625 184015.625 184421.875 186000 186421.875 184781.25 185843.75 184312.5 184687.5 187390.625 186218.75 172937.5 169453.125 181515.625 182390.625 171218.75 157812.5 173921.875 180656.25 180156.25 175812.5
142906.25 143218.75 146796.875 147062.5 150453.125 153359.375 154890.625 149937.5 144500 152437.5 159250 159375 158750 151828.125 169203.125 189859.375 190781.25 175234.375 174984.375 169468.75 176343.75 189562.5 198515.625 202796.875 203250 203125 200500 198234.375 195781.25 192453.125 191296.875 189890.625 188937.5 187968.75 186859.375 186296.875 183343.75 186453.125 186453.125 185828.125 186687.5 187203.125 187125 187296.875 188078.125 187062.5 188171.875 188078.125 178218.75 173046.875 180406.25 186718.75 178562.5 164906.25 173406.25 184546.875 183703.125 181531.25 174031.25
145750 152515.625 149109.375 147593.75 151109.375 154687.5 150000 152015.625 146703.125 146640.625 157187.5 159000 158406.25 147593.75 174203.125 194406.25 192234.375 184640.625 171453.125 165531.25 180453.125 188437.5 198343.75 201265.625 202609.375 202609.375 200359.375 196515.625 195828.125 194140.625 191953.125 190140.625 189625 188875 187953.125 186609.375 185703.125 185890.625 186484.375 186828.125 186640.625 188109.375 188578.125 188828.125 189765.625 187953.125 189109.375 188843.75 173531.25 183062.5 191281.25 187578.125 173265.625 169828.125 187593.75 187312.5 185406.25 181687.5 173671.875
147296.875 148890.625 148640.625 147109.375 149265.625 152421.875 153937.5 147921.875 143859.375 141375 149312.5 160218.75 160718.75 150812.5 178171.875 194000 194750 190921.875 182359.375 171734.375 175343.75 201609.375 203046.875 196546.875 201328.125 200968.75 198453.125 194984.375 189203.125 194234.375 192750 191250 190203.125 189281.25 188468.75 187078.125 187671.875 187828.125 187921.875 188062.5 187875 188609.375 189031.25 189578.125 190171.875 183703.125 189500 191187.5 183250 188015.625 190890.625 179656.25 163796.875 179718.75 190187.5 189125 187250 179890.625 170546.875
143812.5 142828.125 142890.625 146953.125 148234.375 149109.375 152468.75 149015.625 140171.875 137734.375 141843.75 157609.375 159656.25 142968.75 173500 190781.25 192265.625 188000 179796.875 162171.875 179781.25 203015.625 202687.5 195171.875 201015.625 200296.875 198468.75 194812.5 184125 186921.875 192765.625 191375 189546.875 188703.125 188828.125 188140.625 188234.375 188031.25 188171.875 188531.25 188843.75 188875 189640.625 190093.75 189937.5 185250 190781.25 192609.375 183046.875 186156.25 183093.75 167015.625 163828.125 185328.125 191609.375 190500 187703.125 180203.125 170921.875
152546.875 146734.375 144578.125 145140.625 146953.125 148937.5 151671.875 150937.5 145062.5 137421.875 141890.625 150984.375 146234.375 138687.5 149453.125 183953.125 183750 176937.5 166359.375 155703.125 178875 201859.375 201921.875 199000 200187.5 199437.5 197531.25 192875 189703.125 184203.125 192312.5 191406.25 189140.625 187484.375 187546.875 187765.625 188031.25 188000 188203.125 188578.125 188937.5 189062.5 189734.375 189718.75 184015.625 188765.625 191828.125 192546.875 186765.625 181453.125 177656.25 160968.75 163515.625 173265.625 192859.375 191734.375 186453.125 170343.75 162515.625
157015.625 152921.875 149718.75 147484.375 147140.625 148843.75 150718.75 151312.5 150968.75 148359.375 145062.5 140625 141781.25 146546.875 152968.75 171890.625 173500 168750 170890.625 170078.125 178796.875 199250 200015.625 197640.625 196328.125 197406.25 196234.375 194078.125 188953.125 174281.25 189609.375 191265.625 189687.5 188062.5 187296.875 187250 186781.25 187531.25 187328.125 188312.5 188890.625 188953.125 189265.625 189515.625 186812.5 188656.25 192015.625 191796.875 180375 179218.75 173937.5 168312.5 159718.75 167156.25 192765.625 191671.875 184015.625 162140.625 153140.625
158515.625 154609.375 151828.125 146203.125 144734.375 145828.125 147171.875 148468.75 150265.625 149171.875 141500 138156.25 139765.625 144171.875 153890.625 166593.75 157000 156765.625 169375 193718.75 194296.875 183218.75 196484.375 189812.5 179031.25 189000 193359.375 194703.125 190640.625 181625 190796.875 190812.5 189625 185968.75 184968.75 185468.75 185890.625 185234.375 185328.125 186593.75 187937.5 188828.125 189187.5 189875 190406.25 190593.75 191765.625 190421.875 179843.75 181343.75 173062.5 176328.125 175437.5 181031.25 191796.875 189984.375 181187.5 167437.5 164421.875
159421.875 160062.5 157437.5 149265.625 143937.5 144171.875 145250 144953.125 142312.5 142484.375 138546.875 137156.25 138140.625 142078.125 149875 155265.625 161703.125 155328.125 170796.875 191125 189000 174734.375 181546.875 185421.875 171640.625 168718.75 189453.125 193265.625 189296.875 178359.375 185953.125 190468.75 189359.375 187562.5 185031.25 184218.75 184218.75 185125 183640.625 182968.75 186953.125 188093.75 189031.25 189453.125 189812.5 190531.25 191546.875 191000 188125 187234.375 182015.625 181046.875 184109.375 182421.875 191218.75 187031.25 175062.5 165156.25 168171.875
160234.375 158593.75 152812.5 147406.25 143656.25 143609.375 145203.125 145640.625 144437.5 140968.75 139109.375 146109.375 144500 144046.875 142125 145562.5 150968.75 160468.75 162812.5 182390.625 179796.875 164687.5 166453.125 177359.375 173000 167734.375 185406.25 190687.5 187828.125 170562.5 163031.25 187281.25 188750 188171.875 188218.75 187765.625 187359.375 187484.375 187640.625 187687.5 185890.625 183296.875 187531.25 188328.125 185593.75 188359.375 190515.625 191109.375 190921.875 189281.25 186640.625 187375 188359.375 188453.125 189765.625 183171.875 172609.375 175984.375 176843.75
159656.25 158109.375 153875 148640.625 144171.875 143234.375 144500 146140.625 147609.375 147718.75 145718.75 145531.25 141859.375 142953.125 141421.875 141109.375 146843.75 151843.75 151750 171609.375 174609.375 157125 149593.75 170359.375 172750 168046.875 175843.75 186515.625 186468.75 165781.25 166671.875 184062.5 188593.75 188453.125 188140.625 187062.5 187593.75 187421.875 187703.125 187703.125 187234.375 183890.625 184031.25 187703.125 184968.75 185656.25 188875 190031.25 191265.625 191203.125 190375 190265.625 190359.375 189812.5 185578.125 177859.375 176859.375 179593.75 179046.875
160500 159218.75 156875 152109.375 150421.875 146250 144828.125 146000 146593.75 144234.375 142906.25 146062.5 147875 145234.375 144593.75 147171.875 144281.25 141671.875 143359.375 154750 164281.25 149562.5 138937.5 160296.875 180812.5 184875 185468.75 186312.5 183203.125 175937.5 165359.375 176703.125 185921.875 188546.875 187109.375 185125 186171.875 182968.75 183187.5 187062.5 187218.75 188031.25 185921.875 185234.375 188500 188921.875 188859.375 189781.25 189859.375 190953.125 190750 190437.5 189640.625 187781.25 182718.75 179125 181234.375 181000 174421.875
160453.125 160984.375 160218.75 158390.625 155875 150890.625 144296.875 145234.375 146000 146515.625 145500 146453.125 148609.375 150734.375 150781.25 147046.875 140250 135015.625 141125 155281.25 162781.25 154156.25 150218.75 158234.375 172703.125 170265.625 174296.875 183171.875 185000 181859.375 177484.375 170062.5 173500 185859.375 185921.875 181906.25 185328.125 187593.75 187593.75 187765.625 187437.5 185546.875 179781.25 177109.375 188390.625 189953.125 188187.5 188828.125 189578.125 189765.625 190234.375 189359.375 187125 183953.125 183078.125 182968.75 182562.5 180484.375 173296.875
160515.625 164359.375 165718.75 158656.25 156421.875 152343.75 146046.875 145437.5 146968.75 147593.75 147125 150375 153593.75 147906.25 147406.25 148265.625 144390.625 135656.25 146671.875 151421.875 157000 153859.375 166281.25 173187.5 168906.25 160125 165812.5 169265.625 175515.625 171671.875 174781.25 166593.75 173765.625 186812.5 185015.625 181265.625 179687.5 181578.125 178859.375 186343.75 189218.75 188984.375 182671.875 184953.125 188859.375 189890.625 187750 188187.5 188640.625 189171.875 189593.75 188875 185640.625 175875 178953.125 182218.75 181765.625 179828.125 176015.625
159546.875 164187.5 163781.25 161484.375 161015.625 156515.625 147859.375 147343.75 147328.125 148421.875 149578.125 154109.375 149828.125 142390.625 139078.125 139484.375 139375 137609.375 143421.875 140203.125 141828.125 151265.625 168796.875 176875 169046.875 156343.75 155578.125 162046.875 163578.125 171593.75 175625 170328.125 176843.75 181656.25 178515.625 183140.625 188468.75 189109.375 185156.25 189765.625 190140.625 190656.25 189968.75 187750 188031.25 188843.75 187734.375 187312.5 188765.625 189312.5 188937.5 188171.875 185296.875 178640.625 178171.875 179437.5 180140.625 176546.875 172171.875
