Cases/SDM_Urocitellus_beldingi/westernUsClimate_hadley2080a2/BIO05.asc
NCOLS 315 
NROWS 297 
XLLCORNER -124.741664802 
YLLCORNER 29.2083311801598 
CELLSIZE 0.066666670143822 
NODATA_value -3.4e+38 
[rows 189 to 215 of 297, columns 177 to 235 of 315]
3859.84375 3710.46875 3805.78125 3964.6875 4197.65625 4080.78125 4040.3125 4064.53125 3528.59375 3115 2999.0625 2880.9375 2875.625 3108.75 3492.65625 3823.75 3746.25 3672.5 3659.53125 3618.90625 3601.09375 3676.5625 3803.125 3810.78125 3811.5625 3718.75 3691.25 3733.125 3712.5 3791.71875 3815.625 3729.0625 3630 3632.03125 3696.71875 3712.1875 3717.1875 3609.6875 3614.0625 3561.875 3476.09375 3420 3519.375 3542.03125 3478.28125 3432.96875 3509.6875 3803.90625 3843.59375 3893.125 3913.75 3830.15625 3722.34375 3640.3125 3577.8125 3537.03125 3262.96875 3064.6875 3160.78125
4071.875 4013.4375 4115.46875 4183.125 4059.53125 3700.625 3935.3125 3812.1875 3458.75 3487.5 3179.6875 2958.59375 2896.71875 2882.1875 3228.28125 3772.34375 3777.96875 3625.78125 3655.3125 3656.875 3705.78125 3733.125 3814.0625 3838.59375 3857.65625 3758.90625 3773.59375 3776.875 3789.84375 3816.25 3841.40625 3756.5625 3688.90625 3722.5 3760.15625 3699.84375 3618.75 3562.96875 3612.65625 3573.28125 3515.46875 3534.6875 3564.0625 3455.15625 3417.1875 3443.28125 3433.125 3762.1875 3823.28125 3891.71875 3897.03125 3801.25 3675 3574.53125 3489.0625 3447.34375 3343.59375 3150.9375 2987.96875
4153.28125 4020.9375 3943.90625 4107.96875 3744.375 3625.15625 4008.4375 3957.1875 4062.8125 4120.9375 3338.125 3370.625 3025.9375 3013.90625 3210 3858.59375 4050 3632.34375 3690.78125 3766.25 3824.6875 3770 3848.75 3856.09375 3864.6875 3844.21875 3861.09375 3840.3125 3832.8125 3878.28125 3826.40625 3763.4375 3750.625 3796.875 3734.53125 3687.03125 3595.3125 3637.8125 3633.75 3604.53125 3622.5 3595.9375 3476.40625 3475 3447.1875 3526.71875 3462.03125 3756.71875 3800.46875 3836.09375 3874.84375 3754.84375 3610.9375 3527.65625 3428.90625 3378.90625 3338.4375 3323.59375 3205.46875
3976.5625 3696.40625 3729.0625 3914.53125 4069.84375 3691.71875 3552.1875 3909.6875 3592.96875 4271.25 4079.375 3886.25 3247.65625 3336.71875 3045.625 3492.8125 4156.09375 3768.90625 3810.46875 3900.625 3869.375 3878.28125 3910.9375 3940.625 3884.6875 3901.71875 3911.40625 3930.78125 3934.0625 3921.875 3895.15625 3885.15625 3826.25 3806.875 3746.5625 3685.625 3653.28125 3677.03125 3669.84375 3684.6875 3630 3550.9375 3561.09375 3583.125 3581.71875 3615.46875 3529.53125 3733.125 3781.875 3833.59375 3870.625 3761.25 3616.25 3528.59375 3408.59375 3372.96875 3356.09375 3377.96875 3172.1875
3710 3625.9375 3657.1875 3712.65625 3893.4375 3861.875 3614.21875 3547.8125 3485.78125 3753.4375 4126.5625 3693.59375 3325.3125 3229.84375 3292.65625 3900.15625 4312.65625 3660.78125 3847.03125 3917.1875 3943.59375 3952.65625 3979.6875 4061.71875 4035.9375 3999.0625 3982.8125 3920.46875 3906.5625 3899.53125 3865.9375 3822.34375 3799.84375 3764.0625 3705.3125 3700.625 3712.34375 3722.8125 3704.0625 3633.75 3649.84375 3652.1875 3640.625 3563.90625 3614.84375 3665.9375 3725.9375 3767.65625 3800.9375 3824.21875 3851.09375 3754.375 3612.34375 3518.75 3410.625 3386.09375 3391.40625 3333.28125 3292.03125
3589.21875 3616.5625 3635.3125 3668.4375 3679.375 3716.25 3674.0625 3624.375 3522.65625 3485.9375 3475.46875 3335.78125 3269.84375 3265.9375 3715.3125 4037.1875 3594.53125 3453.4375 3752.34375 3858.28125 3889.53125 3966.40625 4049.375 4102.96875 4053.90625 3936.71875 3874.6875 3803.75 3818.125 3880.46875 3843.75 3794.53125 3730.15625 3726.09375 3735.15625 3737.96875 3747.34375 3755.3125 3688.28125 3666.25 3679.375 3649.0625 3660.9375 3656.875 3578.28125 3593.59375 3680.9375 3736.25 3772.65625 3794.53125 3812.1875 3735.78125 3601.25 3515.78125 3430.3125 3344.0625 3342.5 3359.0625 3385.625
3594.53125 3605.9375 3635.46875 3647.34375 3659.21875 3680.625 3682.8125 3662.65625 3590.9375 3525.625 3462.03125 3373.90625 3319.375 3241.875 3236.40625 3295.625 3350.78125 3422.8125 3685.78125 3824.0625 3886.5625 4004.21875 4092.5 4113.59375 4100.625 3960.625 3845.3125 3779.21875 3739.84375 3728.90625 3769.0625 3745.78125 3792.5 3787.5 3734.0625 3747.1875 3768.75 3728.90625 3729.0625 3712.96875 3673.90625 3694.375 3686.25 3637.8125 3528.59375 3463.125 3631.5625 3719.0625 3756.40625 3778.28125 3785.3125 3743.28125 3599.6875 3420.9375 3325.9375 3298.125 3262.96875 3278.28125 3385.15625
3582.8125 3606.875 3645 3651.25 3654.0625 3670.15625 3698.75 3674.21875 3643.4375 3581.09375 3496.875 3393.4375 3355.9375 3286.875 3213.90625 3230 3354.0625 3382.5 3370.78125 3479.375 3757.96875 4069.53125 4124.84375 4166.875 4117.8125 4059.21875 3871.25 3810.78125 3755.3125 3760.15625 3725 3779.53125 3826.5625 3725.3125 3723.28125 3795.78125 3723.90625 3730.3125 3751.09375 3730.625 3728.28125 3674.84375 3585 3555.15625 3507.65625 3415.15625 3535 3690 3728.90625 3722.34375 3751.40625 3712.8125 3602.5 3432.5 3298.90625 3243.28125 3242.1875 3301.71875 3403.4375
3583.59375 3627.03125 3658.125 3666.875 3665.46875 3687.5 3693.59375 3684.84375 3651.09375 3601.875 3561.875 3472.8125 3431.875 3396.09375 3330 3317.96875 3306.09375 3320.9375 3398.28125 3486.875 3705.625 4035 4097.03125 4171.09375 4126.40625 4100.46875 3969.84375 3862.03125 3846.09375 3804.375 3845.46875 3856.875 3773.125 3796.5625 3840.3125 3787.8125 3716.40625 3802.34375 3802.96875 3776.71875 3686.09375 3630.9375 3566.09375 3542.96875 3488.59375 3500.15625 3529.84375 3653.59375 3692.03125 3678.75 3622.1875 3639.375 3487.96875 3400.78125 3298.90625 3238.4375 3265.78125 3324.6875 3420.3125
3576.09375 3609.84375 3667.5 3689.375 3672.8125 3685.9375 3693.125 3698.90625 3633.75 3585.78125 3588.4375 3536.09375 3500.9375 3479.53125 3425.15625 3384.53125 3373.90625 3405.625 3449.0625 3578.75 3890.9375 3988.125 4068.28125 4135.625 4160 4106.09375 4081.71875 3965.15625 3859.6875 3862.5 3889.6875 3820.625 3780 3843.75 3870.15625 3806.71875 3822.1875 3852.34375 3789.84375 3698.90625 3627.1875 3625.78125 3632.8125 3569.84375 3568.75 3588.59375 3594.53125 3565.9375 3609.53125 3615.46875 3549.6875 3549.6875 3515.78125 3448.28125 3351.71875 3261.5625 3242.8125 3368.59375 3439.21875
3555.46875 3545.15625 3545.3125 3644.375 3674.84375 3685.9375 3698.75 3693.59375 3659.21875 3616.40625 3601.25 3572.65625 3532.96875 3472.8125 3432.34375 3418.4375 3405.3125 3449.84375 3545.78125 3723.4375 3856.71875 3923.125 3945 4048.59375 4156.71875 4118.75 4084.84375 4035 3933.4375 3896.40625 3896.40625 3829.21875 3848.90625 3885.3125 3852.8125 3867.8125 3885.46875 3843.125 3764.53125 3731.25 3715 3670.625 3575.3125 3582.96875 3599.53125 3634.21875 3603.90625 3596.09375 3580.9375 3634.375 3595.78125 3554.0625 3504.375 3433.75 3350.9375 3288.59375 3264.375 3418.90625 3451.5625
3516.875 3542.8125 3494.6875 3515.46875 3582.8125 3671.40625 3691.71875 3663.28125 3653.28125 3618.90625 3594.0625 3560.625 3534.84375 3496.09375 3414.6875 3403.59375 3422.03125 3464.21875 3611.71875 3688.75 3780.46875 3860.3125 3917.8125 3991.25 4145.625 4102.5 4018.90625 4012.5 3957.8125 3967.34375 3937.96875 3898.59375 3914.0625 3883.28125 3882.8125 3900 3847.5 3828.75 3816.875 3791.09375 3761.875 3699.6875 3637.8125 3674.84375 3669.84375 3685.625 3633.90625 3629.21875 3665.3125 3628.75 3557.65625 3488.4375 3443.75 3402.03125 3353.4375 3302.8125 3329.375 3489.21875 3474.6875
3570.9375 3532.8125 3441.25 3518.90625 3572.5 3629.53125 3672.5 3631.40625 3610.15625 3585 3565.15625 3533.4375 3506.875 3467.8125 3387.5 3368.90625 3391.40625 3475.9375 3532.34375 3521.875 3652.96875 3803.90625 3872.96875 4001.875 4126.875 4124.0625 4026.71875 4004.53125 4011.71875 4002.5 3955.15625 3939.84375 3938.125 3901.71875 3915.78125 3852.1875 3856.71875 3834.21875 3760.3125 3703.4375 3725.46875 3713.4375 3706.40625 3711.5625 3736.5625 3736.25 3712.03125 3690 3626.875 3570.9375 3522.65625 3504.6875 3427.65625 3377.03125 3332.65625 3319.6875 3306.25 3458.75 3510.3125
3602.96875 3600.46875 3468.4375 3552.5 3578.90625 3628.28125 3632.8125 3599.84375 3572.5 3550.625 3551.40625 3486.40625 3442.1875 3358.28125 3286.09375 3260.15625 3226.09375 3209.21875 3291.09375 3322.1875 3518.125 3693.59375 3799.53125 3935.46875 4034.53125 4092.34375 4056.5625 4049.84375 4003.75 3974.21875 3981.25 3969.6875 3955.46875 3949.21875 3893.90625 3891.875 3865.9375 3808.75 3731.40625 3612.34375 3617.8125 3621.71875 3692.8125 3713.28125 3751.875 3755.9375 3750.3125 3663.75 3620.625 3575.46875 3552.03125 3569.6875 3475.15625 3388.59375 3351.5625 3373.4375 3388.75 3494.53125 3527.65625
3593.125 3651.71875 3518.125 3497.5 3587.1875 3620.46875 3635.9375 3630.46875 3574.375 3503.75 3495.625 3448.75 3355.15625 3273.90625 3226.25 3075.3125 2978.4375 3050.9375 3059.0625 3226.5625 3417.65625 3490.78125 3679.375 3820.625 3890.15625 4026.71875 4044.6875 4032.34375 4027.34375 3952.8125 3948.90625 3972.34375 3956.5625 3945 3925.78125 3911.875 3801.5625 3775.625 3667.96875 3667.03125 3656.71875 3622.96875 3712.03125 3739.84375 3718.4375 3784.0625 3765.625 3717.96875 3662.65625 3607.96875 3600.78125 3613.125 3534.0625 3458.59375 3405 3417.03125 3427.03125 3498.125 3501.71875
3659.6875 3726.40625 3600.78125 3483.75 3594.84375 3673.28125 3692.96875 3572.5 3548.59375 3447.34375 3437.96875 3360.15625 3296.25 3175.78125 3116.09375 3089.375 2967.1875 2935.15625 2795.78125 2801.40625 3167.96875 3251.40625 3413.75 3659.84375 3811.40625 3920.3125 3981.09375 4007.03125 4026.71875 4012.65625 3960.46875 3968.28125 3946.25 3933.125 3910.9375 3903.28125 3851.40625 3814.53125 3771.71875 3725.46875 3684.0625 3709.84375 3772.34375 3804.21875 3753.4375 3778.125 3793.125 3742.8125 3691.875 3658.59375 3680.78125 3670.78125 3592.5 3528.90625 3475.9375 3519.84375 3520.3125 3480.625 3597.8125
3778.125 3769.375 3661.09375 3615 3683.90625 3739.375 3731.40625 3577.03125 3520.15625 3406.875 3336.875 3315.9375 3270.15625 3194.21875 3087.34375 3110.625 3068.4375 2990 2808.90625 2724.375 3193.125 3370.78125 3372.1875 3589.0625 3713.75 3755.46875 3854.0625 3927.8125 3986.25 4010.46875 4004.21875 3998.59375 3996.25 3964.53125 3885.15625 3865.9375 3869.84375 3822.96875 3767.96875 3691.09375 3737.1875 3831.40625 3838.125 3828.4375 3820.9375 3805.625 3801.875 3768.90625 3744.6875 3734.84375 3682.8125 3615.9375 3636.5625 3618.28125 3583.59375 3631.40625 3638.4375 3625.15625 3548.28125
3768.28125 3756.25 3613.75 3653.28125 3769.53125 3790.46875 3763.125 3717.8125 3568.75 3365.9375 3239.375 3206.40625 3219.53125 3242.8125 3235.78125 3170.46875 3168.4375 3083.125 3088.4375 3095.9375 3212.65625 3401.40625 3488.4375 3557.34375 3655 3742.96875 3829.21875 3859.375 3928.125 3983.28125 4001.5625 3995.9375 3994.84375 3981.71875 3955.78125 3895.625 3850.625 3816.71875 3765.9375 3744.0625 3810 3903.125 3861.875 3802.8125 3825.78125 3836.71875 3832.03125 3818.59375 3784.6875 3725.46875 3663.125 3650.78125 3698.125 3680.625 3692.03125 3662.34375 3618.90625 3576.40625 3521.25
3780.78125 3789.0625 3819.6875 3797.5 3787.5 3785.15625 3773.59375 3748.90625 3620.625 3370.3125 3242.96875 3164.375 3213.75 3286.25 3303.59375 3241.40625 3183.75 3130.46875 3194.6875 3277.5 3305.625 3375 3463.28125 3539.0625 3618.28125 3698.75 3764.6875 3812.5 3866.5625 3930.625 3973.4375 3970.3125 3983.28125 3985.15625 3978.4375 3961.25 3916.25 3838.75 3833.28125 3855 3910.9375 3911.09375 3874.0625 3872.5 3875.9375 3821.5625 3808.125 3796.40625 3782.34375 3755.3125 3733.125 3730.9375 3736.09375 3707.1875 3685.15625 3640.9375 3607.8125 3517.03125 3480
3658.90625 3630.15625 3823.90625 3868.75 3738.28125 3653.28125 3704.0625 3768.28125 3709.6875 3473.28125 3358.4375 3261.09375 3223.125 3319.0625 3394.21875 3269.6875 3169.84375 3145.9375 3279.21875 3277.5 3287.03125 3263.90625 3360.78125 3475.9375 3559.375 3637.96875 3695.46875 3762.03125 3798.59375 3869.84375 3919.6875 3923.75 3941.40625 3964.6875 3969.84375 3929.375 3893.75 3890.15625 3916.09375 3926.875 3887.65625 3888.90625 3913.75 3891.40625 3846.40625 3829.0625 3841.25 3817.5 3801.875 3792.5 3792.1875 3779.84375 3744.84375 3698.4375 3643.90625 3566.40625 3514.0625 3518.28125 3499.21875
3512.03125 3628.4375 3773.125 3865.46875 3879.84375 3674.84375 3612.8125 3750.3125 3840 3781.40625 3636.875 3450.3125 3371.875 3437.8125 3586.71875 3283.28125 3270.9375 3256.71875 3367.65625 3220.78125 3230.78125 3271.40625 3277.65625 3346.71875 3482.03125 3563.28125 3644.0625 3720.9375 3756.5625 3799.6875 3864.0625 3899.53125 3921.71875 3943.28125 3948.90625 3925 3931.25 3941.25 3934.375 3882.03125 3853.75 3898.59375 3917.65625 3864.21875 3837.96875 3856.875 3858.4375 3829.6875 3845 3828.125 3777.8125 3712.96875 3660.46875 3665.78125 3636.875 3563.90625 3552.1875 3523.4375 3556.71875
3378.75 3593.28125 3729.84375 3819.84375 3884.375 3891.875 3794.0625 3796.71875 3899.84375 3953.75 3900.3125 3831.71875 3681.71875 3813.125 3697.96875 3489.21875 3427.5 3497.96875 3389.53125 3299.53125 3199.375 3142.96875 3240 3245.78125 3314.375 3492.03125 3580 3672.96875 3708.4375 3754.6875 3810.15625 3845.15625 3865.625 3895.9375 3928.75 3937.65625 3932.34375 3945.9375 3947.5 3935.15625 3928.28125 3938.4375 3914.84375 3907.8125 3915.78125 3907.34375 3884.53125 3871.09375 3854.375 3815.3125 3737.8125 3629.6875 3540 3549.21875 3529.53125 3565.9375 3547.8125 3543.4375 3589.53125
3559.6875 3653.75 3714.0625 3797.65625 3863.59375 3906.40625 3924.53125 3893.75 3926.5625 3990.15625 4033.90625 4023.59375 3983.125 3910.46875 3935.78125 3908.28125 3896.71875 3756.71875 3600.78125 3402.1875 3275 3161.5625 3200.78125 3213.90625 3279.0625 3425.9375 3545.625 3625.3125 3663.75 3654.84375 3750.46875 3784.6875 3812.65625 3838.4375 3849.21875 3882.03125 3915.15625 3923.28125 3930.46875 3939.21875 3932.96875 3940.15625 3935.78125 3927.34375 3899.6875 3863.28125 3854.375 3847.03125 3804.84375 3748.125 3701.09375 3640.15625 3557.96875 3558.4375 3593.59375 3605.3125 3560.625 3568.75 3624.53125
3457.1875 3621.40625 3723.4375 3783.125 3853.75 3775.46875 3845.46875 3910.15625 3861.09375 3864.53125 3914.6875 3954.375 4004.0625 4143.75 4063.4375 4092.8125 4068.90625 4023.4375 3637.8125 3488.4375 3357.8125 3201.25 3142.5 3150.3125 3261.09375 3336.71875 3466.5625 3564.53125 3612.03125 3641.25 3628.4375 3716.09375 3754.21875 3788.75 3789.6875 3810.3125 3833.125 3830.15625 3852.96875 3862.03125 3873.125 3878.75 3894.84375 3900.9375 3872.5 3846.09375 3810.625 3798.4375 3786.5625 3764.53125 3736.40625 3653.28125 3598.59375 3638.59375 3656.25 3609.0625 3600.78125 3624.84375 3615
3570.46875 3539.0625 3645 3773.90625 3821.71875 3761.5625 3792.1875 3851.40625 3834.0625 3787.65625 3734.53125 3565.46875 3935.78125 4212.5 4173.125 4193.75 4010.9375 4046.40625 3880.9375 3677.34375 3465.46875 3266.5625 3160.46875 3128.28125 3263.75 3343.28125 3375.625 3474.84375 3546.09375 3581.40625 3580.9375 3645.46875 3687.65625 3715.3125 3729.84375 3734.375 3739.21875 3730 3766.40625 3781.09375 3807.5 3819.53125 3856.71875 3890.46875 3864.21875 3860.625 3841.5625 3820.625 3787.5 3767.1875 3738.90625 3672.96875 3647.96875 3689.375 3649.53125 3671.25 3644.53125 3578.125 3552.1875
3721.25 3612.03125 3637.65625 3698.125 3744.53125 3703.75 3733.125 3771.09375 3799.21875 3802.03125 3714.84375 3350.9375 3507.34375 4130 4258.90625 4252.65625 4171.25 4143.75 3968.75 3735.46875 3516.09375 3399.53125 3281.5625 3258.125 3290.3125 3311.5625 3367.8125 3418.28125 3467.8125 3498.75 3517.34375 3552.03125 3597.8125 3619.84375 3650.9375 3675.3125 3661.875 3656.40625 3682.65625 3703.125 3747.1875 3783.59375 3810.15625 3858.125 3857.03125 3861.5625 3847.5 3797.65625 3771.875 3780.9375 3724.0625 3697.5 3701.40625 3720.15625 3707.65625 3687.65625 3637.1875 3548.90625 3472.65625
3962.1875 3779.0625 3705.3125 3677.96875 3680.78125 3517.03125 3630.9375 3699.53125 3737.03125 3787.03125 3760.78125 3499.6875 3491.5625 3900.9375 4209.21875 4269.6875 4243.59375 4202.8125 4054.6875 3730.78125 3526.09375 3452.03125 3309.84375 3319.375 3295.3125 3328.4375 3345.3125 3357.96875 3395.78125 3416.09375 3427.03125 3477.34375 3515.9375 3546.5625 3577.8125 3624.375 3642.03125 3647.5 3659.84375 3655.625 3689.0625 3722.34375 3768.125 3803.28125 3790.78125 3808.125 3814.21875 3803.75 3786.71875 3783.90625 3749.53125 3740.15625 3738.125 3718.90625 3694.21875 3648.75 3611.5625 3566.71875 3519.53125
