Cases/SDM_Urocitellus_beldingi/westernUsClimate_hadley2080a2/BIO06.asc
NCOLS 315 
NROWS 297 
XLLCORNER -124.741664802 
YLLCORNER 29.2083311801598 
CELLSIZE 0.066666670143822 
NODATA_value -3.4e+38 
[rows 78 to 103 of 297, columns 0 to 59 of 315]
-3.4e+38 -3.4e+38 -3.4e+38 -3.4e+38 -3.4e+38 -3.4e+38 -3.4e+38 -3.4e+38 518.387096774194 502.1875 465.3125 445 423.4375 357.5 354.53125 307.8125 308.125 274.84375 251.40625 239.6875 214.53125 227.1875 230.9375 208.90625 198.28125 206.40625 194.375 163.90625 66.25 -77.96875 -89.21875 -104.0625 -28.90625 42.65625 -1.40625 -121.5625 -217.34375 -236.25 -388.59375 -532.96875 -570.3125 -614.6875 -596.09375 -562.96875 -570.15625 -602.96875 -561.5625 -527.8125 -500.3125 -484.21875 -525.46875 -632.65625 -738.59375 -700.3125 -615.3125 -537.5 -552.34375 -588.90625 -561.09375 -551.40625
-3.4e+38 -3.4e+38 -3.4e+38 -3.4e+38 -3.4e+38 -3.4e+38 -3.4e+38 -3.4e+38 543.469387755102 521.40625 486.71875 435.15625 360.625 308.90625 311.5625 306.71875 301.25 287.96875 280.625 265.625 267.96875 277.1875 267.5 215.3125 165.46875 168.4375 157.8125 84.84375 108.90625 50 -2.1875 -87.5 -216.875 -86.40625 9.375 -106.09375 -185.3125 -337.34375 -441.5625 -541.40625 -595.9375 -642.96875 -607.65625 -571.5625 -565.15625 -573.4375 -572.34375 -550.15625 -516.875 -504.0625 -555.78125 -669.375 -749.6875 -742.96875 -641.71875 -584.0625 -546.40625 -549.84375 -556.71875 -550.15625
-3.4e+38 -3.4e+38 -3.4e+38 -3.4e+38 -3.4e+38 -3.4e+38 -3.4e+38 573.333333333333 519.68253968254 495.46875 436.875 374.21875 358.4375 375.78125 374.53125 374.84375 388.28125 375.78125 320.78125 283.90625 285.46875 292.8125 272.8125 227.03125 153.28125 80.46875 29.375 95.78125 -10.3125 31.5625 -109.21875 -171.25 -269.0625 -190.78125 -19.21875 -211.5625 -220.3125 -358.28125 -443.28125 -570 -584.6875 -635.46875 -600.15625 -569.6875 -624.0625 -593.4375 -595.78125 -547.96875 -526.5625 -527.1875 -565.15625 -614.6875 -668.125 -673.125 -613.4375 -567.34375 -570.78125 -588.28125 -581.25 -562.96875
-3.4e+38 -3.4e+38 -3.4e+38 -3.4e+38 -3.4e+38 -3.4e+38 -3.4e+38 573.529411764706 545 518.125 436.875 339.6875 276.5625 342.8125 324.84375 310.46875 304.6875 380.15625 333.90625 235.46875 223.4375 294.21875 243.125 210 133.28125 117.5 65.3125 40 11.09375 -25.625 -105.625 -294.0625 -266.5625 -171.71875 -101.875 -382.8125 -449.0625 -453.59375 -554.0625 -580.15625 -575.78125 -595.9375 -594.375 -606.09375 -646.25 -619.21875 -580.46875 -559.375 -535 -543.75 -569.375 -593.90625 -617.8125 -600.3125 -560.46875 -529.21875 -529.84375 -552.96875 -575.78125 -559.0625
-3.4e+38 -3.4e+38 -3.4e+38 -3.4e+38 -3.4e+38 -3.4e+38 -3.4e+38 578.333333333333 528.59375 460.78125 412.34375 333.90625 313.59375 326.5625 313.90625 263.28125 248.4375 321.71875 316.25 233.125 247.03125 284.0625 255.46875 191.40625 99.53125 99.0625 -38.75 -107.1875 -111.71875 -88.4375 -117.34375 -103.125 -99.53125 -237.03125 -111.25 -200.625 -254.375 -395.625 -577.03125 -617.5 -606.71875 -585.78125 -610.46875 -605.78125 -616.25 -610.46875 -590.9375 -567.1875 -550.9375 -551.71875 -571.71875 -565.46875 -560.9375 -545.9375 -510.3125 -484.0625 -476.40625 -492.1875 -520.15625 -508.59375
-3.4e+38 -3.4e+38 -3.4e+38 -3.4e+38 -3.4e+38 -3.4e+38 601.111111111111 589.565217391304 535.254237288136 440.46875 443.4375 405 330.46875 253.125 248.59375 270 283.125 337.5 261.5625 256.71875 307.5 316.5625 296.5625 253.4375 201.875 92.5 -35.3125 27.5 -49.84375 -35.46875 -159.84375 -46.875 -46.5625 -321.25 -327.34375 -277.8125 -451.71875 -452.96875 -493.75 -578.75 -593.28125 -590.78125 -601.25 -617.5 -612.65625 -610.15625 -601.71875 -584.53125 -586.5625 -586.25 -587.8125 -549.0625 -527.65625 -507.1875 -475.625 -456.40625 -443.75 -458.90625 -462.5 -475
-3.4e+38 -3.4e+38 -3.4e+38 -3.4e+38 -3.4e+38 600 580.588235294118 563.166666666667 541.153846153846 488.28125 437.5 374.21875 326.25 289.6875 277.8125 220.46875 237.5 274.84375 305 324.375 325.46875 292.03125 257.65625 212.8125 158.28125 14.0625 100.15625 2.5 -32.5 20.3125 -23.28125 -0.9375 -159.84375 -313.4375 -387.5 -408.4375 -434.6875 -458.28125 -535.78125 -582.03125 -607.5 -594.6875 -621.25 -624.84375 -624.84375 -624.6875 -646.5625 -659.375 -659.21875 -666.875 -644.375 -598.75 -547.34375 -490.15625 -458.28125 -440.78125 -427.5 -427.5 -431.25 -444.6875
-3.4e+38 -3.4e+38 -3.4e+38 -3.4e+38 -3.4e+38 544.318181818182 552.1875 532.65625 522.65625 444.375 386.25 342.5 273.125 270.3125 273.125 237.5 197.65625 185.625 275.15625 339.0625 317.5 294.21875 278.28125 262.34375 248.90625 164.6875 110.78125 78.28125 28.28125 -15.46875 4.53125 -82.96875 -83.125 -99.0625 -241.40625 -262.8125 -332.96875 -457.03125 -464.84375 -510 -575.9375 -619.375 -633.90625 -643.28125 -645 -665.46875 -670 -665.3125 -664.53125 -652.96875 -674.375 -670.15625 -587.8125 -499.21875 -464.53125 -434.21875 -416.40625 -404.53125 -396.5625 -395.78125
-3.4e+38 -3.4e+38 -3.4e+38 -3.4e+38 -3.4e+38 535.333333333333 515.3125 517.1875 478.4375 420 424.6875 356.5625 294.84375 250.9375 184.6875 172.03125 148.4375 135.9375 305.46875 338.125 335.15625 272.65625 262.34375 252.03125 201.40625 182.96875 92.03125 60.3125 -55.15625 -163.28125 -188.59375 -157.96875 -228.75 -143.125 -165.9375 -273.90625 -395 -424.0625 -482.8125 -547.65625 -608.28125 -618.59375 -630 -645.78125 -656.71875 -662.1875 -662.96875 -658.75 -648.90625 -622.5 -656.09375 -673.59375 -605.15625 -506.09375 -469.21875 -439.0625 -453.28125 -401.71875 -380.3125 -370.78125
-3.4e+38 -3.4e+38 -3.4e+38 -3.4e+38 560 540.847457627119 502.1875 507.5 480.625 426.40625 414.6875 381.71875 275.46875 230.78125 191.71875 135.625 136.875 233.90625 307.8125 299.0625 320.46875 247.96875 280.3125 185.46875 80.15625 136.09375 21.875 -114.21875 -112.1875 -108.125 -258.90625 -299.6875 -261.5625 -298.75 -383.125 -348.125 -476.25 -532.5 -526.09375 -556.09375 -641.25 -602.34375 -613.90625 -624.0625 -639.53125 -648.59375 -652.34375 -646.09375 -631.5625 -611.875 -618.28125 -648.125 -584.375 -527.5 -448.28125 -413.90625 -405.15625 -413.75 -369.6875 -356.5625
-3.4e+38 -3.4e+38 -3.4e+38 -3.4e+38 552.380952380952 521.09375 490.3125 454.84375 470.9375 432.03125 392.03125 356.875 276.875 196.5625 162.5 140.15625 221.875 277.03125 289.21875 321.40625 314.21875 260.15625 164.0625 194.0625 156.71875 41.40625 -58.90625 -129.375 -57.96875 -41.25 -93.90625 -69.375 -92.8125 -254.21875 -420.9375 -432.96875 -445.46875 -502.34375 -512.96875 -542.8125 -577.34375 -578.59375 -588.75 -594.21875 -606.875 -625.46875 -641.875 -641.25 -618.90625 -610.78125 -590.625 -574.6875 -552.8125 -503.59375 -456.5625 -421.875 -406.09375 -365.15625 -360.625 -437.65625
-3.4e+38 -3.4e+38 -3.4e+38 -3.4e+38 547.272727272727 486.40625 431.25 419.375 432.03125 398.125 348.59375 347.03125 276.25 248.125 140.625 252.34375 225.15625 253.28125 221.25 255.625 244.84375 238.125 265.15625 215.625 180.78125 139.375 -10.78125 -19.53125 19.21875 10.3125 19.21875 -66.25 -224.84375 -320.15625 -425 -363.90625 -404.84375 -485 -511.5625 -531.25 -556.875 -563.59375 -569.375 -577.03125 -588.75 -601.875 -594.6875 -597.34375 -590.9375 -601.40625 -627.5 -619.6875 -577.65625 -538.90625 -495.46875 -512.1875 -485.3125 -471.25 -426.875 -430.78125
-3.4e+38 -3.4e+38 -3.4e+38 570 543.684210526316 450.46875 387.96875 377.5 393.75 364.6875 314.6875 315.625 253.28125 251.09375 195.625 214.6875 145 172.34375 176.5625 102.65625 221.25 275.78125 241.875 236.09375 193.28125 113.125 73.59375 96.25 85.3125 -35.46875 15.3125 -97.5 -253.59375 -320.625 -330.15625 -314.375 -421.25 -478.90625 -558.90625 -542.65625 -554.6875 -564.375 -562.1875 -561.40625 -566.71875 -576.09375 -575 -577.8125 -580.15625 -603.125 -680.46875 -714.0625 -654.53125 -592.34375 -521.25 -563.125 -575.46875 -585.625 -643.125 -350.9375
-3.4e+38 -3.4e+38 -3.4e+38 574.193548387097 500.78125 396.71875 380.78125 326.40625 334.53125 340.3125 305.9375 232.5 164.375 81.5625 137.8125 162.03125 120.625 172.5 197.8125 213.59375 215.78125 161.875 187.34375 127.8125 130.625 149.21875 102.96875 77.65625 -25.9375 -103.28125 -192.1875 -297.1875 -351.40625 -235.9375 -244.84375 -369.53125 -426.71875 -476.09375 -533.75 -555.9375 -600.3125 -566.09375 -547.96875 -545.3125 -553.125 -561.71875 -583.4375 -580.15625 -581.25 -596.5625 -696.71875 -695.78125 -647.8125 -586.5625 -526.40625 -537.5 -585.3125 -625.46875 -574.21875 -267.34375
-3.4e+38 -3.4e+38 600 577.704918032787 474.6875 370.3125 336.5625 340.15625 338.90625 277.03125 285.3125 144.21875 74.6875 107.5 126.71875 142.8125 130.46875 161.5625 136.5625 101.5625 41.5625 77.03125 84.84375 63.4375 24.375 25.78125 -29.84375 11.25 7.96875 -198.59375 -143.59375 -139.6875 -242.8125 -153.90625 -209.6875 -390.3125 -464.0625 -505 -515.78125 -516.40625 -528.125 -549.0625 -540.78125 -534.84375 -544.375 -565 -590.9375 -599.375 -589.6875 -580.78125 -632.8125 -644.375 -615 -563.125 -530.3125 -525.625 -564.53125 -625 -603.125 -286.71875
-3.4e+38 -3.4e+38 -3.4e+38 587.045454545455 523.4375 411.5625 353.75 314.0625 255.78125 224.21875 224.0625 109.21875 124.21875 111.5625 52.1875 47.96875 126.875 153.90625 119.53125 101.09375 144.53125 119.21875 99.84375 4.6875 -76.40625 -47.65625 -131.5625 -171.875 -106.71875 -142.8125 -19.21875 -16.40625 -210.46875 -158.28125 -135.9375 -291.09375 -411.875 -483.28125 -512.34375 -491.09375 -473.4375 -530.625 -547.65625 -528.90625 -547.1875 -561.5625 -585.9375 -606.40625 -590.625 -585.3125 -633.59375 -627.65625 -602.03125 -562.5 -540.9375 -527.1875 -550 -624.84375 -651.875 -348.28125
-3.4e+38 -3.4e+38 -3.4e+38 -3.4e+38 503.469387755102 402.8125 350.78125 280.78125 202.8125 145.3125 186.875 150.15625 245 201.5625 173.125 67.8125 80 39.6875 136.40625 129.375 148.75 58.4375 -88.4375 -101.875 -15.15625 -83.28125 -115.9375 -10 20.78125 -36.09375 21.25 3.4375 -104.6875 -124.84375 -133.75 -261.40625 -377.96875 -470.3125 -513.28125 -492.65625 -437.1875 -473.59375 -527.96875 -531.09375 -557.34375 -574.53125 -587.65625 -614.6875 -615.9375 -602.34375 -610.15625 -602.8125 -589.6875 -575.78125 -563.75 -546.5625 -563.59375 -596.09375 -646.71875 -585.3125
-3.4e+38 -3.4e+38 -3.4e+38 -3.4e+38 565 423.27868852459 341.25 299.6875 225.15625 186.09375 302.03125 207.5 119.84375 -15.3125 76.875 190.9375 127.5 183.75 167.03125 184.84375 150.15625 56.25 -36.25 13.59375 1.5625 20.9375 -26.09375 -31.71875 76.09375 57.34375 54.0625 -30.625 -240.15625 -323.28125 -201.5625 -358.4375 -414.21875 -531.25 -540.625 -496.71875 -427.5 -440.625 -483.28125 -496.71875 -532.34375 -560.46875 -572.03125 -617.1875 -629.0625 -636.40625 -615 -603.4375 -607.1875 -587.1875 -576.875 -576.09375 -627.96875 -614.53125 -646.25 -688.90625
-3.4e+38 -3.4e+38 -3.4e+38 -3.4e+38 -3.4e+38 517.692307692308 425.46875 362.96875 238.125 286.71875 329.6875 198.125 -23.75 20 -10 58.4375 91.5625 205.625 128.59375 195.15625 154.0625 81.09375 -25.625 160.3125 97.1875 51.40625 50.9375 72.03125 124.53125 55.9375 29.375 8.59375 -111.25 -166.25 -170.46875 -327.65625 -461.71875 -525.78125 -526.25 -480 -425.625 -433.90625 -463.4375 -506.40625 -534.0625 -529.6875 -560.46875 -593.125 -616.09375 -621.875 -607.1875 -601.25 -618.125 -591.875 -563.59375 -566.25 -612.8125 -618.75 -629.375 -707.65625
-3.4e+38 -3.4e+38 -3.4e+38 -3.4e+38 621.666666666667 545.555555555556 463.125 415.15625 341.09375 256.71875 332.8125 226.09375 114.375 113.125 17.8125 -34.0625 128.28125 90.15625 207.8125 254.53125 214.53125 56.875 -31.40625 179.0625 37.65625 29.84375 128.4375 149.6875 145.46875 114.53125 15.46875 -56.25 -200.3125 -165.15625 -158.4375 -307.03125 -495.15625 -537.1875 -549.0625 -516.09375 -427.65625 -433.59375 -447.34375 -538.90625 -568.75 -577.5 -581.71875 -561.5625 -590.9375 -608.59375 -600.46875 -585.15625 -584.84375 -582.34375 -559.53125 -542.5 -548.75 -641.40625 -693.28125 -652.5
-3.4e+38 -3.4e+38 -3.4e+38 -3.4e+38 631.052631578947 573.125 329.53125 331.09375 194.21875 140.9375 232.5 221.25 158.59375 110.46875 9.375 34.53125 -0.15625 29.21875 221.875 257.03125 251.40625 211.40625 100.3125 155 126.25 144.375 141.71875 155.78125 147.96875 126.09375 69.6875 57.34375 -50.15625 -335.625 -314.375 -416.71875 -569.375 -536.71875 -473.125 -449.53125 -431.40625 -435.3125 -439.53125 -540.625 -578.4375 -622.65625 -590.78125 -577.96875 -595.46875 -598.4375 -578.90625 -579.375 -587.03125 -590.78125 -568.59375 -540.78125 -517.96875 -553.59375 -584.6875 -582.1875
-3.4e+38 -3.4e+38 -3.4e+38 -3.4e+38 638.75 511.25 335.625 238.28125 119.21875 148.28125 211.5625 227.8125 152.5 150.9375 151.09375 19.6875 -20 145.78125 177.03125 226.40625 217.5 143.125 -8.90625 49.375 54.6875 4.84375 62.5 139.84375 114.84375 20.46875 -15.3125 -92.65625 -59.21875 -192.65625 -344.21875 -459.84375 -504.84375 -530 -548.90625 -587.65625 -495.15625 -474.53125 -438.4375 -446.875 -519.375 -564.21875 -565.9375 -579.21875 -585 -610.625 -596.25 -596.875 -601.25 -598.4375 -582.1875 -543.75 -504.21875 -493.75 -510.9375 -534.21875
-3.4e+38 -3.4e+38 -3.4e+38 -3.4e+38 626.25 535.15625 418.75 369.21875 215.78125 202.1875 235.78125 190 63.59375 -8.125 140.3125 64.84375 84.53125 148.28125 92.96875 -15.3125 38.125 60.46875 144.0625 -26.40625 -88.125 -97.1875 14.84375 67.1875 73.90625 -21.71875 -230.9375 -238.28125 -365.46875 -384.53125 -388.90625 -473.125 -517.8125 -541.09375 -564.0625 -610.46875 -545.9375 -480.46875 -433.28125 -434.21875 -510 -504.21875 -476.40625 -533.75 -534.21875 -559.53125 -587.96875 -607.65625 -606.40625 -578.125 -571.25 -555.78125 -521.5625 -537.65625 -555.9375 -530.15625
-3.4e+38 -3.4e+38 -3.4e+38 -3.4e+38 -3.4e+38 547 494.0625 303.28125 336.09375 395 245.15625 117.1875 152.03125 32.03125 -22.65625 108.75 144.84375 132.03125 74.0625 -50.9375 -129.6875 37.8125 80.78125 62.34375 13.59375 20.9375 -113.28125 -130.15625 -30.625 42.34375 -48.28125 -266.40625 -317.8125 -487.1875 -489.375 -495.46875 -539.375 -541.25 -553.59375 -516.40625 -498.59375 -494.53125 -453.125 -438.28125 -449.6875 -516.40625 -505.15625 -500 -510.9375 -532.03125 -548.4375 -572.03125 -578.28125 -564.375 -556.875 -573.75 -551.09375 -548.90625 -562.8125 -537.5
-3.4e+38 -3.4e+38 -3.4e+38 -3.4e+38 -3.4e+38 570 460.78125 370.9375 434.84375 390.9375 265.46875 52.5 72.1875 -18.125 6.09375 85.9375 173.4375 79.375 -0.3125 -115.46875 -129.53125 -29.84375 3.90625 -151.09375 -144.6875 -4.21875 -50.9375 -203.75 -278.90625 -247.65625 -132.5 -30.625 -244.6875 -464.53125 -523.28125 -500.46875 -439.84375 -457.8125 -556.875 -520.15625 -458.75 -471.40625 -477.34375 -430.3125 -397.1875 -411.09375 -454.0625 -489.84375 -492.96875 -503.28125 -511.5625 -517.8125 -537.1875 -546.5625 -544.375 -535 -540.625 -533.4375 -558.90625 -507.65625
-3.4e+38 -3.4e+38 -3.4e+38 -3.4e+38 -3.4e+38 635 534.754098360656 505.78125 506.40625 353.90625 288.4375 149.21875 30.15625 19.6875 21.5625 138.59375 175.46875 126.09375 5.9375 -104.375 -270 -323.90625 -190.46875 -184.53125 -77.03125 -130.3125 -183.90625 -255 -327.1875 -486.875 -467.1875 -358.125 -210.46875 -377.03125 -469.84375 -370.9375 -447.03125 -482.34375 -514.6875 -535 -483.75 -528.90625 -457.8125 -424.0625 -420.9375 -409.84375 -494.0625 -530.46875 -491.25 -502.03125 -537.96875 -534.21875 -489.53125 -513.75 -535.3125 -530.3125 -540.15625 -548.28125 -547.03125 -538.59375
