Cases/SDM_Urocitellus_beldingi/westernUsClimate_hadley2080a2/BIO02.asc
NCOLS 315 
NROWS 297 
XLLCORNER -124.741664802 
YLLCORNER 29.2083311801598 
CELLSIZE 0.066666670143822 
NODATA_value -3.4e+38 
[rows 52 to 77 of 297, columns 180 to 239 of 315]
1599.0625 1540.46875 1527.1875 1558.125 1603.59375 1619.53125 1612.1875 1560.78125 1495.9375 1455.3125 1434.21875 1421.71875 1433.28125 1429.53125 1415.46875 1403.59375 1400.78125 1418.28125 1416.40625 1405.78125 1410.78125 1415.3125 1418.125 1430.78125 1440.15625 1447.1875 1449.6875 1445.15625 1449.53125 1462.65625 1447.96875 1431.25 1426.71875 1458.28125 1432.96875 1464.21875 1463.90625 1479.53125 1467.1875 1480.9375 1471.25 1473.28125 1504.0625 1508.90625 1516.71875 1524.6875 1538.59375 1555.78125 1566.40625 1578.28125 1568.90625 1568.59375 1557.96875 1546.875 1556.40625 1575.46875 1562.8125 1569.53125 1565.625 1532.34375
1588.75 1597.5 1585.3125 1580.9375 1593.4375 1594.53125 1577.34375 1568.125 1529.53125 1475.15625 1453.4375 1440 1433.90625 1433.4375 1420.78125 1402.03125 1394.53125 1426.875 1427.5 1427.65625 1423.59375 1427.34375 1423.125 1435.625 1439.53125 1438.75 1433.28125 1438.28125 1453.90625 1458.59375 1438.59375 1434.6875 1458.4375 1447.96875 1425.15625 1464.21875 1400.3125 1460.3125 1472.96875 1422.5 1421.25 1490.9375 1523.75 1528.4375 1534.53125 1525.3125 1528.90625 1545 1558.125 1565.3125 1559.21875 1561.40625 1567.96875 1568.75 1575.9375 1579.6875 1573.75 1582.03125 1568.125 1542.34375
1571.875 1574.84375 1572.5 1572.1875 1572.34375 1555.78125 1526.25 1495.3125 1521.71875 1507.96875 1466.25 1449.53125 1441.40625 1434.21875 1430.46875 1423.125 1403.59375 1419.0625 1424.6875 1429.375 1416.09375 1429.21875 1433.90625 1435.15625 1445.78125 1443.59375 1431.09375 1451.875 1460.625 1447.65625 1442.03125 1451.875 1477.03125 1448.90625 1444.6875 1427.5 1422.34375 1472.96875 1472.65625 1435.78125 1445 1463.59375 1507.1875 1486.25 1501.875 1534.0625 1536.09375 1538.75 1545.46875 1544.84375 1550.15625 1561.5625 1563.75 1562.03125 1563.4375 1570.78125 1574.6875 1586.875 1561.71875 1531.40625
1569.21875 1565.3125 1561.25 1549.84375 1541.71875 1525.625 1498.28125 1468.59375 1481.5625 1503.28125 1475.625 1455.46875 1448.4375 1438.59375 1441.71875 1435.9375 1418.4375 1430.3125 1434.0625 1434.84375 1436.09375 1430.78125 1437.65625 1441.5625 1438.90625 1442.34375 1456.25 1452.1875 1443.90625 1449.53125 1468.75 1471.40625 1493.75 1505.625 1495.15625 1439.0625 1468.59375 1505.625 1420.625 1398.75 1392.8125 1445.15625 1476.25 1371.5625 1357.96875 1425.625 1525 1533.28125 1533.28125 1538.28125 1544.0625 1548.75 1544.84375 1543.90625 1553.59375 1579.0625 1596.875 1589.53125 1568.28125 1542.1875
1562.8125 1556.40625 1542.96875 1529.84375 1522.03125 1508.4375 1482.65625 1475 1480.625 1486.25 1465.78125 1457.1875 1452.5 1445.9375 1446.875 1440.3125 1429.0625 1437.1875 1431.09375 1441.25 1446.25 1439.6875 1438.28125 1447.1875 1443.28125 1456.5625 1462.1875 1453.59375 1456.09375 1477.1875 1471.875 1460.46875 1500.625 1514.0625 1494.21875 1457.5 1457.96875 1486.71875 1449.0625 1418.4375 1440.15625 1503.28125 1389.84375 1390.78125 1398.59375 1448.4375 1477.96875 1493.75 1496.09375 1505.9375 1507.1875 1517.65625 1516.5625 1528.125 1592.65625 1612.5 1610.15625 1604.21875 1585.15625 1542.03125
1569.375 1558.28125 1541.09375 1525.3125 1512.8125 1497.34375 1490.3125 1488.28125 1494.53125 1484.6875 1465.9375 1454.21875 1454.6875 1457.03125 1450.46875 1445.46875 1437.96875 1438.4375 1446.875 1442.34375 1444.84375 1453.90625 1453.4375 1462.34375 1454.53125 1461.71875 1461.875 1461.5625 1470.625 1483.75 1477.34375 1456.09375 1481.5625 1457.03125 1457.5 1496.71875 1462.8125 1450.9375 1462.8125 1447.96875 1447.5 1489.375 1375 1369.84375 1318.75 1384.53125 1443.125 1355.46875 1388.75 1421.5625 1438.28125 1472.96875 1493.4375 1540.46875 1600.9375 1625.46875 1631.25 1612.96875 1602.34375 1566.25
1563.90625 1556.875 1541.40625 1515.78125 1499.0625 1500 1497.96875 1492.5 1493.59375 1488.90625 1476.5625 1465.3125 1465 1461.5625 1456.71875 1451.09375 1447.65625 1449.0625 1454.0625 1456.09375 1455.78125 1465.78125 1465 1470.78125 1472.8125 1470.78125 1469.53125 1480.78125 1475.46875 1485.625 1472.8125 1502.8125 1489.21875 1475.625 1508.75 1545.3125 1462.03125 1485.3125 1516.40625 1539.84375 1490.78125 1449.375 1392.1875 1373.59375 1371.5625 1375.9375 1306.71875 1330 1342.34375 1370.78125 1432.34375 1456.5625 1457.03125 1558.125 1619.0625 1648.90625 1637.96875 1616.25 1608.4375 1588.28125
1545.46875 1535.625 1533.59375 1529.6875 1518.125 1506.25 1499.53125 1496.875 1490 1489.21875 1480.625 1478.125 1472.96875 1461.25 1468.28125 1460.78125 1457.34375 1460 1433.4375 1439.21875 1466.25 1470.9375 1476.875 1476.09375 1482.1875 1482.8125 1482.1875 1491.25 1492.8125 1493.4375 1504.53125 1527.1875 1525.15625 1505.9375 1557.8125 1523.125 1519.6875 1483.59375 1563.90625 1515 1482.8125 1462.65625 1474.21875 1480.78125 1442.03125 1391.40625 1367.5 1318.59375 1330.625 1409.6875 1390.625 1409.21875 1460.78125 1555.15625 1639.53125 1656.09375 1617.65625 1609.0625 1579.84375 1592.8125
1525.15625 1520.9375 1499.53125 1512.8125 1520 1514.375 1503.28125 1498.28125 1491.5625 1487.1875 1470.9375 1485.78125 1473.59375 1453.4375 1458.4375 1474.0625 1468.4375 1472.34375 1451.875 1432.03125 1468.90625 1467.8125 1482.03125 1468.90625 1490.625 1500.625 1506.25 1480.9375 1477.34375 1518.75 1522.96875 1549.6875 1575.9375 1601.71875 1633.75 1555.46875 1586.875 1595.625 1533.75 1508.28125 1518.28125 1468.59375 1445.9375 1519.21875 1521.5625 1475.9375 1428.75 1382.03125 1371.25 1353.75 1350.78125 1452.65625 1514.21875 1596.875 1661.71875 1660.3125 1620.15625 1605 1581.71875 1581.5625
1522.96875 1531.25 1525.46875 1510.9375 1503.75 1513.28125 1507.5 1499.6875 1485.15625 1475.3125 1481.09375 1490.46875 1472.34375 1450.15625 1455 1476.71875 1485.3125 1484.0625 1472.03125 1442.5 1481.40625 1491.5625 1479.84375 1478.4375 1501.09375 1518.75 1515.46875 1494.53125 1493.75 1542.96875 1555.9375 1564.84375 1564.6875 1538.28125 1619.375 1670 1639.53125 1614.0625 1531.40625 1562.8125 1524.53125 1496.875 1452.65625 1464.84375 1500.9375 1527.1875 1507.8125 1445.625 1411.5625 1393.125 1403.4375 1483.59375 1574.84375 1630.15625 1647.65625 1644.84375 1641.71875 1606.5625 1570.15625 1571.875
1550.78125 1533.59375 1537.34375 1525.78125 1513.125 1507.65625 1506.40625 1493.4375 1480.78125 1464.6875 1486.5625 1494.6875 1473.28125 1461.25 1464.84375 1477.65625 1498.90625 1497.65625 1494.53125 1483.4375 1490.625 1505.46875 1505.9375 1515.78125 1529.84375 1537.1875 1529.6875 1514.53125 1509.21875 1554.53125 1556.875 1551.71875 1515 1544.6875 1572.96875 1620.46875 1560.46875 1549.0625 1613.75 1569.0625 1542.1875 1481.71875 1452.34375 1471.875 1496.25 1529.84375 1530.625 1509.21875 1496.5625 1460.15625 1439.0625 1515.9375 1586.5625 1604.21875 1607.96875 1610 1623.125 1596.5625 1559.375 1591.875
1569.84375 1547.5 1540.9375 1532.8125 1515.9375 1502.03125 1501.09375 1489.21875 1473.75 1475.78125 1496.875 1495.625 1490.46875 1485.9375 1482.03125 1504.0625 1513.4375 1513.4375 1512.34375 1508.90625 1475.3125 1520 1532.8125 1546.09375 1558.4375 1563.59375 1565.78125 1550.3125 1541.40625 1561.25 1570.9375 1560 1533.59375 1528.75 1537.1875 1579.84375 1555.78125 1526.09375 1506.71875 1575.15625 1546.40625 1511.875 1486.875 1477.34375 1509.375 1492.5 1487.5 1492.34375 1492.65625 1500.46875 1494.6875 1485.15625 1524.84375 1540.9375 1546.5625 1546.71875 1568.75 1564.6875 1581.875 1612.65625
1570.625 1560 1543.4375 1532.5 1522.03125 1511.875 1500.15625 1503.59375 1502.1875 1501.5625 1500 1504.0625 1512.8125 1516.40625 1522.8125 1522.03125 1519.84375 1527.8125 1530 1521.40625 1495.3125 1527.03125 1560 1574.375 1586.40625 1589.53125 1589.0625 1576.71875 1561.71875 1574.0625 1579.6875 1572.65625 1563.125 1580 1584.84375 1547.03125 1531.40625 1542.03125 1519.53125 1562.34375 1538.28125 1498.125 1476.09375 1435 1437.03125 1424.53125 1516.875 1515.3125 1495.46875 1494.6875 1470.78125 1483.125 1477.5 1468.59375 1471.09375 1491.875 1536.71875 1576.5625 1593.75 1605.625
1545.15625 1559.53125 1549.0625 1537.34375 1522.34375 1513.59375 1509.84375 1507.65625 1502.96875 1501.5625 1509.6875 1515.15625 1521.09375 1531.09375 1537.5 1537.8125 1539.53125 1532.5 1530.46875 1551.875 1561.40625 1561.09375 1556.5625 1589.53125 1604.6875 1606.25 1595.15625 1587.34375 1600.9375 1604.0625 1594.375 1565.625 1576.40625 1592.5 1586.25 1562.03125 1542.8125 1558.4375 1538.125 1535 1524.0625 1486.25 1464.84375 1456.09375 1437.34375 1458.28125 1442.34375 1413.90625 1431.5625 1461.5625 1451.5625 1472.96875 1478.28125 1465.15625 1465.3125 1468.90625 1526.40625 1534.84375 1554.375 1570.3125
1540.625 1536.25 1519.21875 1527.8125 1521.875 1513.28125 1509.6875 1503.75 1500 1502.96875 1504.375 1510 1497.8125 1498.125 1526.875 1510.9375 1524.375 1528.28125 1518.4375 1532.03125 1577.5 1590 1581.40625 1590.9375 1579.53125 1577.03125 1572.03125 1593.125 1617.03125 1609.53125 1612.5 1580 1572.8125 1567.96875 1563.59375 1591.71875 1582.96875 1579.53125 1537.34375 1497.8125 1503.125 1535.9375 1488.59375 1471.5625 1414.375 1489.6875 1454.375 1390.15625 1364.375 1476.71875 1499.6875 1481.09375 1474.6875 1461.875 1437.5 1458.75 1503.90625 1497.03125 1500.15625 1530
1529.21875 1506.40625 1498.4375 1516.875 1514.84375 1509.0625 1507.03125 1499.84375 1497.96875 1497.65625 1493.125 1498.90625 1515.3125 1517.96875 1525.3125 1532.1875 1539.6875 1551.5625 1538.59375 1555.3125 1593.125 1605 1603.90625 1584.375 1567.5 1552.8125 1560.9375 1584.53125 1619.53125 1587.65625 1576.71875 1565 1581.5625 1575 1592.8125 1609.53125 1601.875 1566.09375 1514.0625 1507.8125 1527.34375 1562.34375 1549.6875 1487.8125 1498.4375 1537.34375 1546.71875 1515.3125 1508.28125 1495.625 1494.84375 1479.21875 1454.53125 1466.25 1435.3125 1450.46875 1477.65625 1493.75 1507.5 1523.59375
1555.625 1540.625 1524.53125 1511.25 1506.71875 1495.3125 1498.28125 1496.875 1490.9375 1498.75 1499.53125 1506.40625 1513.90625 1522.96875 1531.71875 1540.3125 1551.09375 1562.8125 1575 1590.3125 1608.28125 1615.3125 1619.0625 1604.21875 1573.125 1555.15625 1552.5 1566.71875 1605.78125 1594.0625 1583.75 1574.84375 1606.5625 1617.03125 1612.65625 1612.34375 1607.8125 1567.5 1521.5625 1515 1513.90625 1510 1545.46875 1571.40625 1567.03125 1547.65625 1550.78125 1538.125 1520.9375 1509.21875 1506.5625 1499.84375 1453.59375 1442.65625 1448.28125 1462.5 1480.78125 1501.71875 1518.75 1535.15625
1539.0625 1554.21875 1542.8125 1530 1517.5 1502.8125 1497.34375 1495.625 1479.6875 1484.21875 1492.8125 1497.1875 1503.90625 1513.59375 1524.53125 1535 1545.625 1555.3125 1572.5 1587.96875 1605.9375 1615.15625 1610.78125 1595.625 1580.625 1567.65625 1555 1557.03125 1583.125 1600 1612.34375 1606.09375 1612.1875 1609.6875 1601.71875 1612.96875 1605.625 1600.3125 1533.90625 1498.28125 1497.1875 1536.40625 1479.6875 1485.15625 1444.6875 1532.96875 1499.21875 1397.03125 1462.5 1497.65625 1515.9375 1498.28125 1499.375 1503.75 1496.09375 1494.375 1503.28125 1513.75 1525.46875 1538.75
1529.53125 1536.71875 1545.78125 1537.8125 1525.625 1507.1875 1490 1467.1875 1455.15625 1463.75 1474.84375 1487.96875 1496.71875 1507.34375 1518.125 1529.0625 1538.90625 1546.25 1565.625 1579.53125 1593.59375 1602.5 1607.5 1597.96875 1589.375 1592.5 1570.78125 1586.40625 1572.1875 1576.5625 1577.65625 1617.8125 1602.03125 1614.6875 1595.3125 1597.03125 1613.4375 1600.625 1591.25 1514.53125 1482.5 1460.46875 1484.84375 1449.53125 1454.53125 1491.40625 1414.375 1422.03125 1526.40625 1537.65625 1529.6875 1514.21875 1454.6875 1484.6875 1534.0625 1534.6875 1538.75 1532.8125 1542.03125 1549.6875
1575 1565.625 1557.34375 1546.5625 1542.65625 1531.875 1505.3125 1469.6875 1447.96875 1457.8125 1468.125 1479.375 1490 1499.53125 1508.90625 1518.59375 1530.15625 1543.59375 1557.1875 1567.5 1581.09375 1588.4375 1599.0625 1602.65625 1610.78125 1626.40625 1626.25 1597.34375 1574.375 1551.5625 1574.84375 1615.3125 1551.40625 1622.03125 1628.28125 1567.65625 1581.09375 1554.375 1539.0625 1575.15625 1521.71875 1498.125 1445.625 1424.21875 1435.46875 1442.34375 1480.3125 1517.8125 1551.25 1494.0625 1435.46875 1389.0625 1370 1476.09375 1543.125 1561.25 1570.15625 1565.15625 1563.4375 1566.875
1582.5 1601.40625 1593.90625 1601.09375 1600 1575.3125 1553.28125 1519.0625 1496.71875 1480.9375 1478.59375 1483.59375 1488.90625 1496.25 1502.5 1510.9375 1516.5625 1523.75 1539.6875 1554.6875 1565.15625 1574.0625 1587.03125 1601.25 1614.84375 1627.1875 1637.8125 1643.75 1634.0625 1628.59375 1651.40625 1666.09375 1636.5625 1652.34375 1591.40625 1561.5625 1552.96875 1517.8125 1501.5625 1573.59375 1468.59375 1467.1875 1495.46875 1458.28125 1432.03125 1432.65625 1473.59375 1545.15625 1487.65625 1366.09375 1399.84375 1451.25 1486.71875 1542.34375 1572.8125 1589.375 1594.53125 1588.90625 1586.875 1587.5
1588.90625 1638.75 1644.53125 1649.21875 1635.78125 1607.1875 1600.3125 1580.625 1549.84375 1524.0625 1502.65625 1497.1875 1498.4375 1503.125 1508.125 1510 1512.34375 1515 1515.625 1519.375 1538.125 1555.9375 1572.1875 1588.75 1603.125 1615 1631.5625 1631.25 1616.71875 1627.5 1692.8125 1631.5625 1555.46875 1631.875 1593.28125 1529.53125 1563.125 1528.90625 1495.15625 1574.0625 1541.40625 1499.53125 1508.125 1491.25 1422.5 1446.40625 1522.65625 1439.0625 1406.09375 1432.8125 1469.375 1500.15625 1547.34375 1575.78125 1594.375 1611.09375 1621.09375 1617.34375 1611.40625 1603.125
1647.34375 1674.84375 1673.90625 1669.21875 1660.3125 1642.1875 1634.84375 1627.34375 1597.8125 1559.21875 1528.75 1500.9375 1497.96875 1510.46875 1523.4375 1517.96875 1518.75 1517.34375 1510.9375 1513.4375 1529.0625 1547.65625 1564.0625 1577.34375 1589.84375 1601.25 1614.21875 1602.34375 1573.28125 1602.34375 1668.90625 1629.21875 1565.9375 1575.625 1561.40625 1571.25 1565 1540.46875 1529.375 1503.90625 1503.75 1454.375 1425.3125 1443.90625 1412.8125 1397.96875 1482.34375 1392.1875 1371.875 1459.6875 1419.21875 1404.6875 1489.21875 1531.40625 1589.375 1615.46875 1636.71875 1616.09375 1621.25 1614.375
1684.21875 1689.53125 1686.875 1682.96875 1676.25 1658.59375 1663.4375 1664.0625 1618.28125 1584.84375 1554.0625 1533.90625 1523.59375 1524.21875 1530 1529.21875 1520.78125 1517.1875 1510.625 1515.9375 1527.96875 1546.5625 1560.625 1571.25 1575.3125 1583.59375 1596.5625 1571.25 1520.46875 1545.46875 1637.5 1657.8125 1619.6875 1598.90625 1593.59375 1620.3125 1594.0625 1574.0625 1544.375 1486.71875 1449.84375 1455.3125 1439.84375 1408.4375 1450.15625 1511.09375 1409.6875 1372.8125 1350.3125 1379.6875 1386.25 1310.78125 1374.53125 1465.46875 1537.5 1590.46875 1602.65625 1617.5 1623.59375 1619.84375
1702.96875 1700.9375 1692.65625 1688.75 1680.9375 1678.75 1675.3125 1657.8125 1624.84375 1590.78125 1560.3125 1546.09375 1537.03125 1530.15625 1527.65625 1525.9375 1518.28125 1512.03125 1510.15625 1515.625 1528.59375 1544.21875 1555.3125 1562.03125 1559.84375 1567.03125 1568.28125 1545.625 1492.1875 1491.09375 1626.09375 1650.46875 1643.90625 1642.65625 1632.03125 1583.59375 1590 1585.3125 1557.1875 1528.4375 1503.125 1483.59375 1431.71875 1411.71875 1499.21875 1437.1875 1394.21875 1370.46875 1400.625 1348.75 1342.5 1332.8125 1395.78125 1490.15625 1518.90625 1521.71875 1544.0625 1570.15625 1608.125 1612.65625
1711.40625 1706.09375 1695.46875 1685.9375 1675.3125 1666.5625 1655.78125 1629.375 1608.59375 1581.25 1554.84375 1540.3125 1530.78125 1523.28125 1516.09375 1512.1875 1505.625 1498.75 1498.4375 1510.3125 1517.5 1530.46875 1550 1556.5625 1550.625 1551.40625 1564.375 1521.40625 1493.28125 1531.71875 1635.46875 1640 1641.40625 1652.8125 1651.25 1640 1636.25 1617.03125 1551.875 1519.6875 1516.09375 1463.4375 1433.28125 1411.5625 1432.8125 1398.90625 1385.625 1449.375 1445.15625 1363.28125 1343.59375 1352.34375 1378.90625 1458.4375 1428.4375 1436.25 1521.25 1559.21875 1588.75 1609.0625
