Cases/SDM_Urocitellus_beldingi/westernUsClimate_hadley2080a2/BIO01.asc
NCOLS 315 
NROWS 297 
XLLCORNER -124.741664802 
YLLCORNER 29.2083311801598 
CELLSIZE 0.066666670143822 
NODATA_value -3.4e+38 
[rows 189 to 215 of 297, columns 60 to 119 of 315]
1484.53125 1454.53125 1612.34375 1756.5625 1903.75 2000 2044.21875 2064.53125 2069.21875 2076.875 2090.9375 2099.84375 2104.0625 2104.0625 2102.96875 2101.40625 2108.59375 2111.71875 2123.4375 2131.25 2140 2150.78125 2159.375 2172.1875 2183.59375 2193.75 2159.6875 2086.25 1985.625 1616.25 1200 906.71875 728.4375 698.125 897.34375 1017.8125 915 920.3125 881.875 1013.125 1788.125 2076.5625 2075 1992.03125 1842.96875 1715.9375 1817.8125 1913.75 2288.90625 2501.25 2447.65625 2048.125 1617.65625 1723.90625 1816.875 2049.21875 2635.15625 2915.15625 2856.09375 2541.71875
1557.96875 1519.84375 1535.78125 1623.4375 1656.40625 1839.21875 2021.25 2069.84375 2080.625 2089.21875 2103.125 2106.71875 2110.78125 2111.09375 2105.78125 2103.4375 2104.21875 2110.3125 2120.46875 2130.625 2139.84375 2148.90625 2156.71875 2165.625 2170.3125 2170.78125 2148.75 2071.09375 1720.46875 1564.375 1269.375 916.09375 968.28125 1126.40625 945.9375 1039.84375 816.875 903.90625 1011.5625 944.375 1825 2057.65625 1955.15625 1686.40625 1766.09375 1809.6875 1762.8125 1912.96875 2108.75 2383.90625 2502.96875 2283.125 1815.3125 1819.0625 1577.65625 1868.75 2482.65625 2857.03125 2907.8125 2589.21875
1589.53125 1623.90625 1727.65625 1822.34375 1856.875 1934.21875 2017.34375 2079.53125 2097.1875 2106.5625 2116.09375 2120.46875 2119.21875 2119.0625 2112.03125 2110 2109.21875 2116.25 2123.59375 2131.25 2140 2149.84375 2159.0625 2169.375 2176.875 2170.15625 2167.34375 2129.0625 1989.53125 2008.90625 1458.28125 1279.84375 1110.46875 1342.1875 1207.5 1291.71875 1167.96875 965.3125 1058.4375 952.34375 1752.5 2007.03125 1848.90625 1479.84375 1455.46875 1560.46875 1745.46875 1946.40625 1814.21875 2117.8125 2451.5625 2453.90625 2225.15625 1832.5 1469.21875 1576.875 2336.09375 2807.96875 2907.1875 2748.90625
1609.53125 1637.96875 1637.34375 1703.125 1909.375 2033.75 2060.78125 2088.125 2110.15625 2126.40625 2134.375 2135.15625 2129.84375 2125.9375 2119.375 2115.3125 2117.65625 2122.5 2126.71875 2132.96875 2142.34375 2155.9375 2165.9375 2172.8125 2178.28125 2188.28125 2195.9375 2168.90625 2115.625 2088.125 1813.90625 1533.125 1160.3125 1311.71875 1439.6875 1492.03125 1049.0625 1027.03125 1137.5 1081.25 1414.375 1966.40625 1881.71875 1663.59375 1451.40625 1385.3125 1652.8125 1860 1687.1875 1997.1875 2430.625 2541.5625 2499.84375 1956.5625 1262.8125 1651.71875 2285.625 2777.96875 2894.0625 2787.1875
1705.625 1624.375 1726.09375 1798.28125 1897.96875 1996.875 2059.0625 2089.6875 2103.90625 2137.5 2148.28125 2143.75 2139.21875 2132.8125 2127.65625 2125 2123.59375 2126.09375 2131.25 2139.0625 2147.96875 2159.6875 2167.5 2177.03125 2189.21875 2203.125 2202.03125 2227.65625 2235.46875 2053.125 1567.5 1480.15625 1223.125 1290.46875 1491.09375 1377.03125 1187.5 1089.84375 1072.8125 1222.03125 1332.65625 1972.03125 1839.53125 1791.09375 1771.40625 1688.75 1626.09375 1725.78125 1541.875 1772.34375 2381.71875 2566.40625 2612.1875 2107.5 1435.78125 1594.6875 2227.65625 2667.5 2869.6875 2879.84375
1710.625 1704.375 1628.75 1702.96875 1850 1945.3125 1979.53125 2041.71875 2069.53125 2068.75 2120.3125 2142.8125 2140.3125 2135.3125 2129.6875 2125.3125 2127.34375 2129.53125 2133.90625 2141.25 2150 2160.46875 2173.125 2185.15625 2200.625 2219.0625 2232.8125 2227.8125 2222.03125 2103.28125 1908.125 1578.75 1200 1543.4375 1431.40625 991.09375 1098.4375 1122.34375 1294.21875 1331.875 1287.5 1941.40625 2081.40625 1958.90625 2004.21875 1923.28125 1726.09375 1625.15625 1635.78125 1730 2290.3125 2510.46875 2596.5625 2222.03125 1586.25 1525.78125 2063.90625 2572.34375 2841.40625 2861.875
1726.40625 1768.28125 1707.65625 1682.1875 1676.40625 1671.25 1767.96875 1915.15625 2027.03125 2079.21875 2075.15625 2112.1875 2136.09375 2131.71875 2128.28125 2129.375 2129.21875 2130 2133.75 2142.8125 2155.15625 2168.28125 2180.15625 2193.90625 2210.46875 2228.75 2239.21875 2236.40625 2197.8125 1978.4375 1662.8125 1392.96875 1432.65625 1666.875 1505.15625 1050.3125 1115.3125 1342.65625 1496.25 1395.15625 1296.71875 1681.40625 2099.6875 1957.03125 2113.4375 2183.28125 1989.84375 1761.25 1658.125 1828.90625 2175.625 2433.59375 2597.03125 2156.875 1687.65625 1928.90625 2145.3125 2401.875 2715.78125 2841.875
1777.03125 1740.625 1720.78125 1716.875 1813.4375 1733.59375 1678.90625 1795.9375 1915.46875 2033.75 2093.125 2092.1875 2118.28125 2123.75 2123.28125 2127.96875 2129.21875 2129.53125 2134.0625 2147.03125 2159.53125 2170.46875 2185.46875 2199.21875 2215.46875 2233.4375 2248.59375 2242.1875 2205.46875 2129.21875 1957.03125 1660.78125 1308.90625 1672.96875 1548.125 1106.71875 1042.5 1258.75 1472.34375 1287.5 1287.5 1521.40625 2037.1875 2103.125 2234.6875 2305.78125 2239.84375 1953.125 1672.03125 1829.53125 2169.0625 2317.65625 2517.03125 2361.09375 1897.8125 2080 2252.5 2344.375 2574.21875 2744.0625
1804.0625 1799.0625 1784.84375 1748.28125 1768.59375 1879.375 1876.5625 1809.84375 1914.21875 2032.34375 2068.4375 2089.6875 2101.71875 2112.5 2116.5625 2120.9375 2125.46875 2126.71875 2133.75 2145.78125 2159.6875 2171.5625 2186.5625 2203.125 2221.40625 2241.25 2257.1875 2260.625 2231.25 2103.4375 1979.21875 1663.90625 1286.71875 1482.96875 1822.34375 1193.90625 1168.59375 1361.875 1547.03125 1421.875 1460.3125 1625.625 2081.09375 2252.1875 2283.90625 2304.6875 2322.34375 2181.25 2007.96875 1948.90625 2320.46875 2416.875 2202.65625 2501.09375 2215.625 2105.625 2242.8125 2370.46875 2540.78125 2447.96875
1817.34375 1802.8125 1810.625 1793.4375 1766.875 1811.25 1902.96875 1860.625 1838.59375 1970.15625 2047.96875 2066.71875 2080.78125 2098.125 2108.75 2114.84375 2119.21875 2126.09375 2133.75 2141.25 2157.5 2170.3125 2187.8125 2205.9375 2225.3125 2243.4375 2260.625 2256.71875 2176.5625 1930.625 1904.375 1619.0625 1358.59375 1542.03125 1934.6875 1581.71875 1379.0625 1386.875 1742.96875 1816.875 1613.4375 1722.96875 2046.40625 2285 2315.46875 2332.65625 2346.09375 2319.53125 2187.03125 2167.65625 2422.8125 2469.53125 2312.34375 2229.21875 2385.625 2363.28125 2432.8125 2439.53125 2366.5625 2247.65625
1801.25 1835.3125 1846.71875 1833.90625 1820.9375 1820.15625 1863.4375 1837.1875 1854.21875 1931.40625 2013.125 2049.84375 2063.28125 2077.34375 2093.28125 2106.09375 2113.125 2119.53125 2130.15625 2140 2148.90625 2165.46875 2187.34375 2207.96875 2222.5 2238.59375 2259.0625 2260.9375 2167.03125 1952.5 1936.25 1739.375 1468.28125 1684.0625 2058.28125 1960.625 1941.875 1915.625 2021.5625 1800.3125 1730.15625 1590 2044.53125 2278.125 2307.8125 2325.625 2342.8125 2341.25 2311.5625 2341.40625 2455.625 2471.40625 2422.34375 2132.03125 2420.15625 2272.1875 2316.875 2235.625 2327.1875 2374.6875
1763.125 1812.1875 1819.21875 1828.90625 1843.90625 1860 1824.6875 1777.34375 1799.84375 1910.78125 1979.21875 2016.875 2031.25 2055.3125 2073.125 2092.34375 2107.96875 2115.78125 2123.75 2132.1875 2141.71875 2158.125 2183.125 2207.65625 2221.71875 2234.0625 2246.5625 2257.03125 2134.375 1975.3125 1911.09375 1613.90625 1512.5 1916.09375 2037.65625 2092.5 2017.96875 2031.09375 1736.25 1446.875 1562.03125 1773.125 2006.71875 2247.8125 2278.59375 2304.84375 2324.6875 2317.5 2364.84375 2369.6875 2437.34375 2459.6875 2329.6875 2016.875 2293.28125 2332.5 2136.5625 2054.53125 2166.40625 2279.21875
1757.03125 1779.53125 1794.6875 1790.625 1793.125 1812.8125 1838.90625 1814.0625 1792.5 1828.90625 1906.71875 1961.09375 2006.40625 2032.03125 2056.875 2080.625 2101.5625 2113.4375 2121.09375 2130.15625 2140.46875 2158.125 2184.21875 2211.5625 2232.8125 2250.3125 2260.15625 2271.40625 2162.34375 1981.875 1886.5625 1771.09375 1879.53125 1968.28125 1790 1661.5625 1592.03125 1968.4375 1751.09375 1574.21875 1828.75 2001.71875 2143.28125 2214.375 2245 2254.0625 2249.21875 2215.46875 2254.53125 2361.09375 2397.65625 2380.9375 2264.84375 2235.46875 2375.3125 2407.96875 2327.34375 2205 2173.4375 2279.84375
1726.09375 1748.90625 1743.125 1778.75 1769.6875 1785.15625 1807.96875 1832.34375 1826.40625 1788.59375 1793.75 1810.9375 1942.8125 2004.53125 2039.6875 2070.3125 2095.78125 2107.65625 2118.4375 2131.40625 2147.34375 2168.4375 2192.65625 2220.46875 2242.8125 2253.59375 2279.375 2308.28125 2277.1875 2054.53125 1951.875 1769.21875 1605.15625 1802.8125 1400.15625 1341.40625 1394.0625 1733.125 1751.71875 1754.53125 2001.09375 2119.0625 2155.3125 2060.15625 2149.0625 2157.8125 2177.03125 2236.09375 2306.40625 2345.78125 2320.78125 2327.96875 2335.3125 2334.6875 2332.96875 2277.5 2290.15625 2101.25 2096.25 2159.0625
1667.96875 1731.875 1733.125 1732.65625 1721.5625 1728.90625 1780.15625 1794.0625 1806.09375 1781.5625 1778.4375 1736.25 1782.5 1932.34375 2009.53125 2054.0625 2087.96875 2107.8125 2123.4375 2135.46875 2155.625 2178.125 2204.375 2231.25 2256.5625 2275.78125 2303.75 2336.40625 2346.25 2179.375 1995 1665.625 1501.25 1766.40625 1556.09375 1250.625 1362.96875 1655.9375 1654.53125 1783.90625 2006.875 2103.75 2106.875 1997.1875 2168.4375 2163.59375 2191.09375 2129.21875 2125.3125 2235.3125 2277.65625 2237.34375 2193.59375 2119.0625 2133.75 2134.375 2210.78125 2197.34375 2187.96875 2233.125
1659.84375 1672.96875 1727.5 1706.71875 1705.15625 1678.28125 1690.46875 1737.96875 1802.03125 1786.40625 1800.46875 1794.84375 1722.5 1725.625 1929.53125 2021.875 2070.15625 2096.71875 2120.625 2140.625 2162.8125 2187.34375 2209.53125 2234.21875 2260.78125 2289.0625 2313.28125 2333.75 2344.375 2293.75 2122.96875 1940.3125 1845.625 1789.6875 1776.09375 1754.21875 1533.4375 1761.09375 1774.375 1911.71875 2054.21875 2181.25 2219.375 2284.21875 2293.125 2215.9375 2134.6875 2122.65625 2227.8125 2182.96875 2210 2135.625 2038.75 2091.5625 2133.90625 2084.375 2122.1875 2222.03125 2166.71875 2122.34375
1757.03125 1747.8125 1645.46875 1697.5 1713.90625 1736.09375 1716.40625 1613.90625 1747.8125 1790 1772.65625 1823.4375 1836.875 1754.84375 1695.78125 1891.40625 2008.59375 2052.96875 2061.875 2114.0625 2161.25 2193.75 2214.6875 2236.5625 2259.21875 2285.625 2312.34375 2333.28125 2342.5 2342.34375 2283.59375 2155.78125 2083.4375 1928.59375 1972.8125 1943.28125 1754.0625 1753.125 1925.625 2033.4375 2138.90625 2268.4375 2305.625 2268.4375 2170.625 2068.125 2142.1875 2195.15625 2267.03125 2272.1875 2193.125 2075.625 2085.15625 2083.90625 2211.40625 2216.40625 2197.34375 2203.28125 2148.90625 2187.5
1735.46875 1786.5625 1736.71875 1694.375 1697.65625 1708.28125 1707.1875 1699.6875 1681.09375 1733.125 1794.0625 1786.5625 1835.46875 1854.6875 1793.59375 1741.40625 1921.875 2020.15625 2072.8125 2111.09375 2153.125 2194.0625 2217.96875 2237.1875 2257.34375 2279.21875 2302.03125 2319.6875 2332.34375 2342.8125 2215.625 1897.65625 2009.21875 1787.03125 1716.71875 1737.34375 1725.15625 1654.21875 1837.65625 1967.5 2204.84375 2256.875 2229.0625 2167.65625 2149.84375 2174.84375 2194.21875 2195.9375 2218.90625 2241.40625 2191.5625 2132.1875 2153.90625 2166.09375 2222.65625 2227.8125 2207.1875 2171.25 2084.0625 2171.09375
1735.45454545455 1753.10344827586 1772.34375 1766.09375 1765.46875 1778.75 1767.1875 1722.96875 1773.28125 1709.84375 1730.3125 1739.53125 1759.84375 1848.75 1869.6875 1835 1803.125 1941.25 2054.375 2122.03125 2165.46875 2199.6875 2217.8125 2235 2252.1875 2271.71875 2290.3125 2302.96875 2316.71875 2259.0625 1860.9375 1605.78125 1691.71875 1785 1657.1875 1679.6875 1717.03125 1582.5 1840.625 2095.625 2194.21875 2219.375 2214.84375 2189.0625 2186.25 2195.625 2207.1875 2209.21875 2201.25 2164.53125 2241.875 2197.1875 2182.5 2168.59375 2189.21875 2173.28125 2139.375 2168.75 2199.21875 2273.4375
-3.4e+38 1749.09090909091 1760.78125 1754.6875 1747.65625 1790 1782.65625 1765.15625 1767.34375 1795.46875 1780 1778.4375 1736.09375 1680.3125 1792.65625 1861.40625 1867.96875 1815.15625 1919.21875 2070.15625 2166.25 2188.90625 2204.53125 2218.59375 2236.875 2255.46875 2265.78125 2276.5625 2273.59375 2174.6875 1937.65625 1746.25 1728.90625 1664.84375 1708.28125 1751.09375 1742.34375 1840.78125 2054.21875 2135 2167.34375 2191.25 2196.40625 2192.96875 2200.625 2201.875 2178.28125 2195.3125 2228.125 2250 2298.125 2310.15625 2265.9375 2246.71875 2230.15625 2119.0625 2100.15625 2225.46875 2384.21875 2457.8125
-3.4e+38 1731.25 1742.03125 1756.25 1758.4375 1763.90625 1815.46875 1788.28125 1786.25 1698.59375 1658.59375 1807.34375 1842.1875 1798.4375 1650.9375 1735.9375 1804.375 1832.65625 1833.90625 1997.5 2117.5 2144.21875 2161.25 2170.78125 2192.5 2200.3125 2213.4375 2228.125 2240.15625 2195 2112.5 1836.71875 1522.1875 1394.21875 1441.25 1678.90625 1865.15625 2010 2108.28125 2136.5625 2149.0625 2148.75 2171.875 2189.53125 2198.4375 2200.625 2194.375 2204.375 2224.84375 2260.46875 2309.0625 2335 2342.8125 2329.84375 2260 2130.78125 2115.15625 2222.65625 2337.5 2455
-3.4e+38 1714.87179487179 1731.5625 1752.8125 1777.34375 1797.03125 1785.625 1725 1749.375 1750.15625 1656.25 1533.125 1722.1875 1800 1831.71875 1829.21875 1825.9375 1772.96875 1782.03125 1821.25 1893.90625 1991.875 2001.5625 1969.6875 1948.125 1922.5 2102.5 2152.03125 2178.59375 2051.09375 1796.71875 1645.9375 1532.03125 1618.59375 1627.5 1803.28125 1988.75 2049.21875 2088.90625 2127.5 2129.84375 2137.5 2152.5 2175.78125 2186.09375 2179.375 2174.84375 2187.65625 2209.53125 2240.78125 2276.09375 2300.78125 2311.40625 2324.375 2302.5 2239.21875 2275.9375 2282.65625 2197.03125 2381.25
-3.4e+38 1659.55555555556 1673.125 1730.625 1753.90625 1789.0625 1817.96875 1777.03125 1736.40625 1777.1875 1721.71875 1662.65625 1515.78125 1502.8125 1660.9375 1784.0625 1812.03125 1827.03125 1813.4375 1702.5 1636.71875 1693.90625 1555.3125 1640.9375 1633.28125 1703.4375 1805.625 1861.09375 1905.46875 1809.0625 1659.6875 1597.34375 1731.875 1851.09375 1943.4375 2005.15625 2053.28125 2075.78125 2094.84375 2100.3125 2095.78125 2116.5625 2139.53125 2153.90625 2159.53125 2123.90625 2108.28125 2125.78125 2133.28125 2184.53125 2242.34375 2264.375 2271.09375 2303.4375 2314.6875 2319.0625 2336.5625 2376.875 2396.5625 2417.5
-3.4e+38 1695 1680.46875 1687.34375 1722.34375 1743.59375 1792.34375 1826.40625 1824.6875 1777.65625 1787.65625 1768.125 1738.59375 1647.1875 1521.5625 1585.9375 1652.34375 1691.875 1749.375 1693.75 1625 1547.03125 1362.34375 1204.0625 1269.375 1390.9375 1416.5625 1655.78125 1746.875 1713.125 1849.375 1907.5 1935.625 1974.21875 2024.0625 2053.125 2076.25 2092.34375 2105.15625 2116.71875 2121.71875 2124.53125 2130.15625 2138.90625 2128.59375 2110 2080.625 2095.46875 2134.21875 2156.5625 2172.1875 2217.65625 2223.28125 2270.15625 2264.21875 2228.28125 2258.90625 2297.96875 2340.78125 2394.0625
-3.4e+38 1690 1691.09375 1688.125 1723.125 1751.71875 1780.9375 1798.59375 1811.40625 1775.46875 1677.65625 1688.75 1675.46875 1622.03125 1655 1510.46875 1452.8125 1567.1875 1534.21875 1675 1632.03125 1552.65625 1464.375 1254.6875 1316.25 1426.25 1232.1875 1535.625 1749.6875 1804.21875 1856.71875 1898.90625 1943.28125 1988.75 2016.71875 2039.84375 2060.15625 2075.3125 2088.90625 2100 2103.90625 2107.65625 2109.84375 2077.5 2051.71875 2063.75 2069.375 2065.9375 2100.15625 2143.90625 2166.40625 2205.3125 2219.84375 2195.9375 2170.78125 2177.03125 2152.96875 2095.78125 2070 2044.53125
-3.4e+38 1700 1696.06557377049 1712.1875 1726.09375 1739.6875 1747.34375 1774.84375 1819.21875 1832.8125 1814.375 1660.625 1626.09375 1410.15625 1403.90625 1445.9375 1347.96875 1469.0625 1458.59375 1525.9375 1656.25 1625.3125 1563.28125 1457.34375 1420 1477.1875 1477.8125 1665.46875 1831.09375 1863.125 1783.125 1670.9375 1716.71875 1804.21875 1932.8125 2007.96875 2044.21875 2060 2070 2074.21875 2078.4375 2084.21875 2087.8125 2063.75 2034.53125 2044.84375 2056.5625 1995.78125 2035.625 2123.28125 2158.4375 2130 2095.46875 2060.625 2021.40625 2041.875 2080 2009.0625 1921.40625 1942.1875
-3.4e+38 1676.15384615385 1677.03125 1720.9375 1760.3125 1769.84375 1780.46875 1807.03125 1838.125 1863.90625 1884.84375 1872.96875 1841.5625 1735.78125 1670.3125 1567.03125 1583.125 1630.78125 1598.28125 1502.03125 1491.71875 1387.8125 1340.46875 1377.8125 1471.71875 1514.21875 1378.75 1471.40625 1646.5625 1884.53125 1909.21875 1911.71875 1862.5 1877.03125 1872.65625 1875.9375 1936.71875 2003.28125 2033.4375 2042.03125 2051.5625 2055.9375 2054.53125 2063.90625 2056.40625 2049.6875 2055.46875 2062.03125 2050.46875 2104.84375 2125.78125 2046.09375 2020.625 2049.6875 1976.40625 1965.78125 2030.625 1879.375 1911.09375 1868.28125
