Cases/SDM_Urocitellus_beldingi/westernUsClimate_hadley2080a2/BIO04.asc
NCOLS 315 
NROWS 297 
XLLCORNER -124.741664802 
YLLCORNER 29.2083311801598 
CELLSIZE 0.066666670143822 
NODATA_value -3.4e+38 
[rows 81 to 107 of 297, columns 236 to 294 of 315]
155796.875 157593.75 156421.875 150187.5 147781.25 148265.625 153171.875 158234.375 159265.625 159312.5 158390.625 160031.25 159921.875 158750 158171.875 156984.375 158828.125 161625 160625 155015.625 155906.25 158890.625 159656.25 160187.5 152953.125 149578.125 139046.875 135609.375 137515.625 141140.625 147140.625 159796.875 159921.875 162468.75 166218.75 166796.875 166656.25 164890.625 164125 165125 162781.25 159203.125 156890.625 156250 156468.75 153484.375 151203.125 150750 151234.375 152250 152343.75 152890.625 153875 154265.625 155843.75 156843.75 156281.25 156187.5 155578.125
157734.375 159312.5 159500 159609.375 158640.625 156921.875 155578.125 154906.25 157687.5 157578.125 156328.125 155203.125 155953.125 153984.375 153328.125 150312.5 150781.25 155968.75 157421.875 151359.375 150281.25 153375 152703.125 148453.125 140500 139687.5 131171.875 132046.875 132843.75 137937.5 144843.75 153656.25 157390.625 158671.875 164359.375 166062.5 158265.625 160125 164125 163359.375 163078.125 159875 154843.75 151687.5 153062.5 151687.5 151093.75 151515.625 152359.375 152109.375 153515.625 154656.25 155656.25 156484.375 157484.375 158062.5 159125 159437.5 159953.125
158453.125 159109.375 159390.625 159265.625 159781.25 159312.5 159062.5 158359.375 158718.75 157906.25 155265.625 154812.5 155265.625 153406.25 150875 146031.25 146468.75 150140.625 157578.125 159171.875 155015.625 150484.375 146203.125 141718.75 133671.875 132812.5 129078.125 132515.625 135953.125 143421.875 151171.875 152046.875 154562.5 158328.125 161890.625 163140.625 158750 156765.625 162281.25 160812.5 161953.125 159921.875 155953.125 148625 149265.625 151796.875 152265.625 152828.125 153171.875 153609.375 154406.25 155406.25 156718.75 157406.25 157062.5 157828.125 158156.25 161078.125 162796.875
159125 158796.875 159125 159031.25 158703.125 158875 159031.25 159453.125 159515.625 158468.75 157187.5 155390.625 154500 156062.5 156921.875 156718.75 157953.125 157656.25 159578.125 162828.125 162609.375 159671.875 154031.25 145062.5 138078.125 132453.125 130375 137828.125 145375 148906.25 149062.5 149968.75 153281.25 155437.5 159484.375 161343.75 159687.5 157671.875 158437.5 158656.25 160281.25 159578.125 156578.125 151125 147937.5 150468.75 151203.125 151187.5 152000 153015.625 154437.5 155031.25 156406.25 156578.125 156656.25 158562.5 160093.75 161093.75 161328.125
160453.125 159796.875 159062.5 158703.125 158015.625 158078.125 158937.5 159828.125 159640.625 158984.375 157781.25 156546.875 155953.125 156437.5 157453.125 158500 159281.25 160593.75 162453.125 163562.5 163406.25 160765.625 154140.625 149531.25 143906.25 139093.75 139078.125 142687.5 147031.25 149281.25 151156.25 150875 151218.75 155625 158953.125 158343.75 155687.5 156062.5 156656.25 157562.5 156359.375 156593.75 155921.875 152453.125 147218.75 148687.5 149687.5 150343.75 150921.875 152234.375 153437.5 154046.875 154406.25 156484.375 158609.375 159328.125 159781.25 159625 159437.5
161015.625 160859.375 159578.125 158390.625 157781.25 158328.125 159765.625 160531.25 160609.375 160000 158968.75 157828.125 157453.125 157500 158031.25 158468.75 159125 159656.25 160328.125 161375 162578.125 160578.125 157250 154500 151671.875 149062.5 146906.25 143703.125 145640.625 150656.25 152921.875 154390.625 155375 156687.5 155406.25 155609.375 154328.125 154015.625 153687.5 152593.75 154015.625 151781.25 151609.375 151015.625 147234.375 145953.125 148296.875 148187.5 150328.125 151765.625 153171.875 154406.25 156265.625 157156.25 158000 158828.125 159609.375 160062.5 160546.875
159109.375 159218.75 158718.75 158625 158531.25 159562.5 160890.625 162046.875 162140.625 161078.125 160140.625 159140.625 158781.25 158343.75 158234.375 157593.75 158593.75 158906.25 158687.5 158531.25 157968.75 156875 155421.875 153312.5 151500 150000 148453.125 149781.25 149750 149937.5 152921.875 154265.625 153265.625 152843.75 150718.75 151875 151109.375 150187.5 149984.375 151109.375 150671.875 149437.5 147718.75 147046.875 146546.875 145250 147125 149328.125 150640.625 151140.625 151875 153828.125 154312.5 155000 156875 157906.25 159437.5 159500 159765.625
159171.875 158828.125 158593.75 157859.375 158718.75 160062.5 161640.625 163578.125 163968.75 162109.375 160875 160062.5 159062.5 158359.375 158390.625 157921.875 157078.125 156562.5 155906.25 155890.625 155250 153265.625 151453.125 149203.125 147718.75 145890.625 144859.375 145718.75 147750 149640.625 150890.625 150703.125 149062.5 148781.25 149171.875 150765.625 150781.25 149546.875 148046.875 148515.625 147734.375 147484.375 147968.75 146406.25 145312.5 145078.125 146765.625 147593.75 147718.75 148671.875 150218.75 151375 152265.625 154125 156437.5 158156.25 159406.25 159953.125 161375
158296.875 158281.25 157890.625 158000 158109.375 159625 161296.875 162921.875 163609.375 162093.75 161218.75 160125 158375 157984.375 157437.5 157156.25 156171.875 155156.25 153437.5 151875 151203.125 148234.375 146546.875 143906.25 142656.25 142703.125 144312.5 145765.625 145406.25 146984.375 148046.875 147859.375 148328.125 148781.25 148953.125 149281.25 149781.25 149921.875 148109.375 148750 148578.125 148328.125 148234.375 146000 147250 145859.375 146546.875 146765.625 147703.125 149671.875 150125 150921.875 153093.75 155046.875 156171.875 157671.875 158640.625 159500 160453.125
157765.625 157437.5 156781.25 156343.75 157625 159031.25 160531.25 161921.875 162140.625 161859.375 160921.875 159843.75 157906.25 157250 156187.5 155875 154578.125 153093.75 151843.75 150750 147515.625 143781.25 140281.25 137312.5 138500 140984.375 141875 143218.75 144171.875 144046.875 144578.125 142406.25 142218.75 146500 147687.5 148234.375 148562.5 148843.75 148937.5 148859.375 149859.375 149421.875 148390.625 147765.625 148671.875 148812.5 147671.875 148906.25 148015.625 150109.375 152031.25 152812.5 152609.375 152546.875 155234.375 156453.125 157281.25 158609.375 160406.25
152125 155953.125 155062.5 154421.875 155031.25 157484.375 159359.375 160171.875 160640.625 160750 159531.25 158765.625 156953.125 155156.25 154281.25 153781.25 151812.5 149718.75 147953.125 147640.625 144421.875 140546.875 134906.25 134421.875 136234.375 138296.875 139515.625 140015.625 140937.5 141640.625 141828.125 142750 142734.375 145296.875 145984.375 145578.125 146578.125 148046.875 148625 148843.75 149609.375 149812.5 149453.125 149515.625 150375 150500 149531.25 149625 150562.5 151625 152765.625 154593.75 154781.25 155203.125 154828.125 154484.375 157046.875 158625 159328.125
147171.875 152125 154281.25 153140.625 153968.75 155984.375 157140.625 157015.625 157765.625 158734.375 158578.125 157046.875 154218.75 152453.125 151968.75 150984.375 148421.875 146625 145437.5 144015.625 140468.75 136109.375 132140.625 129906.25 129421.875 133796.875 135281.25 136750 137265.625 139046.875 140843.75 141968.75 142406.25 143984.375 145421.875 146406.25 146609.375 146187.5 148234.375 149328.125 149515.625 149906.25 150578.125 150937.5 151296.875 151031.25 151250 151609.375 152000 153218.75 154453.125 155781.25 157046.875 158734.375 157562.5 156921.875 156250 157500 157156.25
136328.125 144687.5 150578.125 152578.125 152406.25 154406.25 155140.625 155140.625 155515.625 157046.875 157015.625 155125 152312.5 146156.25 144515.625 146828.125 143875 142359.375 141640.625 140234.375 135234.375 132250 129953.125 127953.125 127984.375 126750 128968.75 131812.5 133562.5 136140.625 137187.5 138937.5 140296.875 141453.125 143140.625 145281.25 147000 147296.875 143281.25 140312.5 139078.125 140546.875 145531.25 149640.625 148453.125 149156.25 146984.375 147609.375 148484.375 150171.875 152281.25 154109.375 155765.625 159015.625 160171.875 158828.125 157312.5 158437.5 159156.25
139218.75 143578.125 146562.5 149484.375 152546.875 153687.5 154093.75 153937.5 154500 155812.5 155828.125 153453.125 147093.75 142656.25 142140.625 140656.25 138406.25 136968.75 138781.25 136453.125 133093.75 131328.125 130078.125 129015.625 128375 128875 128734.375 128593.75 129921.875 131250 132093.75 133125 135140.625 139562.5 142750 145953.125 146890.625 143781.25 139921.875 134546.875 130687.5 133296.875 142843.75 145484.375 142187.5 140265.625 139968.75 141109.375 142968.75 144968.75 149109.375 150515.625 152765.625 158375 160531.25 159562.5 159875 159906.25 161421.875
128562.5 135406.25 141859.375 146312.5 148968.75 152265.625 152578.125 152078.125 151453.125 153812.5 154015.625 148281.25 145406.25 143406.25 143031.25 141359.375 138671.875 138703.125 137109.375 135828.125 134953.125 133109.375 131250 130984.375 129328.125 131031.25 132671.875 131328.125 132406.25 135140.625 136593.75 136078.125 135671.875 136328.125 140890.625 146265.625 146875 145468.75 144703.125 138875 132046.875 132343.75 136265.625 136281.25 138171.875 136906.25 137843.75 140375 140812.5 145484.375 148656.25 151328.125 153968.75 156218.75 160421.875 161421.875 161828.125 162390.625 162937.5
135375 136531.25 140562.5 142546.875 144234.375 147218.75 149984.375 150375 149921.875 150328.125 148203.125 146984.375 146421.875 145609.375 144218.75 143609.375 141140.625 140343.75 139234.375 138281.25 137343.75 135187.5 132531.25 131359.375 131078.125 133046.875 134062.5 135390.625 136687.5 138187.5 138421.875 136843.75 136046.875 139750 144656.25 146171.875 145296.875 144031.25 143531.25 141375 136109.375 133484.375 131843.75 131093.75 132843.75 130406.25 136156.25 135937.5 139578.125 143593.75 143640.625 151687.5 154515.625 156656.25 158750 156875 158187.5 160078.125 162406.25
148359.375 143515.625 144171.875 145078.125 145765.625 145984.375 146312.5 147046.875 148171.875 148453.125 147203.125 146812.5 146187.5 145765.625 144890.625 144140.625 143203.125 141937.5 140703.125 139781.25 138609.375 135515.625 133406.25 134578.125 134718.75 132125 134484.375 137515.625 137968.75 138187.5 138734.375 138062.5 135796.875 140578.125 140359.375 140750 141937.5 141109.375 141078.125 137296.875 136734.375 135312.5 134421.875 134031.25 132875 131109.375 128234.375 129875 136140.625 138218.75 138625 145437.5 151953.125 156328.125 153750 153062.5 156328.125 158406.25 160484.375
152125 149859.375 149140.625 148484.375 148484.375 148156.25 146625 146687.5 146640.625 146328.125 147125 146046.875 143562.5 143609.375 143218.75 141562.5 140812.5 141203.125 139000 138093.75 137437.5 137171.875 136296.875 136281.25 137390.625 136781.25 136015.625 135921.875 133843.75 135921.875 137296.875 139343.75 138031.25 135828.125 133859.375 133828.125 135125 137187.5 140281.25 137875 135031.25 135453.125 135640.625 135640.625 135781.25 131859.375 129562.5 128125 129484.375 135859.375 136484.375 142375 147640.625 150546.875 149578.125 152468.75 157390.625 159796.875 161578.125
155421.875 152875 151671.875 150484.375 149968.75 149015.625 147734.375 146375 145906.25 145140.625 145984.375 146562.5 144609.375 142953.125 140078.125 136546.875 136390.625 138437.5 132031.25 130640.625 131640.625 133250 134453.125 135984.375 135890.625 134484.375 134250 133125 133562.5 135656.25 138578.125 138203.125 133390.625 133046.875 133531.25 132718.75 132031.25 132281.25 137640.625 138484.375 137500 138359.375 139171.875 139406.25 139093.75 138265.625 133875 132781.25 131718.75 136468.75 136609.375 136875 143531.25 146062.5 147843.75 152171.875 154984.375 156578.125 158843.75
157421.875 153750 150546.875 150265.625 149109.375 148281.25 147921.875 148109.375 147265.625 147203.125 147093.75 145375 144234.375 143171.875 142156.25 140812.5 139656.25 138328.125 134531.25 129687.5 128546.875 129250 133546.875 134250 127718.75 126640.625 128000 129859.375 132609.375 136281.25 137765.625 137718.75 130593.75 132656.25 133218.75 132875 133500 134078.125 134703.125 136125 138203.125 139953.125 141078.125 140796.875 139531.25 139921.875 139578.125 137953.125 133218.75 136187.5 134656.25 136984.375 140609.375 140125 145500 150187.5 155437.5 158390.625 160687.5
157046.875 153390.625 150656.25 151625 150609.375 150484.375 150250 150000 149046.875 148125 146906.25 146093.75 145406.25 144890.625 143593.75 141984.375 139390.625 136968.75 135421.875 133078.125 132296.875 133750 134250 133890.625 130468.75 127140.625 124484.375 126765.625 131187.5 132125 134156.25 139265.625 138750 136218.75 133343.75 131578.125 130109.375 135609.375 137156.25 138671.875 139859.375 141625 142562.5 143656.25 143468.75 142718.75 142796.875 141859.375 139359.375 138578.125 135406.25 136500 138015.625 138093.75 145921.875 149968.75 156484.375 159406.25 161453.125
154875 152609.375 151609.375 153265.625 152921.875 152656.25 152437.5 152046.875 151218.75 150281.25 149187.5 148718.75 147968.75 146734.375 144656.25 142843.75 141046.875 138953.125 137031.25 134093.75 132921.875 134312.5 136125 135921.875 133609.375 131609.375 130781.25 130593.75 129640.625 126265.625 127328.125 132828.125 133812.5 132484.375 129984.375 127781.25 125750 131437.5 136328.125 137031.25 140343.75 143593.75 145218.75 145437.5 146031.25 145562.5 145015.625 144406.25 143531.25 142937.5 138703.125 140062.5 143625 145531.25 147859.375 151171.875 158812.5 162281.25 163718.75
155171.875 152546.875 151484.375 152734.375 153031.25 152937.5 153109.375 152609.375 152125 152109.375 151140.625 150296.875 149359.375 148296.875 146781.25 144609.375 143140.625 141734.375 139718.75 138078.125 137171.875 135265.625 136671.875 136828.125 135718.75 134718.75 133125 131078.125 129796.875 130625 131859.375 134890.625 136984.375 134562.5 133625 129796.875 133593.75 134453.125 138625 140515.625 138562.5 142687.5 146656.25 147515.625 147609.375 147250 145781.25 145078.125 145125 145609.375 144812.5 144953.125 142890.625 144296.875 143546.875 149093.75 159125 163265.625 164640.625
152187.5 151046.875 151234.375 152687.5 153281.25 153906.25 154343.75 153515.625 152687.5 152500 152312.5 151265.625 150984.375 150125 149093.75 147593.75 145812.5 144218.75 142968.75 141218.75 139890.625 137500 136328.125 137234.375 136859.375 136156.25 135218.75 133781.25 131703.125 134140.625 135640.625 137093.75 138765.625 139156.25 139609.375 138953.125 141437.5 143281.25 144359.375 144718.75 144546.875 146375 148984.375 149718.75 149406.25 148796.875 148359.375 146203.125 144500 144328.125 142828.125 142343.75 144156.25 143406.25 144875 150531.25 159281.25 163109.375 163796.875
148546.875 151203.125 153000 154390.625 155390.625 155734.375 155500 155375 155375 154828.125 153687.5 153046.875 152828.125 151453.125 150515.625 148812.5 147750 146171.875 144625 143156.25 141984.375 140625 139546.875 138171.875 136875 133484.375 136656.25 134593.75 131171.875 133703.125 135687.5 137546.875 139828.125 139781.25 140875 141203.125 141578.125 142890.625 144953.125 147484.375 150265.625 151000 151125 151718.75 151140.625 150406.25 149562.5 148296.875 146828.125 145109.375 143734.375 145218.75 143671.875 145015.625 148171.875 152765.625 158406.25 160640.625 161562.5
151859.375 152656.25 153765.625 154781.25 156000 156687.5 156859.375 156812.5 156718.75 156312.5 155046.875 153703.125 152906.25 151187.5 149812.5 148484.375 147000 145906.25 144828.125 143812.5 142187.5 141812.5 140578.125 137687.5 135890.625 132734.375 134765.625 136187.5 132765.625 137062.5 138656.25 139703.125 140453.125 140656.25 140937.5 140234.375 139890.625 142062.5 144734.375 147906.25 150859.375 153734.375 154531.25 153984.375 152453.125 151640.625 151031.25 150046.875 148843.75 147828.125 147406.25 146984.375 145343.75 147937.5 150812.5 152875 153656.25 159265.625 160328.125
149125 150671.875 151968.75 152890.625 153296.875 154906.25 156250 157562.5 157953.125 157375 156750 155687.5 153906.25 152171.875 150312.5 149890.625 148625 146968.75 144062.5 143203.125 142156.25 141734.375 141468.75 139562.5 135828.125 134046.875 135015.625 135578.125 138343.75 138937.5 138312.5 139687.5 139921.875 139984.375 141109.375 142140.625 142562.5 143203.125 143937.5 147109.375 149828.125 152515.625 154062.5 153531.25 152062.5 151031.25 151687.5 151125 149375 147984.375 147843.75 147218.75 146421.875 146609.375 149453.125 153750 157406.25 156625 155250
