Cases/SDM_Urocitellus_beldingi/westernUsClimate_hadley2080a2/BIO06.asc
NCOLS 315 
NROWS 297 
XLLCORNER -124.741664802 
YLLCORNER 29.2083311801598 
CELLSIZE 0.066666670143822 
NODATA_value -3.4e+38 
[rows 208 to 233 of 297, columns 180 to 239 of 315]
-212.1875 -252.03125 -250.3125 -217.5 -175.78125 -166.09375 -228.75 -264.6875 -325.15625 -363.59375 -319.375 -291.875 -412.1875 -518.28125 -563.59375 -518.90625 -536.40625 -535.46875 -554.6875 -494.53125 -423.28125 -384.21875 -350.15625 -334.84375 -318.90625 -320.46875 -302.65625 -297.8125 -310.78125 -319.0625 -319.84375 -328.75 -354.0625 -377.1875 -383.28125 -375.78125 -367.03125 -383.75 -376.71875 -354.6875 -347.65625 -358.28125 -353.90625 -339.84375 -341.875 -347.03125 -347.1875 -346.09375 -352.8125 -374.6875 -392.96875 -414.0625 -458.59375 -490.78125 -492.1875 -503.75 -490.46875 -491.71875 -490.9375 -505.78125
-225 -207.34375 -250.3125 -241.40625 -185.15625 -138.4375 -129.21875 -153.59375 -225.46875 -274.53125 -242.03125 -154.21875 -397.65625 -443.125 -485.15625 -421.875 -557.8125 -558.28125 -537.03125 -538.125 -501.875 -434.21875 -399.0625 -371.40625 -344.84375 -350.46875 -345.9375 -332.5 -333.125 -339.21875 -331.25 -343.90625 -366.40625 -367.5 -364.21875 -373.75 -400.625 -406.875 -377.03125 -358.75 -373.75 -369.53125 -349.84375 -343.28125 -351.09375 -339.53125 -339.21875 -361.71875 -388.75 -407.8125 -408.125 -423.28125 -462.96875 -477.03125 -494.0625 -480 -459.6875 -460.46875 -479.53125 -524.53125
-256.875 -213.59375 -188.90625 -200.625 -175.78125 -123.59375 -76.71875 -62.34375 -55.15625 -105.78125 -41.5625 -86.5625 -238.59375 -302.34375 -254.21875 -383.90625 -480.3125 -560 -593.75 -550.625 -564.21875 -535.46875 -440.78125 -404.0625 -372.03125 -370.78125 -368.90625 -358.4375 -359.53125 -367.34375 -367.5 -362.1875 -364.0625 -373.125 -373.75 -371.25 -383.125 -380.3125 -370.625 -373.90625 -363.28125 -344.6875 -340.46875 -341.5625 -340.15625 -341.71875 -359.0625 -385.46875 -428.28125 -466.25 -462.8125 -482.96875 -470.78125 -483.28125 -488.75 -468.4375 -462.8125 -507.03125 -570 -599.84375
-259.21875 -215.625 -181.875 -156.875 -151.25 -117.5 -61.875 -18.90625 1.875 14.84375 6.875 41.5625 34.0625 40.78125 -49.375 -187.03125 -376.875 -491.875 -576.40625 -566.40625 -571.71875 -546.875 -473.28125 -417.34375 -392.5 -391.40625 -416.5625 -387.1875 -390.15625 -391.40625 -396.71875 -403.90625 -398.125 -386.875 -388.4375 -388.90625 -384.0625 -386.71875 -382.65625 -373.28125 -360.3125 -360.9375 -362.96875 -357.34375 -352.8125 -363.90625 -387.5 -403.4375 -427.8125 -464.375 -464.53125 -457.5 -457.8125 -482.1875 -482.5 -461.25 -479.0625 -517.96875 -557.1875 -608.28125
-247.03125 -209.21875 -232.03125 -192.8125 -144.84375 -137.65625 -98.90625 -47.8125 -4.375 26.09375 63.90625 72.03125 81.5625 85.9375 81.875 -143.125 -288.75 -415.9375 -542.34375 -589.6875 -591.875 -542.8125 -513.28125 -454.6875 -419.84375 -415.78125 -419.6875 -443.90625 -421.25 -418.90625 -419.375 -434.0625 -436.5625 -431.5625 -434.375 -432.34375 -421.25 -419.0625 -415.15625 -394.6875 -376.09375 -377.96875 -375 -378.125 -377.96875 -374.6875 -382.96875 -392.65625 -425.9375 -450.46875 -435.46875 -434.6875 -459.84375 -466.5625 -459.53125 -474.84375 -492.03125 -521.40625 -565.3125 -596.71875
-225 -208.59375 -225.9375 -209.21875 -175.625 -142.34375 -111.09375 -90.3125 -162.34375 13.28125 72.65625 77.1875 77.03125 71.09375 79.375 14.53125 -122.8125 -318.59375 -484.21875 -567.5 -592.03125 -530.625 -498.28125 -492.1875 -458.125 -445 -445.46875 -465.625 -453.4375 -450 -453.28125 -462.1875 -472.8125 -478.28125 -483.90625 -475 -463.125 -453.75 -444.0625 -415.3125 -384.84375 -388.59375 -373.90625 -370.9375 -371.40625 -377.5 -387.03125 -396.40625 -422.1875 -433.125 -423.28125 -439.375 -436.25 -451.71875 -484.84375 -510.9375 -510.625 -523.90625 -560.78125 -582.65625
-221.09375 -210.15625 -220 -206.25 -181.09375 -137.34375 -91.875 -89.0625 -283.59375 -190.625 66.09375 77.65625 70.3125 78.125 74.53125 39.21875 -93.125 -276.25 -383.75 -485.625 -511.5625 -506.40625 -507.1875 -490.78125 -481.25 -474.6875 -477.34375 -494.0625 -497.34375 -490.15625 -497.5 -497.65625 -500.15625 -517.34375 -522.03125 -517.8125 -504.375 -488.125 -467.34375 -444.53125 -409.53125 -402.03125 -386.71875 -376.40625 -386.25 -389.0625 -386.875 -408.90625 -415.3125 -413.28125 -414.6875 -420.9375 -433.59375 -459.0625 -504.53125 -556.5625 -572.8125 -558.28125 -566.71875 -603.4375
-207.5 -208.125 -248.90625 -207.5 -166.25 -130 -83.28125 -61.40625 -188.4375 -192.34375 7.8125 76.875 69.375 59.6875 72.34375 52.5 -102.65625 -264.84375 -340.15625 -451.25 -468.75 -494.6875 -491.40625 -496.5625 -503.59375 -501.40625 -509.53125 -523.59375 -523.125 -525.9375 -532.8125 -535.3125 -527.65625 -528.125 -530 -530.9375 -532.65625 -519.0625 -503.75 -475.625 -444.21875 -443.4375 -415.9375 -398.28125 -391.25 -390.15625 -390.78125 -400.3125 -401.5625 -400.625 -408.59375 -429.6875 -452.8125 -475.3125 -506.09375 -544.84375 -565.15625 -612.03125 -631.875 -654.0625
-143.28125 -176.5625 -239.84375 -207.65625 -175.78125 -154.0625 -82.8125 -23.75 -48.4375 -40.78125 -8.90625 42.03125 76.5625 75.625 82.8125 47.96875 -137.8125 -218.4375 -279.0625 -397.03125 -442.8125 -487.96875 -524.0625 -518.28125 -524.375 -533.90625 -536.5625 -545 -550.78125 -556.71875 -567.1875 -574.84375 -569.6875 -557.34375 -545 -537.65625 -541.5625 -529.53125 -521.25 -500.46875 -478.59375 -473.59375 -449.21875 -438.28125 -419.6875 -412.5 -414.53125 -415 -432.34375 -419.21875 -424.0625 -445.78125 -455.15625 -470.3125 -488.4375 -525.15625 -547.8125 -573.59375 -593.4375 -615.15625
-108.59375 -135 -232.34375 -229.0625 -225 -202.65625 -126.40625 -5.9375 -5.3125 55.625 65.78125 40 16.875 109.21875 104.84375 51.875 -114.0625 -245.46875 -324.375 -426.09375 -465.78125 -497.8125 -511.09375 -528.90625 -544.84375 -569.84375 -569.21875 -571.09375 -568.90625 -589.53125 -597.1875 -604.21875 -597.5 -590 -572.5 -559.0625 -555.625 -537.96875 -522.03125 -503.59375 -495.9375 -494.375 -484.53125 -474.6875 -453.75 -438.90625 -442.34375 -460.46875 -470.625 -444.6875 -445.9375 -463.59375 -498.28125 -496.09375 -501.25 -518.4375 -546.09375 -566.5625 -569.6875 -573.90625
-43.125 -73.125 -151.5625 -180.46875 -268.28125 -283.90625 -127.5 9.21875 68.75 109.0625 108.90625 60 -46.5625 50.9375 140 43.75 -92.34375 -127.1875 -290.625 -418.4375 -464.375 -478.90625 -492.8125 -566.5625 -565 -588.59375 -595.46875 -596.5625 -586.71875 -605 -614.21875 -615.15625 -613.75 -609.6875 -597.34375 -575.46875 -562.8125 -542.1875 -525.625 -504.6875 -499.6875 -505.78125 -506.875 -522.1875 -499.6875 -504.21875 -497.65625 -504.84375 -477.5 -474.53125 -467.34375 -488.75 -540.78125 -576.09375 -572.8125 -568.75 -583.75 -604.6875 -601.25 -597.03125
-8.4375 -19.375 -29.375 -76.71875 -201.71875 -204.21875 -97.8125 37.8125 120.9375 179.0625 155.78125 108.28125 39.53125 -73.75 85.46875 118.125 34.375 -166.40625 -261.09375 -244.6875 -265.46875 -277.1875 -318.125 -428.125 -472.96875 -574.21875 -604.84375 -603.90625 -607.34375 -617.5 -616.40625 -615.78125 -623.28125 -623.4375 -612.96875 -602.8125 -570.78125 -565.9375 -546.40625 -520.625 -513.125 -519.375 -524.84375 -528.28125 -548.59375 -533.75 -526.5625 -524.375 -514.53125 -499.53125 -502.96875 -537.1875 -574.21875 -600.625 -625.78125 -623.4375 -621.25 -625.15625 -643.75 -639.21875
-18.4375 -22.8125 39.6875 40.9375 -38.4375 -107.96875 0.46875 167.8125 194.375 206.875 193.125 127.65625 43.28125 -91.25 -65.78125 192.5 120 -55.3125 -97.5 -121.40625 -153.28125 -190.46875 -265.15625 -335.46875 -345.46875 -405.15625 -483.75 -564.6875 -612.1875 -608.4375 -618.59375 -625.78125 -623.28125 -626.875 -627.96875 -611.5625 -599.375 -576.25 -559.21875 -528.75 -541.71875 -531.875 -534.375 -548.75 -565 -547.65625 -547.1875 -576.71875 -553.4375 -531.09375 -511.25 -530.625 -587.5 -623.4375 -649.6875 -663.4375 -683.90625 -673.59375 -692.1875 -702.03125
-42.1875 -35.46875 95.3125 118.59375 7.03125 -175.3125 -57.96875 188.4375 293.59375 271.09375 232.8125 172.8125 56.09375 86.40625 132.5 210.15625 129.21875 46.09375 64.0625 25.15625 -132.96875 -182.65625 -171.25 -241.09375 -251.5625 -314.0625 -400.78125 -472.8125 -548.90625 -535 -569.0625 -602.1875 -575.15625 -570.15625 -570 -582.8125 -601.875 -583.59375 -568.125 -556.25 -543.125 -554.21875 -566.71875 -581.71875 -589.84375 -589.0625 -598.59375 -630.625 -608.75 -577.65625 -550.9375 -572.96875 -594.375 -640.625 -674.84375 -701.40625 -730.46875 -728.125 -730 -721.875
68.4375 27.5 102.65625 149.6875 18.4375 -71.875 -150.625 24.53125 355.15625 298.90625 233.125 155.9375 61.5625 237.65625 284.6875 321.5625 104.84375 -59.0625 -152.8125 9.21875 -13.59375 -116.25 -68.75 -103.90625 -221.875 -290.9375 -343.125 -410.78125 -477.96875 -491.71875 -475 -562.5 -535 -495.3125 -506.5625 -508.28125 -548.125 -548.28125 -524.21875 -537.8125 -538.59375 -562.96875 -594.84375 -609.84375 -642.65625 -663.90625 -677.8125 -697.65625 -669.21875 -633.75 -599.375 -601.40625 -645.78125 -655.625 -685 -722.8125 -752.65625 -766.5625 -756.71875 -758.75
211.25 208.125 219.53125 176.40625 151.40625 120.15625 119.6875 114.6875 414.53125 413.4375 295.3125 166.09375 109.0625 183.90625 238.125 371.25 233.4375 0.9375 -160.9375 -77.34375 107.34375 78.90625 -13.125 -149.53125 -206.5625 -259.0625 -311.09375 -339.6875 -414.53125 -425.15625 -401.875 -465.9375 -454.375 -392.1875 -457.34375 -440 -449.84375 -476.875 -480.78125 -486.09375 -508.4375 -545 -582.5 -611.71875 -646.875 -689.6875 -730.78125 -779.21875 -728.59375 -668.75 -645 -631.5625 -663.75 -697.1875 -712.65625 -737.8125 -775 -795 -787.34375 -780.46875
267.8125 259.53125 184.53125 227.03125 339.53125 348.59375 402.03125 390.46875 496.40625 464.21875 272.5 164.375 137.96875 205.46875 286.09375 425 314.21875 168.75 -100.625 -122.5 99.6875 145.9375 -25 -186.09375 -242.65625 -220.78125 -330.625 -263.125 -328.125 -340.46875 -296.25 -384.53125 -373.28125 -315.9375 -345.15625 -454.53125 -348.59375 -396.71875 -441.09375 -524.0625 -522.5 -539.53125 -552.34375 -557.34375 -624.84375 -664.375 -714.21875 -762.5 -756.71875 -714.375 -742.8125 -734.6875 -718.90625 -729.21875 -758.28125 -777.65625 -809.6875 -814.53125 -822.96875 -818.59375
303.28125 298.4375 272.03125 254.84375 344.375 478.75 555.3125 540 532.96875 495.78125 360.3125 270.78125 273.4375 228.75 292.65625 467.34375 370.625 167.5 -60.625 -40.78125 115.15625 170.625 10.46875 -220.9375 -233.4375 -242.65625 -314.21875 -199.0625 -274.6875 -248.125 -170.78125 -305.625 -342.5 -275 -288.90625 -370.9375 -302.1875 -316.40625 -391.25 -418.125 -455.78125 -499.375 -464.53125 -599.375 -664.84375 -703.59375 -778.59375 -807.03125 -779.53125 -769.6875 -785.46875 -790.9375 -743.125 -758.125 -833.28125 -816.5625 -830.78125 -813.90625 -815 -815
332.03125 367.8125 379.6875 382.34375 406.09375 508.75 578.125 567.1875 552.5 530 493.28125 402.5 334.0625 250.9375 261.25 357.03125 460 269.6875 124.84375 40 58.75 202.34375 155.3125 -38.125 -166.5625 -191.71875 -294.84375 -166.5625 -251.71875 -245.9375 -162.65625 -235.78125 -273.90625 -235 -276.5625 -342.96875 -258.90625 -249.0625 -286.40625 -344.53125 -447.1875 -410 -408.59375 -545.3125 -635 -711.25 -800.9375 -857.03125 -801.09375 -764.84375 -763.90625 -768.28125 -773.75 -793.90625 -840.9375 -812.8125 -820.9375 -809.375 -811.09375 -830.15625
375.9375 415 439.53125 479.375 512.8125 543.59375 576.40625 584.0625 580.3125 567.1875 548.4375 527.8125 471.5625 398.28125 414.21875 424.6875 497.65625 371.5625 215.78125 178.90625 35 238.59375 237.34375 109.6875 15.9375 -91.71875 -262.96875 -308.4375 -23.59375 -134.375 -84.375 -2.5 -72.65625 -153.4375 -216.25 -211.71875 -202.03125 -216.40625 -247.5 -322.1875 -344.21875 -314.53125 -396.25 -458.4375 -562.1875 -665.78125 -721.875 -749.6875 -750.9375 -737.34375 -749.375 -741.875 -776.5625 -792.96875 -788.28125 -799.53125 -804.6875 -806.71875 -805.625 -812.8125
429.375 446.40625 475.15625 508.59375 538.4375 561.25 580.15625 589.21875 589.6875 585.46875 575 561.09375 522.65625 465.625 488.28125 559.6875 547.03125 335.46875 380.15625 176.25 -14.0625 220.46875 340.9375 281.25 179.21875 138.4375 -52.8125 -158.4375 75.9375 119.6875 119.6875 45.3125 -137.65625 -94.84375 -134.84375 -175.78125 -133.75 -182.96875 -222.65625 -240 -241.40625 -313.75 -408.125 -523.28125 -583.125 -605.46875 -632.96875 -671.25 -684.6875 -678.28125 -689.375 -718.59375 -753.28125 -766.875 -774.21875 -772.5 -792.5 -817.1875 -809.375 -681.5625
458.90625 474.6875 494.53125 520.9375 548.28125 569.21875 585.625 593.90625 592.65625 593.59375 590 580.9375 565.9375 492.8125 512.96875 583.90625 589.84375 501.71875 470.46875 288.90625 113.59375 84.6875 315 426.25 418.4375 371.25 295.9375 158.28125 238.90625 224.21875 158.4375 -18.75 -209.21875 -215.625 -224.6875 -238.90625 -221.09375 -169.53125 -162.5 -275.46875 -337.96875 -376.40625 -413.28125 -458.75 -508.59375 -563.75 -625.625 -638.75 -634.53125 -648.125 -691.25 -723.28125 -738.75 -741.40625 -727.8125 -735.15625 -806.25 -778.4375 -695.625 -619.21875
480.15625 481.40625 482.96875 516.71875 550.3125 574.21875 588.125 593.90625 599.6875 598.59375 599.21875 602.65625 600.3125 552.96875 532.1875 597.5 597.34375 576.875 516.40625 487.1875 319.21875 169.21875 319.375 396.875 390.46875 447.03125 420.625 336.09375 268.4375 232.03125 75.46875 5.625 -153.90625 -107.5 -233.125 -262.96875 -262.65625 -256.5625 -250.3125 -224.0625 -285.46875 -316.25 -357.8125 -402.03125 -478.90625 -573.28125 -585.15625 -585.78125 -589.0625 -683.90625 -727.1875 -760 -727.03125 -656.71875 -607.5 -743.125 -747.96875 -669.84375 -701.09375 -639.21875
494.84375 486.875 427.65625 512.34375 557.1875 580.625 587.96875 590 596.5625 601.875 600.625 604.53125 612.96875 609.0625 597.65625 597.1875 593.90625 587.65625 600.625 587.34375 511.40625 467.96875 482.5 381.5625 270.78125 404.0625 403.75 301.5625 186.25 75.15625 -20.625 86.40625 -12.34375 38.59375 -69.21875 -169.84375 -168.125 -197.5 -207.5 -265 -254.0625 -278.4375 -313.90625 -358.125 -434.21875 -479.375 -490.46875 -536.875 -568.28125 -655 -707.5 -707.34375 -605.78125 -543.75 -637.1875 -715.46875 -623.90625 -610.625 -587.65625 -676.09375
506.25 504.53125 489.0625 527.96875 554.375 568.125 580.46875 592.65625 595.78125 604.0625 611.25 606.09375 609.6875 610.15625 608.90625 600.3125 589.0625 576.875 572.96875 588.75 528.4375 426.875 358.59375 188.4375 182.8125 308.90625 336.40625 294.21875 328.28125 125.78125 33.90625 135.15625 177.96875 166.09375 99.0625 36.40625 -0.9375 -61.875 -131.25 -232.1875 -299.53125 -326.875 -335.78125 -354.84375 -399.53125 -417.8125 -460.625 -472.96875 -439.53125 -486.5625 -563.75 -575 -459.53125 -544.53125 -659.6875 -686.25 -494.84375 -417.8125 -574.6875 -706.40625
517.1875 512.65625 513.75 531.09375 552.34375 575.46875 582.03125 582.34375 586.71875 591.875 607.8125 605.3125 597.96875 601.25 597.1875 598.90625 602.65625 608.28125 612.65625 499.21875 475.15625 441.09375 368.125 167.96875 229.84375 357.03125 297.34375 232.65625 344.84375 232.1875 207.03125 196.71875 240.9375 238.125 199.21875 123.28125 58.28125 14.53125 -47.65625 -109.6875 -227.8125 -343.75 -350.46875 -353.75 -367.1875 -387.03125 -442.1875 -460.15625 -365 -460.625 -588.75 -533.59375 -445.15625 -367.96875 -460.625 -503.28125 -364.6875 -322.34375 -473.28125 -658.125
