Cases/SDM_Urocitellus_beldingi/westernUsClimate_hadley2080a2/BIO08.asc
NCOLS 315 
NROWS 297 
XLLCORNER -124.741664802 
YLLCORNER 29.2083311801598 
CELLSIZE 0.066666670143822 
NODATA_value -3.4e+38 
[rows 104 to 129 of 297, columns 120 to 179 of 315]
229.375 245.9375 244.21875 230 219.0625 173.59375 146.09375 180.9375 174.21875 98.75 -7.96875 -4.375 22.1875 72.34375 87.65625 81.40625 111.71875 79.375 84.53125 93.125 104.0625 94.6875 109.6875 107.34375 45.78125 -44.375 -118.28125 -150.46875 8.59375 199.21875 210.3125 136.25 110.15625 156.25 138.28125 117.5 -78.4375 -84.84375 -88.125 10.625 392.8125 1413.75 1020 -160.46875 548.90625 737.34375 2387.1875 2549.53125 2557.34375 2568.75 2587.34375 2611.71875 2595 2124.375 1653.59375 2292.65625 2655.9375 2661.875 2626.40625 2588.59375
239.53125 231.25 216.5625 194.84375 178.4375 163.59375 146.5625 177.65625 177.34375 134.6875 -19.53125 -27.65625 22.96875 -20.78125 19.21875 73.28125 101.09375 20.46875 20.3125 33.28125 24.21875 17.96875 19.0625 10.46875 -105.9375 -173.59375 -43.59375 -4.0625 -10.3125 153.75 194.84375 211.5625 185.625 117.34375 107.65625 112.1875 -59.375 18.75 16.09375 410.46875 1939.84375 2327.5 454.6875 -173.59375 1809.6875 1561.25 2504.6875 2489.21875 1749.53125 1338.125 1146.875 2109.6875 2525.9375 2576.5625 2624.53125 2653.90625 2690.46875 2702.1875 2690.3125 2642.03125
239.6875 249.0625 232.5 208.28125 191.40625 181.40625 175.46875 182.8125 165.15625 136.09375 93.4375 5.15625 -10.3125 -52.03125 1.40625 62.8125 77.5 -46.25 -122.1875 -38.75 -141.71875 -95.46875 -211.09375 -143.28125 -181.40625 -80.78125 49.375 28.125 28.90625 82.03125 208.28125 222.96875 169.53125 -16.71875 -94.84375 62.8125 42.65625 65.3125 547.65625 2299.375 2163.125 382.34375 -144.21875 -187.65625 687.8125 1661.71875 1284.375 1155.78125 -23.59375 -356.5625 -377.34375 -290.3125 716.875 2554.21875 2679.53125 2707.65625 2726.09375 2728.28125 2705.9375 2679.375
253.75 250.9375 242.1875 225.3125 211.25 203.90625 202.5 185.625 130.3125 42.65625 49.375 90.46875 58.59375 -50.15625 0.15625 39.53125 27.65625 48.75 -137.65625 -182.5 -374.21875 -169.53125 -323.75 -137.65625 -30.15625 19.21875 81.40625 14.6875 -35 140.78125 285.3125 114.0625 264.84375 -41.40625 -123.28125 52.1875 234.6875 1160 2472.34375 2194.53125 626.40625 30.78125 424.53125 707.96875 211.09375 1288.125 627.65625 1277.65625 1593.4375 1819.84375 1877.65625 2268.28125 2530 2665.9375 2740.15625 2718.4375 2739.6875 2729.84375 2692.65625 2685.15625
260 253.4375 245.15625 236.40625 227.65625 226.09375 225.15625 202.03125 133.90625 -18.90625 3.4375 86.5625 82.8125 30.3125 20 -13.4375 -85.625 -1.25 -236.09375 -285.46875 -358.75 -324.84375 -214.53125 -8.125 48.4375 89.0625 69.53125 45.3125 -68.59375 439.53125 446.25 -15.9375 202.5 -35.15625 78.28125 387.1875 155 457.8125 1609.375 373.90625 0.78125 185.9375 1774.84375 2463.75 705.3125 -25.15625 1446.5625 2440.78125 2597.65625 2632.1875 2646.71875 2659.0625 2683.75 2754.84375 2792.8125 2790 2785 2762.8125 2726.40625 2631.40625
260 257.34375 248.28125 240 237.03125 232.8125 227.03125 202.03125 103.90625 -30.15625 7.1875 68.125 36.5625 40.78125 44.21875 25 -30 14.53125 -4.84375 -119.6875 -167.65625 -245.46875 -43.4375 20.78125 53.75 53.125 -55 38.90625 137.34375 77.5 -91.40625 -57.65625 65 235.3125 1709.53125 2299.375 643.90625 230.15625 22.1875 -125.625 851.875 2342.03125 2527.34375 2492.96875 977.65625 892.1875 2548.90625 2596.09375 2632.96875 2669.84375 2695 2717.96875 2692.03125 2761.875 2814.84375 2813.125 2810.15625 2805.15625 2737.5 2302.8125
260 258.4375 247.96875 240 240.3125 247.8125 235.15625 207.65625 94.375 109.375 76.40625 -30.15625 7.34375 63.4375 52.34375 10.46875 -25 14.53125 30.9375 -33.59375 -91.5625 -34.21875 -4.0625 11.71875 26.40625 2.65625 -11.5625 58.4375 135.15625 91.09375 24.375 -150.78125 21.40625 1286.25 2497.03125 1877.8125 73.28125 1099.21875 2166.875 1299.21875 1850.46875 2533.28125 2591.71875 2532.65625 1309.375 2154.84375 2571.25 2651.40625 2647.03125 2655.3125 2640 2715 2743.75 2786.40625 2822.65625 2832.03125 2830.3125 2829.375 2675.78125 2264.375
260 258.28125 252.5 238.75 236.25 247.03125 225.15625 209.6875 152.5 146.875 34.0625 -63.125 26.09375 71.875 53.59375 7.65625 7.8125 7.34375 40.9375 2.1875 -4.6875 21.875 33.125 4.84375 -84.84375 -154.6875 -2.5 67.34375 101.09375 101.5625 11.09375 -114.6875 1214.0625 2437.34375 2518.28125 2479.53125 2024.375 1092.5 2428.4375 2109.6875 1829.6875 2517.1875 2625.15625 2561.25 1969.21875 2380.46875 2613.125 2707.8125 2720.625 2706.875 2733.4375 2760.15625 2792.65625 2743.4375 2828.28125 2851.875 2847.65625 2844.375 2589.21875 2322.1875
254.375 243.28125 252.96875 232.1875 214.0625 220.9375 189.53125 203.4375 157.5 132.1875 -6.71875 -209.375 43.4375 93.125 48.90625 47.34375 24.6875 16.25 40.3125 37.1875 -51.5625 18.59375 48.75 27.96875 -85.9375 -217.65625 -72.96875 38.125 75.3125 82.96875 8.59375 1370.46875 2476.09375 2487.8125 2103.4375 2495.9375 2552.65625 2527.65625 2510.78125 2403.28125 2465.3125 2572.34375 2664.53125 2575.15625 2479.0625 2467.03125 2656.25 2767.65625 2773.59375 2800.46875 2834.6875 2838.75 2802.03125 2677.34375 2739.21875 2894.21875 2868.28125 2827.03125 2534.53125 2290.78125
249.375 232.1875 205.46875 159.375 144.6875 189.6875 171.25 201.09375 216.71875 196.875 59.53125 -46.09375 94.84375 109.53125 83.59375 36.5625 82.03125 52.8125 43.125 -7.5 -1.25 22.34375 54.6875 41.71875 14.0625 -132.1875 -158.59375 21.25 56.09375 592.5 1432.5 2464.21875 2491.5625 2363.4375 1545.9375 2481.25 2415.15625 2473.4375 2590.9375 2531.71875 2538.59375 2667.5 2708.125 2714.53125 2725.46875 2733.59375 2813.4375 2830.15625 2821.5625 2846.875 2861.09375 2858.28125 2756.5625 2558.59375 2704.84375 2874.375 2799.84375 2358.75 2348.90625 2308.75
232.03125 204.53125 199.375 207.1875 172.65625 116.875 77.8125 132.1875 223.75 219.6875 125.3125 27.5 96.5625 127.1875 109.84375 60.15625 92.1875 94.6875 31.875 -66.71875 14.21875 12.8125 61.5625 57.65625 37.96875 10.46875 -85 -3.28125 16.40625 653.59375 1972.03125 2256.71875 2481.25 2461.5625 2454.0625 2354.21875 1884.53125 2455.46875 2625.3125 2645.15625 2689.375 2732.34375 2757.03125 2792.5 2802.5 2837.1875 2851.25 2858.4375 2866.40625 2873.59375 2875.46875 2876.875 2775.625 2730.15625 2830.9375 2886.5625 2751.40625 2324.0625 2323.125 2323.4375
232.65625 279.375 274.6875 252.1875 211.25 109.21875 134.84375 199.84375 239.53125 211.5625 47.5 52.96875 120.15625 135.15625 127.8125 118.4375 114.21875 103.90625 67.34375 31.875 -6.25 35.3125 72.1875 68.90625 57.96875 39.0625 -100.3125 -29.84375 14.53125 -28.75 127.34375 2214.6875 2464.21875 2447.96875 2404.84375 1452.8125 2253.90625 2577.34375 2662.8125 2684.375 2614.84375 2646.71875 2777.8125 2818.90625 2835.15625 2853.90625 2865 2875.46875 2880.46875 2884.0625 2888.90625 2893.90625 2893.75 2877.96875 2877.96875 2909.0625 2491.875 2343.75 2343.59375 2340.3125
299.375 298.75 279.0625 274.21875 258.75 206.09375 184.21875 245.3125 222.8125 164.53125 149.84375 141.875 155.625 150.625 142.65625 115.9375 81.25 89.21875 100.15625 75.9375 59.6875 72.96875 75.46875 77.65625 71.875 69.53125 18.59375 -41.71875 -22.96875 -66.25 -86.5625 1569.21875 2425.78125 2446.09375 2394.0625 1273.125 2425.9375 2627.03125 2671.875 2641.875 2371.40625 2560.78125 2784.0625 2848.4375 2854.375 2871.40625 2880.625 2887.96875 2894.6875 2898.28125 2834.84375 2895.625 2912.1875 2914.6875 2906.875 2784.84375 2373.75 2348.59375 2349.375 2352.03125
314.6875 282.1875 254.375 266.09375 265 242.65625 167.03125 165.9375 160.3125 199.21875 181.5625 149.84375 166.25 154.375 144.21875 87.8125 4.6875 85.46875 113.4375 89.53125 78.28125 80.3125 80.625 81.09375 95.46875 110.15625 14.84375 9.375 -34.21875 -37.65625 399.375 282.34375 1035.46875 2325.15625 2414.6875 2216.5625 2401.875 2612.34375 2665.9375 2642.1875 2050.15625 2570.15625 2835.625 2864.375 2881.25 2887.8125 2895.625 2901.71875 2907.8125 2911.25 2782.03125 2914.84375 2925 2928.28125 2865.9375 2733.90625 2355.15625 2307.1875 2320.15625 2365.9375
290.15625 268.90625 274.6875 274.0625 282.34375 239.84375 133.4375 139.21875 194.6875 241.09375 180.78125 85.15625 162.34375 164.6875 110 9.6875 99.375 116.71875 122.65625 67.65625 110.46875 153.90625 105.3125 128.125 116.09375 86.71875 125.15625 100 9.375 104.53125 1050.15625 751.25 -79.6875 1528.125 2440.3125 2475.15625 2424.21875 2406.09375 2680.78125 2682.03125 2308.90625 2785.78125 2887.03125 2891.875 2849.375 2898.90625 2910.9375 2916.875 2922.96875 2923.125 2856.71875 2955.15625 2944.53125 2939.0625 2814.375 2387.96875 2371.5625 2280.46875 2342.34375 2379.53125
330.78125 310.9375 319.84375 301.25 286.875 272.8125 170.15625 176.875 253.59375 242.65625 175.46875 181.71875 187.03125 163.4375 59.21875 48.28125 122.8125 185.3125 177.65625 217.5 253.125 225.625 216.71875 103.28125 -192.1875 -50.3125 155.3125 -3.59375 -113.75 127.65625 402.5 1612.5 229.375 2422.03125 2491.09375 2431.71875 2073.4375 2538.4375 2727.5 1933.28125 1632.96875 2838.59375 2903.90625 2908.90625 2880 2917.8125 2923.28125 2931.40625 2936.25 2935.78125 2865 2955 2946.71875 2942.96875 2845.9375 2515.3125 2465.625 2327.8125 2379.84375 2390.9375
346.09375 333.28125 320.78125 305.78125 315 300.78125 241.40625 271.71875 278.59375 213.75 175.46875 220.9375 160.3125 122.96875 107.1875 105.46875 212.1875 286.875 294.375 301.25 279.84375 259.21875 184.6875 -103.4375 -255.625 84.375 225.625 177.03125 -13.4375 425.3125 1896.5625 1350.625 -107.5 2175.15625 2524.21875 2458.4375 2303.90625 2652.65625 2759.53125 2407.8125 2695.46875 2905 2917.34375 2815.78125 2700 2850 2935.3125 2940.15625 2945 2942.03125 2939.21875 2949.53125 2951.25 2933.4375 2608.59375 2641.40625 2399.0625 2356.71875 2343.28125 2400
338.75 288.75 310.15625 318.28125 330.3125 314.53125 260.46875 297.8125 290.3125 254.84375 214.6875 241.875 246.875 238.125 302.96875 268.4375 244.53125 313.4375 336.71875 321.875 304.84375 265.46875 53.59375 -205.78125 -242.96875 206.40625 253.59375 248.125 225.78125 406.5625 1990.3125 1387.34375 535.9375 2526.09375 2551.25 2518.4375 2478.28125 2724.0625 2849.0625 2842.34375 2920.625 2930.78125 2912.34375 2736.5625 2843.59375 2930.625 2940.46875 2947.03125 2950.46875 2953.90625 2957.34375 2957.34375 2960.3125 2947.5 2680.625 2498.4375 2372.34375 2372.1875 2249.0625 2366.25
318.125 309.6875 332.96875 346.25 343.59375 333.59375 296.40625 312.5 293.28125 289.6875 285.46875 312.65625 318.4375 355.9375 328.59375 341.09375 323.59375 338.75 336.875 326.25 309.21875 262.65625 115.625 112.34375 -60.15625 203.125 277.5 275.9375 273.75 914.21875 1986.5625 2027.1875 1205.78125 2550.15625 2564.21875 2528.59375 2387.1875 2685.46875 2853.4375 2824.53125 2879.84375 2864.53125 2854.84375 2954.375 2956.25 2956.875 2952.8125 2953.59375 2954.84375 2958.90625 2858.28125 2962.8125 2964.84375 2945.9375 2743.125 2438.90625 2441.40625 2355.3125 2299.0625 2282.5
309.53125 341.09375 352.34375 346.875 340 332.5 320.78125 320.78125 319.53125 327.03125 365.9375 374.21875 397.1875 413.59375 358.125 355.625 371.40625 342.96875 330.3125 319.21875 245.625 19.0625 -59.6875 238.28125 135.3125 262.1875 297.96875 294.84375 262.8125 1508.4375 1998.28125 1866.875 1557.03125 2542.03125 2569.53125 2571.875 2367.03125 2532.03125 2768.59375 2732.5 2743.75 2909.0625 2971.25 2968.59375 2962.03125 2958.28125 2958.28125 2957.96875 2957.03125 2961.09375 2761.25 2924.0625 2974.21875 2948.90625 2786.5625 2531.25 2407.34375 2206.875 2375.9375 2405.3125
344.21875 337.03125 346.25 339.6875 333.125 342.1875 348.125 340.3125 369.84375 421.40625 420.46875 410.9375 360.3125 406.875 394.84375 400.3125 381.5625 349.53125 301.25 168.59375 -2.1875 -157.03125 195 277.03125 217.1875 282.03125 303.28125 305.15625 260.15625 1145.9375 2005.9375 1911.875 2037.96875 2541.71875 2576.40625 2571.25 2342.1875 2435.9375 2734.0625 2656.875 2644.21875 2838.125 2971.5625 2937.96875 2960.46875 2960.15625 2961.25 2960.625 2868.28125 2907.96875 2971.25 2973.28125 2973.125 2975.625 2646.5625 2510.46875 2365.625 2183.125 2386.71875 2425.3125
390.46875 401.40625 414.53125 333.75 351.875 364.0625 430.46875 436.5625 415.9375 417.5 345 347.1875 395.3125 431.71875 421.40625 407.34375 374.0625 310.625 0.625 -137.65625 -210.9375 73.4375 300 299.21875 274.53125 273.75 301.40625 304.84375 205.46875 975.78125 1969.6875 731.25 1222.03125 2155.3125 2333.4375 2435.46875 2336.71875 2451.40625 2628.125 2580.78125 2582.03125 2945.9375 2935.625 2672.03125 2960 2950.15625 2745.3125 2959.84375 2932.34375 2536.09375 2961.09375 2963.4375 2970.78125 2815.46875 2460.46875 2592.34375 2179.53125 2265.15625 2402.03125 2421.5625
468.28125 485 434.0625 384.53125 398.4375 449.21875 467.5 468.75 484.6875 457.03125 368.4375 386.5625 439.375 421.25 394.53125 417.03125 382.5 328.90625 176.40625 -103.75 -100.78125 262.34375 319.84375 314.53125 299.53125 250.625 278.90625 252.8125 28.4375 141.71875 738.59375 1049.375 2173.28125 2033.75 2039.53125 2172.34375 2249.6875 2506.09375 2565 2566.40625 2915.625 2733.90625 2448.90625 2664.21875 2953.125 2757.1875 2759.84375 2958.59375 2960.15625 2486.875 2685.625 2973.125 2978.4375 2979.6875 2697.34375 2669.6875 2157.1875 2287.34375 2406.875 2420.625
470.9375 489.53125 552.1875 573.125 540.3125 513.59375 484.6875 460.46875 446.09375 484.21875 273.59375 334.53125 383.75 375.625 401.09375 440 404.0625 266.40625 -31.09375 -112.5 152.65625 341.25 336.25 324.84375 312.34375 267.03125 290.9375 247.03125 48.125 460.3125 1064.0625 2012.96875 2051.09375 2039.84375 2040.3125 2216.875 2143.28125 2433.90625 2604.84375 2367.65625 2337.1875 2338.59375 2352.5 2818.4375 2885.78125 2658.4375 2901.71875 2956.25 2960 2754.0625 2410.78125 2818.59375 2971.40625 2968.59375 2871.875 2717.65625 2102.96875 2303.90625 2406.71875 2414.375
389.53125 516.71875 587.5 623.125 548.59375 534.0625 538.4375 438.125 499.53125 519.375 402.1875 261.875 318.28125 357.8125 429.6875 455.625 422.5 282.03125 -0.625 86.875 345.625 359.84375 350.3125 334.53125 329.375 319.21875 319.21875 459.6875 1201.40625 1893.75 1980.46875 2026.40625 2028.75 2021.875 2045.9375 2375.625 2318.4375 2351.25 2512.5 2644.6875 2429.375 2336.09375 2615.625 2677.5 2462.65625 2933.125 2938.90625 2948.125 2953.75 2943.28125 2495.9375 2671.40625 2489.84375 2824.6875 2830.15625 2637.96875 2267.8125 2401.71875 2436.25 2408.59375
475 574.21875 606.71875 606.875 594.21875 546.875 418.75 409.375 516.09375 517.34375 397.1875 255.78125 349.84375 418.28125 450.78125 453.90625 418.125 257.5 39.375 293.125 378.28125 372.5 355.625 327.03125 320.3125 282.65625 572.65625 1227.65625 1610.3125 1981.25 2023.59375 2024.84375 2088.59375 2107.96875 2036.875 2178.59375 2223.75 2447.5 2502.96875 2589.21875 2546.875 2323.75 2309.21875 2324.375 2406.875 2920.78125 2928.59375 2940 2950.15625 2960.3125 2850.9375 2649.6875 2845.3125 2823.90625 2630.3125 2710.15625 2327.34375 2585.78125 2785.15625 2433.90625
