Cases/SDM_Urocitellus_beldingi/westernUsClimate_hadley2080a2/BIO08.asc
NCOLS 315 
NROWS 297 
XLLCORNER -124.741664802 
YLLCORNER 29.2083311801598 
CELLSIZE 0.066666670143822 
NODATA_value -3.4e+38 
[rows 130 to 155 of 297, columns 60 to 119 of 315]
84.53125 114.0625 256.875 354.6875 389.53125 428.59375 439.6875 450 406.71875 335.625 361.40625 362.03125 410.46875 471.875 565 551.5625 494.21875 416.875 436.25 476.25 476.5625 529.0625 448.125 463.59375 449.375 425.15625 529.53125 538.4375 502.8125 438.59375 392.65625 361.25 322.03125 404.0625 500.15625 620.9375 904.375 699.53125 350.15625 656.09375 1065 1101.5625 1081.875 705 408.90625 754.375 921.25 543.90625 491.40625 787.34375 882.8125 593.75 542.34375 752.03125 741.25 714.53125 473.28125 373.75 348.75 490.46875
166.25 134.21875 115.625 185.15625 389.0625 440.9375 448.59375 461.25 474.6875 489.53125 500.46875 497.34375 443.28125 479.375 504.84375 480.9375 538.125 581.40625 413.75 290 536.5625 578.4375 449.375 366.71875 333.90625 332.8125 546.5625 541.71875 501.875 364.375 312.96875 415.78125 457.1875 510.3125 542.65625 515.9375 560.625 581.40625 576.40625 448.28125 1051.875 1108.75 1088.90625 800.46875 594.6875 878.59375 790 566.875 860.9375 753.59375 524.0625 582.8125 564.6875 717.96875 842.03125 713.90625 447.1875 565.46875 621.40625 561.40625
106.875 200.46875 201.40625 139.0625 180.46875 372.34375 449.375 470.9375 485.15625 496.71875 513.28125 535.625 543.125 551.09375 507.34375 573.90625 616.71875 619.6875 511.40625 254.6875 562.8125 590.9375 345.3125 305.15625 313.75 452.5 542.5 541.40625 493.28125 392.65625 345.46875 431.71875 496.09375 529.53125 563.4375 479.0625 574.375 883.4375 793.4375 800.3125 1085.78125 1107.5 1087.1875 798.90625 833.4375 1034.53125 989.375 937.65625 1048.125 572.5 381.5625 522.65625 775.15625 947.5 970.15625 685.3125 452.96875 771.09375 877.03125 828.75
167.1875 242.8125 174.84375 187.5 161.71875 169.375 175.15625 318.125 464.21875 473.75 496.25 545.46875 559.53125 487.65625 355.46875 593.28125 634.6875 635.78125 554.53125 282.34375 557.65625 558.125 340.15625 366.71875 317.65625 445.3125 527.5 529.21875 474.21875 357.65625 389.6875 495 503.125 529.21875 575.625 668.75 764.84375 1041.25 1050.9375 1077.34375 1099.0625 1084.53125 1015.78125 622.03125 1016.71875 1124.0625 1176.25 1146.875 996.40625 701.71875 710.9375 764.0625 865.625 976.09375 924.375 481.875 634.53125 877.1875 765.3125 828.59375
377.8125 269.6875 204.84375 191.71875 161.71875 134.0625 112.03125 142.8125 285.3125 452.03125 295.46875 288.59375 337.96875 197.1875 144.0625 382.8125 632.65625 651.25 629.21875 410.15625 595.9375 567.8125 337.5 397.03125 341.25 417.1875 499.84375 520.46875 484.375 387.03125 458.59375 531.5625 535.46875 619.53125 1153.125 1248.59375 1000.625 1079.84375 1121.5625 1061.09375 985.9375 740.78125 687.96875 723.28125 1212.8125 1211.09375 1185.625 936.40625 702.96875 951.09375 963.75 966.5625 978.4375 955.15625 775.78125 682.8125 915.78125 850 707.8125 657.1875
199.375 97.1875 166.09375 200.625 215.3125 169.84375 81.25 143.28125 137.8125 308.75 464.21875 394.21875 407.5 301.09375 216.71875 153.28125 511.40625 663.75 630.9375 443.28125 590.46875 588.4375 421.71875 402.96875 422.03125 455.78125 480 474.6875 476.875 467.8125 535.625 656.25 947.34375 1876.09375 1847.5 1143.90625 1465.15625 1089.53125 1349.375 1220.9375 1455.46875 1355.9375 1097.34375 1204.21875 1226.5625 1199.21875 1123.90625 842.8125 780.46875 968.90625 969.375 940.9375 928.59375 898.4375 807.34375 903.90625 908.28125 862.65625 707.5 780.15625
264.0625 177.8125 183.4375 189.84375 167.96875 167.34375 119.375 157.5 184.53125 127.03125 350.15625 373.75 406.40625 287.8125 349.0625 400.625 458.28125 608.75 642.96875 627.5 594.53125 522.03125 421.40625 442.8125 456.09375 490.15625 457.1875 461.875 535.78125 559.375 761.875 1940.46875 1208.28125 1522.96875 2326.71875 1799.0625 1616.25 1764.53125 1713.75 1955.78125 1750.15625 1384.375 1259.375 1238.90625 1215.3125 1160.78125 1091.71875 1053.28125 960.46875 935.9375 952.03125 891.875 801.5625 855 890.78125 862.34375 872.34375 795.46875 661.25 813.28125
420.78125 275 180.46875 239.375 264.0625 267.5 239.53125 262.5 276.5625 291.25 390 261.40625 339.375 402.34375 399.21875 566.71875 543.4375 352.5 395.15625 555.9375 593.75 524.375 467.8125 407.8125 427.03125 532.65625 514.0625 552.34375 566.875 566.09375 1057.03125 2329.21875 1976.40625 2276.40625 2334.375 2318.4375 2304.0625 2063.59375 2005.46875 1989.84375 1980.78125 1286.09375 1457.1875 1397.03125 1451.71875 1157.8125 1023.4375 926.09375 919.6875 916.40625 922.1875 829.0625 711.875 675.78125 868.90625 804.53125 698.125 631.71875 611.71875 807.34375
316.875 442.65625 385.3125 319.6875 240.625 312.1875 332.1875 335 301.71875 295.46875 352.34375 177.8125 296.40625 382.8125 445.9375 498.125 529.375 475.15625 248.28125 268.75 509.6875 504.84375 485.46875 338.125 438.125 551.875 563.75 1221.71875 1170.9375 819.0625 1652.5 2291.875 2339.53125 2342.5 2342.1875 2344.84375 2348.90625 2191.40625 2105.46875 2364.0625 2457.8125 1910.3125 1946.875 2010.3125 2077.8125 1848.90625 1363.59375 1069.0625 817.8125 864.6875 902.03125 825.46875 692.8125 823.75 859.0625 738.75 589.53125 378.4375 537.5 783.59375
213.28125 242.96875 336.25 310.625 306.09375 328.90625 331.40625 324.0625 180.15625 183.59375 319.6875 302.65625 455.15625 478.4375 533.90625 464.6875 405.15625 432.8125 318.59375 239.53125 460.3125 531.25 459.0625 378.4375 538.90625 566.40625 794.21875 1049.375 1264.53125 872.8125 2272.1875 2340.46875 2342.8125 2347.65625 2348.59375 2351.40625 2323.28125 2111.09375 2337.8125 2451.875 2460 2436.09375 2343.75 2099.84375 1903.59375 1939.0625 2019.375 1468.90625 1337.96875 841.5625 850.15625 780 699.84375 888.90625 825.3125 706.09375 590 581.5625 775 822.96875
273.28125 216.875 189.6875 166.09375 306.875 324.53125 217.1875 222.96875 164.0625 104.375 236.09375 309.0625 480.15625 545 496.09375 522.65625 425.15625 317.65625 271.25 303.75 474.21875 541.71875 540.9375 545.625 583.28125 907.8125 1141.875 1662.34375 818.28125 1006.09375 2342.65625 2346.25 2349.0625 2353.125 2353.4375 2356.40625 2259.375 2005.3125 2327.5 2446.25 2427.03125 2220.15625 2058.4375 1882.03125 1932.03125 2170.15625 2209.0625 2172.1875 1876.875 1566.09375 955.625 768.75 783.75 882.34375 807.96875 692.65625 1071.09375 710.15625 767.65625 820.15625
467.03125 373.125 274.21875 127.1875 159.53125 281.71875 190.15625 125.3125 122.65625 90 180.78125 180.15625 226.875 423.125 493.59375 514.84375 437.03125 472.03125 496.5625 486.25 460.15625 483.28125 539.0625 653.125 938.4375 1588.4375 2206.25 1684.0625 935.78125 1342.1875 2340.9375 2349.375 2353.90625 2360.15625 2358.4375 2358.90625 2229.84375 2093.28125 2331.40625 2421.40625 2337.34375 2060.46875 1833.90625 1929.0625 2151.875 2200.9375 2194.0625 2128.90625 2010.15625 1937.5 1122.96875 931.5625 800.3125 847.8125 826.25 895 855.78125 688.4375 796.09375 1853.90625
445.9375 301.5625 258.90625 179.375 113.90625 135.3125 142.8125 133.4375 127.5 150.625 168.28125 325.46875 376.71875 470.3125 532.8125 500.46875 488.125 420.78125 408.59375 441.71875 344.84375 366.09375 481.25 1062.03125 1875 2457.1875 2380.3125 2239.6875 1364.375 1693.4375 2341.71875 2352.96875 2360.46875 2359.84375 2407.65625 2480.3125 2273.90625 2350.9375 2342.8125 2358.90625 2225.15625 2161.09375 1983.28125 2120.9375 2170.46875 2142.34375 1986.40625 1905.9375 2025.15625 2030.625 1962.5 1441.71875 1399.0625 1196.25 912.65625 950.625 768.125 859.375 1628.125 1914.6875
484.21875 355.46875 247.03125 175.15625 113.125 77.34375 100.9375 135.15625 140 155.15625 176.09375 111.5625 107.8125 340.15625 511.09375 479.375 394.0625 424.84375 361.09375 348.4375 429.0625 442.8125 503.4375 658.59375 1972.34375 2546.25 2395.3125 2366.875 2340.9375 2306.25 2351.875 2358.90625 2384.0625 2451.09375 2625.3125 2579.84375 2467.96875 2465.78125 2364.21875 2330.46875 2183.125 2219.0625 2161.25 2116.71875 2083.59375 2002.65625 1920.78125 1961.25 2044.53125 2029.21875 1936.25 2050.3125 2160.46875 1883.59375 1404.0625 1934.53125 1640.46875 1883.59375 2142.8125 2067.8125
636.5625 387.1875 294.375 200.9375 145.78125 93.90625 123.75 146.09375 144.53125 160.3125 197.1875 94.6875 10.78125 300.3125 436.09375 433.75 363.28125 367.65625 388.75 497.65625 528.4375 503.75 554.6875 1412.1875 2673.28125 2743.4375 2657.65625 2357.5 2352.96875 2352.65625 2365.15625 2365.15625 2383.28125 2474.6875 2660.15625 2655.9375 2314.84375 2390.78125 2354.0625 2455.78125 2406.5625 2330 2227.96875 2164.6875 2097.96875 2107.65625 2025 2001.25 2049.84375 2046.40625 2011.09375 2127.03125 2146.875 2094.21875 1982.1875 2040 2016.09375 2200.15625 2203.28125 2186.5625
666.40625 546.09375 359.84375 250.78125 207.96875 167.34375 148.28125 162.96875 165.15625 187.5 145.46875 20.46875 9.0625 330 423.90625 356.875 362.65625 479.84375 540.46875 534.6875 543.59375 482.5 544.6875 1416.09375 2263.59375 2402.03125 2682.34375 2491.5625 2365.3125 2369.375 2373.59375 2426.875 2512.96875 2415.3125 2568.4375 2749.53125 2379.0625 2353.125 2468.28125 2599.0625 2587.65625 2466.5625 2540.625 2329.84375 2164.6875 2143.59375 2130.9375 2057.1875 2051.09375 2030.78125 1966.5625 2110 2119.6875 2051.5625 1989.375 2139.6875 2196.5625 2238.125 2224.53125 2343.28125
739.21875 587.8125 474.53125 474.21875 327.03125 232.03125 141.40625 141.875 169.21875 172.34375 236.40625 264.53125 212.65625 381.09375 443.28125 383.75 477.5 540.3125 475.78125 407.34375 452.1875 504.6875 501.25 828.59375 1871.875 2692.1875 2732.34375 2669.6875 2607.65625 2625.9375 2686.71875 2489.84375 2724.0625 2667.5 2670.9375 2753.90625 2410 2370.3125 2518.90625 2613.125 2669.84375 2631.71875 2509.0625 2458.28125 2302.5 2222.03125 2144.375 2021.875 2087.96875 2143.59375 2070.46875 2229.84375 2097.03125 2084.0625 2061.5625 2284.53125 2276.09375 2414.6875 2438.4375 2372.96875
814.0625 682.8125 514.375 356.5625 273.75 272.65625 136.875 155.15625 201.09375 260.3125 302.1875 340.78125 174.6875 245.15625 498.28125 509.84375 462.65625 443.59375 305.15625 317.65625 355 474.6875 599.0625 878.125 2283.4375 2760.15625 2675.15625 2677.1875 2636.875 2730.78125 2726.71875 2799.6875 2751.40625 2645.15625 2740.625 2623.75 2543.4375 2605.9375 2499.53125 2468.125 2556.25 2557.5 2413.4375 2433.28125 2353.90625 2309.375 2343.90625 2188.4375 2125.9375 2090.78125 2284.84375 2343.59375 2183.28125 1919.6875 2393.75 2501.71875 2699.21875 2643.90625 2275.78125 2288.125
800.3125 760.46875 560.15625 455.9375 370.46875 347.03125 220.625 152.03125 220.15625 286.875 329.21875 369.21875 232.5 360.78125 483.4375 473.59375 395.46875 362.1875 283.90625 312.8125 384.21875 436.5625 508.59375 649.375 1376.5625 2756.09375 2789.6875 2796.5625 2702.5 2739.21875 2840.15625 2882.5 2783.59375 2688.4375 2662.1875 2465.15625 2724.375 2681.5625 2570.46875 2583.28125 2625.625 2561.5625 2513.125 2535 2410.625 2416.71875 2378.125 2181.5625 2108.125 2194.53125 2384.375 2290.15625 2041.875 2295 2611.5625 2505.78125 2677.03125 2514.21875 2147.34375 2193.59375
943.4375 847.03125 668.28125 606.40625 522.03125 301.09375 278.28125 194.6875 187.96875 286.71875 321.5625 363.4375 147.1875 383.75 496.09375 461.5625 429.6875 331.71875 231.25 322.1875 370.625 416.5625 466.25 746.40625 743.125 2457.1875 2689.375 2772.34375 2808.90625 2758.28125 2724.21875 2829.84375 2827.34375 2800.9375 2674.53125 2609.6875 2599.6875 2644.0625 2653.90625 2563.4375 2703.75 2692.1875 2631.71875 2703.28125 2430.78125 2392.03125 2345 2084.53125 2225.625 2325.9375 2305.9375 2157.65625 2125.625 2663.4375 2740 2731.40625 2650.3125 2437.34375 2063.75 2043.90625
935.78125 881.71875 747.03125 617.1875 546.71875 407.96875 255.46875 179.21875 130.625 193.75 288.59375 316.09375 207.03125 435.3125 489.53125 475.3125 454.375 404.53125 298.4375 263.75 468.4375 463.75 402.1875 977.5 2175.78125 2675 2629.6875 2086.71875 2824.21875 2867.5 2883.4375 2893.75 2867.03125 2838.59375 2682.96875 2829.375 2882.8125 2905.46875 2854.84375 2682.65625 2742.03125 2794.53125 2721.40625 2716.25 2258.4375 2370.78125 2394.0625 2219.6875 2272.8125 2317.34375 2206.71875 1966.25 2331.40625 2721.09375 2753.59375 2735.46875 2530.3125 2299.21875 2111.40625 2275.15625
898.125 808.125 796.71875 657.1875 493.59375 462.65625 304.21875 150.625 83.28125 115.9375 245.15625 257.8125 65.15625 404.21875 507.65625 487.96875 454.84375 389.6875 178.125 309.375 502.96875 471.25 383.4375 545.78125 588.75 2318.125 2599.375 1327.65625 1945.9375 2889.84375 2885.78125 2749.0625 2755.3125 2866.71875 2818.4375 2937.96875 2969.375 2965 2940.15625 2878.4375 2821.5625 2880 2840.3125 2595.46875 2289.375 2432.34375 2466.71875 2219.84375 2255.3125 2231.40625 1999.21875 1960.46875 2441.09375 2708.4375 2742.1875 2678.90625 2492.96875 2279.21875 2213.75 2405.15625
982.34375 894.84375 786.09375 709.84375 594.53125 525.9375 375.625 227.34375 93.28125 134.53125 204.53125 139.375 0.46875 138.125 505.625 480 409.0625 265.625 90.15625 300 484.21875 484.53125 441.09375 541.5625 613.4375 938.28125 1944.6875 2191.71875 1542.34375 2715.9375 2850.78125 2709.84375 2618.4375 2687.34375 2761.25 2903.4375 2963.125 2960.625 2960.78125 2932.96875 2918.75 2919.53125 2693.90625 2289.0625 2393.28125 2508.125 2487.34375 2287.96875 2204.0625 2164.84375 1885.625 1954.0625 2170.78125 2718.75 2743.28125 2606.875 2221.875 2051.40625 2348.125 2476.5625
1030.3125 990.625 904.53125 827.1875 759.0625 635.15625 509.21875 376.09375 263.75 186.5625 102.96875 102.5 145.9375 226.71875 480 439.6875 334.0625 310.9375 244.0625 299.84375 473.90625 475.78125 433.59375 430.9375 522.34375 587.96875 847.96875 1553.75 233.90625 2407.1875 2486.71875 2769.21875 2685.46875 2659.375 2694.6875 2675.46875 2835.625 2740.78125 2907.5 2913.75 2883.28125 2809.53125 2635 2411.71875 2413.28125 2556.5625 2487.34375 2198.125 2182.96875 2113.125 2030.78125 1882.03125 2043.28125 2694.53125 2713.59375 2523.125 2018.59375 1816.71875 2277.8125 2467.96875
1039.53125 1020 926.71875 800.46875 661.25 517.96875 417.65625 379.53125 293.125 156.875 76.71875 74.21875 118.75 239.6875 422.8125 214.21875 167.8125 272.1875 469.21875 450.9375 318.59375 437.03125 340.625 215.625 327.34375 439.375 655.78125 715.625 570.3125 2109.84375 2359.0625 2799.375 2558.59375 2512.34375 2527.65625 2552.1875 2542.65625 2509.0625 2631.5625 2739.0625 2833.125 2781.5625 2728.4375 2674.0625 2569.21875 2618.75 2474.21875 2208.4375 2240 2110.78125 2180.9375 2191.09375 2330.46875 2682.03125 2668.59375 2448.75 2145.625 2095.625 2212.03125 2443.125
1002.5 1013.28125 972.96875 820.78125 630.3125 490.15625 359.84375 250.625 216.09375 125.3125 66.09375 51.5625 91.875 181.25 225.625 285.3125 147.96875 305 489.21875 410.15625 229.53125 277.03125 294.0625 135.78125 97.5 347.65625 591.71875 401.5625 176.25 1335.46875 1010.3125 2739.375 2767.1875 2550.3125 2487.5 2462.96875 2515.625 2434.53125 2389.21875 2577.1875 2666.25 2772.03125 2712.96875 2648.75 2622.8125 2676.09375 2572.34375 2423.4375 2400.78125 2290 2292.34375 2384.53125 2393.59375 2705.625 2596.40625 2306.25 2099.375 2198.125 2376.875 2462.34375
