Cases/SDM_Urocitellus_beldingi/westernUsClimate_hadley2080a2/BIO09.asc
NCOLS 315 
NROWS 297 
XLLCORNER -124.741664802 
YLLCORNER 29.2083311801598 
CELLSIZE 0.066666670143822 
NODATA_value -3.4e+38 
[rows 81 to 107 of 297, columns 240 to 299 of 315]
-242.96875 -286.25 -278.59375 -215 -195.46875 -184.0625 -199.84375 -184.6875 -187.65625 -191.09375 -181.40625 -171.25 -154.84375 -148.90625 -138.28125 -140.9375 -149.84375 -177.1875 -200.78125 -215.78125 -178.90625 -192.8125 -227.5 -221.5625 -210.9375 -211.5625 -186.40625 -183.75 -176.25 -173.28125 -114.0625 -80.15625 -67.5 -18.90625 5.15625 33.75 38.59375 33.28125 30.625 34.21875 39.84375 29.21875 21.40625 21.40625 24.84375 27.5 26.09375 28.28125 0.625 -38.125 -75.46875 -75 -85 -93.28125 -103.125 -94.375 -89.0625 -96.40625 -93.125 -81.71875
-194.6875 -229.375 -250.15625 -263.4375 -227.5 -220.46875 -227.5 -237.03125 -208.28125 -226.25 -205.625 -207.1875 -192.5 -181.09375 -179.21875 -169.375 -160 -178.59375 -183.75 -172.5 -212.96875 -210.625 -257.34375 -240.9375 -230.3125 -239.21875 -184.6875 -146.09375 -152.5 -148.59375 -141.40625 -85.15625 -50.9375 -15.46875 27.1875 41.40625 54.6875 53.4375 35.625 24.6875 37.1875 34.375 33.90625 38.125 45.625 41.71875 44.84375 9.0625 -37.03125 -51.875 -53.125 -54.84375 -57.1875 -62.65625 -65.78125 -59.53125 -53.75 -57.5 -60.625 -61.40625
-175.3125 -187.96875 -202.8125 -222.03125 -216.5625 -226.71875 -249.0625 -245.9375 -211.09375 -234.53125 -240.15625 -228.4375 -212.8125 -219.53125 -203.59375 -210.9375 -215.3125 -190.3125 -187.8125 -194.375 -237.34375 -241.09375 -267.5 -242.8125 -222.5 -215.78125 -171.5625 -145.15625 -138.75 -149.84375 -133.4375 -106.40625 -41.5625 -19.84375 36.09375 45.625 64.6875 69.0625 57.96875 16.71875 24.0625 48.75 56.25 59.6875 63.125 64.53125 54.375 11.875 -27.5 -33.59375 -41.40625 -42.1875 -46.40625 -37.34375 -32.65625 -30.15625 -26.5625 -35.78125 -50.625 -50.78125
-188.90625 -198.28125 -206.09375 -212.96875 -212.5 -217.34375 -220.625 -224.21875 -223.59375 -225.3125 -216.71875 -226.40625 -218.125 -227.8125 -236.25 -247.8125 -255.46875 -254.53125 -246.71875 -207.34375 -209.375 -230 -246.25 -228.4375 -193.75 -177.03125 -165.46875 -175.625 -104.0625 -112.8125 -129.6875 -79.6875 -45.78125 18.59375 27.8125 52.8125 75.3125 82.1875 74.6875 38.59375 14.84375 49.53125 53.4375 57.03125 54.53125 60.625 63.125 32.96875 -20.625 -25.625 -30.9375 -22.65625 -19.0625 -16.25 -21.09375 -23.90625 -22.5 -27.03125 -34.6875 -30.625
-194.84375 -213.75 -225.78125 -228.59375 -229.375 -234.0625 -237.1875 -236.09375 -236.71875 -238.4375 -241.25 -242.8125 -243.75 -246.25 -260 -275.9375 -289.6875 -281.40625 -269.0625 -269.21875 -204.53125 -199.375 -204.375 -197.5 -192.5 -202.96875 -183.90625 -141.09375 -141.5625 -115 -121.875 -106.5625 -83.59375 -30.78125 17.96875 60.625 47.1875 69.84375 76.40625 56.875 -17.03125 16.25 19.53125 34.0625 30.3125 48.4375 19.84375 40 33.90625 -11.09375 -2.03125 -3.75 -7.96875 -12.1875 -17.8125 -23.90625 -15.78125 -5 -8.4375 -13.28125
-206.09375 -218.59375 -235.78125 -245.9375 -252.65625 -258.90625 -254.6875 -248.125 -242.96875 -246.5625 -251.71875 -256.25 -260.625 -267.96875 -276.40625 -290 -302.8125 -294.53125 -275.9375 -262.65625 -259.6875 -252.96875 -245.3125 -238.125 -230.9375 -218.4375 -200.46875 -180.9375 -160.46875 -137.34375 -126.09375 -107.5 -89.21875 5.46875 38.125 -14.21875 -5.9375 10.46875 21.71875 30.9375 -18.4375 -40.9375 -4.84375 -3.28125 17.1875 30.78125 27.03125 29.375 12.65625 7.34375 5.9375 5.46875 5.78125 4.0625 1.875 0.46875 2.03125 2.03125 2.34375 2.1875
-205.9375 -225.15625 -244.84375 -269.84375 -280.9375 -267.65625 -265.9375 -261.25 -251.875 -259.53125 -264.375 -267.65625 -267.96875 -275 -284.21875 -292.5 -295.625 -290.9375 -282.03125 -254.84375 -247.03125 -250.15625 -248.59375 -233.28125 -222.8125 -210.46875 -188.4375 -166.875 -153.4375 -139.375 -135 -112.5 -8.4375 -10.46875 -46.71875 -37.8125 -32.1875 -35.3125 -44.375 -47.96875 -46.5625 -58.59375 -31.875 3.28125 6.40625 19.0625 23.125 15 8.4375 5.15625 11.875 9.84375 15.3125 10.46875 6.71875 9.21875 22.65625 22.96875 23.125 22.5
-212.1875 -232.8125 -258.28125 -289.375 -299.53125 -280.15625 -259.6875 -260.9375 -268.59375 -270.9375 -266.09375 -269.84375 -276.71875 -279.0625 -286.875 -291.09375 -290 -286.09375 -278.4375 -227.03125 -220.3125 -231.09375 -248.59375 -235.15625 -217.65625 -199.84375 -180 -166.5625 -157.8125 -143.90625 -128.75 -104.0625 -73.125 -1.5625 -73.59375 -61.875 -53.90625 -45.9375 -34.84375 -40.3125 -46.25 -47.96875 -24.53125 -11.875 -11.875 -6.40625 4.21875 4.375 3.28125 11.40625 18.90625 24.53125 25.3125 23.75 26.5625 31.09375 30.46875 31.875 28.59375 26.5625
-213.28125 -230.3125 -251.25 -269.0625 -284.53125 -264.375 -266.5625 -276.40625 -286.5625 -278.4375 -276.875 -278.75 -279.375 -280 -244.375 -286.71875 -283.75 -280 -254.375 -143.28125 -161.5625 -210.9375 -233.125 -223.4375 -213.28125 -195.9375 -178.125 -165.625 -148.59375 -132.96875 -118.125 -100.9375 -73.59375 -19.0625 -40.78125 -42.65625 -13.90625 -25.78125 -20 -33.75 -11.71875 -24.375 -11.5625 -9.53125 -0.78125 15 12.96875 12.5 20.3125 26.40625 23.125 27.96875 29.53125 28.90625 30 32.8125 36.40625 25.46875 29.6875 17.65625
-204.375 -219.53125 -239.21875 -251.71875 -259.0625 -269.84375 -280 -277.8125 -287.03125 -282.5 -281.09375 -277.5 -274.6875 -264.53125 -219.21875 -175.9375 -265.46875 -240.78125 -157.65625 -126.25 -130.15625 -176.40625 -218.125 -219.0625 -205.46875 -191.71875 -177.96875 -181.40625 -169.6875 -132.1875 -113.28125 -92.5 -75.46875 -50 5.15625 41.71875 15.625 -5.3125 -7.8125 -6.5625 10.46875 20.9375 13.59375 30 17.03125 36.5625 48.28125 41.09375 26.5625 14.6875 24.84375 27.65625 24.375 27.03125 36.40625 31.71875 28.28125 27.1875 13.4375 22.8125
-203.4375 -213.75 -227.1875 -252.1875 -267.34375 -272.96875 -284.53125 -282.03125 -288.28125 -289.375 -276.40625 -266.40625 -237.8125 -214.6875 -216.09375 -148.75 -253.90625 -221.09375 -127.65625 -124.6875 -123.125 -153.90625 -216.71875 -217.8125 -204.6875 -189.0625 -179.6875 -164.375 -154.53125 -128.28125 -110.3125 -98.90625 -77.8125 -50.625 -22.1875 17.03125 -2.5 4.84375 10.15625 17.03125 36.40625 48.125 46.71875 54.84375 63.90625 68.59375 66.25 65.9375 52.34375 40.625 27.03125 14.6875 26.5625 34.0625 36.5625 26.5625 29.21875 17.1875 -0.15625 15
-188.4375 -205.625 -228.4375 -262.1875 -275.9375 -275.625 -272.5 -282.8125 -294.375 -295.78125 -285.15625 -268.28125 -288.4375 -282.34375 -275.78125 -258.28125 -257.65625 -165.625 -130.46875 -208.59375 -247.5 -195 -231.5625 -219.0625 -208.28125 -189.53125 -171.40625 -156.5625 -145 -123.59375 -104.375 -84.84375 -68.75 -59.53125 -30.15625 -12.34375 -4.84375 9.53125 24.0625 36.5625 48.59375 58.125 72.8125 89.6875 97.5 95.15625 89.21875 82.03125 72.5 69.375 50.625 35.15625 24.21875 31.875 25.9375 13.75 12.1875 2.96875 -4.0625 4.375
-239.53125 -210.625 -235.78125 -263.28125 -277.34375 -270.9375 -271.71875 -283.4375 -295.9375 -319.21875 -315.3125 -284.375 -282.8125 -253.125 -265.46875 -258.75 -180.46875 -174.21875 -220 -259.53125 -277.65625 -303.28125 -273.59375 -237.96875 -218.4375 -195.9375 -181.875 -162.03125 -145.46875 -129.6875 -109.53125 -85.9375 -61.40625 -47.96875 -77.03125 -104.84375 -115.78125 -92.96875 -28.4375 23.90625 20.15625 37.1875 9.0625 20.46875 32.03125 46.09375 64.375 68.125 63.4375 71.71875 68.59375 53.4375 38.4375 44.0625 47.65625 33.4375 27.8125 27.1875 5.9375 -2.34375
-251.5625 -233.125 -245.46875 -265.3125 -275 -269.6875 -270.78125 -285.15625 -321.09375 -334.21875 -315.78125 -278.4375 -255.625 -251.71875 -192.34375 -175.3125 -175.3125 -195.3125 -195.78125 -241.40625 -270 -265.3125 -262.03125 -256.5625 -236.71875 -219.375 -209.375 -195.9375 -174.53125 -134.21875 -106.5625 -74.6875 -60.625 -77.03125 -108.59375 -170.15625 -224.21875 -189.84375 -65.3125 -30.3125 -67.8125 -96.5625 -104.375 -91.71875 -69.0625 -39.0625 15.625 23.59375 32.34375 70.46875 76.875 65.625 64.6875 62.5 72.34375 64.53125 60 42.03125 29.84375 24.375
-9.21875 -291.71875 -279.53125 -283.59375 -299.6875 -279.375 -278.59375 -311.09375 -330 -322.03125 -303.75 -289.6875 -255.3125 -270.46875 -241.71875 -189.21875 -196.71875 -156.25 -224.53125 -227.96875 -250.9375 -231.5625 -211.40625 -216.71875 -205.15625 -181.25 -166.71875 -164.0625 -162.03125 -153.125 -112.34375 -71.71875 -59.375 -61.71875 -59.84375 -123.4375 -207.34375 -207.96875 -159.21875 -160.9375 -135 -155.3125 -142.5 -113.125 -109.21875 -39.375 -3.59375 20.78125 42.8125 56.40625 81.875 87.03125 88.28125 92.34375 93.59375 83.59375 82.5 76.71875 57.65625 41.09375
125.625 -14.6875 -305.78125 -307.34375 -302.65625 -282.5 -318.90625 -326.5625 -318.75 -310.9375 -300.78125 -278.59375 -282.1875 -241.875 -236.5625 -223.59375 -201.875 -175.46875 -242.34375 -233.4375 -226.40625 -204.84375 -193.4375 -179.375 -168.28125 -154.375 -146.5625 -151.09375 -152.8125 -123.28125 -84.21875 -68.90625 -69.21875 -74.6875 -77.65625 -100.78125 -163.125 -198.4375 -223.125 -235.15625 -216.25 -246.5625 -175.46875 -178.75 -132.5 -78.28125 -82.96875 18.28125 44.84375 61.25 72.96875 52.8125 65.15625 79.6875 99.53125 105.46875 112.8125 104.53125 78.75 65.15625
267.8125 169.84375 52.8125 -235 -306.5625 -301.25 -301.25 -323.4375 -317.34375 -307.1875 -299.6875 -287.03125 -278.125 -267.96875 -255.46875 -240.625 -228.75 -231.09375 -232.34375 -205.3125 -195.78125 -206.5625 -182.8125 -159.53125 -153.4375 -148.28125 -138.125 -138.28125 -151.40625 -113.75 -112.5 -107.1875 -97.03125 -105.15625 -110.3125 -153.125 -163.28125 -184.0625 -199.84375 -205.625 -223.75 -243.75 -282.03125 -259.21875 -180 -158.75 -153.28125 -72.8125 7.65625 55.625 22.5 13.4375 49.53125 69.375 90.3125 118.28125 130.625 111.40625 92.5 79.84375
187.65625 112.5 46.5625 -229.21875 -263.59375 -285.78125 -304.375 -326.71875 -285.9375 -306.875 -308.4375 -310.15625 -295.78125 -270.78125 -267.03125 -247.65625 -232.03125 -213.28125 -198.125 -181.25 -170.15625 -172.1875 -168.75 -163.90625 -173.75 -156.5625 -144.375 -131.40625 -131.40625 -148.125 -167.8125 -174.6875 -167.8125 -150.625 -122.65625 -156.5625 -192.1875 -193.125 -195.46875 -194.6875 -196.5625 -243.59375 -271.25 -285.78125 -266.09375 -192.65625 -184.6875 -117.65625 -54.6875 -18.4375 -30.46875 4.6875 65.625 92.8125 109.6875 131.25 152.34375 128.90625 101.875 112.03125
-86.5625 -264.375 -256.5625 -253.59375 -241.09375 -258.75 -283.59375 -321.40625 -314.6875 -332.5 -291.25 -326.71875 -311.5625 -298.75 -314.375 -292.65625 -292.65625 -253.75 -212.34375 -179.84375 -177.1875 -182.5 -178.28125 -181.40625 -172.8125 -155 -134.84375 -135 -172.96875 -178.125 -178.75 -191.25 -205.78125 -209.6875 -161.09375 -157.1875 -176.71875 -171.71875 -167.65625 -166.71875 -172.34375 -182.34375 -228.125 -237.5 -246.25 -195 -190 -184.6875 -111.25 -80.78125 -56.25 1.875 42.03125 65.46875 89.6875 130.3125 158.28125 158.75 159.0625 155
42.34375 -109.375 -212.8125 -234.84375 -235.9375 -264.6875 -301.875 -302.8125 -303.59375 -323.125 -322.1875 -321.5625 -312.03125 -302.65625 -325.15625 -328.28125 -315.78125 -309.21875 -231.5625 -203.59375 -284.6875 -286.875 -253.59375 -215.3125 -182.34375 -151.71875 -141.5625 -140.15625 -208.125 -186.09375 -183.75 -197.03125 -198.28125 -199.53125 -197.5 -190.625 -178.4375 -167.65625 -160.78125 -166.71875 -180.3125 -174.375 -175.3125 -190.9375 -239.53125 -207.34375 -217.8125 -186.71875 -145.9375 -152.03125 -87.1875 -21.09375 53.28125 95.3125 124.21875 152.03125 170.15625 190.3125 196.40625 195.46875
-210.78125 -251.40625 -233.90625 -218.75 -235.46875 -234.0625 -276.875 -315.625 -303.28125 -320.46875 -316.25 -317.34375 -322.34375 -325.46875 -319.53125 -325 -310.46875 -263.59375 -232.34375 -216.71875 -242.8125 -286.25 -313.125 -271.5625 -199.84375 -186.5625 -168.59375 -134.375 -136.875 -158.90625 -189.21875 -218.28125 -244.53125 -189.0625 -182.34375 -177.1875 -175.625 -164.53125 -160.78125 -154.21875 -154.6875 -158.125 -155.3125 -162.34375 -183.4375 -186.09375 -215.625 -197.8125 -177.65625 -175.3125 -83.4375 -24.6875 69.0625 115.3125 146.71875 170.15625 185 197.03125 199.53125 217.8125
-243.4375 -225.78125 -240.15625 -320.78125 -322.03125 -276.875 -300.3125 -314.6875 -319.0625 -314.375 -314.375 -317.96875 -314.84375 -313.28125 -310.625 -323.90625 -316.25 -268.4375 -224.53125 -206.25 -210.3125 -223.75 -221.09375 -213.28125 -221.09375 -269.84375 -252.96875 -187.5 -182.96875 -198.4375 -236.09375 -274.0625 -314.6875 -245 -195.625 -199.375 -179.21875 -160.78125 -153.28125 -152.8125 -145.46875 -145.625 -144.21875 -146.09375 -150.3125 -149.84375 -186.09375 -166.25 -122.8125 -97.34375 -65.15625 -13.4375 103.59375 158.75 184.53125 204.6875 223.90625 215.78125 203.75 230.46875
-240.625 -245.9375 -340 -326.71875 -329.53125 -320.78125 -315.78125 -307.5 -300.46875 -307.03125 -305.15625 -311.09375 -306.71875 -298.90625 -295.3125 -289.375 -277.03125 -272.1875 -229.84375 -208.90625 -201.09375 -198.90625 -202.5 -216.09375 -225.9375 -208.59375 -196.40625 -172.96875 -159.21875 -186.09375 -199.6875 -250.9375 -217.1875 -219.21875 -183.28125 -176.25 -195.78125 -175 -155.9375 -151.09375 -147.34375 -147.03125 -148.75 -148.4375 -141.71875 -132.34375 -131.5625 -120.15625 -133.125 -110.46875 -109.0625 -32.5 113.59375 177.03125 203.4375 218.59375 234.84375 245 246.875 238.28125
-251.71875 -288.59375 -205.15625 -245.625 -318.4375 -301.71875 -201.09375 -235.46875 -293.75 -300 -294.375 -294.0625 -292.1875 -287.65625 -278.75 -268.125 -259.84375 -259.375 -248.90625 -220.9375 -202.96875 -196.71875 -192.65625 -195.9375 -212.96875 -185.3125 -174.375 -162.96875 -151.09375 -149.375 -149.84375 -161.25 -150.15625 -144.375 -146.40625 -154.84375 -165.78125 -164.0625 -155.3125 -150.78125 -148.4375 -142.03125 -135.78125 -145.15625 -151.09375 -146.5625 -150.9375 -148.125 -120.9375 -115.625 -93.125 -12.03125 122.65625 183.4375 201.875 215 223.4375 241.5625 228.75 212.5
-194.84375 -180.3125 -173.90625 -170.625 -165.46875 -250.625 -260.46875 -300.9375 -299.0625 -301.09375 -294.375 -298.4375 -290.3125 -284.375 -278.4375 -269.84375 -255.625 -243.90625 -232.65625 -223.75 -215.9375 -235.9375 -186.09375 -192.96875 -228.59375 -196.40625 -178.4375 -165.15625 -150.9375 -151.09375 -146.71875 -149.84375 -150.9375 -147.34375 -142.96875 -145.15625 -141.25 -152.03125 -157.03125 -151.71875 -147.1875 -140.15625 -133.59375 -132.65625 -135.46875 -143.125 -147.03125 -121.5625 -126.25 -101.875 -50.78125 22.65625 114.375 161.40625 182.8125 198.59375 211.09375 235.46875 227.96875 213.125
-175 -163.4375 -156.40625 -155.625 -243.125 -291.09375 -297.8125 -306.71875 -309.84375 -315.625 -316.5625 -315.15625 -313.59375 -305.3125 -291.71875 -282.8125 -268.125 -251.09375 -237.5 -241.40625 -237.5 -255.9375 -214.21875 -186.71875 -223.59375 -177.5 -165.3125 -157.1875 -152.96875 -149.375 -147.34375 -154.375 -159.375 -149.0625 -142.1875 -142.1875 -140.9375 -146.875 -154.53125 -146.875 -141.25 -134.0625 -125 -120.625 -119.375 -118.4375 -111.25 -103.28125 -109.0625 -65.625 -10.9375 30.625 57.03125 149.53125 177.65625 173.59375 179.0625 214.375 229.21875 216.09375
-185.15625 -169.84375 -158.28125 -178.28125 -282.8125 -288.125 -290.15625 -297.8125 -309.0625 -320.15625 -327.65625 -320.78125 -316.25 -312.03125 -316.5625 -302.65625 -288.75 -268.28125 -249.53125 -242.1875 -259.375 -260.3125 -222.5 -204.6875 -178.75 -175.46875 -177.65625 -163.59375 -161.5625 -161.25 -150.625 -141.40625 -139.6875 -135 -133.75 -131.09375 -135.78125 -141.09375 -144.21875 -140.9375 -138.75 -137.1875 -119.84375 -114.53125 -118.125 -116.875 -107.5 -103.125 -98.28125 -79.0625 -22.8125 51.25 117.8125 125.78125 121.40625 103.75 164.53125 202.03125 220.3125 215.15625
