Cases/SDM_Urocitellus_beldingi/westernUsClimate_hadley2080a2/BIO04.asc
NCOLS 315 
NROWS 297 
XLLCORNER -124.741664802 
YLLCORNER 29.2083311801598 
CELLSIZE 0.066666670143822 
NODATA_value -3.4e+38 
[rows 108 to 134 of 297, columns 0 to 58 of 315]
-3.4e+38 -3.4e+38 -3.4e+38 -3.4e+38 -3.4e+38 -3.4e+38 -3.4e+38 90583.3333333333 94583.3333333333 106375 118265.625 126718.75 136343.75 140968.75 139218.75 139609.375 147234.375 147750 151875 165953.125 174328.125 175156.25 167812.5 160734.375 162031.25 175796.875 175359.375 172421.875 168187.5 167390.625 173453.125 177062.5 179687.5 179859.375 179937.5 178375 175593.75 163687.5 155015.625 170234.375 186703.125 184234.375 175812.5 172437.5 171687.5 168812.5 165640.625 168031.25 171500 175046.875 177500 177468.75 173421.875 176671.875 178703.125 178953.125 178656.25 177703.125 178218.75
-3.4e+38 -3.4e+38 -3.4e+38 -3.4e+38 -3.4e+38 -3.4e+38 -3.4e+38 -3.4e+38 96000 108206.349206349 120250 127031.25 131859.375 140406.25 142140.625 142218.75 142593.75 151359.375 164781.25 169359.375 171015.625 167062.5 154937.5 150015.625 165468.75 170234.375 168937.5 161109.375 169921.875 162156.25 170750 180875 181484.375 181406.25 180765.625 180453.125 177703.125 155343.75 155937.5 165968.75 170125 179734.375 172593.75 175484.375 168375 165359.375 161484.375 159046.875 161609.375 171140.625 175156.25 177531.25 178437.5 177671.875 177062.5 177468.75 177140.625 178468.75 179687.5
-3.4e+38 -3.4e+38 -3.4e+38 -3.4e+38 -3.4e+38 -3.4e+38 -3.4e+38 -3.4e+38 -3.4e+38 107250 117906.25 129687.5 134546.875 139812.5 144421.875 138890.625 148093.75 153187.5 162500 170140.625 162250 163046.875 143578.125 151718.75 171234.375 164375 179296.875 182406.25 182078.125 174703.125 169765.625 170406.25 179109.375 181515.625 180828.125 180437.5 175984.375 157625 165375 166593.75 173328.125 175562.5 175656.25 172500 163312.5 160609.375 154656.25 153125 156390.625 164609.375 173031.25 175328.125 178203.125 177875 176359.375 176031.25 176515.625 178375 180062.5
-3.4e+38 -3.4e+38 -3.4e+38 -3.4e+38 -3.4e+38 -3.4e+38 -3.4e+38 -3.4e+38 -3.4e+38 104555.555555556 110031.25 123218.75 135765.625 138843.75 139796.875 139890.625 150406.25 159281.25 163796.875 164328.125 149171.875 144781.25 146921.875 144828.125 143703.125 151078.125 179343.75 183109.375 186500 177875 170968.75 164890.625 176046.875 180671.875 180203.125 179843.75 177984.375 174734.375 165343.75 158437.5 162843.75 163781.25 169828.125 161218.75 156234.375 155203.125 151796.875 151906.25 153171.875 163562.5 171984.375 176000 176890.625 176343.75 176015.625 176218.75 176390.625 178375 181000
-3.4e+38 -3.4e+38 -3.4e+38 -3.4e+38 -3.4e+38 -3.4e+38 -3.4e+38 -3.4e+38 -3.4e+38 103500 108354.838709677 115859.375 134640.625 140062.5 143703.125 147109.375 150062.5 159437.5 164484.375 153921.875 148484.375 154453.125 162890.625 154828.125 142593.75 153109.375 165656.25 182906.25 184390.625 170671.875 163468.75 163781.25 174031.25 178203.125 178656.25 177015.625 172515.625 168703.125 157718.75 151250 158093.75 151765.625 159765.625 160046.875 159968.75 161375 159562.5 159062.5 160718.75 166156.25 175656.25 176984.375 175890.625 175656.25 176390.625 177281.25 178171.875 181328.125 182953.125
-3.4e+38 -3.4e+38 -3.4e+38 -3.4e+38 -3.4e+38 -3.4e+38 -3.4e+38 -3.4e+38 -3.4e+38 -3.4e+38 113377.358490566 120468.75 127140.625 137937.5 144687.5 148875 148406.25 155171.875 164281.25 164484.375 167953.125 169968.75 151734.375 147656.25 158828.125 147562.5 152703.125 173484.375 180843.75 171484.375 162609.375 162953.125 157937.5 164828.125 172906.25 170187.5 164453.125 140500 134875 152937.5 156156.25 159140.625 165484.375 167859.375 168453.125 169843.75 169921.875 168484.375 169281.25 172500 175312.5 176765.625 176562.5 176484.375 173031.25 178859.375 179578.125 184656.25 187140.625
-3.4e+38 -3.4e+38 -3.4e+38 -3.4e+38 -3.4e+38 -3.4e+38 -3.4e+38 -3.4e+38 -3.4e+38 -3.4e+38 110440.677966102 122781.25 126265.625 139062.5 141671.875 148390.625 152328.125 158250 163843.75 168125 168265.625 150531.25 144515.625 162093.75 161453.125 158718.75 145953.125 168843.75 177250 167765.625 167812.5 159937.5 143437.5 151437.5 161875 166921.875 164562.5 141000 135609.375 155890.625 170359.375 176343.75 171531.25 163250 171515.625 172765.625 176250 178625 175687.5 175875 176875 178187.5 178531.25 178109.375 178406.25 180515.625 181453.125 178218.75 177843.75
-3.4e+38 -3.4e+38 -3.4e+38 -3.4e+38 -3.4e+38 -3.4e+38 -3.4e+38 -3.4e+38 -3.4e+38 103454.545454545 110156.25 124187.5 129390.625 133578.125 143859.375 149250 154125 157937.5 160968.75 159000 171093.75 166328.125 164687.5 171828.125 168046.875 165812.5 144703.125 155437.5 171000 167906.25 162812.5 152453.125 152421.875 143453.125 150968.75 166953.125 169453.125 163140.625 163468.75 172406.25 177875 179093.75 177500 173812.5 172312.5 172578.125 178515.625 182625 172546.875 175593.75 176312.5 179437.5 181031.25 180937.5 180234.375 174671.875 175750 180015.625 171031.25
-3.4e+38 -3.4e+38 -3.4e+38 -3.4e+38 -3.4e+38 -3.4e+38 -3.4e+38 -3.4e+38 -3.4e+38 102392.857142857 112812.5 125125 132000 137015.625 139921.875 149484.375 152187.5 158531.25 162125 153078.125 165406.25 173546.875 173296.875 165953.125 158796.875 157015.625 147250 150312.5 151312.5 144906.25 154140.625 164109.375 154000 149515.625 156218.75 161859.375 169375 172671.875 175140.625 180828.125 180921.875 178265.625 177140.625 177437.5 174312.5 176046.875 180406.25 184250 185187.5 183281.25 177218.75 176500 179453.125 183296.875 183593.75 178937.5 181015.625 184578.125 178171.875
-3.4e+38 -3.4e+38 -3.4e+38 -3.4e+38 -3.4e+38 -3.4e+38 -3.4e+38 -3.4e+38 92000 100283.018867925 117562.5 120468.75 131015.625 139281.25 141578.125 145812.5 152796.875 157812.5 157203.125 150750 148890.625 164250 170562.5 172093.75 172031.25 163671.875 143609.375 145343.75 148765.625 149046.875 159531.25 167718.75 157484.375 152906.25 156890.625 167218.75 173671.875 172203.125 176031.25 178953.125 176828.125 167187.5 167390.625 168296.875 170625 174765.625 179796.875 185812.5 188156.25 188671.875 188531.25 171921.875 177218.75 184296.875 184812.5 184875 184312.5 184062.5 181156.25
-3.4e+38 -3.4e+38 -3.4e+38 -3.4e+38 -3.4e+38 -3.4e+38 -3.4e+38 -3.4e+38 94687.5 102078.125 111203.125 124703.125 126843.75 139125 142328.125 143171.875 153234.375 153796.875 145125 151921.875 159031.25 157906.25 153578.125 164593.75 169468.75 165781.25 149453.125 154000 156640.625 163500 171187.5 157562.5 163390.625 157531.25 156484.375 169062.5 171812.5 170843.75 174750 175140.625 174218.75 173234.375 179890.625 176750 168671.875 173437.5 181937.5 186140.625 191140.625 192078.125 192531.25 187281.25 177906.25 184968.75 185406.25 183531.25 181609.375 183328.125 180484.375
-3.4e+38 -3.4e+38 -3.4e+38 -3.4e+38 -3.4e+38 -3.4e+38 -3.4e+38 -3.4e+38 91500 97652.1739130435 106843.75 118500 128703.125 135328.125 143703.125 145703.125 149656.25 157937.5 153328.125 148671.875 163687.5 164890.625 158468.75 157953.125 153843.75 151484.375 147375 146640.625 144156.25 157234.375 174015.625 169562.5 164609.375 160531.25 165812.5 171718.75 171765.625 169953.125 173500 171937.5 175484.375 177796.875 179187.5 178062.5 171953.125 182359.375 188796.875 186562.5 189015.625 193078.125 193390.625 192546.875 184031.25 183093.75 184656.25 179625 176734.375 178468.75 178515.625
-3.4e+38 -3.4e+38 -3.4e+38 -3.4e+38 -3.4e+38 -3.4e+38 -3.4e+38 -3.4e+38 -3.4e+38 91695.652173913 101578.125 118968.75 131937.5 134312.5 143109.375 147859.375 148296.875 157718.75 157390.625 156687.5 167687.5 167875 153703.125 161921.875 154093.75 137906.25 147328.125 144203.125 148953.125 165593.75 175250 173578.125 164593.75 167578.125 169593.75 169828.125 169625 168812.5 171421.875 172500 173593.75 175343.75 176937.5 175250 177703.125 181312.5 187109.375 192546.875 192078.125 191296.875 190734.375 191484.375 188515.625 184015.625 174750 173187.5 175171.875 175281.25 174593.75
-3.4e+38 -3.4e+38 -3.4e+38 -3.4e+38 -3.4e+38 -3.4e+38 -3.4e+38 -3.4e+38 82000 86919.3548387097 96640.625 114187.5 124156.25 135953.125 142484.375 148031.25 150703.125 155390.625 159609.375 164437.5 166984.375 160796.875 151625 164390.625 168078.125 154484.375 157062.5 153625 161078.125 174687.5 174437.5 169484.375 166890.625 169078.125 167984.375 164406.25 168031.25 167328.125 169468.75 169531.25 171812.5 172953.125 174640.625 168687.5 172468.75 179281.25 184265.625 189625 190062.5 187687.5 186156.25 183218.75 183625 183718.75 178984.375 181421.875 180703.125 176734.375 174234.375
-3.4e+38 -3.4e+38 -3.4e+38 -3.4e+38 -3.4e+38 -3.4e+38 -3.4e+38 -3.4e+38 78459.4594594595 84265.625 100640.625 108031.25 122062.5 138046.875 141734.375 144296.875 152781.25 155671.875 161062.5 163687.5 165453.125 166453.125 164015.625 169171.875 176218.75 171312.5 150515.625 169421.875 178125 177531.25 173046.875 169312.5 169453.125 167515.625 163906.25 160359.375 162593.75 164046.875 166375 166437.5 167734.375 170312.5 172265.625 170750 169578.125 175406.25 172687.5 179640.625 186781.25 184843.75 179093.75 172968.75 174859.375 173296.875 179218.75 180156.25 177937.5 171546.875 171906.25
-3.4e+38 -3.4e+38 -3.4e+38 -3.4e+38 -3.4e+38 -3.4e+38 -3.4e+38 75100 78446.4285714286 86625 102156.25 121906.25 118625 133171.875 141890.625 145000 148640.625 156093.75 158921.875 163421.875 167718.75 172843.75 173796.875 174281.25 180046.875 177093.75 168640.625 177781.25 178062.5 176765.625 169515.625 169578.125 169093.75 167703.125 162062.5 156921.875 158625 160906.25 160984.375 163234.375 165343.75 167515.625 169984.375 164937.5 160875 168578.125 163203.125 168437.5 179859.375 185218.75 173937.5 169250 167578.125 162843.75 167859.375 170468.75 169906.25 168640.625 170562.5
-3.4e+38 -3.4e+38 -3.4e+38 -3.4e+38 -3.4e+38 -3.4e+38 75333.3333333333 76839.2857142857 84046.875 92234.375 102984.375 123593.75 130218.75 133703.125 139859.375 143562.5 151640.625 156281.25 160109.375 157656.25 162593.75 164625 171562.5 169109.375 166171.875 181578.125 179562.5 182171.875 179640.625 174437.5 170484.375 169046.875 167781.25 166453.125 154484.375 155390.625 156125 157468.75 158687.5 160484.375 162421.875 165453.125 168359.375 167046.875 161812.5 163953.125 156453.125 151953.125 164328.125 177500 172500 170546.875 168546.875 168640.625 166234.375 169250 171171.875 174312.5 174796.875
-3.4e+38 -3.4e+38 -3.4e+38 -3.4e+38 -3.4e+38 -3.4e+38 76135.1351351351 79343.75 88062.5 102406.25 114468.75 119281.25 131281.25 134875 141421.875 147015.625 147906.25 146281.25 160546.875 164781.25 168312.5 170156.25 162468.75 164046.875 163515.625 175546.875 181562.5 180187.5 171906.25 173218.75 170187.5 166312.5 158750 158000 153265.625 154578.125 155812.5 156718.75 157437.5 158406.25 159890.625 161906.25 164843.75 168406.25 167171.875 158000 153765.625 158546.875 164968.75 174781.25 169109.375 167750 168546.875 167234.375 169593.75 164718.75 170968.75 168750 175203.125
-3.4e+38 -3.4e+38 -3.4e+38 -3.4e+38 -3.4e+38 77818.1818181818 80476.1904761905 83328.125 86750 96531.25 109890.625 119062.5 128765.625 138328.125 143250 146328.125 151421.875 151671.875 153546.875 165656.25 161843.75 164796.875 172484.375 174656.25 176078.125 171187.5 170546.875 177515.625 171078.125 162500 163406.25 164250 162578.125 153796.875 153468.75 154968.75 155921.875 156625 156921.875 157109.375 158156.25 159968.75 162328.125 166578.125 167406.25 165375 159625 156125 160031.25 159390.625 153000 157625 156734.375 158390.625 165281.25 169312.5 169015.625 163859.375 175906.25
-3.4e+38 -3.4e+38 -3.4e+38 -3.4e+38 -3.4e+38 83095.2380952381 92468.75 97484.375 94578.125 97828.125 106031.25 114312.5 126375 136843.75 139015.625 147593.75 152234.375 155312.5 149921.875 161796.875 159718.75 158171.875 168468.75 174328.125 171875 169625 165718.75 171312.5 165093.75 165000 170156.25 165343.75 158062.5 154218.75 154281.25 154937.5 156218.75 156093.75 155890.625 155703.125 156484.375 158265.625 163000 165906.25 167312.5 167796.875 162156.25 150546.875 144312.5 150218.75 151703.125 155062.5 150156.25 156046.875 161250 167562.5 169078.125 168843.75 169765.625
-3.4e+38 -3.4e+38 -3.4e+38 -3.4e+38 -3.4e+38 84947.3684210526 91343.75 99125 105718.75 110281.25 110953.125 113468.75 122750 133656.25 139968.75 147859.375 151468.75 150671.875 159578.125 158734.375 159890.625 159156.25 164734.375 170421.875 170500 165828.125 159265.625 170062.5 173546.875 171281.25 166593.75 159843.75 156843.75 155015.625 154156.25 154078.125 155218.75 155046.875 154812.5 154531.25 155187.5 156531.25 158312.5 161546.875 166609.375 165812.5 156406.25 143593.75 145062.5 149000 156531.25 152906.25 152343.75 156000 161500 167125 169781.25 171437.5 170203.125
-3.4e+38 -3.4e+38 -3.4e+38 -3.4e+38 -3.4e+38 84923.0769230769 94125 100906.25 110625 116593.75 118812.5 119531.25 121843.75 134437.5 141171.875 146828.125 150375 150234.375 155609.375 160390.625 159000 166125 164125 156156.25 160640.625 165781.25 170734.375 173406.25 172453.125 168390.625 164078.125 160546.875 157421.875 155562.5 154468.75 153984.375 153734.375 153500 153531.25 153703.125 154078.125 154828.125 156156.25 159125 164140.625 162875 155671.875 153984.375 157718.75 157250 162125 166968.75 166203.125 163921.875 166875 167734.375 170468.75 169906.25 172343.75
-3.4e+38 -3.4e+38 -3.4e+38 -3.4e+38 -3.4e+38 85076.9230769231 89312.5 94828.125 107468.75 114781.25 118750 123937.5 123562.5 130421.875 136765.625 145281.25 152296.875 147390.625 148250 160484.375 162078.125 157015.625 164671.875 162796.875 157609.375 160828.125 168812.5 172125 172046.875 169140.625 164656.25 161531.25 158562.5 156171.875 154562.5 153406.25 152718.75 152078.125 152046.875 152312.5 153046.875 153765.625 155328.125 159593.75 163765.625 162953.125 152687.5 159531.25 159703.125 164093.75 160734.375 165953.125 180406.25 176593.75 173578.125 171328.125 172375 169609.375 162156.25
-3.4e+38 -3.4e+38 -3.4e+38 -3.4e+38 -3.4e+38 87500 96840 100015.625 102562.5 109515.625 117703.125 126656.25 128156.25 129093.75 139109.375 142750 147687.5 155843.75 151546.875 157296.875 163500 164265.625 156593.75 163796.875 164671.875 156468.75 154828.125 160750 169187.5 170718.75 166093.75 162671.875 159281.25 156765.625 154906.25 153125 151546.875 150609.375 150609.375 151406.25 152125 152734.375 154328.125 156531.25 161984.375 163468.75 160687.5 159421.875 161859.375 162515.625 158468.75 168171.875 176375 177406.25 176156.25 163265.625 163812.5 170468.75 166546.875
-3.4e+38 -3.4e+38 -3.4e+38 -3.4e+38 -3.4e+38 -3.4e+38 90000 102785.714285714 110444.444444444 114703.125 116140.625 123343.75 129296.875 133875 138484.375 148000 148656.25 154640.625 160843.75 160718.75 168468.75 167093.75 167046.875 160734.375 159531.25 154265.625 144203.125 151140.625 160265.625 169718.75 168109.375 164437.5 160843.75 157578.125 155062.5 152781.25 150859.375 149671.875 149906.25 150843.75 151375 151796.875 153328.125 155703.125 158250 161968.75 164343.75 164390.625 159640.625 150312.5 151328.125 164171.875 170359.375 170937.5 168890.625 169953.125 179796.875 176703.125 178250
-3.4e+38 -3.4e+38 -3.4e+38 -3.4e+38 -3.4e+38 -3.4e+38 -3.4e+38 -3.4e+38 104181.818181818 115750 118890.625 122375 127437.5 131421.875 138093.75 147687.5 152359.375 154828.125 160203.125 164406.25 168203.125 168484.375 162937.5 158484.375 149609.375 147125 146265.625 156937.5 160671.875 163031.25 167796.875 166171.875 161875 158265.625 155671.875 153265.625 151421.875 149953.125 150265.625 151046.875 151359.375 151015.625 151484.375 152937.5 157250 160531.25 162875 163500 158296.875 151500 147093.75 157750 171421.875 170437.5 172531.25 162031.25 171140.625 191828.125 192156.25
-3.4e+38 -3.4e+38 -3.4e+38 -3.4e+38 -3.4e+38 -3.4e+38 -3.4e+38 -3.4e+38 -3.4e+38 109000 118672.727272727 123500 128750 133187.5 138375 146343.75 153390.625 157687.5 159437.5 161140.625 165484.375 170859.375 166531.25 155203.125 154218.75 147109.375 139562.5 144765.625 142734.375 151562.5 160484.375 166687.5 162812.5 159390.625 156593.75 154265.625 152281.25 151234.375 151265.625 151625 151968.75 151562.5 150281.25 150484.375 153687.5 159000 162109.375 159484.375 154421.875 148015.625 147625 157812.5 175125 175281.25 174046.875 179015.625 187656.25 165593.75 171062.5
