Cases/SDM_Urocitellus_beldingi/westernUsClimate_hadley2080a2/BIO07.asc
NCOLS 315 
NROWS 297 
XLLCORNER -124.741664802 
YLLCORNER 29.2083311801598 
CELLSIZE 0.066666670143822 
NODATA_value -3.4e+38 
[rows 78 to 103 of 297, columns 120 to 179 of 315]
4620.625 4601.71875 4588.75 4570 4558.28125 4537.1875 4527.96875 4532.34375 4550.9375 4557.03125 4574.53125 4567.34375 4586.71875 4615.46875 4635.78125 4648.90625 4673.90625 4684.84375 4708.28125 4739.21875 4760.3125 4676.40625 4706.09375 4778.59375 4770.78125 4630.15625 4675.9375 4695.625 4571.5625 4605.46875 4582.34375 4559.84375 4680.78125 4671.09375 4692.1875 4662.34375 4605.78125 4587.65625 4419.53125 4429.84375 4341.875 4450.15625 4594.375 4513.4375 4530.78125 4688.4375 4671.40625 4680.46875 4806.40625 4888.125 4956.25 4806.09375 4600.78125 4832.03125 4684.0625 5023.75 5081.5625 5129.21875 5180.625 5226.40625
4588.75 4590.78125 4583.125 4564.0625 4540 4516.09375 4501.09375 4479.84375 4500.3125 4543.125 4540.78125 4531.71875 4566.875 4601.71875 4616.875 4636.71875 4638.125 4679.6875 4680.9375 4710.625 4697.8125 4748.90625 4748.125 4680.625 4637.8125 4584.6875 4596.40625 4758.28125 4613.28125 4688.125 4598.4375 4572.65625 4578.4375 4583.4375 4638.125 4663.28125 4652.34375 4601.875 4551.5625 4429.6875 4524.21875 4509.0625 4479.21875 4363.125 4490.78125 4687.1875 4787.65625 4816.09375 4801.875 4778.4375 4972.34375 4856.40625 4908.4375 4848.90625 4714.21875 5018.90625 5088.59375 5124.6875 5159.0625 5178.59375
4553.59375 4568.28125 4555.9375 4530.46875 4510.15625 4489.53125 4469.6875 4457.03125 4447.65625 4498.28125 4517.5 4487.03125 4542.96875 4550.9375 4568.125 4595.15625 4645.15625 4638.125 4589.53125 4608.90625 4700.46875 4767.8125 4796.25 4797.96875 4786.09375 4672.03125 4730.15625 4799.53125 4768.125 4692.65625 4577.96875 4567.03125 4633.59375 4647.8125 4635.9375 4638.4375 4648.125 4632.1875 4618.4375 4560.15625 4659.0625 4588.59375 4476.25 4412.34375 4570.46875 4695.3125 4719.375 4753.28125 4802.5 4914.0625 4960.15625 4955 4946.5625 4892.03125 4979.21875 5037.8125 5072.34375 5096.5625 5111.09375 5114.375
4499.0625 4521.40625 4522.34375 4502.8125 4475.78125 4452.96875 4434.53125 4413.28125 4414.0625 4431.09375 4469.6875 4457.5 4489.53125 4508.125 4550.46875 4564.84375 4620 4645.15625 4650.9375 4627.03125 4630.15625 4744.84375 4773.75 4756.25 4755.46875 4746.875 4730.3125 4708.75 4742.96875 4729.0625 4634.6875 4610.9375 4593.90625 4602.34375 4652.8125 4665.9375 4663.4375 4617.5 4631.71875 4670.9375 4675.15625 4628.125 4662.8125 4561.25 4583.90625 4626.09375 4625.78125 4751.71875 4828.90625 4897.5 4939.84375 4962.34375 4970.9375 4975.3125 4995.46875 5022.8125 5056.09375 5071.40625 5063.125 5045.9375
4474.375 4480.46875 4488.4375 4479.21875 4458.59375 4432.1875 4412.65625 4394.6875 4395.3125 4399.375 4416.71875 4460.9375 4502.5 4502.8125 4525.625 4556.71875 4588.125 4632.34375 4667.03125 4693.125 4697.03125 4730.78125 4738.90625 4724.0625 4713.75 4622.1875 4575 4543.125 4707.03125 4660.46875 4677.8125 4685.78125 4610.78125 4612.1875 4612.5 4665.46875 4690.46875 4630.3125 4608.125 4670.15625 4734.6875 4729.84375 4705.3125 4697.5 4708.125 4580.78125 4588.90625 4723.90625 4803.28125 4840.9375 4883.75 4903.125 4922.03125 4947.1875 4971.25 4991.875 5015.46875 5025 5007.5 4971.40625
4483.125 4462.5 4465.9375 4457.5 4430.78125 4427.65625 4415.46875 4402.34375 4396.40625 4396.71875 4401.40625 4417.5 4442.1875 4487.5 4524.0625 4557.1875 4570.3125 4602.1875 4642.34375 4674.21875 4700.3125 4708.75 4748.90625 4766.5625 4783.90625 4743.28125 4739.0625 4764.84375 4806.5625 4776.71875 4685.15625 4712.34375 4708.75 4651.40625 4673.59375 4688.28125 4682.96875 4728.90625 4649.6875 4613.4375 4728.59375 4695.15625 4695 4718.4375 4704.0625 4686.71875 4647.1875 4681.5625 4731.09375 4779.53125 4826.71875 4859.0625 4868.125 4898.125 4927.34375 4922.8125 4948.59375 4952.34375 4941.09375 4922.03125
4476.71875 4495 4475.625 4461.25 4430.78125 4412.1875 4415.46875 4403.90625 4397.96875 4400.46875 4397.34375 4410.625 4421.71875 4450.15625 4492.96875 4539.84375 4582.96875 4565 4614.21875 4638.125 4673.4375 4705.78125 4748.28125 4761.5625 4762.65625 4795.3125 4834.375 4859.53125 4866.5625 4868.90625 4831.09375 4800.9375 4773.4375 4738.125 4710.46875 4734.84375 4747.65625 4770.15625 4762.03125 4668.75 4681.09375 4735.46875 4706.71875 4747.65625 4729.21875 4734.6875 4705 4689.6875 4715.3125 4753.125 4777.34375 4807.65625 4817.96875 4835.625 4859.6875 4821.40625 4865.3125 4857.65625 4856.875 4848.125
4423.75 4457.1875 4493.75 4478.4375 4457.03125 4438.125 4415.9375 4403.28125 4401.71875 4396.875 4397.96875 4403.59375 4412.5 4426.71875 4446.09375 4488.59375 4541.40625 4568.125 4591.71875 4633.28125 4671.40625 4699.375 4731.09375 4770.15625 4804.84375 4825.78125 4836.25 4834.84375 4838.90625 4838.125 4819.21875 4788.125 4765.46875 4750.78125 4747.65625 4733.90625 4730.15625 4727.65625 4734.53125 4755.9375 4764.0625 4764.53125 4757.96875 4736.875 4729.21875 4716.5625 4698.90625 4687.96875 4698.90625 4717.8125 4737.34375 4759.375 4771.25 4776.875 4784.84375 4777.8125 4776.71875 4794.84375 4792.65625 4783.75
4399.84375 4404.84375 4460.9375 4454.21875 4431.875 4450.15625 4418.28125 4411.875 4407.1875 4405.15625 4404.375 4412.03125 4413.59375 4424.6875 4441.875 4455.3125 4488.125 4545.3125 4586.5625 4602.65625 4622.34375 4661.40625 4694.6875 4720 4750.3125 4761.09375 4765.9375 4767.5 4782.8125 4784.6875 4745.9375 4734.0625 4697.8125 4677.96875 4692.03125 4715.78125 4706.5625 4708.90625 4716.09375 4720.46875 4745.9375 4735.9375 4720 4706.71875 4703.59375 4690.78125 4677.65625 4680 4684.0625 4687.65625 4695.78125 4719.375 4725.625 4729.375 4731.5625 4730.46875 4724.6875 4728.90625 4725.15625 4715.78125
4418.28125 4395.78125 4428.125 4437.5 4445 4484.375 4458.28125 4432.96875 4428.4375 4419.53125 4414.53125 4412.1875 4414.0625 4422.03125 4437.34375 4448.75 4470.9375 4492.96875 4530.15625 4573.4375 4609.6875 4643.28125 4665 4691.25 4713.4375 4719.375 4725 4720.3125 4723.28125 4725.46875 4709.375 4692.34375 4660.15625 4659.21875 4667.8125 4684.0625 4676.71875 4672.03125 4671.875 4675.3125 4677.03125 4677.03125 4669.21875 4663.28125 4662.1875 4662.96875 4655.15625 4658.28125 4658.28125 4659.53125 4661.40625 4671.09375 4674.53125 4666.5625 4660.625 4670.15625 4669.53125 4665 4660.9375 4653.125
4434.6875 4421.25 4407.03125 4425.625 4454.0625 4490.15625 4519.21875 4495.3125 4464.6875 4446.71875 4431.40625 4419.53125 4411.09375 4418.90625 4429.6875 4456.5625 4472.1875 4492.5 4512.65625 4527.65625 4544.21875 4568.28125 4599.53125 4624.53125 4647.8125 4666.875 4660.9375 4657.5 4654.53125 4664.6875 4659.375 4657.5 4659.84375 4660.15625 4652.65625 4648.4375 4636.09375 4625.3125 4615.3125 4607.96875 4614.21875 4614.53125 4614.21875 4610.9375 4610.78125 4616.40625 4623.59375 4627.96875 4627.34375 4627.03125 4629.6875 4625.78125 4620.625 4614.21875 4606.875 4608.125 4610.3125 4602.1875 4594.6875 4587.1875
4434.6875 4423.90625 4410.46875 4419.53125 4451.71875 4492.96875 4509.21875 4521.40625 4520.9375 4503.28125 4462.65625 4439.6875 4418.75 4415.3125 4434.375 4449.53125 4473.125 4488.59375 4510.15625 4525.3125 4534.6875 4540.78125 4555.9375 4554.84375 4544.53125 4529.53125 4530 4531.09375 4544.375 4545.3125 4557.5 4566.71875 4591.71875 4619.375 4632.96875 4614.84375 4597.65625 4582.8125 4563.125 4557.34375 4564.0625 4551.40625 4552.34375 4554.53125 4554.84375 4566.5625 4572.65625 4576.09375 4576.5625 4575.78125 4574.21875 4574.53125 4571.09375 4559.6875 4555.78125 4547.34375 4542.96875 4535.15625 4524.84375 4519.53125
4400.9375 4405.46875 4430 4429.84375 4444.53125 4479.53125 4493.75 4494.0625 4507.1875 4525 4507.96875 4471.71875 4458.59375 4452.03125 4462.1875 4472.96875 4486.71875 4503.28125 4527.65625 4536.71875 4540.9375 4565.3125 4558.4375 4548.4375 4516.5625 4498.4375 4482.65625 4481.71875 4485 4480.78125 4480.3125 4492.03125 4524.6875 4560.78125 4592.65625 4581.875 4548.28125 4522.8125 4509.84375 4504.84375 4504.6875 4505 4507.96875 4513.4375 4520.9375 4522.5 4529.21875 4529.21875 4527.5 4527.8125 4528.28125 4524.375 4520.625 4518.125 4515.625 4505.3125 4499.6875 4489.84375 4472.03125 4466.71875
4439.53125 4432.03125 4434.84375 4432.34375 4442.1875 4449.84375 4457.5 4465.46875 4480.3125 4504.53125 4504.21875 4485.46875 4478.125 4479.84375 4473.75 4498.28125 4499.6875 4522.8125 4524.0625 4529.53125 4532.65625 4539.6875 4527.1875 4513.4375 4494.53125 4473.28125 4455.46875 4451.71875 4445.78125 4437.34375 4429.84375 4443.59375 4471.09375 4498.90625 4514.21875 4510.625 4490 4470.3125 4456.71875 4448.28125 4446.40625 4448.90625 4455 4460.78125 4468.75 4472.65625 4483.59375 4491.40625 4496.09375 4496.25 4492.65625 4486.5625 4479.84375 4473.90625 4471.875 4465.46875 4451.09375 4437.96875 4429.6875 4429.21875
4457.65625 4452.5 4443.59375 4434.6875 4443.75 4439.375 4439.6875 4453.90625 4470 4483.75 4485 4482.03125 4488.59375 4487.34375 4493.75 4477.1875 4479.375 4505.46875 4512.1875 4518.75 4519.0625 4511.5625 4505.9375 4484.53125 4462.65625 4440.9375 4424.84375 4433.28125 4411.25 4402.34375 4398.125 4403.90625 4412.96875 4429.53125 4435.78125 4438.90625 4429.84375 4412.5 4405.46875 4391.09375 4385.15625 4383.90625 4392.65625 4400.625 4412.65625 4419.53125 4437.34375 4447.5 4459.375 4465.15625 4466.25 4457.96875 4449.375 4445.3125 4436.5625 4429.375 4416.09375 4400.78125 4394.6875 4399.6875
4454.84375 4450 4445.78125 4445 4436.875 4440 4441.25 4450.3125 4461.875 4472.1875 4476.09375 4483.4375 4489.53125 4482.5 4486.40625 4493.4375 4474.84375 4476.25 4487.5 4503.90625 4501.25 4498.59375 4483.75 4471.5625 4448.75 4419.53125 4408.59375 4415.625 4392.34375 4372.96875 4369.53125 4359.6875 4359.21875 4363.28125 4361.5625 4363.75 4362.65625 4350.46875 4347.5 4338.90625 4324.53125 4324.53125 4323.59375 4340.46875 4358.125 4369.84375 4389.53125 4410.625 4423.75 4430.46875 4435.9375 4433.4375 4431.40625 4426.40625 4421.5625 4410.3125 4394.375 4379.6875 4368.4375 4377.5
4437.96875 4441.71875 4432.34375 4434.53125 4430 4424.375 4434.84375 4442.96875 4452.96875 4463.90625 4468.28125 4470.625 4473.75 4476.71875 4480.625 4478.90625 4472.03125 4474.6875 4480.46875 4477.1875 4475.78125 4471.09375 4466.25 4453.75 4427.96875 4410.15625 4388.28125 4377.5 4379.84375 4345.46875 4331.09375 4313.125 4305.78125 4298.125 4293.59375 4297.03125 4288.4375 4287.8125 4285.9375 4272.34375 4273.125 4280.3125 4285.9375 4297.65625 4316.71875 4329.84375 4352.5 4372.65625 4393.28125 4408.4375 4417.03125 4422.5 4420 4417.5 4409.21875 4400.9375 4391.71875 4375.9375 4363.4375 4351.40625
4442.65625 4451.09375 4445.78125 4435 4428.4375 4428.75 4430.15625 4435.9375 4449.6875 4461.5625 4466.875 4467.34375 4473.125 4474.6875 4471.25 4476.5625 4474.6875 4469.6875 4467.96875 4469.0625 4460.3125 4456.875 4444.0625 4429.6875 4410.9375 4387.1875 4367.8125 4348.59375 4338.125 4327.65625 4297.8125 4289.375 4272.1875 4257.1875 4240 4235.9375 4234.375 4226.25 4220.78125 4218.75 4222.65625 4223.90625 4230.3125 4246.875 4261.71875 4283.4375 4312.65625 4335.625 4357.96875 4379.84375 4390.3125 4401.09375 4406.40625 4408.75 4404.53125 4397.03125 4372.65625 4365.15625 4351.25 4302.65625
4469.6875 4459.6875 4448.125 4441.5625 4440.78125 4432.5 4435 4441.875 4445.3125 4456.25 4470.78125 4470 4472.5 4477.5 4478.59375 4481.09375 4479.53125 4474.53125 4471.71875 4464.375 4453.90625 4445.3125 4429.53125 4411.5625 4395.9375 4371.09375 4344.6875 4323.4375 4298.90625 4273.4375 4248.28125 4227.96875 4212.8125 4203.59375 4195.3125 4183.28125 4181.09375 4172.96875 4177.03125 4174.21875 4170.46875 4167.5 4169.84375 4183.125 4201.25 4228.90625 4263.75 4290 4311.40625 4329.21875 4352.03125 4372.34375 4385.3125 4381.5625 4375.15625 4349.21875 4357.96875 4375.78125 4370.46875 4325.3125
4474.375 4475.15625 4460.3125 4445 4440.46875 4445.46875 4441.40625 4446.875 4449.6875 4455.78125 4466.09375 4475 4476.40625 4479.6875 4482.8125 4481.40625 4479.21875 4479.0625 4471.25 4459.375 4453.59375 4437.96875 4419.6875 4403.4375 4383.59375 4361.71875 4332.5 4306.25 4276.875 4244.6875 4214.375 4177.8125 4146.875 4125.46875 4128.90625 4126.40625 4124.84375 4122.96875 4132.65625 4130.625 4122.96875 4119.53125 4118.75 4132.8125 4147.65625 4184.84375 4221.71875 4244.21875 4270.46875 4299.375 4333.90625 4357.03125 4371.09375 4357.03125 4352.34375 4305.15625 4330.625 4364.375 4384.0625 4353.28125
4490.46875 4490.46875 4474.21875 4457.5 4441.40625 4450.78125 4451.40625 4451.25 4450 4454.21875 4459.53125 4474.21875 4483.125 4488.4375 4484.375 4478.75 4481.875 4478.4375 4471.5625 4465.625 4453.75 4438.28125 4420.3125 4400.9375 4377.65625 4354.375 4324.53125 4297.65625 4267.8125 4231.09375 4191.875 4162.34375 4118.125 4088.90625 4077.8125 4087.8125 4087.1875 4088.90625 4088.90625 4083.28125 4078.75 4072.34375 4077.65625 4093.28125 4119.6875 4152.1875 4184.375 4213.125 4243.59375 4281.40625 4328.28125 4354.0625 4365 4353.75 4331.71875 4275.78125 4266.71875 4340.9375 4385 4355.46875
4503.59375 4497.96875 4474.53125 4470 4468.75 4459.21875 4454.21875 4461.25 4460.3125 4446.25 4450.78125 4466.71875 4483.90625 4490.3125 4496.5625 4492.03125 4488.28125 4487.34375 4475.625 4456.71875 4452.34375 4436.40625 4417.96875 4402.03125 4384.0625 4353.75 4322.1875 4290.9375 4257.8125 4225 4184.6875 4152.1875 4122.34375 4093.28125 4087.03125 4096.875 4092.34375 4110.15625 4091.40625 4076.5625 4034.84375 4027.65625 4030.3125 4043.59375 4074.375 4128.75 4183.28125 4193.4375 4216.875 4238.4375 4306.71875 4334.84375 4349.21875 4346.25 4304.375 4288.75 4276.71875 4311.875 4392.65625 4343.75
4497.8125 4508.125 4485.3125 4480.15625 4468.28125 4463.4375 4455 4465.3125 4474.84375 4472.5 4462.96875 4467.65625 4489.84375 4496.5625 4490.625 4489.0625 4493.59375 4484.53125 4478.4375 4468.90625 4455.46875 4437.65625 4421.5625 4400.625 4379.375 4358.28125 4329.375 4303.90625 4272.8125 4237.96875 4198.90625 4151.5625 4126.40625 4135 4163.4375 4162.65625 4143.59375 4140.9375 4173.75 4167.34375 4075.78125 4010.625 4000.625 4021.71875 4065.625 4171.71875 4157.5 4180.46875 4219.6875 4247.96875 4305 4339.21875 4352.03125 4359.0625 4347.96875 4308.125 4294.0625 4303.125 4374.0625 4366.71875
4500.78125 4510.78125 4495.78125 4492.1875 4481.5625 4468.4375 4464.6875 4481.875 4489.53125 4488.125 4468.90625 4470.9375 4480.625 4498.28125 4505.15625 4500.625 4494.21875 4492.8125 4484.21875 4470.625 4452.96875 4439.0625 4425 4408.28125 4388.90625 4369.375 4340.9375 4315.15625 4286.71875 4255.3125 4216.09375 4182.96875 4155.78125 4158.28125 4200.78125 4197.8125 4202.65625 4173.75 4188.90625 4182.8125 4152.8125 4051.5625 3978.125 4016.40625 4100.9375 4175 4184.0625 4191.875 4211.71875 4247.96875 4298.28125 4333.90625 4341.25 4313.90625 4344.53125 4336.09375 4310.3125 4308.75 4318.59375 4412.1875
4497.03125 4505 4489.53125 4486.71875 4490.46875 4476.09375 4468.28125 4486.875 4499.84375 4492.8125 4459.6875 4469.0625 4475.46875 4494.375 4512.5 4506.40625 4497.03125 4493.125 4488.90625 4473.125 4460 4447.34375 4433.59375 4414.53125 4393.75 4376.25 4351.25 4324.6875 4305.46875 4273.28125 4232.96875 4217.1875 4210 4198.125 4203.59375 4203.90625 4204.53125 4195.46875 4184.84375 4180 4162.8125 4102.1875 4059.21875 4127.03125 4166.5625 4130.78125 4140.625 4202.5 4191.09375 4234.375 4288.4375 4326.5625 4328.4375 4266.40625 4233.90625 4338.90625 4387.1875 4380.9375 4356.40625 4425
4494.21875 4498.59375 4488.28125 4492.5 4496.875 4479.0625 4461.25 4486.09375 4500.15625 4481.875 4429.375 4446.71875 4480.9375 4502.96875 4507.65625 4500.15625 4498.59375 4488.4375 4489.84375 4485.46875 4472.03125 4454.21875 4446.25 4426.875 4398.75 4381.40625 4353.75 4322.96875 4305.78125 4287.8125 4259.6875 4256.5625 4247.8125 4230.3125 4213.75 4207.96875 4213.4375 4202.03125 4197.1875 4191.5625 4193.59375 4157.34375 4152.1875 4181.71875 4195.3125 4178.4375 4199.53125 4214.6875 4222.1875 4256.09375 4299.21875 4331.875 4331.875 4271.40625 4162.03125 4289.53125 4438.28125 4474.6875 4437.03125 4462.65625
