Cases/SDM_Urocitellus_beldingi/westernUsClimate_hadley2080a2/BIO05.asc
NCOLS 315 
NROWS 297 
XLLCORNER -124.741664802 
YLLCORNER 29.2083311801598 
CELLSIZE 0.066666670143822 
NODATA_value -3.4e+38 
[rows 27 to 53 of 297, columns 236 to 294 of 315]
3795.3125 3841.875 3869.0625 3881.71875 3886.25 3898.4375 3914.6875 3913.75 3906.5625 3907.8125 3905.46875 3895.9375 3907.1875 3926.5625 3936.40625 3985.3125 3994.53125 3954.21875 3936.09375 3916.25 3898.90625 3894.21875 3882.96875 3866.25 3887.8125 3902.34375 3913.90625 3926.875 3924.53125 3940.3125 3938.75 3925.3125 3931.71875 3927.65625 3905.78125 3908.4375 3901.71875 3914.21875 3922.03125 3924.6875 3927.34375 3954.21875 3926.875 3919.0625 3902.5 3882.03125 3890.3125 3888.75 3874.21875 3848.28125 3845.625 3835.15625 3815.78125 3774.6875 3812.1875 3856.09375 3871.875 3894.53125 3926.5625
3801.09375 3832.8125 3856.25 3878.90625 3886.5625 3885.3125 3894.53125 3905.46875 3923.90625 3929.21875 3927.65625 3923.90625 3912.34375 3927.5 3957.8125 3994.6875 3981.09375 3953.90625 3955.15625 3922.1875 3903.75 3891.40625 3887.8125 3867.34375 3892.8125 3898.75 3885.15625 3907.96875 3927.8125 3930.9375 3903.59375 3894.0625 3883.75 3897.8125 3909.375 3922.5 3930 3935.78125 3931.25 3933.28125 3937.65625 3950.9375 3932.8125 3913.90625 3897.1875 3872.65625 3874.84375 3867.5 3843.4375 3818.75 3791.09375 3766.40625 3764.53125 3788.59375 3833.75 3857.34375 3879.6875 3908.28125 3924.6875
3785.46875 3818.125 3847.5 3855.9375 3866.09375 3875.15625 3880.9375 3895.78125 3905.15625 3905.15625 3918.90625 3946.09375 3948.75 3931.09375 3953.90625 3978.28125 4011.71875 3953.28125 3940.15625 3944.84375 3945 3931.40625 3912.1875 3871.875 3865.625 3865.15625 3900 3919.53125 3925.9375 3914.0625 3880.15625 3883.4375 3892.8125 3908.90625 3928.90625 3946.71875 3939.6875 3940 3947.5 3940.46875 3943.90625 3940 3931.5625 3910.78125 3885.3125 3879.6875 3859.53125 3822.1875 3808.90625 3774.375 3808.59375 3836.875 3827.96875 3828.75 3860.78125 3886.71875 3910.78125 3915 3911.875
3707.03125 3755.625 3769.84375 3780.3125 3791.71875 3850.15625 3875.3125 3900.46875 3922.8125 3918.90625 3916.40625 3935 3949.0625 3968.90625 3954.21875 3960.15625 4016.40625 4004.21875 3976.71875 3939.21875 3929.0625 3942.34375 3917.65625 3872.1875 3846.5625 3866.40625 3885 3865 3878.59375 3889.21875 3896.5625 3910.625 3925.3125 3935.3125 3942.03125 3945.3125 3920.78125 3924.0625 3943.90625 3918.59375 3924.21875 3931.71875 3923.28125 3914.375 3890 3864.6875 3827.03125 3815 3847.03125 3852.5 3856.875 3878.59375 3894.375 3890.3125 3916.25 3895 3917.03125 3927.03125 3967.03125
3557.96875 3630.46875 3717.1875 3753.4375 3750 3812.34375 3894.375 3917.34375 3920.78125 3911.71875 3917.96875 3928.59375 3921.71875 3912.96875 3952.96875 3991.25 3997.8125 3962.8125 3948.59375 3941.875 3938.90625 3930 3932.96875 3923.75 3915.78125 3912.03125 3910.625 3906.40625 3884.21875 3885.3125 3884.21875 3892.5 3904.6875 3910.625 3920.625 3930.3125 3918.4375 3929.0625 3922.65625 3918.59375 3913.59375 3916.71875 3911.5625 3910.3125 3904.84375 3882.1875 3859.6875 3822.65625 3838.125 3875.15625 3894.375 3912.03125 3916.09375 3934.53125 3956.09375 3932.03125 3941.09375 3957.5 3982.8125
3640.3125 3687.34375 3700.625 3726.875 3795.46875 3837.03125 3862.03125 3888.125 3898.125 3886.40625 3896.09375 3885.3125 3898.4375 3915.625 3946.40625 3964.6875 3998.4375 3992.1875 3986.09375 3976.875 3976.25 3962.1875 3945.46875 3952.34375 3964.375 3952.8125 3955.9375 3950.3125 3930.46875 3899.84375 3917.34375 3932.65625 3939.53125 3907.96875 3907.96875 3906.71875 3901.875 3916.71875 3897.03125 3897.1875 3892.8125 3893.59375 3893.90625 3890.78125 3890.3125 3875.625 3856.5625 3865 3869.84375 3888.90625 3896.25 3910 3941.25 3961.71875 3974.21875 3994.84375 4008.75 4032.1875 4046.40625
3572.34375 3624.21875 3732.96875 3768.75 3802.96875 3827.03125 3849.0625 3864.84375 3870.15625 3861.09375 3885.46875 3906.09375 3926.71875 3935 3957.03125 3976.40625 3976.71875 3997.8125 3975 3960.9375 3963.59375 3946.40625 3947.1875 3949.53125 3990.3125 3980 3979.6875 3998.4375 3958.4375 3944.6875 3941.5625 3945.9375 3961.25 3951.5625 3942.96875 3926.40625 3900.625 3902.8125 3887.8125 3904.21875 3912.5 3906.25 3896.71875 3877.96875 3865.15625 3861.25 3856.875 3887.65625 3913.59375 3926.09375 3940.78125 3950.15625 3977.8125 4007.5 4012.8125 4006.09375 3999.6875 4002.34375 4027.8125
3711.25 3751.875 3776.5625 3793.59375 3790.15625 3819.21875 3836.71875 3856.875 3881.5625 3876.09375 3880.625 3902.96875 3921.875 3934.21875 3961.71875 3964.0625 3949.0625 3981.40625 3984.21875 3959.53125 3955.15625 3921.875 3921.40625 3958.4375 3980.46875 3997.96875 4008.59375 4008.28125 3980.46875 4000 3979.6875 3963.125 3959.6875 3973.75 3975.78125 3955.9375 3918.75 3926.40625 3924.375 3910 3905.46875 3925.9375 3927.34375 3904.53125 3895 3891.40625 3915.625 3898.90625 3910.9375 3928.90625 3933.4375 3982.03125 4007.1875 4011.09375 3991.40625 3971.875 3970.46875 3976.875 4020
3755.3125 3787.03125 3811.71875 3833.75 3828.125 3842.96875 3885.46875 3898.28125 3905.78125 3913.4375 3924.375 3923.75 3937.34375 3953.59375 3964.21875 3953.90625 3947.65625 3980.78125 3986.875 3966.71875 3950.46875 3942.03125 3931.875 3938.4375 3976.5625 4006.40625 3996.5625 4022.96875 4019.375 4014.0625 3989.6875 3984.375 3982.03125 3976.09375 3978.75 3980 3932.5 3923.125 3938.75 3944.21875 3937.65625 3923.59375 3941.25 3942.96875 3925.625 3906.71875 3935 3968.59375 3963.90625 3970.625 3977.03125 4014.6875 4013.90625 3974.84375 3975.15625 4002.03125 3978.75 3966.09375 3987.34375
3771.71875 3813.4375 3847.8125 3861.25 3882.65625 3877.5 3875.3125 3898.90625 3914.21875 3910.3125 3915.9375 3909.21875 3927.96875 3945.9375 3965.9375 3968.90625 3973.4375 3970.46875 3954.84375 3928.4375 3917.34375 3952.5 3964.84375 3972.03125 3981.5625 3993.28125 4013.125 4011.5625 4029.21875 4020.78125 3999.375 3995.15625 4002.5 3997.1875 3997.65625 3998.125 3957.5 3922.5 3927.5 3945.15625 3958.125 3962.34375 3949.6875 3965.3125 3964.53125 3954.21875 3951.5625 3984.0625 4007.1875 4022.1875 4024.0625 4012.03125 3993.28125 3954.84375 3993.4375 4003.125 3976.25 3954.375 3965.46875
3812.96875 3829.6875 3862.34375 3890 3895.46875 3897.03125 3928.59375 3946.71875 3941.5625 3940.3125 3957.03125 3952.8125 3943.90625 3957.5 3934.21875 3926.875 3933.125 3931.40625 3915.3125 3895.3125 3912.03125 3955.78125 3966.40625 3995.15625 4017.1875 3992.8125 3999.53125 4011.875 4012.1875 4023.4375 4026.875 4017.8125 3995.15625 4008.125 4011.5625 4007.34375 3953.125 3939.375 3953.125 3944.84375 3945 3954.53125 3971.875 3977.5 3977.96875 3990.625 3980.625 4013.90625 4027.65625 4021.40625 3981.5625 3966.5625 3971.5625 3945.625 3988.75 4018.59375 3971.5625 3954.0625 3949.84375
3846.5625 3871.875 3892.96875 3918.59375 3930.9375 3944.0625 3967.03125 3966.09375 3960.78125 3941.71875 3917.96875 3929.53125 3893.4375 3912.5 3910.78125 3903.4375 3887.8125 3911.5625 3939.6875 3953.125 3941.71875 3934.375 3985.3125 3997.03125 4015.3125 4032.03125 4028.28125 4018.90625 4013.90625 4010.46875 4007.8125 4037.96875 4006.71875 3992.1875 4012.1875 4026.25 3985.625 3979.6875 3972.03125 3979.84375 3953.125 3961.25 3979.6875 3984.21875 3995.3125 3999.375 4010.78125 4030.46875 4035 3989.21875 3938.28125 3916.25 3943.90625 3930.9375 3981.875 4029.53125 3990.3125 3964.21875 3949.375
3863.125 3886.40625 3901.09375 3918.90625 3949.375 3965 3930.78125 3914.6875 3877.5 3867.5 3857.8125 3883.75 3854.21875 3853.59375 3877.5 3902.03125 3887.03125 3907.65625 3920.625 3959.0625 3983.90625 3967.96875 3982.8125 4008.4375 3998.59375 4027.1875 4032.03125 4034.0625 4039.0625 4032.34375 4012.5 4029.53125 4002.8125 3989.375 4000.9375 4014.375 4023.125 4013.75 3979.375 4015.3125 3990 3999.53125 4021.5625 4034.375 4038.28125 4035.46875 4041.875 4042.96875 4015.9375 3959.84375 3917.65625 3904.0625 3907.34375 3910.46875 3985.15625 4033.125 3982.96875 3920.3125 3919.53125
3907.03125 3919.53125 3923.75 3937.65625 3940.46875 3917.5 3890.15625 3862.96875 3832.1875 3772.1875 3818.125 3787.5 3803.28125 3837.96875 3873.28125 3911.71875 3932.34375 3935.15625 3934.21875 3934.6875 3968.90625 4000.78125 4013.28125 4019.0625 4025.78125 4040.3125 4047.03125 4058.75 4065.15625 4048.90625 4038.4375 4038.90625 4049.21875 4036.71875 4006.09375 4031.09375 4044.375 4040.15625 4033.59375 4041.25 4029.84375 4022.65625 4042.5 4032.65625 4013.59375 4015.625 4012.1875 4018.125 4038.90625 4008.28125 3985.3125 3953.75 3916.875 3943.90625 3983.28125 4037.03125 4003.28125 3978.90625 3931.25
3901.09375 3912.65625 3914.6875 3898.90625 3896.875 3858.90625 3829.53125 3819.21875 3836.5625 3761.71875 3776.09375 3836.5625 3860 3871.875 3867.8125 3879.0625 3915.15625 3953.125 3971.09375 3984.0625 3949.84375 3980.9375 4011.40625 4043.4375 4033.75 4010.625 4005.625 4010.625 4010.625 3990.15625 4001.40625 4025.78125 4036.40625 4023.90625 4026.09375 4006.25 3992.96875 4025.15625 4011.875 4000.78125 4018.59375 4015 4006.09375 3963.75 3973.90625 3988.59375 3992.34375 3995.15625 4035.15625 4027.65625 4011.25 3986.875 3962.1875 3948.28125 3990.3125 4027.65625 4025.46875 3991.71875 3981.09375
3886.25 3890 3873.28125 3836.40625 3851.71875 3835 3833.4375 3870.78125 3897.03125 3859.6875 3866.5625 3867.96875 3886.5625 3910.15625 3914.6875 3903.75 3916.875 3953.28125 3972.8125 4011.40625 4001.5625 4002.5 4028.90625 4047.5 3990.15625 3930.78125 3925.78125 3969.84375 3995.625 3936.40625 3956.40625 3965.78125 4002.96875 3981.25 3960.625 3943.59375 3966.25 4024.375 3988.59375 3958.90625 3989.84375 3960.3125 3950.15625 3957.03125 3946.5625 3962.5 3979.53125 4017.34375 4034.375 4003.28125 4006.09375 4012.1875 3982.96875 3954.375 3971.40625 4016.875 4000.625 4023.59375 3994.375
3840.46875 3855.46875 3883.4375 3870.3125 3843.4375 3850.9375 3856.875 3903.4375 3919.375 3914.375 3897.5 3915.15625 3911.25 3921.5625 3945.78125 3958.59375 3965.3125 3977.96875 4001.09375 4022.34375 4035.78125 4025.78125 4044.21875 4027.8125 3989.84375 3913.59375 3897.96875 3955.15625 3985.9375 3921.71875 3888.90625 3914.53125 3949.21875 3993.4375 3946.40625 3912.5 3948.75 3994.0625 4017.96875 3974.375 3957.1875 3968.59375 3943.125 3944.6875 3961.25 3987.34375 4015.78125 4024.0625 4011.71875 3982.34375 3962.5 4001.40625 3992.1875 3951.875 3975.9375 4005.9375 3975.46875 4004.375 4022.5
3841.71875 3860.9375 3897.1875 3896.25 3865 3885.625 3930.9375 3944.375 3934.53125 3935 3908.4375 3917.8125 3931.875 3952.1875 3967.5 3968.75 4006.875 4020.78125 4017.96875 3997.03125 3976.71875 4015.3125 4044.0625 3977.1875 4000.78125 3961.5625 3891.71875 3927.03125 3961.71875 3927.5 3884.53125 3874.21875 3945.78125 3967.03125 3963.4375 3945.46875 3955.3125 3977.96875 3997.5 3994.375 3957.65625 3930.9375 3948.28125 3984.0625 4007.03125 4025.625 4016.875 3989.84375 3973.90625 3973.28125 3955.3125 3996.25 3971.25 3949.21875 3986.5625 3978.125 3955.3125 3982.03125 4008.75
3847.96875 3864.375 3895.3125 3900 3880.78125 3852.8125 3896.5625 3932.96875 3955.78125 3952.1875 3938.75 3954.53125 3981.25 3994.375 4006.875 4012.96875 3990.3125 3970 3915.3125 3909.21875 3968.90625 4037.1875 4037.1875 3964.0625 3952.96875 3981.71875 3917.1875 3932.34375 3945.9375 3909.84375 3871.40625 3925.46875 3957.5 3929.0625 3933.28125 3952.34375 3951.25 3977.5 3996.40625 3998.28125 3950 3938.4375 3977.1875 4007.03125 4022.03125 3999.375 3999.375 3972.5 3928.90625 3942.03125 3970.625 3968.75 3946.40625 3952.65625 3979.53125 3952.03125 3929.84375 3953.59375 3982.5
3877.8125 3855 3859.0625 3867.34375 3875.9375 3900.3125 3928.125 3932.1875 3955 3962.03125 3956.875 3941.25 3942.03125 3933.125 3949.0625 3987.03125 3922.34375 3888.59375 3875 3949.21875 4035.78125 4064.53125 3999.53125 3926.25 3925.3125 3968.75 3924.84375 3920.46875 3937.03125 3892.5 3854.6875 3895 3918.75 3903.125 3913.59375 3928.28125 3922.34375 3945.78125 3978.125 4000.46875 3961.09375 3982.96875 4015 4004.6875 3988.59375 3970 3987.65625 3965.9375 3932.65625 3946.875 3966.5625 3923.59375 3938.90625 3954.375 3967.1875 3924.84375 3903.75 3912.96875 3950.625
3892.1875 3874.6875 3858.28125 3857.1875 3895.9375 3910.15625 3920.46875 3959.53125 3979.21875 3950.625 3929.53125 3897.34375 3865.46875 3846.875 3901.40625 3976.09375 3940.9375 3866.09375 3947.03125 4012.1875 4059.84375 4054.53125 4003.90625 3931.40625 3942.8125 3955.625 3895.46875 3874.6875 3914.21875 3897.03125 3840.625 3773.75 3817.03125 3880.78125 3907.65625 3915.15625 3940.15625 3961.875 3995.78125 3989.84375 3976.09375 4014.84375 3986.40625 3971.25 3940 3949.0625 3949.84375 3956.09375 3935.46875 3954.84375 3929.84375 3905.15625 3905.15625 3941.25 3957.1875 3932.34375 3920.3125 3907.5 3949.21875
3884.6875 3882.1875 3921.25 3941.25 3970.625 3975.46875 3974.6875 3995.15625 3958.125 3889.6875 3932.5 3890.46875 3847.65625 3864.84375 3923.75 3975.9375 3979.6875 3972.65625 4003.90625 4037.34375 4072.03125 4064.6875 4011.875 3972.8125 3926.875 3951.25 3918.28125 3875.3125 3890.9375 3865.46875 3858.75 3803.28125 3807.8125 3896.71875 3942.34375 3968.28125 3987.96875 3994.6875 3977.1875 3972.65625 3986.71875 4008.75 3976.5625 3953.125 3913.125 3870.9375 3906.71875 3929.375 3946.5625 3950.3125 3913.75 3887.96875 3915.78125 3940.78125 3943.90625 3914.0625 3910.3125 3947.8125 3991.09375
3919.21875 3886.25 3926.5625 3963.28125 3996.71875 3997.5 3969.21875 3949.53125 3921.09375 3908.59375 3934.53125 3886.25 3846.40625 3906.40625 3953.75 3973.28125 3986.25 4005.46875 4015.9375 4049.84375 4081.09375 4066.40625 4023.59375 3965.15625 3925.3125 3940.9375 3921.5625 3894.84375 3882.03125 3850.78125 3800.9375 3820 3879.53125 3929.375 3973.28125 3961.09375 3918.125 3938.75 3932.03125 3976.5625 4014.53125 3979.0625 3930.3125 3927.65625 3925.46875 3846.875 3890 3882.65625 3917.65625 3933.125 3895.15625 3884.21875 3917.5 3939.375 3925.625 3918.28125 3962.34375 3979.53125 3979.6875
3966.71875 3970.46875 4002.65625 4010.9375 3984.21875 3927.96875 3876.09375 3873.75 3884.21875 3914.6875 3872.8125 3906.71875 3913.59375 3941.09375 3969.53125 3980.46875 3981.40625 3992.65625 4010.9375 4038.59375 4062.65625 3986.71875 4001.71875 3989.375 3917.8125 3882.96875 3912.8125 3885 3877.65625 3824.21875 3814.53125 3889.375 3914.6875 3955.78125 3968.28125 3924.0625 3827.96875 3790.3125 3860.625 3968.75 4012.1875 3979.21875 3885.15625 3870.46875 3871.875 3825.625 3833.125 3863.125 3915.625 3890.46875 3867.65625 3895.15625 3913.59375 3930.15625 3910 3932.96875 3975.9375 3949.375 3961.09375
3933.28125 3945.9375 3986.09375 3954.6875 3878.75 3812.1875 3785.625 3822.5 3896.71875 3889.84375 3838.28125 3883.75 3919.21875 3950.15625 3978.28125 3997.65625 4004.0625 3991.40625 4014.21875 4048.125 4036.25 3957.8125 3962.5 3982.65625 3941.875 3884.375 3856.25 3880.46875 3863.75 3854.0625 3897.34375 3927.5 3921.5625 3907.96875 3883.90625 3900.15625 3826.25 3813.125 3879.53125 3976.40625 4019.6875 4003.4375 3983.125 3968.75 3922.5 3873.75 3810.9375 3878.28125 3917.1875 3885.78125 3882.8125 3899.53125 3916.875 3906.5625 3915 3956.09375 3961.40625 3935.78125 3930.15625
3890.9375 3946.40625 3981.09375 3932.03125 3864.84375 3787.96875 3789.375 3864.53125 3895.3125 3872.8125 3808.59375 3839.53125 3914.6875 3952.8125 3975.3125 3999.84375 4002.03125 4001.875 4033.59375 4055.46875 3990.78125 3933.125 3944.375 3963.90625 3959.0625 3930.9375 3885.78125 3848.28125 3839.0625 3879.375 3898.125 3847.03125 3803.75 3833.28125 3842.03125 3798.59375 3816.875 3827.65625 3911.40625 4003.59375 4011.25 3964.53125 4002.65625 3967.34375 3919.84375 3872.1875 3830.3125 3882.34375 3871.25 3890.9375 3903.75 3912.5 3896.09375 3895 3936.875 3958.90625 3937.34375 3927.5 3908.125
3907.65625 3965.625 3966.09375 3931.25 3819.6875 3785.78125 3829.84375 3867.1875 3845.9375 3827.5 3828.90625 3812.65625 3921.875 3947.03125 3979.84375 3980.15625 3970.3125 4012.34375 4044.0625 4037.65625 3936.71875 3879.0625 3902.5 3930.3125 3936.875 3887.34375 3870.46875 3803.28125 3752.5 3815.9375 3834.6875 3741.71875 3718.4375 3760.625 3800.3125 3834.84375 3867.8125 3940.46875 4005.9375 3989.21875 3959.53125 3899.0625 3996.40625 3961.25 3918.75 3891.25 3833.125 3844.84375 3839.53125 3874.84375 3888.75 3876.875 3897.96875 3938.59375 3944.0625 3953.59375 3933.75 3925 3920.78125
