Cases/SDM_Urocitellus_beldingi/westernUsClimate_hadley2080a2/BIO07.asc
NCOLS 315 
NROWS 297 
XLLCORNER -124.741664802 
YLLCORNER 29.2083311801598 
CELLSIZE 0.066666670143822 
NODATA_value -3.4e+38 
[rows 104 to 129 of 297, columns 0 to 59 of 315]
-3.4e+38 -3.4e+38 -3.4e+38 -3.4e+38 -3.4e+38 -3.4e+38 1773.07692307692 1914.89361702128 2098.28125 2295 2567.65625 2794.375 2923.59375 2984.84375 3139.53125 3343.28125 3441.5625 3366.5625 3345.46875 3374.6875 3324.84375 3406.25 3524.84375 3787.96875 3862.34375 3793.90625 3722.03125 3530 3574.6875 3704.53125 3848.28125 4019.375 3994.21875 4016.40625 4080 4180.78125 4198.28125 4243.125 4276.875 4291.875 4250.15625 4152.34375 4259.6875 4290.9375 4271.25 4268.4375 4308.75 4352.03125 4374.53125 4424.375 4402.96875 4238.59375 4423.28125 4437.8125 4387.65625 4357.34375 4328.90625 4278.90625 4250.625 4255.9375
-3.4e+38 -3.4e+38 -3.4e+38 -3.4e+38 -3.4e+38 -3.4e+38 -3.4e+38 -3.4e+38 2046.5 2311.71875 2566.71875 2756.875 2914.21875 3025.15625 3156.40625 3301.25 3287.8125 3317.34375 3307.34375 3339.53125 3433.125 3387.96875 3552.65625 3725.3125 3707.34375 3687.5 3607.8125 3688.75 3780.3125 3953.125 3944.84375 4098.90625 4125 4157.65625 4198.4375 4225.46875 4259.0625 4280.3125 4294.84375 4273.75 4315.9375 4320.78125 4322.03125 4327.34375 4322.03125 4314.53125 4340.9375 4362.8125 4417.96875 4442.5 4450.78125 4375.78125 4352.96875 4393.4375 4412.5 4382.1875 4372.8125 4326.71875 4315.46875 4282.03125
-3.4e+38 -3.4e+38 -3.4e+38 -3.4e+38 -3.4e+38 -3.4e+38 -3.4e+38 -3.4e+38 1872.33333333333 2198.28125 2599.21875 2727.34375 2904.21875 3032.96875 3172.03125 3204.6875 3109.6875 3165.15625 3424.6875 3634.6875 3618.75 3674.0625 3626.5625 3611.09375 3782.96875 3794.375 3587.5 3740.3125 4037.65625 4021.71875 4049.21875 3974.6875 4175.3125 4208.4375 4229.375 4249.0625 4187.5 3958.59375 4204.53125 4317.8125 4384.375 4382.8125 4353.125 4278.90625 4342.03125 4337.96875 4335.9375 4352.5 4410.625 4427.03125 4440 4399.6875 4376.875 4397.8125 4415.625 4400.9375 4404.0625 4373.90625 4352.1875 4323.28125
-3.4e+38 -3.4e+38 -3.4e+38 -3.4e+38 -3.4e+38 -3.4e+38 -3.4e+38 1767.27272727273 1843.4375 2107.65625 2484.53125 2633.4375 2851.71875 3011.40625 3135 3165.625 3114.53125 3204.375 3428.125 3605.9375 3773.59375 3840.78125 3875.15625 3964.84375 3969.84375 4030.15625 4066.71875 4114.53125 4152.96875 4112.8125 4141.875 4167.1875 4207.34375 4212.8125 4257.1875 4248.4375 4156.25 3866.40625 3965 4326.25 4436.40625 4423.4375 4353.125 4264.0625 4345.15625 4302.65625 4295 4329.21875 4397.65625 4409.84375 4425 4412.65625 4330.9375 4397.96875 4413.75 4400.15625 4406.40625 4372.8125 4334.84375 4370.625
-3.4e+38 -3.4e+38 -3.4e+38 -3.4e+38 -3.4e+38 -3.4e+38 -3.4e+38 1737.08333333333 1823.83333333333 2108.59375 2416.40625 2634.6875 2885.3125 3013.90625 3042.8125 3085.625 3257.1875 3300.9375 3401.71875 3666.25 3835.3125 3881.875 3793.90625 3708.4375 3753.59375 4010.9375 4038.28125 4022.34375 3977.65625 3992.96875 4113.90625 4193.28125 4243.90625 4260.46875 4272.96875 4269.21875 4252.03125 4087.03125 3958.28125 4212.5 4464.21875 4436.25 4341.09375 4317.1875 4324.84375 4289.21875 4268.90625 4302.34375 4338.4375 4374.6875 4402.34375 4395.78125 4341.25 4379.21875 4399.84375 4402.34375 4396.09375 4374.0625 4379.0625 4383.59375
-3.4e+38 -3.4e+38 -3.4e+38 -3.4e+38 -3.4e+38 -3.4e+38 -3.4e+38 -3.4e+38 1863.33333333333 2142.53968253968 2458.59375 2640.78125 2756.5625 2985.625 3082.96875 3125.3125 3174.21875 3356.5625 3610.15625 3717.96875 3787.34375 3753.125 3577.96875 3524.6875 3822.03125 3926.40625 3932.03125 3836.71875 4017.65625 3906.40625 4077.34375 4259.6875 4277.03125 4285.3125 4289.6875 4290.46875 4275.625 3939.0625 3969.6875 4145.78125 4230.625 4367.5 4290.15625 4350 4271.71875 4239.0625 4191.25 4174.21875 4221.09375 4326.09375 4372.5 4395.625 4399.6875 4384.84375 4374.53125 4380.78125 4361.09375 4380.3125 4398.75 4382.03125
-3.4e+38 -3.4e+38 -3.4e+38 -3.4e+38 -3.4e+38 -3.4e+38 -3.4e+38 -3.4e+38 -3.4e+38 2115.90909090909 2395.625 2711.40625 2823.4375 2978.125 3107.65625 3065.46875 3261.40625 3380.9375 3568.28125 3729.0625 3639.21875 3683.4375 3375 3548.59375 3916.875 3826.40625 4111.09375 4197.65625 4219.84375 4118.4375 4057.8125 4088.90625 4248.59375 4292.96875 4292.65625 4299.0625 4243.59375 3966.5625 4110 4142.03125 4259.6875 4297.1875 4314.375 4291.40625 4181.25 4157.03125 4036.71875 4001.40625 4077.03125 4232.34375 4337.1875 4361.09375 4393.59375 4385.15625 4361.09375 4347.96875 4350.9375 4377.34375 4399.21875 4407.65625
-3.4e+38 -3.4e+38 -3.4e+38 -3.4e+38 -3.4e+38 -3.4e+38 -3.4e+38 -3.4e+38 -3.4e+38 2047.77777777778 2197.65625 2527.96875 2860.3125 2975 3041.71875 3078.59375 3291.5625 3474.0625 3587.65625 3629.6875 3410.46875 3367.5 3432.1875 3422.96875 3439.375 3592.1875 4112.03125 4205 4289.0625 4167.1875 4070.78125 3986.875 4199.21875 4282.1875 4284.53125 4284.375 4262.03125 4220.625 4093.125 4003.90625 4089.84375 4113.125 4225.15625 4106.875 4038.125 4031.5625 3958.75 3967.8125 3993.4375 4198.75 4316.5625 4362.65625 4367.96875 4354.53125 4348.90625 4349.21875 4338.125 4367.8125 4405.9375 4415.15625
-3.4e+38 -3.4e+38 -3.4e+38 -3.4e+38 -3.4e+38 -3.4e+38 -3.4e+38 -3.4e+38 -3.4e+38 2020 2142.74193548387 2335.78125 2837.96875 2972.1875 3086.40625 3191.09375 3277.96875 3474.53125 3600.78125 3449.53125 3393.4375 3528.59375 3703.125 3592.03125 3406.25 3619.84375 3871.71875 4197.96875 4246.09375 4032.1875 3929.53125 3956.875 4160 4237.96875 4256.5625 4233.28125 4172.5 4116.09375 3957.96875 3867.03125 4007.65625 3909.21875 4059.375 4076.09375 4087.65625 4128.4375 4102.65625 4103.28125 4137.34375 4217.03125 4349.0625 4362.5 4343.90625 4337.96875 4341.5625 4356.09375 4355.9375 4405.15625 4425.78125 4467.03125
-3.4e+38 -3.4e+38 -3.4e+38 -3.4e+38 -3.4e+38 -3.4e+38 -3.4e+38 -3.4e+38 -3.4e+38 -3.4e+38 2257.7358490566 2441.5625 2622.34375 2909.84375 3094.53125 3213.75 3247.5 3400.15625 3602.34375 3626.25 3723.59375 3792.5 3505.625 3459.0625 3681.71875 3514.375 3633.75 4027.34375 4183.28125 4038.59375 3902.8125 3929.6875 3857.5 4002.34375 4155.78125 4128.28125 4033.125 3666.875 3597.8125 3886.09375 3952.65625 4015.78125 4127.65625 4180.3125 4205.9375 4236.5625 4246.875 4236.40625 4250.78125 4292.34375 4328.28125 4344.375 4342.03125 4336.875 4281.5625 4365.9375 4372.65625 4440 4478.75 4513.90625
-3.4e+38 -3.4e+38 -3.4e+38 -3.4e+38 -3.4e+38 -3.4e+38 -3.4e+38 -3.4e+38 -3.4e+38 -3.4e+38 2166.10169491525 2504.84375 2600.15625 2937.5 3048.75 3203.4375 3308.59375 3445 3596.09375 3706.5625 3728.28125 3443.90625 3370.46875 3705.78125 3726.09375 3700.46875 3497.96875 3939.375 4113.28125 3964.84375 3989.0625 3872.8125 3595.625 3753.59375 3953.28125 4040.3125 4013.59375 3658.28125 3593.28125 3921.71875 4150.15625 4244.21875 4193.4375 4094.84375 4227.8125 4251.71875 4306.71875 4344.375 4313.59375 4312.34375 4330.625 4347.65625 4353.90625 4347.65625 4347.03125 4372.5 4385.46875 4341.71875 4334.375 4425.78125
-3.4e+38 -3.4e+38 -3.4e+38 -3.4e+38 -3.4e+38 -3.4e+38 -3.4e+38 -3.4e+38 -3.4e+38 2024.54545454545 2178.90625 2547.5 2689.84375 2802.1875 3070.78125 3203.28125 3336.09375 3461.5625 3537.8125 3519.375 3783.59375 3720.46875 3717.1875 3865.625 3826.5625 3816.40625 3473.125 3685.9375 3990.46875 3956.25 3886.40625 3721.71875 3736.40625 3601.09375 3752.65625 4019.84375 4050.15625 3986.5625 4002.8125 4134.53125 4217.5 4258.125 4251.40625 4217.03125 4216.40625 4231.40625 4315.78125 4371.25 4251.09375 4294.0625 4306.71875 4343.28125 4368.75 4368.4375 4360 4289.6875 4300.15625 4361.5625 4229.53125 4272.5
-3.4e+38 -3.4e+38 -3.4e+38 -3.4e+38 -3.4e+38 -3.4e+38 -3.4e+38 -3.4e+38 -3.4e+38 2008.57142857143 2262.65625 2575.15625 2758.59375 2890.3125 2978.4375 3205.3125 3303.90625 3463.125 3542.65625 3408.59375 3661.875 3845 3863.28125 3755.78125 3655.9375 3650.46875 3504.84375 3580.3125 3620.15625 3530.15625 3716.09375 3915.15625 3754.21875 3694.21875 3832.03125 3932.96875 4045.625 4100.46875 4138.125 4225.625 4245.15625 4232.65625 4230.15625 4247.1875 4225.15625 4257.5 4324.53125 4379.21875 4392.96875 4370.15625 4300.78125 4292.03125 4333.90625 4384.6875 4393.75 4335.46875 4359.84375 4411.875 4332.03125 4198.28125
-3.4e+38 -3.4e+38 -3.4e+38 -3.4e+38 -3.4e+38 -3.4e+38 -3.4e+38 -3.4e+38 1820 1977.35849056604 2393.125 2472.96875 2733.90625 2942.8125 3016.71875 3140.9375 3297.8125 3425.15625 3446.875 3363.28125 3364.6875 3662.34375 3808.59375 3861.875 3885.78125 3762.96875 3436.40625 3487.1875 3571.71875 3598.28125 3803.59375 3969.53125 3802.5 3740.46875 3827.03125 4009.0625 4133.28125 4091.40625 4155.78125 4202.8125 4188.4375 4075 4090.78125 4116.71875 4161.09375 4222.96875 4300 4383.90625 4417.1875 4424.84375 4428.125 4214.21875 4289.21875 4382.34375 4390.625 4402.1875 4398.59375 4402.1875 4374.21875 4253.90625
-3.4e+38 -3.4e+38 -3.4e+38 -3.4e+38 -3.4e+38 -3.4e+38 -3.4e+38 -3.4e+38 1861.25 2027.96875 2252.34375 2581.5625 2646.09375 2933.28125 3027.34375 3093.75 3312.03125 3345.46875 3223.90625 3373.28125 3535 3543.4375 3496.09375 3717.5 3833.125 3801.875 3539.84375 3640.625 3708.90625 3853.59375 4012.96875 3783.125 3894.6875 3808.59375 3806.5625 4039.375 4094.0625 4070.625 4148.125 4152.1875 4143.125 4145.15625 4263.59375 4221.09375 4118.59375 4191.25 4315.625 4373.90625 4442.1875 4456.25 4460.15625 4401.25 4290 4383.28125 4391.25 4380.15625 4364.375 4396.40625 4370.9375 4378.125
-3.4e+38 -3.4e+38 -3.4e+38 -3.4e+38 -3.4e+38 -3.4e+38 -3.4e+38 -3.4e+38 1805 1945.65217391304 2166.875 2452.1875 2691.71875 2858.75 3056.875 3133.4375 3249.375 3427.65625 3367.03125 3311.09375 3609.0625 3662.65625 3581.5625 3597.03125 3549.0625 3542.03125 3495.15625 3498.125 3476.875 3728.4375 4069.84375 3996.71875 3913.28125 3848.90625 3962.1875 4131.875 4102.1875 4074.375 4154.0625 4102.96875 4175.3125 4231.25 4275.625 4233.125 4152.1875 4303.59375 4397.8125 4369.21875 4400.3125 4453.75 4461.40625 4456.25 4360.46875 4352.03125 4374.84375 4329.0625 4293.75 4333.125 4346.71875 4314.6875
-3.4e+38 -3.4e+38 -3.4e+38 -3.4e+38 -3.4e+38 -3.4e+38 -3.4e+38 -3.4e+38 -3.4e+38 1839.34782608696 2063.125 2462.34375 2755 2837.8125 3043.90625 3166.5625 3231.71875 3421.25 3429.375 3442.65625 3695.9375 3714.0625 3488.59375 3659.0625 3549.375 3315.15625 3489.21875 3451.71875 3552.1875 3871.5625 4091.25 4085.78125 3903.90625 3976.875 4112.96875 4109.21875 4072.96875 4083.75 4138.59375 4130.15625 4165 4203.90625 4220.3125 4189.375 4223.28125 4288.90625 4359.84375 4424.375 4423.59375 4421.40625 4415.46875 4435.9375 4406.5625 4357.1875 4244.375 4241.40625 4275.9375 4289.84375 4287.34375 4289.84375
-3.4e+38 -3.4e+38 -3.4e+38 -3.4e+38 -3.4e+38 -3.4e+38 -3.4e+38 -3.4e+38 1646.66666666667 1750.48387096774 1975.3125 2370.78125 2603.90625 2873.4375 3032.1875 3165 3259.0625 3383.90625 3474.53125 3592.1875 3668.4375 3575.15625 3440 3694.0625 3786.71875 3569.21875 3641.09375 3608.90625 3759.84375 4039.375 4070.15625 3985.78125 3941.25 4025.3125 4070 4107.34375 4081.71875 4103.90625 4102.8125 4142.65625 4140.15625 4170.9375 4175.15625 4074.84375 4139.375 4258.75 4324.375 4377.5 4385.9375 4369.84375 4349.6875 4327.1875 4340.15625 4352.03125 4300.9375 4350 4355.9375 4315.625 4285.625 4351.40625
-3.4e+38 -3.4e+38 -3.4e+38 -3.4e+38 -3.4e+38 -3.4e+38 -3.4e+38 -3.4e+38 1581.89189189189 1706.09375 2066.25 2249.53125 2566.40625 2910.15625 3013.90625 3088.59375 3279.84375 3392.03125 3516.25 3582.34375 3628.28125 3675.9375 3649.6875 3774.21875 3927.8125 3859.84375 3509.84375 3874.21875 4063.90625 4096.09375 4030.78125 3980.625 4007.5 4015.625 4065.15625 4070.15625 4077.8125 4079.0625 4081.875 4112.96875 4131.71875 4137.65625 4141.40625 4098.4375 4085.625 4182.34375 4143.125 4239.0625 4335.3125 4321.875 4256.875 4185.46875 4222.8125 4214.6875 4311.25 4333.90625 4316.40625 4236.40625 4252.34375 4361.09375
-3.4e+38 -3.4e+38 -3.4e+38 -3.4e+38 -3.4e+38 -3.4e+38 -3.4e+38 1508 1576.60714285714 1754.84375 2098.4375 2533.28125 2500.3125 2815.9375 3007.1875 3099.53125 3191.09375 3387.65625 3448.59375 3577.96875 3683.75 3809.53125 3832.5 3865 4006.5625 3967.96875 3824.21875 4018.75 4058.90625 4078.125 3946.71875 4011.875 4031.5625 3993.75 4022.8125 4037.34375 4048.90625 4063.75 4085.9375 4089.53125 4092.8125 4097.96875 4095.15625 3995.78125 3938.59375 4056.875 3984.84375 4069.6875 4232.5 4312.34375 4179.6875 4127.34375 4112.8125 4057.8125 4153.75 4195.625 4195.9375 4191.09375 4230.78125 4285.15625
-3.4e+38 -3.4e+38 -3.4e+38 -3.4e+38 -3.4e+38 -3.4e+38 1483.33333333333 1528.57142857143 1683.4375 1875.46875 2124.84375 2573.75 2731.71875 2830.15625 2962.96875 3063.75 3243.4375 3374.375 3483.59375 3440.15625 3556.40625 3617.96875 3789.84375 3755.625 3721.5625 4055.9375 4015.46875 4098.90625 4099.84375 4018.75 3972.34375 4051.5625 4004.6875 3992.03125 4008.125 4027.5 4039.84375 4054.53125 4072.5 4079.53125 4073.4375 4050.78125 4053.28125 4021.40625 3935.3125 3976.09375 3869.6875 3813.59375 4007.65625 4202.96875 4146.25 4143.75 4129.0625 4144.53125 4123.59375 4180.46875 4219.6875 4282.5 4301.25 4356.5625
-3.4e+38 -3.4e+38 -3.4e+38 -3.4e+38 -3.4e+38 -3.4e+38 1494.86486486486 1570.46875 1759.53125 2082.5 2357.1875 2491.09375 2748.28125 2854.375 3001.5625 3127.03125 3160.3125 3166.40625 3487.8125 3593.75 3678.75 3726.5625 3601.875 3657.03125 3672.96875 3915.46875 4072.34375 4069.375 3924.84375 3982.65625 3970.78125 3995.9375 3987.8125 3983.75 4009.6875 4040 4067.5 4077.65625 4078.90625 4082.65625 4086.71875 4058.90625 4034.0625 4040.9375 4012.65625 3873.59375 3830.46875 3914.0625 4015.15625 4159.375 4102.96875 4098.28125 4126.5625 4121.40625 4170.78125 4100.9375 4213.59375 4190.625 4308.75 4406.40625
-3.4e+38 -3.4e+38 -3.4e+38 -3.4e+38 -3.4e+38 1497.27272727273 1563.96825396825 1643.75 1732.96875 1963.28125 2270.78125 2490.78125 2704.84375 2905.15625 3029.0625 3102.96875 3233.90625 3262.65625 3328.28125 3605.3125 3535.3125 3614.53125 3789.0625 3856.40625 3900.15625 3824.21875 3837.5 4014.375 3906.71875 3762.65625 3804.0625 3845.3125 3977.03125 3971.875 4015.3125 4048.125 4075.15625 4085 4080.9375 4074.53125 4062.5 4015 3996.875 4006.71875 4014.53125 3981.5625 3907.8125 3877.1875 3946.875 3945 3867.8125 3951.25 3944.375 3982.8125 4108.28125 4181.09375 4188.28125 4109.375 4316.40625 4373.75
-3.4e+38 -3.4e+38 -3.4e+38 -3.4e+38 -3.4e+38 1583.33333333333 1797.5 1933.90625 1899.6875 1990 2196.875 2405.15625 2672.1875 2888.4375 2980.46875 3145.15625 3247.8125 3330.9375 3252.34375 3511.875 3490 3480.625 3701.875 3840.9375 3809.0625 3786.5625 3739.84375 3876.25 3781.71875 3807.34375 3988.75 3996.25 3987.65625 3992.1875 4022.65625 4052.5 4083.75 4084.6875 4074.53125 4054.84375 4014.53125 3970 3956.25 3982.34375 4002.8125 4017.1875 3940 3791.875 3707.65625 3809.0625 3847.34375 3911.5625 3834.21875 3942.5 4042.96875 4154.375 4192.03125 4194.0625 4215.15625 4226.09375
-3.4e+38 -3.4e+38 -3.4e+38 -3.4e+38 -3.4e+38 1615.78947368421 1773.75 1967.34375 2130.78125 2246.40625 2297.1875 2392.1875 2610.78125 2840.625 2994.53125 3130.46875 3228.4375 3228.75 3433.28125 3440.15625 3486.25 3487.5 3619.53125 3749.53125 3770.15625 3705.9375 3611.5625 3851.25 3977.1875 4007.1875 4021.40625 4004.84375 4002.5 4003.59375 4012.5 4035.625 4059.375 4073.4375 4071.71875 4042.96875 4005.78125 3993.90625 3966.5625 3959.53125 3989.21875 3982.1875 3855.15625 3680 3711.5625 3786.09375 3913.59375 3874.375 3874.21875 3947.96875 4042.1875 4139.53125 4202.65625 4234.84375 4219.53125 4250.78125
-3.4e+38 -3.4e+38 -3.4e+38 -3.4e+38 -3.4e+38 1616.92307692308 1838.90625 2006.71875 2227.5 2370.15625 2449.53125 2513.125 2601.5625 2851.25 3004.84375 3128.59375 3195.625 3210 3339.375 3457.34375 3455.15625 3615.46875 3599.53125 3472.1875 3576.875 3701.40625 3831.40625 3928.90625 4005 4034.21875 4017.8125 4011.875 4009.84375 4013.28125 4022.34375 4038.75 4051.09375 4052.65625 4057.5 4049.84375 4035.46875 3984.375 3963.4375 3950 3966.5625 3936.25 3835.15625 3830.625 3895.625 3902.1875 3990.78125 4071.875 4081.875 4070.46875 4129.21875 4151.09375 4204.21875 4201.71875 4246.5625 4331.71875
