Cases/SDM_Urocitellus_beldingi/westernUsClimate_hadley2080a2/BIO02.asc
NCOLS 315 
NROWS 297 
XLLCORNER -124.741664802 
YLLCORNER 29.2083311801598 
CELLSIZE 0.066666670143822 
NODATA_value -3.4e+38 
[rows 156 to 181 of 297, columns 180 to 239 of 315]
1709.53125 1706.25 1703.90625 1689.53125 1716.5625 1719.84375 1720.3125 1719.375 1728.125 1705.9375 1575.78125 1499.21875 1649.53125 1737.5 1463.90625 1447.65625 1469.375 1507.03125 1470.3125 1543.125 1584.53125 1573.4375 1563.28125 1571.71875 1548.125 1507.1875 1589.53125 1610.9375 1633.4375 1659.0625 1681.40625 1677.8125 1641.25 1630.3125 1633.59375 1644.375 1619.84375 1626.25 1618.59375 1606.875 1634.53125 1597.65625 1521.71875 1477.03125 1456.875 1507.03125 1568.75 1574.53125 1551.71875 1484.6875 1403.59375 1374.21875 1280 1314.6875 1336.5625 1370.3125 1421.40625 1485.3125 1460.3125 1445.46875
1719.375 1719.53125 1707.96875 1605.9375 1685.15625 1650.3125 1684.375 1745 1751.875 1576.71875 1494.21875 1597.03125 1750 1720.625 1543.4375 1519.21875 1552.1875 1585.3125 1487.65625 1471.71875 1567.96875 1558.75 1548.90625 1549.21875 1568.28125 1546.09375 1593.75 1697.8125 1727.5 1719.84375 1716.09375 1704.53125 1635.9375 1591.875 1574.0625 1566.875 1572.1875 1584.6875 1589.53125 1578.4375 1617.1875 1601.71875 1535.625 1477.65625 1471.40625 1515 1593.4375 1554.53125 1513.59375 1508.75 1396.40625 1311.25 1227.34375 1270 1341.875 1408.125 1474.375 1499.6875 1496.09375 1498.125
1722.96875 1733.125 1719.0625 1648.59375 1579.21875 1503.75 1695.15625 1752.5 1762.03125 1645.15625 1557.34375 1675.3125 1780.9375 1666.25 1635.78125 1654.53125 1688.4375 1634.21875 1402.5 1407.03125 1548.28125 1543.90625 1527.1875 1544.375 1566.40625 1579.21875 1625.3125 1671.875 1698.125 1747.65625 1759.21875 1714.84375 1662.96875 1630 1587.1875 1555.78125 1532.34375 1560.3125 1544.0625 1551.875 1616.5625 1607.96875 1546.5625 1472.34375 1579.0625 1601.25 1555.625 1518.90625 1497.5 1489.84375 1440.3125 1332.65625 1224.6875 1298.59375 1349.375 1388.125 1442.96875 1496.09375 1551.875 1532.65625
1745.46875 1746.40625 1742.03125 1677.34375 1542.5 1440.78125 1558.125 1758.125 1767.5 1734.53125 1583.59375 1722.03125 1741.09375 1610.15625 1634.0625 1659.53125 1712.96875 1654.84375 1483.28125 1480.78125 1531.09375 1521.25 1507.96875 1524.0625 1550.15625 1607.5 1597.65625 1685.15625 1711.09375 1746.40625 1768.28125 1755.3125 1719.0625 1675.3125 1631.71875 1555.78125 1507.5 1539.375 1505.46875 1550.625 1655.78125 1647.65625 1557.34375 1524.6875 1617.34375 1585 1483.125 1472.5 1511.25 1489.375 1442.8125 1359.0625 1302.34375 1365.625 1393.4375 1423.75 1531.875 1541.5625 1542.03125 1556.71875
1751.40625 1758.4375 1761.40625 1662.34375 1603.59375 1528.4375 1627.03125 1768.28125 1772.03125 1726.875 1656.40625 1772.8125 1649.21875 1557.8125 1599.53125 1616.40625 1641.25 1652.03125 1601.71875 1573.4375 1537.65625 1507.03125 1488.59375 1512.03125 1561.71875 1612.8125 1567.1875 1660.3125 1664.6875 1704.21875 1714.21875 1713.4375 1676.875 1696.71875 1619.375 1517.34375 1466.40625 1488.28125 1478.28125 1552.5 1550.15625 1612.96875 1574.53125 1541.71875 1610.625 1580.78125 1531.5625 1445.78125 1476.5625 1478.28125 1455.15625 1435.9375 1418.90625 1413.59375 1430.15625 1455.15625 1506.25 1566.40625 1578.28125 1546.71875
1754.53125 1763.90625 1768.125 1720.3125 1592.03125 1536.5625 1738.125 1782.34375 1775.15625 1714.375 1688.75 1770 1625.3125 1549.0625 1590.78125 1580.625 1582.65625 1550.9375 1455.625 1505.78125 1513.90625 1482.65625 1468.90625 1472.03125 1538.75 1565.78125 1584.21875 1606.875 1602.03125 1612.65625 1634.84375 1658.75 1654.84375 1628.4375 1631.875 1550.625 1462.8125 1432.1875 1431.40625 1475.78125 1551.40625 1578.28125 1607.03125 1590.78125 1591.09375 1564.84375 1483.75 1464.21875 1465.46875 1494.84375 1487.03125 1456.25 1444.375 1475.9375 1488.75 1517.96875 1549.0625 1551.875 1528.90625 1558.4375
1757.34375 1769.375 1778.125 1738.28125 1583.28125 1665 1787.5 1784.21875 1775.3125 1732.65625 1769.21875 1757.03125 1618.28125 1554.375 1550.15625 1525.15625 1502.96875 1445.625 1311.40625 1339.53125 1403.59375 1451.09375 1444.21875 1442.96875 1487.03125 1529.375 1497.1875 1501.09375 1419.6875 1427.34375 1507.1875 1605.9375 1604.84375 1558.4375 1625.9375 1560 1531.09375 1524.0625 1448.4375 1468.75 1511.25 1532.8125 1588.125 1550.3125 1553.125 1548.75 1554.6875 1470.46875 1476.5625 1476.5625 1500 1499.0625 1481.71875 1479.6875 1512.03125 1523.125 1550.3125 1590.46875 1551.25 1540.3125
1756.5625 1773.28125 1779.84375 1753.90625 1717.03125 1764.0625 1796.25 1790.46875 1663.28125 1625.78125 1751.5625 1751.09375 1672.96875 1551.5625 1500.78125 1459.375 1437.8125 1374.84375 1302.8125 1299.375 1336.09375 1425 1425.46875 1418.4375 1451.40625 1492.96875 1469.0625 1416.71875 1286.5625 1270.625 1405.46875 1536.09375 1581.71875 1580.3125 1593.125 1618.28125 1527.8125 1473.59375 1435.625 1448.90625 1549.53125 1563.4375 1524.6875 1495.78125 1518.90625 1510.78125 1528.90625 1487.65625 1452.34375 1469.375 1484.84375 1509.84375 1484.0625 1466.5625 1496.71875 1528.125 1544.6875 1573.90625 1587.34375 1557.96875
1752.8125 1763.75 1760.625 1743.28125 1769.375 1809.21875 1758.75 1636.09375 1526.09375 1641.40625 1722.8125 1738.28125 1612.65625 1497.65625 1458.4375 1427.65625 1404.6875 1353.90625 1370.46875 1383.75 1342.34375 1391.25 1405.3125 1395 1440.46875 1468.90625 1428.90625 1396.5625 1313.90625 1278.28125 1403.125 1527.03125 1569.84375 1550.625 1516.40625 1630.3125 1545.9375 1460.46875 1468.90625 1496.875 1519.21875 1450.46875 1424.0625 1431.71875 1461.40625 1463.28125 1483.90625 1478.75 1437.96875 1458.59375 1465 1447.65625 1480.78125 1478.125 1483.90625 1503.75 1526.25 1597.03125 1612.8125 1614.84375
1751.40625 1729.375 1728.4375 1782.65625 1819.21875 1828.59375 1747.65625 1567.65625 1568.75 1649.53125 1708.90625 1707.5 1554.0625 1434.6875 1436.875 1446.71875 1492.96875 1474.6875 1457.8125 1454.6875 1422.03125 1406.71875 1403.28125 1399.6875 1395.15625 1426.25 1388.28125 1379.0625 1340.3125 1279.21875 1391.09375 1481.09375 1546.40625 1564.21875 1537.03125 1610.625 1474.6875 1471.40625 1481.71875 1479.84375 1449.53125 1403.75 1396.40625 1374.6875 1398.4375 1416.25 1417.65625 1394.375 1408.28125 1400.46875 1413.28125 1437.03125 1466.71875 1493.28125 1497.96875 1491.40625 1507.8125 1517.96875 1578.28125 1611.09375
1739.375 1706.40625 1691.71875 1783.125 1843.28125 1840.3125 1753.28125 1622.03125 1594.84375 1660.78125 1722.34375 1682.34375 1491.09375 1437.96875 1533.28125 1513.125 1543.75 1510.78125 1473.90625 1437.1875 1427.03125 1411.40625 1417.03125 1400 1370.3125 1431.40625 1435.46875 1434.84375 1388.75 1321.40625 1286.40625 1354.0625 1516.5625 1556.875 1573.90625 1615.46875 1552.03125 1488.4375 1463.28125 1389.84375 1347.5 1334.6875 1335.9375 1324.375 1302.8125 1343.75 1371.71875 1303.75 1307.65625 1326.40625 1395 1445.78125 1471.09375 1493.90625 1510.78125 1522.1875 1514.0625 1480.9375 1501.40625 1513.125
1640.3125 1624.375 1656.71875 1778.28125 1850.625 1837.96875 1755.46875 1626.875 1651.40625 1697.5 1712.1875 1659.0625 1543.28125 1528.90625 1593.90625 1574.53125 1552.5 1512.1875 1493.4375 1476.09375 1458.125 1445.3125 1434.0625 1406.875 1364.84375 1401.5625 1443.90625 1472.34375 1485.46875 1442.65625 1372.8125 1414.84375 1500.46875 1558.28125 1595.9375 1605.78125 1544.0625 1485.9375 1456.25 1381.71875 1356.5625 1322.96875 1305.625 1270.3125 1260.78125 1304.53125 1318.125 1267.5 1239.0625 1261.25 1378.4375 1449.0625 1469.53125 1488.75 1515.9375 1559.84375 1553.75 1506.25 1487.34375 1475
1546.25 1597.5 1679.84375 1724.375 1781.5625 1813.59375 1749.0625 1687.65625 1703.28125 1711.71875 1691.71875 1629.6875 1487.96875 1553.125 1592.03125 1578.125 1576.71875 1546.875 1512.65625 1503.59375 1484.0625 1473.125 1441.25 1410.9375 1387.03125 1370.15625 1446.25 1465.3125 1505.625 1483.75 1477.96875 1413.59375 1415.46875 1520.9375 1588.90625 1562.03125 1490.15625 1470.15625 1410.3125 1349.6875 1301.09375 1297.34375 1264.375 1292.5 1269.84375 1354.375 1376.875 1348.75 1321.5625 1329.84375 1398.4375 1453.75 1493.125 1486.5625 1507.65625 1548.59375 1554.375 1531.71875 1507.5 1481.5625
1567.8125 1638.28125 1657.65625 1695 1743.59375 1786.09375 1702.96875 1707.03125 1717.34375 1706.71875 1677.34375 1626.25 1509.53125 1563.125 1578.75 1556.875 1540.625 1551.40625 1526.09375 1494.21875 1468.28125 1464.84375 1456.40625 1420.625 1405.78125 1394.84375 1381.5625 1451.71875 1476.71875 1471.09375 1502.1875 1446.09375 1471.25 1542.1875 1575.46875 1504.21875 1441.875 1447.96875 1413.59375 1366.5625 1321.25 1261.5625 1265.3125 1264.0625 1282.8125 1374.0625 1433.125 1396.71875 1389.53125 1419.21875 1433.28125 1479.21875 1530.15625 1507.65625 1514.375 1525.625 1547.34375 1548.125 1533.4375 1506.25
1546.5625 1634.375 1670.9375 1695.15625 1751.09375 1722.5 1648.75 1677.65625 1680.9375 1698.59375 1678.28125 1651.875 1612.03125 1575 1536.5625 1535 1525.78125 1500 1503.125 1493.125 1474.84375 1459.84375 1441.875 1442.96875 1413.28125 1411.09375 1353.28125 1436.25 1478.28125 1501.875 1528.59375 1514.21875 1518.75 1548.90625 1467.03125 1516.25 1485 1363.4375 1373.4375 1390.46875 1333.90625 1319.53125 1276.71875 1255.3125 1323.75 1358.90625 1463.59375 1448.75 1431.71875 1460.625 1477.1875 1524.0625 1561.875 1561.5625 1540.3125 1515.9375 1523.125 1537.1875 1534.21875 1511.5625
1547.1875 1607.96875 1660.78125 1699.0625 1708.75 1619.53125 1601.09375 1633.28125 1674.21875 1681.40625 1659.84375 1639.375 1608.125 1563.28125 1537.03125 1519.21875 1502.65625 1475.9375 1460.78125 1474.53125 1462.96875 1448.4375 1430.3125 1439.84375 1428.75 1406.25 1363.28125 1378.90625 1507.8125 1541.40625 1529.6875 1536.40625 1526.09375 1467.03125 1413.59375 1389.84375 1442.96875 1395.3125 1376.71875 1348.90625 1339.375 1335.78125 1315.15625 1300.3125 1354.21875 1430 1473.59375 1500.625 1483.90625 1507.65625 1517.03125 1544.21875 1607.34375 1602.65625 1559.84375 1567.5 1538.59375 1503.75 1489.375 1484.375
1554.6875 1602.8125 1644.21875 1670 1645 1575 1596.71875 1624.53125 1674.6875 1664.6875 1647.5 1626.875 1602.03125 1572.5 1554.84375 1515.78125 1497.1875 1474.0625 1456.71875 1435.3125 1420.9375 1431.5625 1421.5625 1416.875 1416.71875 1424.0625 1391.09375 1372.96875 1447.1875 1529.6875 1528.90625 1524.375 1481.25 1442.1875 1407.5 1377.8125 1343.90625 1364.84375 1380.15625 1364.53125 1358.90625 1336.5625 1332.1875 1350.3125 1389.0625 1451.40625 1528.59375 1503.28125 1526.5625 1551.875 1554.6875 1573.125 1636.25 1640.78125 1629.53125 1621.71875 1575.78125 1538.125 1516.875 1476.40625
1585 1607.1875 1646.40625 1660 1649.53125 1563.90625 1571.25 1621.40625 1655 1646.09375 1632.1875 1609.0625 1586.875 1567.1875 1551.40625 1523.125 1497.5 1471.40625 1446.71875 1424.84375 1404.375 1380.15625 1403.4375 1424.21875 1421.25 1419.6875 1428.90625 1398.28125 1381.40625 1469.6875 1506.09375 1495.78125 1465.9375 1424.84375 1368.75 1327.03125 1320.78125 1366.71875 1408.59375 1387.8125 1358.28125 1329.0625 1325.625 1371.40625 1438.90625 1514.53125 1565.46875 1531.25 1585 1584.375 1587.03125 1609.84375 1640.3125 1668.90625 1679.53125 1658.4375 1611.875 1588.59375 1567.8125 1515.3125
1635.15625 1647.1875 1669.6875 1655.78125 1656.09375 1631.40625 1638.4375 1646.875 1645 1624.6875 1620 1598.125 1577.34375 1558.28125 1537.8125 1513.90625 1487.65625 1468.4375 1448.59375 1422.1875 1398.4375 1380 1346.09375 1374.21875 1407.03125 1414.0625 1434.84375 1430.3125 1413.4375 1423.125 1458.4375 1444.21875 1429.375 1375.9375 1337.96875 1325.3125 1406.71875 1452.1875 1412.5 1367.34375 1340.625 1317.1875 1328.59375 1380.625 1466.5625 1564.375 1594.21875 1607.34375 1609.0625 1618.4375 1597.65625 1615.15625 1654.84375 1668.4375 1678.75 1693.125 1685.15625 1647.65625 1563.75 1511.875
1675.15625 1689.84375 1686.71875 1679.84375 1668.59375 1674.375 1662.96875 1652.8125 1632.34375 1620.78125 1606.875 1588.28125 1566.09375 1541.71875 1521.875 1496.5625 1473.28125 1453.90625 1436.5625 1418.4375 1394.21875 1384.6875 1356.09375 1324.53125 1337.5 1400.625 1427.65625 1442.96875 1431.875 1437.8125 1414.84375 1391.5625 1351.71875 1363.90625 1410.78125 1477.34375 1475.625 1446.09375 1405.3125 1387.65625 1335.46875 1336.5625 1372.1875 1483.59375 1502.8125 1568.125 1613.4375 1631.25 1635.9375 1641.40625 1626.5625 1629.0625 1644.84375 1652.5 1680.625 1699.84375 1686.25 1650.15625 1574.0625 1498.59375
1704.53125 1700.15625 1670.9375 1676.875 1667.8125 1672.03125 1649.21875 1619.6875 1632.1875 1613.90625 1591.5625 1577.1875 1555.625 1532.03125 1508.75 1484.53125 1462.34375 1441.875 1421.25 1407.65625 1392.65625 1400.9375 1382.96875 1376.09375 1304.375 1305.3125 1380.78125 1417.65625 1413.125 1381.40625 1416.09375 1441.40625 1386.25 1450.625 1463.75 1478.125 1436.40625 1403.125 1356.71875 1357.5 1415.625 1367.03125 1471.5625 1568.59375 1539.84375 1581.40625 1644.84375 1606.71875 1614.0625 1613.4375 1631.25 1630.625 1658.4375 1670.3125 1687.03125 1689.6875 1670.625 1597.34375 1415.9375 1401.25
1696.5625 1684.53125 1699.53125 1705.15625 1684.84375 1678.28125 1643.28125 1626.5625 1615.15625 1611.40625 1589.21875 1568.4375 1545.625 1521.5625 1497.34375 1472.5 1447.8125 1427.03125 1411.25 1391.25 1388.59375 1394.53125 1375.9375 1408.59375 1354.53125 1303.90625 1377.34375 1419.6875 1421.875 1421.25 1425.15625 1388.4375 1405.3125 1400.625 1423.4375 1417.5 1395.46875 1366.71875 1338.59375 1320.46875 1343.4375 1432.5 1516.71875 1585.9375 1535 1606.71875 1606.25 1609.84375 1573.28125 1576.875 1608.59375 1608.4375 1634.53125 1675.625 1683.90625 1689.53125 1687.5 1657.34375 1577.8125 1574.375
1655.625 1675 1695.3125 1694.53125 1675.15625 1675.3125 1653.125 1626.40625 1621.09375 1602.34375 1577.5 1559.375 1537.5 1510 1487.8125 1462.65625 1437.1875 1415.46875 1400.78125 1388.75 1372.8125 1386.25 1378.4375 1406.40625 1393.75 1406.71875 1407.8125 1383.75 1352.5 1351.09375 1353.59375 1313.75 1337.34375 1304.84375 1407.03125 1345.15625 1354.84375 1349.53125 1324.84375 1314.53125 1360.15625 1415.9375 1524.0625 1572.1875 1558.125 1579.53125 1559.6875 1593.90625 1587.03125 1572.03125 1592.03125 1554.0625 1586.25 1645.46875 1688.28125 1688.59375 1693.59375 1681.25 1674.0625 1675.15625
1640.46875 1670.78125 1691.25 1694.21875 1676.71875 1670.9375 1652.65625 1635.15625 1613.75 1580 1567.03125 1551.875 1529.53125 1502.65625 1477.65625 1454.0625 1432.1875 1416.40625 1396.25 1396.09375 1386.09375 1401.09375 1405.9375 1384.21875 1355.3125 1359.53125 1359.375 1293.28125 1252.96875 1286.40625 1311.25 1271.5625 1291.71875 1295 1331.71875 1295.9375 1315.78125 1311.25 1313.28125 1310 1376.25 1458.75 1527.03125 1547.5 1508.28125 1549.84375 1545.3125 1558.59375 1566.09375 1569.84375 1572.65625 1581.5625 1613.90625 1630.625 1679.6875 1699.0625 1703.28125 1709.84375 1704.84375 1707.03125
1673.59375 1703.125 1702.5 1693.75 1682.96875 1670.625 1652.5 1630.46875 1594.0625 1563.59375 1562.1875 1542.65625 1519.84375 1498.28125 1474.6875 1452.1875 1422.5 1393.75 1382.65625 1385 1375.46875 1367.8125 1375.9375 1377.8125 1363.125 1320.625 1352.65625 1300 1281.71875 1284.53125 1288.90625 1266.71875 1270.9375 1282.96875 1275 1269.53125 1304.21875 1287.5 1300.46875 1324.53125 1397.8125 1458.59375 1492.03125 1510 1475.15625 1544.21875 1564.6875 1545.15625 1539.6875 1551.875 1554.84375 1574.53125 1605 1619.6875 1662.65625 1690.46875 1713.90625 1706.25 1706.25 1700.3125
1704.6875 1707.1875 1700 1691.09375 1679.53125 1662.34375 1640.625 1609.84375 1564.84375 1547.1875 1555 1531.71875 1509.375 1490.625 1470.625 1450.625 1440.15625 1399.6875 1382.1875 1355.9375 1349.6875 1357.8125 1363.59375 1360.9375 1358.90625 1350.3125 1338.28125 1321.40625 1293.4375 1278.125 1271.71875 1269.21875 1265.78125 1280.3125 1252.96875 1287.5 1312.1875 1306.71875 1307.5 1323.125 1366.71875 1422.5 1445.3125 1458.59375 1500 1543.90625 1544.21875 1549.6875 1547.34375 1512.96875 1510.15625 1544.375 1560.9375 1570.78125 1611.25 1641.875 1702.1875 1727.1875 1730.625 1722.8125
