Cases/SDM_Urocitellus_beldingi/westernUsClimate_hadley2080a2/BIO03.asc
NCOLS 315 
NROWS 297 
XLLCORNER -124.741664802 
YLLCORNER 29.2083311801598 
CELLSIZE 0.066666670143822 
NODATA_value -3.4e+38 
[rows 30 to 59 of 297, columns 69 to 137 of 315]
32 32 32 31.96875 31.921875 31.796875 31.234375 31.1875 31.015625 31 31 31 31 31.109375 31.484375 31.984375 32 32.4375 33 33 33 33 33.078125 33.0625 33.078125 33 33.03125 33.09375 33.046875 33.15625 33.203125 33.078125 33.5 33.578125 33.515625 33.71875 33.4375 33.4375 33.25 33.109375 33.015625 32.703125 32.15625 32.078125 32 32 32 32.640625 32.953125 32.703125 32.203125 32.921875 32.515625 32.171875 32.09375 32.28125 32.6875 32.96875 33 33 33 33 33.09375 33.46875 33.46875 33.65625 33.90625 33.875 33.625
32.015625 32 32 32 32 32 32 31.984375 31.8125 31.59375 31.5 31.484375 31.625 31.890625 32 32 32.015625 32.5 33 33 33 33 33 33 33 33 33.015625 33.046875 33.171875 33.109375 33.09375 33.171875 33.65625 34 34 33.9375 33.875 33.875 33.34375 33.03125 33.015625 32.984375 32.375 32.03125 32 32 32 32.25 32.8125 32.9375 32.875 32.90625 32.234375 32.015625 32.34375 32.9375 33 33 33 33 33 33.140625 33.25 33.703125 34 33.984375 34 33.84375 33.890625
32.296875 32.109375 32 31.984375 32 32 32.03125 32.078125 31.984375 32 32 32 32 32 32 32.015625 32.421875 32.9375 33 33 33 33 33 33 33 33 33 33 33 33.0625 33.453125 33.484375 33.859375 33.984375 34 33.984375 33.90625 33.953125 33.515625 33.0625 33 32.96875 32.328125 32 32 32 32 32 32.015625 32.25 32.21875 32.703125 32.765625 32.671875 32.90625 33 33 33 33 33 33.0625 33.578125 33.90625 33.734375 33.984375 34 34 34.3125 34.234375
32.75 32.46875 31.9375 31.921875 32 32 31.96875 32.078125 32.0625 32 32 32 32 32 32.046875 32.375 32.84375 33 33 33 33 33 33 33 33 33 33 33 33 33.109375 33.484375 33.703125 33.84375 33.84375 34 34 33.796875 33.65625 33.5 33.09375 33 32.859375 32.046875 32 31.828125 31.65625 31.953125 32 32 32 32.078125 32.59375 32.703125 32.875 32.875 33 33 33 33 33.0625 33.53125 33.984375 33.828125 33.984375 34 34.09375 34.484375 34.765625 34.390625
32.890625 32.921875 31.875 31.40625 32 32 32.03125 32.421875 32.625 32.5 32.03125 32 32 32.15625 32.546875 32.96875 33 33 33 33 33 33 33 33 33 33 33 33 33 33.0625 33.078125 33.09375 33.328125 33.75 33.84375 33.90625 33.765625 33.28125 33.21875 33.046875 33 32.40625 32.015625 31.96875 31.59375 31.671875 31.75 31.984375 32 32 32 32.078125 32.078125 32.6875 32.796875 32.984375 33 33 33 33.21875 33.734375 33.953125 33.984375 34.078125 34.4375 34.359375 34.734375 34.953125 34.984375
32.0625 32.25 32.484375 31.671875 31.921875 32.0625 32.03125 32.578125 32.78125 32.671875 32.40625 32.328125 32.4375 32.828125 33 33 33 33 33 33 33 33 33 33 33 33 33 33 33.03125 33 33.109375 33.21875 33.40625 33.796875 33.796875 33.625 33.5 33.109375 33.015625 33 33 32.75 32.078125 32 31.953125 31.84375 31.96875 31.984375 32 32 32 32 32 32.234375 32.671875 32.96875 33 33 33 33.046875 33.453125 33.734375 33.984375 34.125 34.703125 34.90625 34.953125 34.921875 34.828125
32.359375 32.28125 32.625 32.9375 33 32.875 32.90625 33 33 32.984375 32.921875 32.828125 33 33 33 33 33 33 33 33 33 33 33 33 33 33 33 33 33 33 33 33.03125 33.15625 33.5625 33.609375 33.640625 33.390625 33.09375 33 33 33 32.671875 32.296875 32.015625 32 32 32 32 32 32 32 32 32 32 32.109375 32.484375 33 33 33 33 33.265625 33.984375 34 34.03125 34.546875 34.984375 35 35 35
33.3125 33.15625 32.859375 33 33.015625 33.015625 33 33 33 33 33 33 33 33 33 33 33 33 33 33 33 33 33 33 33 33 33 33 33 33 33 33 33.03125 33.171875 33.171875 33.21875 33.015625 33 33 33 32.953125 32.4375 32.015625 32 32 32 32 32 31.953125 32 32 32 32 32 32.125 32.5 32.984375 33 33 33 33.046875 33.8125 34 34 34.171875 34.765625 35 35 35
33.8125 33.5 33.484375 32.984375 32.5625 32.53125 32.71875 32.75 33 33 33 33 33 33 33 33 33 33 33 33 33 33 33 33 32.984375 33 32.96875 32.890625 33 33 33 33 33.015625 33 33.109375 33.0625 33.046875 33 33 33 33 32.890625 32.234375 32 32 31.96875 31.90625 31.671875 31.59375 31.9375 32 32 32 32 32.015625 32.25 32.921875 33 33 33 33 33.5 33.984375 34 34.25 34.671875 35 35 35
34.25 34.421875 34.5 34.09375 33.53125 33.03125 32.75 32.78125 32.84375 33 33 33 33 33 33 33 33 33 33 33 33 33 33 33 33 32.9375 32.578125 32.53125 32.9375 33 33 33 33 33 33 33.03125 33.078125 33 33 33 33 32.90625 32.515625 32.078125 32 31.828125 31.6875 31.078125 31.09375 31.90625 32 32 32 32.15625 32.21875 32.1875 32.609375 32.625 32.9375 33 33 33.21875 33.984375 34 34.15625 34.546875 35 35 35
34.640625 35 35 34.828125 34.34375 34 33.875 33.765625 33.65625 33.171875 33 33 33 33 33 33 33 33 33 33 33 33 33 33 32.96875 32.953125 32.4375 32.296875 32.375 32.875 33 33 33 33.03125 33.015625 33 33 33.109375 33 33 33 33 32.9375 32.328125 32.015625 31.9375 31.8125 31.78125 31.96875 32 32 32.046875 32.703125 32.484375 32.609375 32.59375 32.578125 32.375 32.671875 32.984375 33 33.28125 33.90625 34 34.359375 34.921875 35 35.015625 35.34375
34.75 35 35 35 34.96875 34.609375 34.046875 33.90625 33.78125 33.203125 33 33 33 33 33 33 33 33 33 33 33 33 33 33 32.84375 32.390625 32.03125 32 32.03125 32.59375 32.96875 33 33 33.203125 33.203125 33 33.140625 33.03125 33 33 33 33 32.96875 33 32.609375 32.4375 32.1875 31.984375 32 32.203125 32.5625 32.890625 33 33 32.90625 33 32.859375 32.484375 32.578125 33 33 33.078125 33.640625 34 34.140625 34.875 35.015625 35.375 35.1875
34.328125 34.609375 34.8125 34.65625 34.4375 34.1875 34 34 34 33.375 33 33 33 33 33 33 33 33 33 33 33 33 33 32.96875 32.953125 32.671875 32.265625 32 32 32.5625 32.984375 33 33.015625 33.03125 33.28125 33.0625 33.1875 33.109375 33.015625 33 33.109375 33.03125 33.046875 33.015625 32.984375 33 32.8125 32.390625 32.21875 32.90625 33.015625 33 33 33 33 33 33 32.921875 32.921875 33 33 33.109375 33.453125 33.953125 34.046875 34.75 34.765625 34.890625 34.5625
33.25 33.421875 33.875 34 34.015625 34 34 34 34 33.625 33.015625 33 33 33 33 33 33 33 33 33 33 33 33 33.046875 33.3125 33.125 32.421875 31.984375 31.96875 32.484375 33 33 33.046875 32.84375 32.96875 32.984375 33.15625 33.390625 33.359375 33.3125 33.375 33.59375 33.5625 33.53125 33.453125 33.171875 32.984375 32.359375 32.71875 33.46875 33.546875 33.328125 33.296875 33.09375 33.171875 33.34375 33.09375 33 33 33 33 33.109375 33.40625 33.96875 34.03125 34.390625 35.25 35.234375 34.640625
32.796875 33.375 34 34 34.015625 34 34 34 34 33.765625 33.03125 33 33 33 33 33 33 33 33 33 33 33 33.265625 33.703125 33.984375 33.546875 32.625 32 32.03125 32.90625 33 33.015625 33.09375 32.859375 33.03125 33.234375 33.71875 33.859375 33.984375 33.984375 33.953125 33.953125 33.65625 33.421875 33.390625 33.109375 32.875 32.625 32.609375 33.640625 33.390625 32.875 32.6875 33.125 33.6875 33.75 33.03125 33 33 33 33.015625 33.484375 33.5625 33.96875 34.1875 34.90625 35.703125 35.96875 35.84375
33.0625 33.875 34 34 34 34 34 33.96875 33.890625 33.53125 33 33 33 33 33 33 33 33 33 33 33 33 33.078125 33.40625 33.484375 32.984375 32.34375 32.046875 32.609375 32.921875 33.03125 33.296875 32.921875 32.96875 33.453125 33.765625 34.140625 34.171875 34.40625 34.359375 34.109375 33.921875 33.984375 34 33.890625 33.546875 33.265625 33.578125 32.84375 33.203125 32.953125 32.703125 32.890625 33.03125 33.234375 33.109375 33.078125 33 33 33 33.375 33.9375 33.796875 34.328125 35.5 35.671875 35.984375 36 36
33.375 33.96875 34 34 34 34 34 33.953125 33.984375 33.28125 33.109375 33.0625 33.015625 33 33 33 33 33 33 33 33 33 33 33 33 32.890625 32.578125 32.765625 33 32.90625 32.78125 32.953125 32.9375 33.21875 33.484375 33.71875 34.25 34.59375 34.78125 34.859375 34.625 34.578125 34 34 33.96875 34 33.9375 34 33.484375 33.109375 33.140625 33.03125 33.796875 34 34 33.21875 32.984375 33.125 33.3125 33.8125 34.25 34.0625 34.53125 34.84375 35.75 36 36 36 36
33.234375 33.546875 33.765625 33.953125 33.96875 34 34 34 34 33.984375 33.921875 33.84375 33.484375 33.703125 33.65625 33.796875 33.4375 33.03125 33 33 33 33.015625 33.28125 33.09375 33.015625 33 33 33 32.953125 32.875 33.015625 33.140625 33.078125 33.328125 33.46875 34.171875 34.84375 35 35 34.984375 34.984375 34.96875 34.46875 34.21875 34.015625 34.015625 34 34 33.890625 33.546875 33 33.15625 33.6875 33.78125 33.578125 33.765625 33.8125 33.328125 34.125 34.953125 35.28125 34.78125 34.578125 34.9375 35.359375 35.90625 36.234375 36 36.109375
33 33 33.34375 33.9375 34 34 34 34 34 34 34 34 34 34 34 34 33.96875 33.453125 33.015625 33 33.171875 33.84375 34 34 33.671875 33.0625 33 32.578125 32.359375 32.328125 32.671875 33 33.4375 34.34375 34.296875 34.609375 34.96875 35.015625 35 35.015625 35.046875 34.984375 34.640625 34.703125 34.640625 34.3125 34.078125 34.015625 34 34.015625 33.328125 33.234375 33.21875 33.109375 33.421875 34.015625 34.09375 33.046875 33.40625 34.46875 35.234375 35.984375 35.5625 35.4375 36.09375 36 36.265625 36.15625 36.453125
33 33 33.484375 33.921875 34 34 34 34 34.015625 34.125 34.359375 34.046875 34.34375 34.171875 34 34 34 34 33.359375 33.21875 33.84375 34 34.078125 34.03125 34 33.6875 33.515625 33.09375 32.703125 33.046875 32.984375 33.015625 33.296875 34.84375 34.96875 35.140625 35.078125 35.078125 35.234375 35.09375 35.015625 35 34.96875 34.984375 34.96875 34.8125 34.40625 34.3125 34.15625 34.046875 33.28125 33.546875 34 33.765625 33.265625 34.515625 34.03125 33.046875 33.84375 35.171875 35.9375 36 36.09375 36.28125 36.734375 36.9375 36.890625 36.890625 36.984375
33 33.296875 33.734375 34 34 34.015625 34.234375 34.28125 34.71875 35 34.953125 34.859375 34.96875 34.84375 34.875 34.546875 34.265625 34.15625 34 34 34.0625 34.40625 34.625 34.140625 33.375 33 33.203125 32.109375 32.15625 32.34375 32.9375 33.125 34.09375 34.765625 35 35.171875 35.609375 35.9375 36 35.96875 35.234375 35 35 35 35 35 34.96875 34.796875 34.40625 33.84375 34.03125 34.140625 34.703125 34.609375 33.484375 33.515625 34.71875 33.53125 33.734375 34.859375 35.328125 35.921875 36.671875 36.828125 36.984375 36.984375 36.859375 36.953125 37
33.078125 33.796875 33.984375 34 34.1875 34.671875 34.953125 34.96875 35 35 35 35 35 35.015625 35 35 35 35 34.796875 34.796875 34.953125 35 34.25 33.171875 32.453125 32.15625 31.59375 32.75 32.09375 32.28125 33.09375 33.875 34.328125 35.359375 35.046875 34.984375 35.53125 35.390625 35.6875 36 35.875 35.171875 35 35 35 35 35 34.984375 34.484375 34.0625 34.71875 34.703125 34.96875 34.484375 33.421875 34.203125 35.109375 33.75 34.671875 35.875 36 36.5625 36.96875 37 37 36.921875 37 37 37
33.765625 34 34.03125 34.296875 34.84375 35 35 35.03125 35.125 35.1875 35.359375 35.625 35.78125 35.6875 35.640625 35.65625 35.515625 35.46875 35.578125 35.65625 35.40625 35.015625 34.59375 33.859375 32.328125 31.28125 31.21875 32.390625 32.515625 32.40625 33.078125 34.515625 34.765625 35.109375 35 34.828125 35 34.875 34.96875 35.40625 35.953125 35.5 35 35 35 35 35 34.984375 34.671875 34.328125 34.703125 34.953125 34.953125 33.859375 34.53125 35.359375 35.109375 33.8125 35.765625 35.953125 36.203125 36.9375 36.9375 36.703125 36.4375 36.6875 36.921875 36.734375 36.890625
34 34.1875 34.6875 34.96875 35 35.015625 35.0625 35.640625 35.890625 36 36 36 36 36 36 36 36 36 36 36 35.5 34.4375 34.203125 34 33.078125 31.84375 31.640625 32.03125 32.25 32.8125 33.03125 34.296875 34.9375 34.65625 34.453125 34.1875 34.640625 34.578125 34.328125 34.390625 34.984375 35.3125 35.046875 35 35 35 35 34.953125 34.9375 34.703125 34.578125 35 34.78125 33.90625 34.703125 35.3125 34.5 33.875 35.296875 34.78125 35.515625 35.703125 35.578125 35.953125 36.265625 36.109375 36.015625 35.65625 36.828125
34.375 34.9375 35 35.046875 35.34375 35.546875 35.9375 36 36 36 36.0625 36.078125 36.015625 36.1875 36.359375 36.5 36.171875 36.015625 36 35.71875 34.984375 34.671875 33.640625 33 32.828125 32.546875 32.0625 32.859375 33.078125 33.21875 33.609375 34 34.265625 34.984375 34.875 34.09375 34.21875 34.84375 34.1875 34.171875 34.34375 34.234375 34.890625 35 35 35 35 35 34.90625 34.9375 34.71875 34.90625 34.140625 35.125 35.609375 35.3125 34.171875 35.203125 35.390625 35.546875 35.59375 36.328125 36.890625 37 37.03125 37.265625 37.5 36.75 36.4375
34.984375 35.28125 35.484375 35.84375 36 36 36.015625 36.140625 36.328125 36.65625 36.796875 36.859375 36.375 36.84375 36.640625 36.65625 36.78125 35.9375 35.5625 34.90625 34.109375 34.09375 33.875 33.578125 33.375 33.1875 33.046875 33.484375 33.796875 33.421875 33.84375 34 34.03125 34.8125 35 34.796875 34.078125 34.3125 34.5625 34.15625 34.046875 34.234375 34.3125 34.6875 35 35 35 35 35 34.921875 34.796875 34.78125 34.46875 35.21875 35.46875 35.140625 34.6875 35.6875 36 36.328125 36.890625 36.828125 37 37.015625 37.25 37.1875 37.96875 37.375 37.328125
35.625 35.953125 36 36.015625 36.078125 36.265625 36.828125 36.96875 37 37 36.90625 36.484375 36.109375 36.203125 36.421875 36.15625 36.265625 36.390625 35.796875 35.125 34.78125 34.578125 34.171875 34 34 34 34 33.484375 33.671875 33.859375 33.984375 34 34 34.890625 35 35 34.421875 34.03125 34.046875 34.453125 34.046875 34.15625 34.09375 34.515625 34.671875 34.921875 35 35 35 34.953125 34.984375 34.4375 34.90625 35.296875 35.78125 35.40625 35.765625 35.28125 36.015625 36.453125 36.859375 36.96875 37 37.078125 37.5 37.546875 37.53125 37.59375 37.09375
36.28125 36.125 36.453125 36.734375 36.953125 36.9375 36.984375 37 37 37 36.921875 36.296875 35.890625 35.703125 35.921875 36 36.375 37.28125 37.25 36.546875 35.765625 35.1875 34.984375 34.390625 34 34 34 34 34 34 34 34 34.203125 34.6875 35 35 34.921875 34.4375 34.34375 34.21875 34.359375 34.265625 34.09375 34.5625 34.765625 34.953125 35 35 35 35 34.96875 34.53125 35.078125 35.46875 35.703125 35.90625 35.65625 35.53125 35.96875 36.46875 36.875 37 37.015625 37 37.5 37.609375 37.140625 37.359375 36.25
37 36.9375 36.8125 36.875 36.890625 37 36.90625 37 37 36.71875 36.640625 36.28125 36.21875 36.328125 36.421875 36.375 36.96875 37.359375 37.28125 36.71875 36.0625 35.421875 34.984375 34.9375 34.90625 34.5625 34.4375 34.09375 34 34 34.015625 34.234375 34.8125 35 35 34.90625 34.984375 35 34.875 34.390625 34.1875 34.515625 34.703125 34.796875 34.984375 35 35 35 35 34.921875 34.234375 34.8125 35 35.15625 35.6875 35.640625 35.5625 35.78125 35.984375 36.46875 36.953125 36.859375 37 37 37.03125 37.25 37.1875 36.953125 36.921875
37.015625 36.765625 36.671875 36.921875 37.03125 36.984375 36.984375 36.96875 37 37.265625 37.53125 37.40625 37.234375 37.359375 37.171875 37.046875 37.453125 37.734375 37.25 36.75 36.046875 35.78125 35.234375 34.78125 34.953125 35 34.984375 34.78125 34.109375 34.265625 34.6875 35 35 35 35 35 35 35 34.984375 34.890625 34.9375 34.828125 34.953125 34.90625 35 35 35 35 34.890625 34.28125 34.484375 35 35 35 35.1875 35.0625 35.34375 35.671875 35.953125 36.3125 36.90625 36.4375 37 37 36.984375 36.53125 36.5625 36.6875 37.125
