Cases/SDM_Urocitellus_beldingi/westernUsClimate_hadley2080a2/BIO01.asc
NCOLS 315 
NROWS 297 
XLLCORNER -124.741664802 
YLLCORNER 29.2083311801598 
CELLSIZE 0.066666670143822 
NODATA_value -3.4e+38 
[rows 54 to 80 of 297, columns 240 to 299 of 315]
1140.9375 1121.09375 1183.75 1143.59375 1054.21875 1133.28125 1157.65625 1212.03125 1227.34375 1230.9375 1286.875 1322.65625 1375.3125 1406.875 1389.84375 1321.875 1310.625 1239.0625 1227.8125 1224.53125 1230.9375 1180 1137.5 1069.21875 1076.71875 1099.84375 1117.96875 1086.875 1089.0625 1129.84375 1156.09375 1161.09375 1200 1240.46875 1226.875 1200.9375 1208.90625 1205.3125 1251.40625 1253.125 1222.96875 1202.8125 1183.28125 1170.46875 1170.15625 1198.59375 1211.09375 1211.09375 1228.28125 1229.84375 1216.40625 1228.28125 1213.4375 1201.25 1193.4375 1184.84375 1178.4375 1183.28125 1163.4375 1168.28125
1053.4375 934.53125 1016.71875 945.78125 807.96875 1005.9375 1018.90625 1063.4375 1093.75 1137.1875 1212.65625 1310.9375 1408.90625 1382.96875 1361.5625 1297.5 1282.65625 1239.53125 1205.3125 1223.4375 1233.4375 1193.4375 1140.3125 1047.96875 1043.75 1080 1114.375 1081.71875 1110.625 1145.46875 1175.15625 1201.71875 1222.65625 1234.0625 1201.71875 1193.4375 1194.0625 1202.1875 1243.59375 1241.5625 1217.03125 1197.65625 1176.5625 1176.40625 1197.1875 1205.78125 1219.0625 1240.9375 1234.53125 1220.3125 1219.6875 1230.3125 1215.46875 1212.1875 1211.71875 1190.3125 1168.4375 1170.3125 1170 1171.875
1095.625 1054.6875 946.875 880.3125 810.15625 911.875 1098.4375 1149.53125 1190.625 1159.6875 1160.78125 1130.78125 1134.84375 1257.96875 1308.4375 1276.25 1235.78125 1226.25 1218.59375 1208.28125 1225.46875 1209.6875 1180.15625 1085.46875 1047.03125 1073.125 1100.46875 1096.5625 1133.75 1170 1210.3125 1224.21875 1198.59375 1221.875 1222.8125 1218.90625 1217.1875 1226.5625 1253.125 1247.34375 1227.8125 1204.375 1191.25 1208.4375 1219.6875 1245.46875 1241.5625 1218.125 1206.875 1199.0625 1223.125 1232.5 1212.96875 1200.625 1191.875 1207.96875 1181.40625 1167.8125 1163.28125 1163.75
1127.96875 992.34375 762.65625 651.5625 750.46875 668.59375 844.84375 1124.0625 1207.5 1075.78125 946.40625 847.96875 999.375 1047.03125 1171.09375 1205.9375 1213.125 1203.59375 1154.375 1176.5625 1211.71875 1196.25 1172.34375 1091.25 1046.71875 1073.28125 1112.8125 1146.5625 1163.4375 1185.78125 1205.46875 1189.53125 1189.84375 1224.6875 1222.8125 1225.15625 1237.34375 1249.84375 1252.1875 1245.15625 1233.59375 1212.8125 1198.125 1211.5625 1247.8125 1241.875 1221.71875 1211.71875 1191.09375 1205.78125 1232.34375 1235.78125 1218.4375 1205.46875 1181.875 1183.75 1182.96875 1162.03125 1175.3125 1181.5625
1149.6875 1115.625 998.75 857.34375 783.90625 856.875 816.875 1203.90625 1238.75 1111.09375 811.5625 647.03125 771.875 839.53125 1028.75 1057.65625 1145.15625 1135.3125 1167.34375 1206.5625 1195.78125 1138.4375 1170.15625 1097.65625 1077.1875 1104.84375 1132.5 1168.90625 1197.1875 1210.78125 1190.9375 1171.875 1186.875 1225.46875 1238.28125 1234.6875 1236.40625 1250.625 1251.40625 1248.125 1224.0625 1204.0625 1213.59375 1247.96875 1237.1875 1234.53125 1222.8125 1198.4375 1212.34375 1215.15625 1235.9375 1239.0625 1223.125 1202.8125 1190.46875 1159.0625 1157.03125 1163.59375 1169.375 1185.625
1144.6875 1150.9375 1123.4375 1081.875 1063.125 1107.8125 1062.8125 1191.5625 1143.125 1101.71875 937.96875 634.6875 508.75 638.125 843.59375 1035.46875 1090.625 1150 1161.5625 1159.53125 1172.96875 1131.25 1149.53125 1071.25 1090.15625 1136.25 1158.28125 1181.5625 1210.625 1211.25 1198.125 1189.6875 1190.9375 1218.75 1240.15625 1242.34375 1245 1237.8125 1229.53125 1224.0625 1211.71875 1226.875 1247.96875 1244.21875 1216.25 1225.78125 1210 1207.65625 1223.28125 1242.5 1245 1231.09375 1222.5 1208.125 1176.875 1144.6875 1166.40625 1175 1182.8125 1186.09375
1136.25 1172.1875 1180.46875 1169.21875 1157.8125 1187.96875 1234.6875 1223.75 1082.96875 1037.34375 988.4375 813.28125 517.03125 505.15625 635.15625 827.34375 941.875 1003.59375 1067.65625 1103.59375 1142.65625 1145.46875 1149.375 1129.21875 1130.3125 1148.75 1186.40625 1210 1211.40625 1202.1875 1173.90625 1169.6875 1180.15625 1209.375 1226.5625 1228.59375 1231.875 1225.3125 1215.9375 1223.125 1239.6875 1243.125 1248.75 1229.375 1213.125 1197.5 1192.8125 1194.375 1214.21875 1221.40625 1237.65625 1229.53125 1213.125 1183.75 1160.78125 1163.59375 1172.03125 1185.15625 1196.09375 1205.625
1153.28125 1189.0625 1205.3125 1208.90625 1208.59375 1212.96875 1228.90625 1259.6875 1215.78125 1019.21875 861.875 729.21875 530.9375 411.09375 530.625 678.28125 714.53125 668.90625 743.90625 873.75 1054.0625 1142.96875 1180.78125 1197.1875 1196.71875 1193.4375 1207.34375 1196.40625 1198.4375 1172.34375 1166.875 1184.6875 1177.65625 1174.53125 1206.5625 1217.1875 1213.28125 1213.90625 1224.6875 1240.3125 1258.59375 1254.84375 1242.34375 1219.21875 1215 1212.8125 1204.0625 1204.6875 1214.0625 1230.625 1241.25 1225.9375 1212.1875 1190.15625 1170.78125 1183.125 1188.90625 1194.0625 1201.875 1209.0625
1158.59375 1175.3125 1193.90625 1199.6875 1221.875 1229.6875 1236.71875 1251.875 1276.09375 1209.6875 898.90625 542.1875 465.46875 418.90625 478.4375 460.78125 536.5625 621.71875 594.53125 613.75 841.25 1081.875 1153.125 1166.09375 1162.8125 1177.65625 1202.8125 1192.03125 1200 1164.84375 1140.9375 1141.875 1165.15625 1161.40625 1159.6875 1176.25 1199.6875 1225.15625 1236.5625 1253.59375 1250.46875 1223.28125 1223.28125 1218.90625 1206.25 1209.0625 1195.46875 1190.78125 1193.90625 1192.03125 1233.28125 1224.6875 1205.78125 1187.65625 1182.34375 1180.15625 1188.59375 1197.1875 1205 1208.28125
1180.15625 1190.3125 1204.53125 1210 1201.5625 1195.9375 1192.8125 1168.28125 1254.6875 1209.21875 1131.5625 944.375 666.71875 453.28125 395 383.90625 432.1875 514.0625 550.15625 533.75 577.96875 757.5 1035.15625 1124.0625 1165.9375 1174.6875 1198.4375 1188.90625 1172.5 1178.59375 1175.3125 1155.78125 1134.53125 1135.15625 1159.53125 1183.90625 1199.84375 1220.9375 1236.5625 1243.75 1226.25 1219.53125 1215 1206.5625 1200.9375 1192.65625 1189.6875 1188.59375 1191.09375 1209.0625 1230.9375 1217.1875 1210.46875 1193.4375 1167.65625 1180 1190.3125 1196.875 1173.28125 1172.65625
1194.84375 1198.59375 1197.8125 1191.875 1183.59375 1162.1875 1159.0625 1201.71875 1251.5625 1232.1875 1181.09375 1082.03125 998.90625 899.53125 549.6875 380.625 397.5 414.0625 462.34375 482.34375 452.65625 579.84375 702.96875 1065.9375 1131.09375 1141.09375 1189.21875 1171.875 1161.875 1165.3125 1160.78125 1152.8125 1140.625 1136.875 1161.40625 1184.53125 1205.625 1210.46875 1217.8125 1238.125 1216.71875 1201.875 1195.15625 1205.3125 1182.65625 1186.5625 1193.59375 1206.40625 1195.15625 1206.5625 1222.8125 1213.59375 1194.0625 1179.0625 1172.65625 1186.25 1189.6875 1193.59375 1156.09375 1145.46875
1182.8125 1191.875 1196.5625 1192.65625 1168.125 1158.4375 1166.71875 1188.59375 1216.5625 1229.53125 1185.78125 1142.8125 1096.5625 1089.84375 854.6875 570.625 548.28125 404.6875 418.125 402.5 374.0625 505.15625 647.03125 736.25 929.0625 1113.90625 1131.71875 1130.9375 1161.40625 1154.6875 1152.03125 1142.65625 1139.84375 1147.03125 1166.09375 1187.1875 1178.4375 1174.53125 1201.875 1237.34375 1226.875 1211.71875 1188.75 1179.375 1172.65625 1188.90625 1195 1193.75 1194.21875 1206.5625 1185.9375 1218.28125 1205.46875 1181.09375 1172.65625 1169.53125 1168.90625 1189.53125 1164.0625 1143.125
1175.9375 1186.09375 1184.84375 1186.875 1167.34375 1177.5 1194.375 1213.75 1228.59375 1220.9375 1195 1175.625 1170 1159.53125 1133.59375 1020.625 791.25 592.1875 515.15625 412.34375 316.71875 417.96875 528.90625 610.15625 673.59375 810.9375 849.53125 1030.46875 1124.84375 1134.6875 1151.25 1158.4375 1164.0625 1165.625 1169.21875 1166.875 1161.25 1170.46875 1195.9375 1224.375 1210.625 1203.28125 1186.5625 1181.40625 1161.5625 1178.75 1196.09375 1201.40625 1192.03125 1184.21875 1195.78125 1217.5 1211.5625 1191.875 1168.75 1155.3125 1171.09375 1182.34375 1167.1875 1173.75
1140.625 1152.96875 1163.125 1172.5 1185.625 1190.3125 1199.375 1212.5 1219.6875 1230.625 1237.96875 1225.46875 1211.71875 1183.4375 1159.53125 1066.25 838.75 621.09375 493.59375 431.5625 369.21875 294.0625 440 425.46875 445.3125 613.75 703.125 915.3125 1105.3125 1150.78125 1148.125 1164.84375 1168.75 1157.5 1160 1155.3125 1172.03125 1196.09375 1207.65625 1223.125 1194.84375 1181.5625 1193.125 1179.21875 1155.46875 1172.65625 1190.78125 1187.1875 1187.65625 1193.125 1195.9375 1196.40625 1212.1875 1206.09375 1188.4375 1164.84375 1173.59375 1183.125 1180.46875 1185.9375
1161.40625 1154.0625 1157.5 1184.53125 1201.09375 1200.78125 1197.65625 1212.03125 1218.75 1227.96875 1239.53125 1177.96875 1189.0625 1177.8125 1111.71875 1059.21875 927.34375 767.96875 593.75 469.0625 351.25 271.71875 269.6875 255.15625 365 470.46875 641.5625 922.8125 1081.09375 1137.96875 1163.90625 1164.375 1181.875 1160.46875 1167.34375 1178.4375 1194.84375 1192.1875 1204.53125 1206.5625 1191.09375 1157.96875 1165.9375 1181.40625 1159.6875 1157.1875 1166.25 1185 1192.96875 1183.75 1171.875 1180 1204.0625 1205.78125 1188.59375 1176.09375 1182.8125 1189.84375 1171.5625 1187.34375
1119.6875 1149.0625 1169.84375 1192.03125 1205.46875 1214.84375 1223.28125 1228.90625 1225.46875 1221.875 1237.34375 1203.125 1185 1174.0625 1148.59375 1089.375 1022.96875 936.40625 791.71875 578.4375 478.125 403.59375 261.875 124.53125 257.03125 413.90625 648.4375 758.4375 1013.28125 1111.71875 1169.53125 1189.0625 1173.90625 1178.28125 1187.65625 1195.625 1172.8125 1174.6875 1209.6875 1201.875 1171.25 1169.6875 1154.375 1160.9375 1166.25 1152.96875 1167.5 1173.28125 1187.8125 1185.46875 1176.875 1174.375 1198.75 1198.75 1180.78125 1186.5625 1200.625 1206.5625 1202.1875 1202.03125
1144.84375 1140.3125 1095.78125 1106.71875 1154.375 1200.9375 1212.65625 1217.03125 1219.21875 1229.21875 1233.4375 1223.75 1202.65625 1199.6875 1182.03125 1145 1121.25 1081.5625 991.40625 759.6875 659.53125 461.25 338.90625 257.34375 248.28125 471.09375 661.5625 748.4375 869.21875 1040.15625 1154.21875 1173.75 1178.125 1179.53125 1188.28125 1187.5 1167.1875 1188.90625 1215 1213.4375 1185.3125 1163.4375 1151.09375 1142.8125 1158.90625 1144.53125 1145.9375 1151.875 1170.78125 1175.15625 1179.53125 1176.875 1186.25 1196.5625 1196.25 1197.65625 1212.5 1211.09375 1210.3125 1204.21875
1139.6875 1157.1875 1148.90625 1176.5625 1191.25 1200.78125 1198.90625 1173.90625 1193.90625 1213.75 1221.09375 1233.90625 1229.0625 1212.96875 1205.15625 1179.0625 1157.65625 1133.4375 1075.78125 939.53125 704.84375 546.40625 478.59375 360 244.21875 415.9375 606.71875 665.625 808.75 1043.28125 1107.34375 1141.25 1170.78125 1191.5625 1201.25 1179.375 1167.8125 1184.84375 1211.71875 1211.875 1182.8125 1166.71875 1146.71875 1137.65625 1135.9375 1146.71875 1137.96875 1149.53125 1162.8125 1170.78125 1178.125 1177.1875 1177.5 1196.71875 1190 1198.125 1209.84375 1195.78125 1201.71875 1203.59375
1140.625 1172.96875 1182.34375 1190.15625 1210.46875 1219.0625 1220.3125 1207.03125 1200.46875 1200 1215.3125 1222.5 1238.75 1204.84375 1186.09375 1189.21875 1165.46875 1138.75 1102.03125 1029.375 842.65625 654.53125 585.15625 494.53125 408.90625 449.375 590.9375 689.6875 861.875 1084.21875 1138.90625 1159.0625 1180.9375 1195.15625 1198.28125 1175.78125 1170.9375 1186.71875 1210 1212.5 1184.21875 1180 1169.6875 1155.3125 1132.65625 1130 1138.59375 1148.75 1152.96875 1167.5 1170.46875 1167.03125 1164.84375 1189.6875 1200.3125 1199.21875 1192.65625 1193.28125 1185.15625 1189.375
1110.15625 1108.4375 1120.9375 1139.375 1198.90625 1214.84375 1226.09375 1230.9375 1233.75 1222.96875 1221.09375 1227.8125 1241.25 1192.34375 1186.5625 1177.65625 1168.28125 1159.375 1157.65625 1095.3125 998.75 842.03125 705.9375 608.90625 546.09375 495.15625 655.15625 720.15625 838.4375 1098.4375 1155.9375 1167.96875 1186.40625 1198.75 1185 1180.625 1190.625 1200.78125 1220.625 1211.5625 1190.78125 1170.46875 1159.21875 1157.8125 1141.40625 1130.78125 1146.875 1162.34375 1176.25 1184.0625 1189.0625 1184.0625 1181.25 1195.625 1197.03125 1189.6875 1175.78125 1181.09375 1181.5625 1168.4375
1111.875 1122.03125 1147.03125 1161.71875 1190.78125 1217.65625 1224.53125 1227.03125 1229.375 1236.5625 1234.21875 1240.3125 1238.59375 1201.25 1193.59375 1164.84375 1162.5 1140.15625 1150 1144.6875 1093.4375 970.46875 807.65625 729.84375 628.4375 624.0625 672.65625 740.78125 874.84375 1106.40625 1153.90625 1178.125 1179.6875 1187.1875 1174.84375 1185.3125 1195.625 1200.9375 1224.84375 1202.65625 1186.09375 1171.5625 1167.65625 1157.96875 1136.5625 1137.03125 1149.53125 1159.375 1171.875 1180.46875 1183.4375 1190.625 1182.03125 1187.96875 1188.90625 1186.09375 1180.46875 1161.09375 1175.15625 1175
1087.96875 1130 1155.78125 1162.1875 1157.03125 1178.59375 1202.5 1220.15625 1238.4375 1235.625 1243.59375 1254.0625 1233.28125 1215.15625 1197.8125 1174.21875 1158.90625 1137.65625 1120.9375 1124.21875 1121.40625 1076.71875 976.875 803.59375 698.90625 689.0625 736.5625 780.3125 840.78125 1091.09375 1147.03125 1152.34375 1152.5 1179.53125 1177.03125 1185.15625 1190 1204.84375 1226.40625 1203.4375 1194.6875 1184.6875 1170.46875 1155.15625 1141.875 1137.65625 1153.4375 1161.25 1166.71875 1184.84375 1191.71875 1188.4375 1173.59375 1160.9375 1174.21875 1188.125 1169.375 1166.09375 1158.75 1166.40625
1022.34375 1108.28125 1138.4375 1173.90625 1190.78125 1173.4375 1196.5625 1229.53125 1254.53125 1262.5 1258.4375 1252.96875 1241.875 1229.6875 1217.1875 1200.78125 1181.40625 1140.9375 1125.78125 1117.65625 1118.4375 1091.875 1000 838.59375 715.9375 711.875 722.96875 896.09375 919.6875 1075.78125 1108.4375 1123.59375 1148.28125 1174.0625 1191.25 1204.0625 1214.375 1220.78125 1232.03125 1213.4375 1182.03125 1178.59375 1172.5 1162.65625 1144.6875 1155.15625 1166.40625 1175.15625 1181.71875 1188.125 1182.34375 1188.125 1173.4375 1157.03125 1162.5 1170.3125 1172.8125 1181.25 1195.46875 1196.40625
1068.75 1132.96875 1170.625 1192.5 1216.09375 1231.40625 1238.59375 1245.78125 1271.71875 1234.0625 1230.78125 1238.90625 1247.03125 1227.03125 1209.84375 1196.25 1180.46875 1141.25 1121.71875 1114.375 1106.25 1082.5 999.84375 858.28125 740.46875 761.40625 766.71875 854.0625 1058.28125 1092.5 1108.59375 1126.71875 1148.125 1171.875 1187.03125 1200.625 1217.03125 1234.84375 1233.4375 1208.4375 1201.5625 1162.03125 1159.84375 1149.84375 1156.09375 1165.3125 1175.625 1167.03125 1174.84375 1182.8125 1180.78125 1179.21875 1180.78125 1180.78125 1189.375 1188.59375 1199.6875 1206.875 1214.6875 1223.90625
1077.03125 1123.4375 1156.25 1174.21875 1203.90625 1232.34375 1252.65625 1268.59375 1283.90625 1252.65625 1251.09375 1234.53125 1242.03125 1242.03125 1226.875 1204.6875 1170.78125 1142.34375 1134.0625 1122.8125 1108.90625 1099.375 991.5625 870.3125 761.25 819.0625 917.8125 974.21875 1021.71875 1106.5625 1136.875 1158.59375 1162.03125 1174.21875 1192.34375 1207.65625 1220.625 1244.375 1231.5625 1211.25 1192.5 1162.65625 1146.5625 1145.78125 1160.9375 1173.4375 1169.53125 1160.46875 1179.21875 1177.65625 1189.21875 1186.5625 1196.25 1204.0625 1216.71875 1225 1219.375 1213.28125 1225.625 1239.6875
1089.53125 1123.125 1151.875 1194.0625 1220.78125 1245.15625 1245.3125 1272.8125 1292.5 1267.5 1257.34375 1255.46875 1245.46875 1235.9375 1224.21875 1210.78125 1195 1159.375 1137.96875 1119.6875 1107.34375 1095.46875 1036.5625 872.5 817.34375 842.34375 985.78125 1073.4375 1093.28125 1109.21875 1155.9375 1180.15625 1192.65625 1201.5625 1219.375 1228.125 1243.59375 1242.96875 1227.8125 1226.875 1217.03125 1193.28125 1153.59375 1132.03125 1155.9375 1169.0625 1169.84375 1162.65625 1175 1195.15625 1207.65625 1213.59375 1211.5625 1204.84375 1212.96875 1233.125 1244.53125 1239.6875 1229.6875 1241.40625
880.9375 925.46875 1046.25 1133.75 1198.125 1206.5625 1217.65625 1268.28125 1265.3125 1222.03125 1171.875 1199.21875 1233.59375 1232.5 1214.375 1191.5625 1184.21875 1151.71875 1124.0625 1078.125 1087.5 1074.0625 980.625 789.6875 795.3125 849.0625 974.84375 1110.78125 1125.625 1146.5625 1159.84375 1177.34375 1202.03125 1209.6875 1204.6875 1236.40625 1218.28125 1210.46875 1208.28125 1205.78125 1216.875 1199.375 1184.375 1163.59375 1153.4375 1165.46875 1168.90625 1184.21875 1192.5 1202.96875 1207.1875 1211.40625 1216.875 1217.03125 1224.21875 1247.96875 1255 1260.3125 1268.90625 1265.9375
