Cases/SDM_Urocitellus_beldingi/westernUsClimate_hadley2080a2/BIO05.asc
NCOLS 315 
NROWS 297 
XLLCORNER -124.741664802 
YLLCORNER 29.2083311801598 
CELLSIZE 0.066666670143822 
NODATA_value -3.4e+38 
[rows 54 to 80 of 297, columns 236 to 294 of 315]
3896.5625 3980.46875 3924.0625 3836.40625 3764.53125 3728.75 3809.6875 3748.28125 3617.5 3718.90625 3746.09375 3810 3827.8125 3831.25 3892.5 3928.90625 3995.3125 4052.96875 4048.4375 3963.28125 3970.9375 3881.40625 3886.5625 3901.71875 3932.5 3859.375 3798.59375 3687.8125 3706.09375 3755.46875 3793.125 3736.71875 3738.28125 3813.28125 3859.84375 3861.40625 3937.03125 4009.84375 3966.5625 3896.875 3899.0625 3889.375 3976.09375 3974.0625 3912.5 3879.21875 3844.375 3822.1875 3825.9375 3885.46875 3907.5 3905.78125 3939.21875 3949.21875 3928.4375 3963.59375 3943.90625 3928.90625 3926.09375
3944.0625 3973.90625 3899.6875 3822.1875 3640.78125 3465.3125 3582.8125 3481.09375 3282.96875 3553.75 3565 3619.6875 3657.8125 3710.3125 3804.53125 3918.90625 4033.90625 4013.28125 4001.40625 3924.6875 3923.59375 3877.96875 3841.09375 3882.1875 3916.5625 3862.34375 3783.59375 3635.3125 3633.75 3701.875 3766.875 3706.5625 3764.0625 3830.46875 3886.40625 3931.875 3965.78125 3981.25 3894.21875 3869.84375 3856.5625 3866.09375 3944.53125 3941.40625 3892.03125 3854.53125 3825.3125 3829.21875 3868.90625 3886.875 3917.65625 3954.53125 3944.84375 3927.03125 3935.625 3955.9375 3941.875 3947.1875 3955.625
3946.875 3967.03125 3903.59375 3765.78125 3707.8125 3641.40625 3482.1875 3382.8125 3282.1875 3427.34375 3684.375 3746.09375 3794.375 3743.75 3738.28125 3701.09375 3703.59375 3860.78125 3931.40625 3898.59375 3852.8125 3850.78125 3851.5625 3847.5 3888.90625 3877.1875 3841.09375 3691.09375 3630.9375 3678.59375 3729.0625 3724.21875 3793.90625 3863.125 3935.625 3957.5 3902.65625 3940.3125 3922.1875 3899.21875 3886.40625 3895.9375 3950.78125 3937.8125 3903.4375 3859.53125 3845.15625 3881.25 3907.8125 3957.03125 3950.46875 3908.59375 3894.375 3886.25 3931.875 3959.21875 3935.46875 3926.5625 3918.90625
3958.75 3916.875 3898.125 3793.75 3766.5625 3556.09375 3223.4375 3067.1875 3198.125 3084.53125 3327.65625 3720.3125 3825.9375 3636.875 3455.78125 3318.125 3530.46875 3593.4375 3759.84375 3807.96875 3820 3815.46875 3753.75 3792.8125 3858.4375 3845 3815 3689.375 3621.875 3668.59375 3739.0625 3802.1875 3835.78125 3877.8125 3910.9375 3874.21875 3869.21875 3928.75 3911.875 3897.8125 3906.5625 3925.9375 3930.9375 3920.3125 3905.9375 3873.125 3850.3125 3880.78125 3958.90625 3948.125 3905.9375 3892.1875 3862.8125 3892.96875 3944.21875 3963.75 3945.15625 3931.5625 3898.4375
3912.8125 3868.28125 3865.15625 3821.875 3808.28125 3752.1875 3565.3125 3353.75 3246.875 3345 3285 3841.71875 3882.34375 3699.21875 3268.90625 3037.5 3215.78125 3312.03125 3572.8125 3609.375 3732.03125 3722.5 3770.78125 3834.6875 3827.65625 3742.34375 3798.28125 3688.125 3658.59375 3707.65625 3758.75 3824.375 3882.1875 3913.90625 3873.90625 3830.15625 3850.46875 3918.59375 3931.5625 3906.09375 3887.96875 3903.59375 3912.1875 3919.375 3877.03125 3851.71875 3874.53125 3945.46875 3927.65625 3927.03125 3904.53125 3865.625 3893.125 3900.625 3950.9375 3970.9375 3951.5625 3924.6875 3908.4375
3829.6875 3821.40625 3766.5625 3801.71875 3807.34375 3820.46875 3770.46875 3697.65625 3665 3728.4375 3650.46875 3838.125 3757.65625 3690.3125 3454.6875 3024.375 2846.40625 3029.84375 3316.875 3584.84375 3663.90625 3748.125 3763.4375 3760.78125 3784.84375 3727.8125 3761.40625 3644.21875 3674.6875 3754.375 3792.8125 3837.96875 3892.96875 3895.3125 3870.625 3855.78125 3852.03125 3894.84375 3920.78125 3912.8125 3909.21875 3881.09375 3870.78125 3872.34375 3854.84375 3886.5625 3936.5625 3931.71875 3880.3125 3907.5 3877.8125 3875.46875 3905.3125 3947.96875 3967.96875 3955.3125 3944.6875 3928.28125 3885
3814.21875 3796.09375 3752.96875 3758.75 3797.8125 3865.625 3882.5 3858.4375 3832.34375 3868.125 3929.0625 3901.875 3683.125 3607.03125 3536.25 3284.84375 2855.46875 2839.0625 3027.03125 3300.46875 3453.59375 3540.625 3632.96875 3683.59375 3742.5 3750.15625 3760 3727.34375 3725.15625 3757.34375 3833.90625 3879.21875 3887.96875 3873.125 3818.4375 3806.40625 3816.09375 3867.96875 3894.53125 3884.0625 3881.09375 3864.84375 3851.25 3868.125 3907.34375 3920 3937.65625 3905.625 3874.375 3848.90625 3844.84375 3854.53125 3892.65625 3914.21875 3947.8125 3945.9375 3928.125 3886.875 3857.5
3858.4375 3797.34375 3729.84375 3732.34375 3825.9375 3901.09375 3934.6875 3937.65625 3931.875 3925 3941.40625 3974.375 3895.3125 3591.71875 3356.875 3160.46875 2875 2701.40625 2877.65625 3086.40625 3134.375 3069.21875 3174.84375 3358.90625 3618.28125 3742.34375 3801.40625 3828.125 3827.03125 3821.40625 3853.125 3842.5 3851.5625 3804.0625 3798.59375 3829.0625 3809.53125 3796.25 3851.5625 3865.625 3852.34375 3853.28125 3873.59375 3903.75 3943.75 3942.8125 3924.84375 3885.46875 3882.1875 3876.5625 3865.46875 3873.90625 3895.46875 3928.59375 3954.6875 3942.34375 3927.1875 3900.9375 3876.875
3843.75 3791.25 3715 3773.75 3826.71875 3869.53125 3913.4375 3927.8125 3964.6875 3967.8125 3967.03125 3977.65625 4000 3893.59375 3421.25 2890.15625 2780.625 2715.15625 2803.75 2769.375 2882.5 3007.1875 2966.25 2989.0625 3310.15625 3651.5625 3755.46875 3774.0625 3765.3125 3783.125 3830.15625 3819.53125 3846.5625 3779.53125 3740.15625 3740.625 3783.90625 3772.03125 3762.8125 3795.15625 3835.46875 3881.40625 3900.625 3933.59375 3927.1875 3886.5625 3888.59375 3883.90625 3867.96875 3870.3125 3855.3125 3850.9375 3858.75 3861.40625 3946.25 3942.03125 3918.4375 3893.28125 3891.875
3769.6875 3750.3125 3775 3831.40625 3852.5 3885.9375 3924.21875 3940.3125 3933.90625 3918.28125 3908.75 3855.46875 3981.71875 3910.625 3785.78125 3489.0625 3076.40625 2766.875 2680.3125 2657.65625 2728.4375 2853.90625 2904.375 2870.3125 2929.53125 3184.84375 3583.125 3709.84375 3765.46875 3773.59375 3811.5625 3802.5 3781.5625 3796.875 3794.21875 3757.65625 3723.90625 3722.96875 3765.9375 3807.96875 3841.5625 3877.1875 3904.84375 3920.3125 3887.34375 3880.15625 3877.96875 3865.78125 3856.71875 3843.59375 3847.65625 3845.78125 3853.90625 3893.90625 3946.5625 3934.375 3928.90625 3904.0625 3861.40625
3736.40625 3793.75 3818.90625 3836.5625 3858.75 3886.875 3900.625 3902.1875 3897.65625 3858.75 3854.84375 3920.78125 3990.3125 3958.90625 3877.8125 3711.71875 3581.25 3425.15625 2900.78125 2650.78125 2675.625 2699.0625 2769.84375 2793.28125 2743.125 2930 3103.28125 3622.34375 3704.6875 3717.1875 3787.5 3765 3755.9375 3768.4375 3760.625 3747.8125 3726.71875 3724.0625 3777.5 3817.8125 3859.84375 3865 3875.625 3917.1875 3875.46875 3855.9375 3845.15625 3862.96875 3825 3839.6875 3849.21875 3877.5 3865.9375 3892.5 3934.0625 3918.28125 3890.3125 3871.5625 3868.75
3758.75 3737.03125 3764.6875 3787.8125 3825.9375 3865 3885.3125 3894.0625 3861.875 3847.34375 3870.3125 3905 3946.71875 3965.46875 3898.125 3818.28125 3742.96875 3727.65625 3362.03125 2934.6875 2901.71875 2680 2696.875 2669.84375 2623.90625 2817.8125 3016.40625 3137.8125 3411.5625 3678.4375 3697.5 3695 3743.125 3736.40625 3740 3724.6875 3722.5 3743.90625 3792.5 3826.71875 3805.15625 3797.1875 3847.34375 3912.8125 3898.90625 3873.59375 3834.21875 3818.28125 3809.84375 3845 3855.46875 3858.90625 3865.15625 3891.25 3860.9375 3929.6875 3911.40625 3875.15625 3867.96875
3755.9375 3665.46875 3572.5 3680.15625 3803.28125 3844.0625 3857.1875 3875.625 3853.4375 3876.09375 3916.09375 3949.6875 3975.3125 3964.21875 3925.9375 3888.125 3874.53125 3852.03125 3801.5625 3621.71875 3266.25 2960.78125 2840 2683.4375 2539.0625 2679.84375 2838.4375 2954.375 3039.84375 3234.53125 3281.09375 3539.53125 3679.6875 3693.125 3723.59375 3748.125 3765.46875 3782.8125 3802.03125 3789.6875 3772.34375 3792.8125 3839.6875 3889.21875 3873.75 3860.15625 3833.4375 3827.8125 3794.375 3831.25 3861.09375 3875.625 3862.1875 3847.5 3881.09375 3927.1875 3919.53125 3890.78125 3852.8125
3709.21875 3680.15625 3663.4375 3689.53125 3735.3125 3779.6875 3812.03125 3841.875 3877.8125 3896.25 3923.28125 3951.71875 3970.78125 3994.0625 4007.96875 3981.875 3953.75 3901.40625 3855.625 3700.3125 3337.96875 3004.53125 2808.125 2712.1875 2615.3125 2492.65625 2703.59375 2679.375 2703.90625 2948.28125 3071.09375 3371.40625 3645 3714.53125 3706.40625 3747.5 3765.46875 3750.15625 3767.65625 3762.03125 3792.8125 3840.78125 3863.90625 3890.9375 3848.75 3824.84375 3850 3826.71875 3784.6875 3822.34375 3854.6875 3853.59375 3854.0625 3864.0625 3878.28125 3877.65625 3917.34375 3911.5625 3884.6875
3642.96875 3695.9375 3711.71875 3737.1875 3766.875 3776.71875 3796.71875 3857.96875 3901.5625 3908.59375 3917.65625 3951.5625 3973.4375 3999.375 4022.96875 3910 3927.8125 3903.4375 3786.09375 3696.71875 3480.78125 3225.625 2957.65625 2766.40625 2584.375 2458.75 2452.8125 2427.65625 2583.75 2733.75 2980.3125 3382.8125 3605.15625 3688.59375 3725.9375 3734.375 3779.0625 3743.59375 3765.15625 3799.84375 3834.84375 3834.21875 3862.1875 3867.1875 3844.0625 3785.46875 3804.375 3835.46875 3795.9375 3795.78125 3810.625 3848.90625 3864.53125 3843.90625 3827.03125 3843.59375 3900.9375 3906.25 3874.6875
3611.25 3655 3690 3725.15625 3696.25 3763.28125 3810.78125 3862.8125 3905 3929.375 3962.8125 3980.9375 3984.6875 3993.90625 4027.1875 3960.15625 3929.53125 3907.96875 3858.28125 3756.09375 3642.8125 3494.53125 3258.4375 2929.53125 2775 2651.5625 2438.90625 2238.59375 2425.46875 2650 2991.875 3146.25 3507.65625 3643.125 3726.875 3769.375 3750.3125 3770 3799.375 3829.0625 3787.8125 3798.4375 3871.09375 3859.21875 3811.71875 3810.625 3788.90625 3801.875 3809.6875 3789.84375 3814.53125 3825.9375 3852.5 3845 3832.8125 3829.21875 3883.75 3888.28125 3852.96875
3515.46875 3620.46875 3641.5625 3667.03125 3733.75 3747.03125 3689.6875 3722.1875 3814.6875 3902.8125 3939.375 3959.21875 3974.21875 4005 4022.5 3997.34375 3965.625 3957.96875 3920.15625 3858.75 3815.625 3741.71875 3583.75 3208.90625 3049.375 2744.84375 2552.96875 2427.8125 2412.03125 2733.59375 3012.03125 3132.96875 3301.875 3538.59375 3699.53125 3737.96875 3754.21875 3769.0625 3803.125 3808.59375 3776.25 3824.21875 3875.625 3877.1875 3838.90625 3802.96875 3783.75 3773.4375 3800 3780.15625 3776.09375 3787.96875 3821.71875 3826.40625 3836.5625 3830 3852.65625 3880 3886.25
3442.1875 3540.9375 3621.71875 3639.84375 3723.59375 3770.78125 3769.84375 3830.78125 3869.6875 3894.21875 3910.46875 3880.625 3928.90625 3973.75 3998.125 4014.6875 4010.625 3982.1875 3969.21875 3921.875 3884.6875 3844.0625 3739.0625 3496.5625 3117.96875 2871.40625 2764.375 2579.21875 2404.84375 2653.28125 2929.6875 3011.09375 3215 3544.84375 3629.6875 3683.75 3741.40625 3792.8125 3825.3125 3788.75 3778.4375 3818.59375 3872.96875 3875.9375 3836.875 3808.125 3780.15625 3766.875 3762.34375 3785.9375 3765.15625 3787.03125 3807.8125 3821.25 3834.0625 3831.5625 3841.40625 3887.96875 3882.34375
3490.9375 3556.875 3559.53125 3567.34375 3722.34375 3791.25 3821.875 3847.8125 3896.09375 3923.125 3939.21875 3935.625 3934.6875 3943.28125 3981.25 4000.9375 4026.71875 3976.09375 3946.5625 3946.25 3907.5 3866.40625 3800.15625 3661.5625 3336.71875 3036.25 2924.6875 2782.5 2646.875 2705 2909.0625 3051.09375 3298.28125 3607.96875 3681.875 3716.875 3764.6875 3802.34375 3818.125 3782.34375 3787.03125 3822.96875 3872.03125 3882.65625 3840.625 3837.65625 3826.875 3800.625 3757.96875 3755.78125 3768.75 3787.03125 3795.46875 3819.0625 3829.21875 3822.8125 3823.59375 3887.34375 3916.40625
3492.65625 3500.46875 3538.28125 3617.5 3676.25 3691.5625 3722.03125 3762.5 3873.90625 3909.84375 3943.125 3969.6875 3987.34375 3979.53125 3987.1875 4011.40625 4033.59375 3955.78125 3950.625 3932.1875 3924.0625 3911.09375 3909.53125 3798.90625 3610.46875 3334.0625 3110.3125 2958.125 2859.21875 2776.40625 3011.25 3104.375 3272.5 3643.28125 3718.75 3744.375 3786.875 3818.28125 3797.34375 3794.375 3823.28125 3847.1875 3890.9375 3882.5 3850 3825.15625 3807.96875 3804.84375 3771.71875 3756.40625 3785.15625 3814.375 3840 3854.53125 3870.9375 3866.40625 3867.1875 3908.59375 3922.96875
3437.65625 3405.3125 3518.90625 3599.6875 3681.40625 3711.875 3757.5 3792.03125 3856.09375 3916.09375 3936.71875 3957.03125 3975.9375 3995.78125 4005.625 4028.75 4028.28125 3968.75 3964.84375 3922.65625 3920.15625 3888.28125 3908.125 3902.5 3808.125 3559.375 3271.71875 3140.9375 2982.03125 2968.125 3036.40625 3134.21875 3331.71875 3668.4375 3733.90625 3784.21875 3788.28125 3803.75 3785.46875 3811.25 3835.9375 3848.4375 3896.5625 3865.78125 3838.4375 3824.0625 3819.53125 3804.84375 3767.96875 3765.625 3788.125 3811.09375 3833.75 3851.875 3866.25 3881.40625 3873.28125 3896.71875 3906.875
3351.71875 3405 3470.78125 3567.34375 3642.96875 3715.625 3765.3125 3785.78125 3794.6875 3845.625 3891.5625 3938.59375 3984.53125 3992.65625 4016.875 4046.71875 4022.34375 3994.6875 3970.9375 3943.125 3925.3125 3892.34375 3870.15625 3883.90625 3877.65625 3784.0625 3571.09375 3264.6875 3093.59375 3073.75 3141.5625 3203.125 3290.3125 3668.28125 3748.125 3753.4375 3750.625 3800.3125 3801.875 3817.03125 3827.03125 3858.75 3901.875 3866.875 3858.4375 3845.9375 3819.84375 3795.9375 3776.09375 3767.1875 3800.46875 3815.46875 3828.125 3861.875 3884.53125 3879.6875 3860.78125 3845.9375 3877.1875
3203.75 3286.875 3414.375 3477.34375 3545.9375 3681.09375 3737.03125 3805.9375 3843.90625 3831.25 3876.5625 3947.65625 4006.71875 4036.5625 4039.53125 4039.53125 4033.125 4021.09375 4007.1875 3988.28125 3967.96875 3905.9375 3893.125 3890.3125 3892.96875 3830.15625 3621.40625 3324.21875 3121.40625 3107.34375 3119.84375 3388.28125 3419.53125 3656.40625 3700.9375 3722.1875 3762.8125 3805.3125 3834.0625 3855.46875 3876.40625 3891.5625 3914.375 3882.03125 3835.625 3830.15625 3823.90625 3810 3776.5625 3797.8125 3824.375 3841.09375 3854.0625 3869.0625 3866.5625 3881.71875 3864.53125 3839.375 3854.21875
3150.3125 3267.03125 3366.25 3466.5625 3604.375 3708.125 3782.65625 3832.03125 3881.875 3923.125 3944.84375 3970.3125 4031.25 3977.5 3986.40625 4007.65625 4033.28125 4009.6875 3992.5 3979.21875 3962.1875 3901.40625 3887.8125 3896.09375 3892.65625 3822.34375 3624.84375 3358.75 3163.28125 3190.78125 3191.09375 3323.90625 3650.78125 3698.75 3715.15625 3744.375 3775.3125 3814.375 3834.6875 3856.5625 3886.875 3917.34375 3914.84375 3874.375 3867.96875 3797.96875 3800 3784.0625 3795.46875 3815.78125 3839.6875 3823.90625 3842.96875 3860 3865.15625 3866.09375 3877.5 3885.78125 3905.625
3110 3287.96875 3446.25 3533.75 3611.875 3687.96875 3754.6875 3798.59375 3856.09375 3919.0625 3970.3125 4005.78125 4044.6875 4001.875 4014.0625 3991.5625 4018.75 4032.96875 4019.6875 3995.46875 3934.0625 3895.46875 3907.1875 3910.46875 3892.34375 3862.8125 3612.8125 3385.15625 3200.9375 3287.34375 3444.21875 3532.03125 3600 3735.15625 3781.25 3812.03125 3810.78125 3826.09375 3857.1875 3877.5 3896.875 3932.65625 3912.8125 3880.46875 3846.71875 3795.3125 3772.03125 3772.5 3800.78125 3830 3826.40625 3810.15625 3848.125 3853.125 3876.5625 3874.84375 3902.03125 3925.625 3955
3275 3365 3497.5 3572.34375 3625.78125 3685.9375 3746.5625 3827.34375 3878.90625 3936.09375 3953.90625 4010.9375 4053.4375 4022.96875 4017.65625 4028.90625 4025.9375 4017.8125 4005 3999.21875 3985.625 3927.34375 3910.78125 3887.5 3861.875 3837.5 3699.21875 3388.59375 3287.8125 3323.90625 3563.125 3707.5 3730.46875 3744.84375 3821.09375 3864.375 3878.75 3882.96875 3904.0625 3911.5625 3940.46875 3935.78125 3907.03125 3903.28125 3883.75 3851.875 3782.8125 3742.96875 3787.8125 3818.125 3821.25 3810.78125 3837.1875 3879.6875 3902.1875 3918.4375 3926.40625 3923.75 3942.1875
3141.71875 3264.21875 3311.5625 3338.125 3361.875 3427.34375 3601.71875 3740.9375 3855 3875.15625 3904.84375 4000 4008.59375 3946.40625 3865.15625 3922.1875 3994.84375 4005 3977.34375 3934.6875 3947.8125 3898.90625 3860.9375 3775.78125 3811.5625 3784.0625 3592.96875 3253.28125 3258.59375 3340.46875 3547.34375 3784.0625 3798.28125 3824.375 3837.96875 3861.09375 3894.53125 3900.625 3887.96875 3933.59375 3896.25 3875.15625 3872.03125 3871.71875 3887.96875 3857.96875 3830.9375 3796.71875 3783.4375 3806.40625 3812.96875 3846.25 3867.1875 3890.9375 3897.65625 3911.875 3929.53125 3938.90625 3955.9375
