Cases/SDM_Urocitellus_beldingi/westernUsClimate_hadley2080a2/BIO08.asc
NCOLS 315 
NROWS 297 
XLLCORNER -124.741664802 
YLLCORNER 29.2083311801598 
CELLSIZE 0.066666670143822 
NODATA_value -3.4e+38 
[rows 156 to 181 of 297, columns 60 to 119 of 315]
1000.625 1003.28125 952.65625 853.90625 740.625 590.9375 445.78125 322.65625 212.8125 149.84375 239.21875 170.3125 130 66.71875 80.46875 123.59375 217.5 207.96875 405 325.3125 125.625 122.03125 200.3125 143.28125 86.5625 284.84375 414.0625 332.65625 89.6875 151.25 1246.25 1413.4375 2589.0625 2943.59375 2880.78125 2813.28125 2858.28125 2869.21875 2822.34375 2541.09375 2377.03125 2594.53125 2615.625 2432.03125 2525.15625 2675.9375 2700 2632.34375 2546.5625 2456.875 2495 2557.5 2623.90625 2710.15625 2513.90625 2268.90625 2387.5 2442.8125 2426.875 2441.25
998.75 990.625 960.3125 887.1875 767.5 705.3125 613.75 581.25 465.78125 333.28125 258.4375 136.25 121.5625 60.625 21.71875 73.4375 108.59375 76.09375 279.0625 272.03125 55.15625 -37.03125 131.875 135.78125 87.8125 148.90625 308.125 313.4375 40.78125 49.0625 1006.71875 1020.3125 2157.5 2888.28125 2705.9375 2827.1875 2806.25 2861.09375 2990.3125 2806.875 2446.09375 2434.84375 2591.09375 2448.28125 2458.125 2608.75 2680.46875 2796.875 2789.375 2709.375 2722.03125 2750.46875 2759.0625 2604.84375 2398.90625 2405.625 2528.125 2541.5625 2447.5 2330.46875
998.28125 981.71875 960.78125 945 893.28125 791.40625 677.34375 488.90625 323.59375 243.125 265 250.9375 169.21875 119.53125 124.53125 48.59375 -16.875 -19.6875 84.21875 153.75 -12.34375 -152.96875 43.4375 214.84375 270.9375 285.46875 301.875 246.875 149.21875 35.15625 165.625 996.25 2586.5625 2701.875 2498.59375 2601.875 2446.40625 2462.34375 2791.875 3015.78125 2790.9375 2565.78125 2510 2687.5 2710.9375 2680.3125 2745 2758.59375 2881.71875 2884.6875 2867.5 2838.125 2750 2566.40625 2481.875 2584.6875 2623.75 2429.84375 2343.75 2296.09375
1011.71875 991.40625 967.34375 956.40625 942.96875 758.125 611.25 486.09375 431.5625 325 286.09375 284.0625 297.5 242.03125 135.625 4.53125 -96.875 -39.84375 97.1875 141.71875 36.25 -19.21875 34.53125 137.03125 109.53125 136.5625 247.8125 289.0625 234.375 173.125 88.90625 125.15625 1179.53125 2260.9375 2099.0625 2563.75 2692.8125 2698.4375 2745.78125 3007.34375 2670.46875 2352.8125 2276.09375 2739.6875 2854.21875 2714.375 2773.28125 2829.53125 2863.90625 2938.4375 2909.84375 2782.8125 2654.53125 2654.375 2685.78125 2703.4375 2659.53125 2436.71875 2251.71875 2210.78125
1047.03125 1023.125 964.375 950.9375 933.90625 790.3125 636.71875 625.46875 502.5 388.90625 430.15625 451.5625 244.6875 185.9375 164.6875 73.90625 -77.96875 36.25 64.375 94.0625 45.9375 117.65625 143.28125 107.65625 37.1875 73.4375 96.875 156.5625 113.75 142.8125 59.6875 142.8125 381.5625 1071.09375 1269.0625 1716.25 2297.96875 2281.5625 2686.25 3042.96875 2954.21875 2490.15625 2562.34375 2798.28125 2874.84375 2744.6875 2790.15625 2845.9375 2907.34375 2976.875 2958.90625 2804.6875 2430.9375 2567.96875 2742.1875 2757.5 2706.5625 2581.5625 2492.96875 2454.6875
1065 1011.25 970.9375 961.40625 942.34375 841.875 775.46875 646.25 574.21875 524.84375 655.625 362.8125 162.8125 72.65625 45 12.96875 -35.9375 14.375 -48.75 -50.9375 29.53125 143.90625 170.9375 119.0625 15 -2.34375 44.6875 52.96875 127.1875 166.25 107.8125 187.96875 272.1875 204.0625 596.875 1551.09375 2675.3125 2539.6875 2861.09375 2960.46875 2992.34375 2868.75 2717.8125 2754.84375 2836.25 2795.625 2795.78125 2915.625 2994.53125 3013.4375 3005.625 2897.34375 2618.28125 2620 2715.78125 2775.15625 2644.6875 2494.375 2588.75 2606.25
1045.3125 1052.5 1014.53125 988.75 941.25 928.59375 912.96875 818.59375 741.71875 716.09375 559.6875 388.59375 210.46875 120.78125 69.21875 27.65625 -21.5625 -53.90625 -69.84375 -43.4375 -4.84375 125.46875 148.125 123.59375 81.71875 69.84375 98.75 171.40625 169.6875 189.375 115 162.1875 247.96875 361.5625 362.5 554.0625 1631.40625 2575.46875 2758.125 2691.71875 2855 2964.375 2964.84375 2741.875 2670.46875 2622.34375 2679.84375 2997.8125 3037.65625 3041.25 3023.28125 2930.625 2732.34375 2686.09375 2825 2780.46875 2614.375 2561.5625 2632.65625 2646.25
1006.40625 1058.28125 1027.5 987.1875 977.65625 969.6875 934.53125 870 730.625 616.875 503.75 405 284.0625 241.875 170 88.59375 22.34375 -18.28125 -69.375 -74.53125 -94.6875 -77.5 28.75 90.9375 118.28125 190.9375 239.375 244.84375 230.78125 197.34375 109.375 144.375 354.6875 357.65625 399.53125 398.75 1242.96875 2583.125 2419.6875 2812.5 2993.4375 3072.03125 3032.03125 2687.03125 2641.71875 2729.6875 2903.90625 3060.78125 3058.125 2993.90625 3004.375 2928.75 2792.96875 2738.90625 2891.25 2892.5 2826.5625 2724.21875 2800.625 2712.96875
1050.625 1015.625 1022.96875 1020.15625 1003.125 950 893.28125 832.03125 760.15625 620.78125 609.6875 465.9375 468.59375 322.1875 307.96875 192.1875 127.96875 38.28125 20 -59.21875 -72.1875 -134.53125 -47.65625 131.09375 234.0625 266.875 278.125 277.65625 231.40625 187.5 181.09375 207.34375 208.28125 222.65625 253.125 270 397.03125 1407.8125 1547.03125 2818.28125 3060.15625 3087.5 3080.78125 2963.75 2957.5 3003.59375 3072.34375 3010.625 2666.25 2776.5625 2939.21875 2929.6875 2811.875 2817.03125 2934.21875 2950.15625 2950.78125 2870 2878.75 2812.1875
1065.3125 1064.21875 1045.625 1053.4375 1007.65625 978.4375 943.75 915.625 854.21875 709.0625 740.46875 594.6875 666.09375 591.5625 497.5 402.1875 224.375 210 41.71875 19.53125 -11.5625 -147.96875 -122.03125 -7.1875 257.34375 288.4375 294.375 268.28125 131.71875 186.875 259.21875 269.0625 218.28125 150.78125 164.84375 229.53125 212.96875 488.90625 2564.375 2710.9375 2926.875 3026.71875 2877.34375 2979.0625 3056.09375 3083.125 3051.09375 2890.3125 2705.625 2756.09375 2905.3125 2998.75 2880 2852.65625 2977.5 2990.78125 2993.4375 2929.375 2929.53125 2931.875
1080.78125 1077.03125 1080.9375 1050.9375 1036.875 1008.28125 988.4375 978.75 920.15625 826.875 826.09375 834.84375 760.9375 694.84375 464.53125 363.90625 353.75 232.65625 120.9375 111.875 29.21875 -68.90625 -126.71875 16.71875 220.78125 236.25 228.28125 179.21875 136.25 187.03125 278.4375 304.21875 291.5625 359.375 374.84375 235 52.8125 209.53125 1705.9375 2895.625 2832.03125 3009.0625 2926.875 2807.1875 2984.84375 3046.5625 3002.5 2862.65625 2718.125 2976.5625 3046.875 3093.59375 3041.5625 2959.375 3018.59375 3021.40625 3015.46875 2987.5 2972.65625 2967.03125
1125 1104.0625 1067.8125 1054.21875 1045.9375 1040.3125 1002.1875 917.5 904.21875 925.78125 920.15625 830 740.9375 655.9375 407.65625 254.375 157.34375 153.125 42.1875 48.4375 -31.875 -15.78125 -157.03125 -79.53125 188.75 186.875 141.71875 112.34375 70.78125 138.59375 195.15625 211.5625 291.71875 461.40625 367.8125 -114.0625 -69.0625 188.125 851.09375 2945.625 2999.84375 3036.5625 2914.0625 2563.59375 2630.625 2877.65625 3110.9375 3162.34375 3157.5 3045.9375 3111.40625 3092.03125 3070.9375 3018.28125 3012.1875 3030.625 3013.75 2980 2970.78125 2977.1875
1127.5 1117.96875 1104.375 1078.28125 1059.6875 1064.84375 988.4375 958.59375 875.78125 878.4375 885.625 770.15625 693.28125 587.8125 442.65625 300.625 215.9375 336.09375 237.1875 109.53125 -5.46875 -157.96875 -124.21875 -98.75 122.34375 103.4375 170.46875 179.375 145 89.6875 23.4375 73.125 280.78125 388.125 452.5 -12.96875 -233.125 79.0625 397.96875 2772.34375 3015.3125 2838.4375 2025.9375 1909.84375 2073.125 2744.0625 3104.0625 3220.15625 3218.59375 3042.1875 2931.40625 2915.15625 2966.25 2916.25 2913.75 2996.25 2989.375 2828.59375 2832.1875 2938.4375
1130.15625 1128.4375 1126.09375 1116.875 1085.46875 1072.65625 1032.8125 1032.1875 953.90625 896.25 926.40625 879.21875 824.53125 715.3125 695.15625 605.625 457.03125 397.5 292.65625 79.0625 72.5 -91.5625 -137.65625 -68.125 -3.125 93.59375 192.5 217.65625 276.40625 300.9375 248.4375 116.71875 209.375 391.5625 565.15625 425.625 -129.375 -77.1875 244.375 1689.84375 2982.03125 2016.40625 289.53125 785.15625 2136.25 3013.4375 2726.25 3022.03125 3091.09375 2899.0625 2632.96875 2717.65625 2669.375 2635.78125 2847.65625 3058.59375 3085.15625 2935 2798.59375 2871.09375
1128.59375 1127.5 1126.09375 1123.59375 1120.15625 1159.375 1067.5 1065.46875 1009.6875 966.875 985.9375 926.71875 931.71875 920.625 787.5 574.375 348.4375 262.03125 221.875 62.65625 -40.3125 -16.40625 95.78125 -34.53125 107.96875 65.625 156.25 242.8125 285 321.40625 288.90625 231.25 288.90625 382.5 578.4375 571.5625 37.8125 -265.9375 116.5625 864.84375 3004.84375 2620.15625 933.125 1392.1875 2888.59375 3156.5625 2962.8125 3149.53125 3045.3125 2846.40625 2814.53125 2716.40625 2589.53125 2751.40625 3022.03125 3170.78125 3190.625 3150.3125 3020.3125 2771.09375
1125.78125 1121.5625 1120 1120.9375 1124.21875 1206.71875 1141.875 1084.21875 985.15625 965 945.3125 946.25 857.34375 815.46875 725.15625 686.40625 505.46875 296.25 173.59375 160.46875 58.28125 170 286.09375 219.0625 256.40625 76.09375 -71.5625 -61.40625 50.3125 255.15625 286.5625 286.25 310.3125 439.53125 622.65625 633.125 203.75 -244.84375 -79.84375 179.21875 1226.5625 2935.9375 2910 1968.125 2061.71875 2912.5 2952.03125 2978.125 2880.3125 2782.5 2980.625 2901.25 2806.875 3087.8125 3173.75 3148.59375 3130.78125 3104.53125 3053.4375 2904.53125
1123.59375 1121.25 1123.4375 1122.8125 1118.4375 1143.28125 1206.40625 1073.90625 1038.90625 1004.53125 940.78125 939.53125 915.78125 872.1875 740.15625 632.96875 653.4375 455.9375 263.59375 264.21875 275.15625 349.53125 449.53125 481.09375 220 83.28125 25.625 -119.0625 -137.8125 -132.8125 -21.40625 323.75 491.40625 560.9375 660 706.09375 407.1875 -34.0625 -105.9375 5.78125 208.90625 1473.28125 3037.8125 2773.59375 2740.15625 2499.53125 750.15625 1507.96875 2673.90625 2909.21875 3098.90625 2931.875 3040 3190.9375 3002.65625 2711.5625 2975.3125 3043.4375 3051.40625 2949.84375
1125.9375 1125.15625 1125 1119.84375 1108.28125 1096.5625 1113.90625 1086.875 1063.125 1040 984.375 1020 990.3125 971.25 926.5625 782.96875 701.25 549.375 375.625 422.96875 588.125 504.84375 613.125 503.75 264.21875 7.8125 11.5625 -18.90625 -81.71875 -156.09375 -141.40625 398.125 667.5 640.3125 692.34375 737.65625 574.0625 137.34375 -52.65625 52.34375 209.21875 441.40625 1636.25 2962.96875 2014.84375 1621.40625 1466.40625 516.40625 2265.15625 2958.28125 3061.25 3033.75 3187.1875 3245.3125 3199.84375 3092.5 3106.5625 3090.9375 3036.5625 2992.1875
1120 1121.71875 1121.875 1119.6875 1117.34375 1114.375 1115.625 1107.8125 1092.1875 1071.875 1049.84375 1012.8125 1035.9375 1044.375 996.09375 968.28125 894.53125 728.90625 518.59375 436.40625 719.375 786.25 596.09375 373.28125 442.8125 335 247.03125 30.46875 -142.65625 -235 -54.6875 222.34375 585.15625 665 736.71875 767.34375 673.4375 264.21875 25.78125 211.875 418.125 561.875 718.75 1311.09375 911.875 434.84375 537.96875 1067.8125 2773.75 3098.4375 2864.0625 2893.59375 3039.53125 3185.78125 3274.53125 3285.46875 3070 3061.5625 3070.625 3022.8125
1120 1120.625 1118.125 1115.625 1119.375 1119.53125 1119.53125 1112.96875 1105.625 1092.1875 1070.15625 1065.3125 1077.1875 1071.875 1028.4375 945.46875 952.03125 848.28125 765.15625 513.90625 649.0625 744.84375 352.5 191.09375 201.40625 276.40625 305.15625 -65.78125 -135.78125 -177.96875 -192.34375 -10.15625 355.9375 425.9375 517.34375 759.84375 765.625 384.375 230.46875 421.25 565.3125 500.3125 938.75 1007.8125 1034.21875 606.71875 2487.96875 2977.96875 3098.90625 2890 2784.53125 2816.5625 2890.9375 3167.65625 3352.65625 3378.4375 3212.5 3137.8125 3071.09375 2977.03125
1120 1118.90625 1114.53125 1114.0625 1113.4375 1112.65625 1114.0625 1111.875 1110.625 1104.6875 1090.625 1097.03125 1087.1875 1060.3125 1072.5 1020 966.25 950.3125 941.875 704.21875 725.9375 768.125 376.875 345.9375 208.90625 69.53125 175.15625 132.65625 44.21875 -110.9375 -194.6875 -108.125 85 -26.25 122.1875 663.59375 797.65625 554.0625 327.03125 349.0625 371.25 429.21875 776.5625 1065.9375 1031.71875 701.71875 1316.40625 1134.0625 2017.34375 3093.90625 2353.75 2188.28125 3100.9375 3289.375 3392.65625 3418.28125 3371.25 3288.125 3186.71875 3040.3125
1120 1120 1116.5625 1116.71875 1112.5 1110 1115.3125 1110.46875 1110.46875 1112.1875 1111.40625 1111.25 1149.53125 1134.21875 1137.03125 1103.59375 1125.46875 1101.25 1123.75 1050.46875 962.5 752.8125 533.75 321.40625 167.5 114.0625 115 47.1875 -52.8125 -46.25 -161.25 -189.53125 -123.125 -167.65625 3.28125 430.78125 767.1875 775.46875 553.125 283.4375 237.8125 332.65625 543.90625 1026.40625 1130.78125 936.875 738.4375 1049.84375 1086.5625 2502.65625 2172.03125 2930 3198.4375 3391.5625 3356.09375 3423.28125 3416.09375 3385.625 3369.84375 3266.875
1120.625 1120 1119.6875 1119.0625 1111.40625 1110 1110 1109.84375 1107.03125 1107.65625 1167.96875 1237.34375 1256.875 1205 1183.28125 1207.5 1212.8125 1174.375 1173.75 1002.5 918.75 651.5625 591.40625 429.6875 272.96875 130.625 220.3125 202.1875 59.53125 -111.09375 -204.0625 -200.625 -134.21875 -221.40625 -29.375 329.0625 625.625 816.09375 497.1875 274.375 251.25 375 547.65625 709.6875 973.59375 1153.59375 1007.65625 900.3125 1184.53125 1231.09375 2222.8125 2808.75 3078.75 3269.53125 3111.25 3347.65625 3405.46875 3409.21875 3374.21875 3370
1121.875 1122.96875 1121.40625 1120.9375 1117.1875 1112.34375 1110 1108.59375 1130.46875 1226.5625 1265.625 1265.15625 1271.875 1263.4375 1258.4375 1256.875 1247.1875 1226.875 1194.375 1078.28125 932.34375 828.28125 868.59375 610.9375 483.4375 307.96875 341.71875 194.84375 63.125 -27.03125 -98.28125 -35.9375 49.21875 -127.8125 -241.25 181.71875 645.9375 800.625 577.96875 160.9375 149.53125 293.59375 482.1875 558.125 613.59375 970.78125 859.0625 724.53125 1151.71875 1252.5 1122.03125 1533.90625 2548.75 1748.4375 2766.25 3217.03125 3341.40625 3387.1875 3371.71875 3349.375
1130 1128.4375 1124.53125 1119.84375 1122.65625 1118.90625 1121.71875 1203.75 1245.3125 1271.5625 1271.40625 1270.625 1274.53125 1275.78125 1275.46875 1280.3125 1261.5625 1258.90625 1251.09375 1196.40625 1147.5 1113.28125 1098.4375 872.34375 706.875 398.4375 485.9375 200 186.5625 173.75 107.03125 312.8125 98.59375 -133.125 -152.5 -2.96875 628.59375 837.1875 656.09375 180.78125 22.1875 287.65625 632.96875 638.28125 578.75 655.3125 710 523.125 1042.65625 1163.59375 1333.75 1201.40625 1017.96875 518.28125 1479.6875 3098.125 3231.71875 3331.25 3261.71875 3042.96875
1236.71875 1196.875 1133.75 1126.875 1138.75 1230.625 1212.8125 1265.9375 1278.75 1276.40625 1274.84375 1279.375 1279.0625 1280 1287.03125 1290.9375 1273.59375 1283.4375 1275.3125 1204.0625 1200.9375 1210.3125 1211.71875 1086.875 1052.03125 802.96875 608.90625 350 330.625 483.75 163.4375 67.03125 -65 -12.03125 -124.375 -105.3125 408.59375 843.4375 824.53125 465.78125 186.71875 506.25 885.9375 957.1875 755.9375 772.03125 656.875 411.875 838.28125 620.46875 1219.21875 1450.78125 1236.40625 822.03125 755.78125 1990.15625 3239.53125 3041.875 2451.09375 1742.8125
