Cases/SDM_Urocitellus_beldingi/westernUsClimate_hadley2080a2/BIO09.asc
NCOLS 315 
NROWS 297 
XLLCORNER -124.741664802 
YLLCORNER 29.2083311801598 
CELLSIZE 0.066666670143822 
NODATA_value -3.4e+38 
[rows 108 to 134 of 297, columns 120 to 179 of 315]
2489.6875 2480.625 2466.71875 2453.28125 2439.84375 2437.5 2441.875 2402.1875 2301.40625 2084.6875 2126.09375 2240.625 2246.40625 2187.03125 2181.71875 2145.3125 2033.75 2179.375 1657.96875 1548.28125 1401.71875 1450.15625 1614.53125 2119.6875 2020.78125 1180.9375 742.03125 811.40625 1059.375 631.40625 510.46875 1176.25 719.53125 1160.625 1133.4375 680.3125 1090.15625 1217.65625 1063.4375 1304.21875 1243.125 1236.25 1317.34375 1277.96875 1212.65625 1157.34375 1281.09375 1453.90625 777.03125 618.4375 632.34375 624.21875 410.9375 242.1875 227.1875 195.15625 198.59375 173.4375 832.5 1635.3125
2490 2481.5625 2469.0625 2455 2450.3125 2443.125 2443.75 2398.59375 2250.15625 2031.25 2109.53125 2217.5 2178.4375 2200.625 2217.34375 2201.71875 2124.375 2209.375 2142.65625 1795.15625 1680.78125 1547.96875 1811.875 1820.3125 1093.125 881.25 1146.09375 1023.4375 502.34375 674.0625 1022.65625 1102.5 940.9375 1102.34375 589.53125 525.15625 1269.375 1314.6875 1274.53125 1227.65625 1241.40625 1049.53125 983.4375 1182.96875 1218.125 1192.34375 1353.125 1001.40625 699.84375 684.0625 645.46875 282.8125 387.5 243.75 234.6875 212.34375 230 164.6875 621.875 590.78125
2486.875 2479.0625 2466.09375 2453.125 2452.8125 2462.65625 2445 2405.78125 2237.65625 2254.375 2224.375 2025.46875 2129.375 2231.25 2225 2168.125 2086.71875 2205.46875 2244.21875 2017.1875 1887.96875 1985.9375 1858.90625 1626.875 1132.8125 1242.03125 1208.75 863.125 491.09375 548.28125 1133.28125 1105.46875 1197.8125 688.90625 510.3125 794.6875 1225.15625 1286.875 1270.3125 1313.28125 1332.65625 1015.46875 822.5 1091.71875 1255.9375 1355.9375 1353.75 714.0625 905.15625 1106.71875 1442.03125 556.5625 231.5625 252.65625 238.28125 223.125 255.46875 183.90625 162.8125 876.40625
2482.5 2473.75 2465.3125 2447.5 2443.90625 2460.9375 2426.875 2405.15625 2321.40625 2317.03125 2141.09375 1845.3125 2107.1875 2245.625 2227.34375 2159.375 2154.375 2180.15625 2272.03125 2126.25 2082.5 2245.625 1809.21875 1455.9375 1456.40625 1298.90625 1198.90625 784.53125 455 463.90625 1214.0625 1164.6875 902.65625 497.03125 535.3125 575 1200.625 1289.375 986.09375 1319.6875 1311.71875 1056.875 605.9375 1105.15625 1322.65625 1394.375 1201.71875 353.59375 376.40625 462.5 621.875 528.28125 257.03125 722.5 281.40625 233.28125 236.25 237.34375 219.21875 1347.34375
2468.90625 2452.5 2464.21875 2431.40625 2400.625 2419.84375 2367.65625 2391.875 2319.375 2290.3125 1955.78125 1481.5625 2129.0625 2280 2219.6875 2234.21875 2189.21875 2197.65625 2273.75 2272.65625 1857.65625 2107.96875 2050 1380.15625 1478.90625 1522.8125 1204.84375 1248.4375 677.8125 673.4375 1261.25 830.78125 508.4375 587.1875 1061.25 711.71875 594.21875 823.75 914.6875 1355.15625 1295.46875 924.6875 506.875 1087.34375 1369.53125 1406.5625 890.15625 244.6875 244.21875 242.34375 276.09375 282.8125 372.5 1203.125 881.40625 280.78125 245.3125 277.5 340.78125 2273.125
2460.9375 2428.75 2378.4375 2286.25 2271.25 2356.09375 2311.71875 2381.25 2422.8125 2399.53125 2057.8125 1788.59375 2266.09375 2309.6875 2281.5625 2184.53125 2318.125 2278.90625 2249.375 2030.15625 1982.1875 1968.28125 2332.65625 1825.3125 1554.84375 1583.4375 1278.75 1309.53125 1209.21875 793.90625 828.59375 532.65625 524.84375 897.34375 1284.84375 759.6875 1044.375 1152.8125 429.21875 1071.40625 1130.3125 314.6875 233.75 270.15625 379.375 538.28125 255.3125 231.40625 248.59375 236.09375 264.21875 290.3125 838.75 1490.15625 1484.0625 327.5 276.875 292.8125 1424.53125 2514.0625
2426.25 2373.75 2365.3125 2368.4375 2303.125 2059.375 1953.75 2162.8125 2432.65625 2446.25 2210.3125 1855.3125 2225.46875 2347.96875 2334.21875 2231.875 2344.0625 2370.3125 2142.8125 1746.875 1949.0625 1958.59375 2385.625 2254.0625 1936.875 1879.375 1433.125 1318.59375 1308.4375 1261.09375 856.5625 792.34375 528.4375 927.65625 1231.5625 1275 1299.84375 1248.59375 183.125 228.4375 115.3125 143.125 164.53125 169.0625 180 238.75 238.59375 215.9375 284.0625 276.25 263.4375 303.75 970.15625 1205.9375 735.78125 304.375 294.21875 311.40625 2073.59375 2533.75
2421.40625 2510.78125 2505 2464.21875 2342.8125 1913.75 2065.46875 2294.21875 2464.21875 2430.9375 1887.5 1850.15625 2232.5 2366.875 2373.59375 2378.125 2391.09375 2391.40625 2317.96875 2103.90625 1881.71875 2150.3125 2400 2405.46875 2169.6875 1962.5 1719.6875 1395.3125 1365.625 1309.53125 1295.625 1400.3125 1375 1429.375 1390.78125 1279.84375 1380.46875 448.125 76.71875 114.375 577.1875 572.03125 151.09375 202.03125 243.125 265.625 278.90625 265.78125 264.0625 301.5625 267.1875 287.34375 287.5 297.34375 439.6875 318.4375 313.125 309.84375 1734.53125 2553.28125
2553.125 2553.59375 2510.78125 2510.78125 2470.3125 2251.5625 2103.4375 2446.25 2363.4375 2107.8125 2141.71875 2179.0625 2382.1875 2400.625 2411.40625 2345.625 2219.84375 2352.34375 2411.40625 2374.84375 2295.46875 2405.3125 2421.09375 2351.5625 2200.78125 2175.46875 1996.71875 1806.40625 1470.625 1308.90625 1270.15625 1385.625 1425.46875 1442.96875 1380.78125 1236.25 1194.6875 49.84375 53.75 150.78125 1335.15625 1099.21875 160.15625 230.9375 227.8125 241.40625 274.21875 289.375 280.9375 303.125 574.0625 317.1875 290.625 326.09375 322.96875 328.90625 334.21875 709.375 2493.90625 2567.34375
2576.875 2503.59375 2395.9375 2423.28125 2435.3125 2288.4375 1973.28125 1970.15625 1951.5625 2195.46875 2198.90625 2140 2287.5 2403.59375 2370.9375 2107.96875 1903.75 2330.625 2441.25 2404.21875 2399.21875 2427.96875 2442.5 2441.5625 2343.4375 2177.34375 1998.125 1991.40625 1781.5625 1455 1391.25 1309.53125 1298.90625 1387.65625 1404.21875 1339.375 1201.25 121.875 58.4375 250.3125 1314.84375 775.15625 219.0625 242.65625 268.28125 279.6875 286.25 295 303.28125 308.4375 942.03125 315.78125 301.875 324.6875 333.28125 336.09375 379.0625 1730.46875 2528.75 2585.3125
2502.03125 2448.90625 2485.46875 2402.1875 2412.5 2101.5625 1848.28125 1869.84375 2056.25 2320.9375 2061.5625 1856.40625 2109.0625 2277.5 2070.9375 1933.75 2286.5625 2434.21875 2448.4375 2309.21875 2422.03125 2439.6875 2457.65625 2396.71875 2232.65625 2042.96875 2051.5625 2036.25 1979.84375 1729.0625 1448.125 1349.53125 1194.0625 1326.40625 1431.875 1465.46875 1406.09375 1188.59375 119.84375 216.71875 1203.4375 331.25 267.8125 270.9375 245.9375 282.1875 293.75 302.1875 306.5625 311.71875 577.1875 338.125 324.53125 314.84375 340.3125 372.1875 711.25 2295 2527.03125 2604.6875
2610 2558.59375 2571.25 2465.3125 2380.3125 2276.71875 1920.46875 1934.53125 2200.625 2151.71875 1976.71875 2018.28125 2171.09375 2190.15625 1915 2072.34375 2391.71875 2486.875 2446.40625 2433.125 2487.1875 2475 2377.8125 2013.59375 1639.375 1899.21875 2031.09375 1941.875 1799.6875 1898.125 1563.90625 1425.46875 1221.40625 1420.46875 1492.65625 1416.71875 1291.71875 790.9375 149.0625 853.4375 1044.84375 230.625 272.34375 279.375 263.75 296.875 301.71875 308.59375 315.3125 318.59375 604.6875 335.625 337.8125 336.71875 362.96875 1009.375 2098.90625 2509.6875 2603.4375 2613.59375
2656.40625 2444.0625 2442.5 2291.09375 2372.5 2256.09375 2054.21875 2133.125 2272.03125 2036.40625 1972.96875 2120 2032.65625 2011.25 1962.8125 2153.4375 2400.15625 2430.46875 2503.75 2521.71875 2487.1875 2442.96875 2144.375 1782.1875 1509.6875 1976.5625 2080.78125 2021.40625 1850 1983.28125 1926.40625 1483.75 1112.96875 1459.53125 1529.375 1452.65625 1355.9375 385.46875 185.78125 897.8125 410.3125 266.875 277.1875 360.3125 718.4375 387.03125 303.75 315.625 321.40625 325.3125 326.09375 335.3125 340 346.40625 808.59375 1734.375 1622.96875 2020.78125 2559.84375 2626.40625
2491.25 2221.5625 2273.4375 2293.125 2337.65625 2261.25 2088.59375 2227.96875 2217.03125 2130.15625 2047.34375 2123.59375 2047.8125 2020.78125 2123.4375 2263.59375 2138.4375 2300 2327.1875 2313.75 2330.3125 2301.09375 1904.53125 1590.625 1502.1875 2044.0625 2113.59375 2109.0625 2087.03125 2129.84375 2138.75 1555.9375 1200.625 1535.3125 1558.59375 1520.3125 1355.3125 222.96875 240.625 232.8125 275.78125 280.46875 273.28125 468.75 402.03125 300.15625 306.5625 317.96875 323.28125 330.78125 338.4375 341.40625 347.03125 399.53125 849.6875 1722.03125 1829.375 2315.46875 2446.09375 2583.4375
2338.90625 2245 2362.65625 2474.375 2327.34375 2306.5625 2171.25 2252.65625 2207.8125 2231.09375 2222.03125 2167.34375 2090.78125 2186.71875 2223.28125 2192.1875 2162.34375 2178.4375 2187.1875 2204.84375 2205.625 2084.21875 1911.40625 1911.25 1751.40625 2032.1875 2136.875 2144.21875 2152.96875 2164.375 2172.1875 1826.71875 1379.6875 1566.71875 1573.4375 1530.625 1372.65625 408.90625 245.15625 271.5625 253.90625 245.46875 266.875 300 308.59375 310.78125 317.96875 322.96875 329.375 331.40625 342.65625 349.0625 352.96875 357.65625 364.0625 1191.875 2381.40625 2573.75 2506.875 2484.21875
2163.75 2334.21875 2338.125 2338.90625 2337.03125 2298.125 2145.15625 2174.21875 2279.53125 2293.75 2274.21875 2195.625 2246.25 2257.34375 2163.59375 2170 2200.9375 2174.6875 2224.84375 2170.625 2054.84375 1784.84375 1709.375 2032.96875 1907.8125 2092.65625 2158.90625 2162.5 2125.15625 2167.34375 2184.0625 1884.53125 1545.3125 1576.5625 1581.25 1576.40625 1352.8125 919.0625 208.4375 341.25 262.1875 278.90625 308.90625 311.875 312.03125 311.5625 320.15625 326.875 332.8125 338.4375 346.09375 351.40625 359.375 359.21875 368.75 1090.9375 2379.84375 2260.3125 2603.4375 2634.6875
2680 2428.4375 2337.1875 2331.25 2315.15625 2260.15625 2101.09375 2164.375 2300 2314.6875 2278.4375 2250.3125 2160.46875 2218.4375 2214.6875 2230.78125 2209.0625 2165.625 2100.46875 1935.9375 1728.28125 1562.03125 1981.71875 2083.28125 2004.84375 2110.46875 2157.96875 2167.96875 2109.21875 2132.03125 2192.5 1983.28125 1552.96875 1596.09375 1589.6875 1582.5 1328.90625 1201.25 213.4375 281.09375 313.75 314.84375 314.21875 314.375 316.09375 319.84375 325.625 330.46875 335.3125 341.25 350 355.15625 360.78125 369.0625 372.34375 709.375 2067.5 2240.78125 2612.1875 2657.96875
2261.5625 2177.5 2225.46875 2327.96875 2325 2295.15625 2215.15625 2215.9375 2280.9375 2210.78125 2095.78125 2105.15625 2185.78125 2249.84375 2245.15625 2235.625 2191.25 2101.71875 1697.96875 1551.09375 1454.6875 1802.1875 2105.15625 2109.53125 2078.75 2088.28125 2137.1875 2157.5 2022.5 2112.96875 2122.65625 1470.46875 1280.46875 1609.53125 1598.90625 778.90625 1327.5 1175.9375 202.5 276.09375 311.875 318.28125 320.15625 319.84375 319.84375 320 328.75 330.625 334.0625 346.875 350 349.21875 362.8125 369.84375 375 1591.09375 1831.5625 2339.0625 2629.375 2413.75
2167.03125 2262.03125 2311.09375 2332.8125 2339.84375 2341.5625 2320.78125 2283.59375 2286.5625 2247.96875 2125.625 2160.9375 2246.5625 2227.5 2198.125 2241.71875 2195.15625 2118.75 1909.84375 1546.71875 1562.65625 2043.59375 2131.25 2127.65625 2111.875 2049.6875 2099.21875 2071.5625 1712.34375 1888.59375 1901.71875 1633.28125 1617.03125 1636.25 795.3125 787.1875 1281.40625 1013.4375 209.53125 287.96875 314.21875 319.53125 320 321.09375 323.4375 321.25 331.25 333.125 337.8125 349.53125 352.34375 356.875 362.96875 374.0625 378.75 1486.5625 1621.71875 2144.6875 2633.75 2652.65625
2170.15625 2209.6875 2312.5 2355.15625 2351.09375 2297.65625 2250.15625 2224.375 2213.28125 2279.84375 1988.4375 2081.71875 2158.28125 2155.15625 2199.21875 2264.375 2219.375 2025.625 1626.875 1523.75 1885.46875 2150.3125 2149.375 2140.78125 2124.375 2068.59375 2112.34375 2055.15625 1715 1933.75 1888.125 1909.21875 2100.625 1607.5 599.0625 533.90625 1192.8125 1147.1875 213.4375 261.09375 306.71875 319.53125 320 320.78125 321.71875 322.03125 331.5625 334.0625 342.1875 347.8125 353.59375 354.84375 367.34375 376.875 375 1542.34375 1540.625 2021.25 2529.375 2632.34375
2051.875 2246.875 2357.65625 2371.875 2325.625 2315.15625 2328.90625 2188.4375 2284.6875 2326.40625 2166.40625 1976.5625 2063.28125 2125.78125 2237.5 2276.71875 2236.40625 2040.3125 1665.9375 1784.6875 2140.9375 2166.71875 2163.125 2147.1875 2145.46875 2138.125 2143.125 2123.59375 2079.53125 2104.375 2152.34375 2183.75 2024.0625 1691.5625 335.78125 303.90625 1091.71875 1326.25 658.125 210 275.78125 318.125 318.90625 320.3125 320 320.9375 329.6875 334.53125 340 345.46875 356.25 340.78125 369.0625 378.59375 378.4375 1671.5625 1653.28125 1988.4375 2384.6875 2396.09375
2168.59375 2325.46875 2378.59375 2387.8125 2378.4375 2332.5 2156.71875 2146.875 2309.6875 2321.25 2156.40625 1959.84375 2099.0625 2204.84375 2258.75 2271.40625 2220.9375 2000 1711.25 2060.625 2182.34375 2178.75 2162.65625 2128.28125 2123.28125 2075.3125 2125 2068.28125 2066.5625 2147.03125 2181.875 1984.375 1457.65625 1460.625 873.90625 275.78125 396.25 937.5 183.75 234.53125 279.6875 305.78125 309.6875 316.25 320 326.09375 327.5 336.09375 340.3125 347.03125 355.3125 363.90625 370.46875 376.71875 454.84375 1640.46875 1683.90625 1833.125 2076.40625 2090
2261.875 2371.09375 2398.28125 2391.5625 2262.03125 2024.53125 2033.90625 2230.3125 2325.15625 2326.875 2199.21875 1984.53125 2138.59375 2243.28125 2280.3125 2263.28125 2194.0625 2033.59375 1945.3125 2173.28125 2190.78125 2162.65625 2046.25 2005.9375 2052.65625 2137.65625 2071.25 1881.40625 2077.96875 2177.03125 2014.84375 1803.125 1410.9375 1376.09375 852.1875 192.8125 415.625 1043.90625 190.78125 209.6875 237.1875 263.125 286.5625 313.4375 319.53125 326.5625 329.0625 334.6875 339.53125 346.71875 352.65625 362.5 369.6875 402.96875 1055.15625 1927.1875 1845.46875 1788.75 1832.03125 1888.4375
2366.09375 2406.875 2374.21875 2148.125 2094.53125 2054.21875 2240.46875 2302.34375 2338.125 2324.53125 2190.3125 2064.53125 2121.5625 2256.40625 2287.34375 2251.875 2127.96875 1754.375 1892.03125 2202.1875 2161.5625 2130.15625 2045.15625 1842.34375 1874.21875 2107.34375 2023.90625 1560.625 1975.15625 2141.875 1891.40625 1845.3125 1447.8125 1443.28125 1124.21875 413.125 436.5625 1166.875 390.3125 170.46875 196.25 230.625 236.09375 455.9375 310 320.3125 325.625 332.34375 339.375 344.21875 351.71875 360.46875 369.375 400.46875 1534.21875 1994.0625 1984.53125 1921.71875 1855 1841.5625
2366.09375 2310.15625 2021.25 2013.75 2186.71875 2228.125 2307.8125 2324.53125 2313.4375 2210.625 2040.15625 2208.75 2225.9375 2219.6875 2247.96875 2239.375 2056.5625 1694.375 2017.03125 2198.75 2016.875 1988.125 2052.8125 1994.84375 1973.28125 2075.15625 2081.40625 1566.5625 1848.75 2113.59375 1641.875 1631.40625 1522.96875 1461.71875 1425.15625 1245 497.96875 668.28125 404.21875 180.625 199.6875 210.15625 216.09375 287.34375 256.25 312.96875 320.3125 328.90625 338.90625 344.21875 350.15625 543.59375 409.375 370.9375 528.28125 1970.625 1995.78125 1989.53125 1957.03125 1884.21875
2184.84375 2199.84375 2136.25 2170.78125 2275.625 2302.65625 2300.625 2298.59375 2260.3125 2138.90625 2110.15625 2267.34375 2270.625 2203.90625 2267.65625 2219.6875 2005.625 1732.5 2220.15625 2215.625 2115 1949.0625 2051.40625 2061.875 2098.28125 2130.9375 2105.15625 1507.1875 1124.0625 1721.5625 1595.3125 1567.1875 1560.78125 1497.5 1406.09375 1374.84375 306.5625 255.3125 288.90625 199.375 212.03125 217.8125 546.5625 588.4375 278.59375 302.8125 319.0625 328.125 335.15625 342.8125 351.09375 534.53125 611.09375 369.6875 1104.375 1987.65625 1968.90625 1980.46875 1971.09375 1902.1875
1995.15625 2267.5 2283.59375 2193.28125 2125.3125 2211.09375 2275.46875 2287.03125 2226.71875 2125 2153.59375 2281.09375 2259.6875 1984.375 2228.75 2235.9375 2110.9375 1995.46875 2195.625 2203.4375 2075.9375 1999.21875 2091.5625 2024.21875 2096.5625 2147.96875 2120 1452.65625 1306.25 1707.5 1343.28125 1257.96875 1425.46875 1432.34375 1334.21875 1158.59375 226.25 430.78125 700.15625 186.25 206.40625 212.5 886.875 656.875 257.5 299.21875 319.21875 325.78125 333.75 346.09375 352.5 350.78125 362.65625 711.25 1836.71875 1905.78125 1975.15625 1959.21875 1948.90625 1780
