Cases/SDM_Urocitellus_beldingi/westernUsClimate_hadley2080a2/BIO07.asc
NCOLS 315 
NROWS 297 
XLLCORNER -124.741664802 
YLLCORNER 29.2083311801598 
CELLSIZE 0.066666670143822 
NODATA_value -3.4e+38 
[rows 156 to 181 of 297, columns 240 to 299 of 315]
3760.15625 3671.875 3749.375 3823.4375 3901.09375 3929.0625 3966.71875 4021.40625 4066.71875 4105.78125 4162.34375 4172.1875 4163.90625 4148.59375 4201.40625 4206.40625 4216.40625 4337.8125 4300.9375 4153.75 4149.6875 4315.46875 4238.125 4237.65625 4313.75 4493.28125 4656.09375 4705.78125 4621.40625 4493.90625 4423.59375 4429.0625 4225.9375 4163.59375 3888.90625 3678.125 3704.6875 3958.125 4140.3125 4063.75 4008.125 4057.8125 4020.9375 4055.46875 3914.6875 3911.875 3859.375 4042.03125 4065.625 4027.5 4013.4375 3989.53125 3936.25 3925.15625 3905 3894.6875 3877.1875 3866.875 3871.5625 3926.09375
3949.21875 3768.125 3672.5 3758.59375 3806.71875 3844.84375 3901.71875 3978.90625 4008.75 4043.125 4095.3125 4119.6875 4121.40625 4141.25 4206.40625 4226.875 4213.125 4267.65625 4157.5 4165.9375 4240 4487.8125 4463.59375 4509.375 4603.28125 4676.09375 4708.90625 4700.625 4697.65625 4659.375 4618.75 4540.625 4370.625 4281.40625 4219.0625 3965.9375 3818.28125 3929.0625 4097.03125 4061.25 4015.3125 3993.75 4018.90625 4010.15625 4010.625 4030.78125 4024.6875 4020.9375 4030.78125 4003.28125 3962.1875 3959.21875 3912.34375 3908.28125 3897.5 3891.09375 3887.34375 3892.5 3898.75 3930.15625
4078.28125 3988.28125 3847.34375 3715.625 3743.4375 3737.1875 3777.34375 3859.6875 3945.625 4002.65625 4046.875 4085.625 4107.65625 4142.8125 4197.34375 4221.09375 4221.5625 4299.84375 4331.5625 4323.4375 4402.5 4509.53125 4546.40625 4596.875 4630.46875 4621.71875 4627.96875 4582.8125 4516.09375 4618.59375 4571.40625 4559.375 4479.84375 4342.34375 4195.78125 4103.4375 3818.4375 3602.03125 3914.375 4070.15625 3934.0625 3901.875 4007.1875 3998.125 4008.75 4020.15625 4022.65625 4005 3997.8125 3994.84375 3956.40625 3936.71875 3894.53125 3897.96875 3905.9375 3920 3932.5 3930.46875 3943.59375 3942.8125
4185.625 4143.125 4060.9375 3952.96875 3902.96875 3858.4375 3757.1875 3742.96875 3831.71875 3899.375 3975.15625 4056.25 4108.125 4152.34375 4195.15625 4171.09375 4117.34375 4240.46875 4377.8125 4304.21875 4293.90625 4382.03125 4492.8125 4539.84375 4505.3125 4558.125 4479.6875 4372.34375 4382.34375 4510.15625 4458.4375 4332.5 4335.3125 4267.34375 4222.96875 4165.9375 4009.21875 3785.15625 3898.125 3917.34375 4029.6875 3845 3683.59375 3956.40625 3998.28125 4009.84375 4012.5 4009.53125 4012.1875 4000.46875 3978.125 3946.25 3915.3125 3888.4375 3910.46875 3936.5625 3968.90625 3977.03125 3996.875 4010.625
4128.125 4202.03125 4150.15625 4058.90625 4021.25 3952.1875 3872.1875 3753.4375 3745.46875 3783.125 3887.34375 3976.09375 4044.6875 4119.0625 4181.875 4165.15625 3941.25 4178.125 4122.03125 4159.84375 4154.53125 4223.125 4423.125 4457.5 4495 4297.65625 4193.90625 4134.84375 4014.375 4368.28125 4153.125 4119.375 4016.5625 3861.875 3895 3777.8125 3957.5 3682.34375 3816.5625 3705.46875 3964.53125 3986.09375 3883.125 3822.03125 3938.4375 3989.375 4010.625 4012.1875 4008.90625 3996.40625 3977.96875 3923.125 3909.21875 3899.21875 3901.09375 3917.34375 3959.84375 3992.03125 4029.6875 4053.125
4147.65625 4169.53125 4186.71875 4160.78125 4094.6875 4055.3125 3986.5625 3928.125 3895.625 3846.25 3810.3125 3867.96875 3945.625 4029.21875 4125 4158.75 4056.5625 3967.96875 3923.28125 3942.03125 3941.5625 4052.03125 4428.4375 4314.84375 4437.5 4377.8125 4085.9375 3967.8125 4108.28125 4347.34375 4208.125 4148.59375 3931.09375 4086.71875 4058.75 3988.75 4060.9375 3962.34375 3847.34375 3923.90625 3975.625 3986.09375 3982.34375 3890 3577.03125 3623.4375 3961.09375 4008.4375 4003.59375 3997.65625 3977.5 3932.03125 3840.46875 3847.34375 3904.21875 3907.65625 3935 3954.53125 4001.5625 4056.25
4003.59375 4080.9375 4099.6875 4127.03125 4097.8125 4045.46875 4018.4375 3967.34375 3889.375 3856.25 3852.34375 3852.34375 3882.96875 3998.90625 4090.78125 4144.21875 4133.28125 3985.15625 3912.34375 3643.125 3816.09375 4260.78125 4086.5625 3874.53125 4114.375 4284.0625 4111.40625 4061.5625 4177.03125 4176.09375 4233.4375 4108.75 4009.0625 4148.75 4167.5 4110.78125 4102.5 4017.65625 3983.4375 3937.03125 3964.84375 3984.0625 3996.09375 3987.03125 3765.78125 3453.4375 3669.21875 3973.28125 4012.8125 3994.84375 3950.78125 3858.4375 3824.6875 3776.71875 3878.59375 3893.4375 3905.15625 3928.28125 3967.8125 4016.5625
4066.875 4075.9375 4027.34375 4042.5 4011.09375 3975.78125 3961.5625 3955 3924.0625 3869.375 3853.4375 3863.90625 3887.96875 3971.875 4004.0625 4062.96875 3992.65625 3795.9375 3574.84375 3481.875 3576.875 4139.6875 3759.0625 3533.125 3825.46875 4232.8125 3951.71875 3899.21875 3847.5 3974.0625 3958.59375 3902.5 4059.84375 4165.625 4107.65625 4089.0625 4051.5625 4042.65625 4015 3993.90625 3996.875 4007.96875 4012.8125 4012.34375 3894.6875 3456.875 3420 3864.0625 4004.53125 3991.875 3891.40625 3796.71875 3681.71875 3699.53125 3748.125 3860.625 3893.125 3906.875 3931.40625 3972.8125
4134.53125 4075.3125 4054.84375 4022.65625 3869.21875 3838.59375 3841.875 3837.03125 3848.59375 3865.3125 3867.5 3831.09375 3677.8125 3775.15625 3775.9375 3882.65625 3792.03125 3638.75 3523.28125 3605 3766.09375 4158.75 3653.4375 3793.4375 4033.75 3996.71875 3723.90625 3507.5 3740 3787.03125 3928.59375 3905.46875 3998.4375 3995.78125 3893.28125 3875.78125 3889.84375 4013.4375 4025.78125 4023.125 4033.59375 4041.875 4045.9375 4040.46875 4021.875 3808.90625 3460.3125 3512.96875 3878.75 3970.46875 3914.6875 3827.96875 3667.5 3545.15625 3631.40625 3807.1875 3894.21875 3905.78125 3924.53125 3956.875
4165.3125 4085.15625 3977.1875 3901.875 3807.34375 3800.3125 3830 3776.40625 3784.53125 3769.375 3819.6875 3822.5 3773.4375 3652.8125 3498.4375 3644.21875 3733.75 3480.46875 3550.625 3540.46875 3594.53125 3934.53125 3664.6875 3759.84375 3533.59375 3559.0625 3506.875 3425.9375 3487.65625 3640 3776.25 3793.125 3644.0625 3747.8125 3790.3125 3848.4375 3872.5 4025.78125 4068.4375 4073.28125 4074.6875 4076.09375 4082.5 4082.96875 4073.90625 4039.0625 3688.75 3330.625 3602.03125 3897.8125 3904.0625 3845.46875 3747.96875 3610.15625 3492.03125 3714.21875 3863.75 3887.5 3897.65625 3929.6875
4010.625 4087.5 4041.25 3832.03125 3742.96875 3725.3125 3698.75 3597.1875 3694.84375 3635 3735.15625 3755.46875 3848.28125 3675.9375 3559.53125 3548.4375 3534.84375 3531.40625 3458.90625 3600.15625 3755 3714.84375 3608.28125 3750 3509.84375 3534.375 3605.15625 3625.46875 3460.46875 3480.3125 3565.78125 3492.5 3510.78125 3622.65625 3890.3125 3917.03125 3974.0625 4073.59375 4123.4375 4132.03125 4139.53125 4136.71875 4132.03125 4122.1875 4103.125 4076.40625 3948.75 3492.5 3490.15625 3729.375 3874.84375 3848.28125 3831.875 3818.59375 3618.28125 3457.03125 3746.40625 3880.46875 3872.1875 3870.3125
3735.46875 3829.53125 3960.15625 3940.3125 3815.625 3822.96875 3716.40625 3572.5 3590.9375 3553.90625 3560.78125 3483.125 3667.5 3602.5 3521.40625 3679.21875 3653.75 3640.9375 3457.03125 3440.625 3483.125 3575.46875 3732.34375 3885.3125 3738.4375 3584.0625 4073.125 4078.28125 3906.40625 3600.3125 3511.71875 3505.46875 3646.09375 3738.125 3853.4375 3966.71875 4036.40625 4121.875 4169.21875 4191.25 4199.53125 4195.3125 4183.4375 4166.40625 4144.84375 4106.40625 4060.15625 3894.53125 3582.8125 3683.59375 3889.0625 3934.84375 3919.53125 3932.96875 3893.59375 3711.71875 3727.8125 3864.6875 3861.40625 3868.4375
3739.375 3693.90625 3715.78125 3793.90625 3696.09375 3700 3699.53125 3667.1875 3623.59375 3667.1875 3625.9375 3640.15625 3593.59375 3472.65625 3552.8125 3587.65625 3630.9375 3469.6875 3516.71875 3565.78125 3725.78125 3662.96875 3853.59375 4010.625 4139.84375 3892.1875 3926.40625 3750 4063.125 3824.21875 3624.53125 3565.9375 3888.4375 3975.9375 3929.6875 4004.0625 4060 4150.78125 4215 4254.375 4254.21875 4250.46875 4232.8125 4214.21875 4191.09375 4152.1875 4106.5625 3999.0625 3891.71875 3657.65625 3863.75 3944.84375 3978.90625 3964.375 3939.0625 3883.125 3857.65625 3856.40625 3842.96875 3844.375
3837.1875 3727.03125 3700.625 3739.21875 3781.875 3729.0625 3661.875 3706.25 3659.6875 3558.90625 3635.78125 3564.375 3574.375 3608.90625 3651.25 3591.875 3717.03125 3496.5625 3484.375 3541.5625 3565.3125 3727.96875 3782.96875 3634.53125 3688.75 4117.03125 3809.21875 3582.03125 3924.53125 3678.59375 4006.71875 3977.34375 3960.46875 4033.125 4020.78125 4010 4077.03125 4169.21875 4259.6875 4313.75 4306.40625 4298.59375 4278.59375 4255.9375 4228.90625 4202.1875 4160.9375 4080.46875 3784.375 3720.9375 3847.03125 3903.125 3921.40625 3899.375 3934.53125 3905.78125 3876.71875 3838.59375 3807.96875 3797.8125
3882.8125 3777.96875 3703.90625 3745.78125 3763.4375 3722.8125 3708.125 3650.625 3596.875 3635.3125 3707.5 3640.3125 3726.5625 3707.65625 3846.40625 3740.9375 3575 3487.34375 3566.71875 3515.625 3551.40625 3597.5 3542.65625 3516.09375 3680.3125 3697.03125 3575.46875 3573.90625 3575 3547.65625 3883.90625 3906.71875 3815.3125 3903.125 3996.25 3990.46875 4039.375 4161.875 4261.875 4330 4346.09375 4337.5 4320.46875 4302.5 4279.6875 4247.5 4202.03125 4048.28125 3485 3550.3125 3536.875 3725.15625 3699.21875 3787.03125 3844.21875 3894.375 3866.25 3825 3780.78125 3752.96875
3860 3808.28125 3798.75 3791.5625 3764.375 3730.9375 3706.5625 3672.65625 3682.34375 3669.21875 3618.125 3707.03125 3724.21875 3737.96875 3865.625 3567.34375 3524.6875 3517.34375 3642.03125 3577.65625 3682.65625 3779.21875 3711.71875 3741.25 3601.875 3536.875 3468.4375 3503.4375 3485.9375 3676.09375 3775.78125 3674.84375 3470 3690.3125 3806.5625 3839.375 3996.25 4140.625 4264.0625 4328.28125 4353.90625 4363.125 4356.5625 4343.4375 4324.53125 4292.65625 4257.1875 4007.1875 3360.3125 3407.34375 3687.96875 3843.125 3747.96875 3716.71875 3828.90625 3896.40625 3868.4375 3825.9375 3782.03125 3750.78125
3896.71875 3896.40625 3856.875 3814.0625 3762.1875 3742.5 3685.78125 3643.125 3593.75 3575.78125 3549.21875 3702.5 3801.40625 3797.5 3901.5625 3647.1875 3615.78125 3653.59375 3709.53125 3767.96875 3652.1875 3831.09375 4110.625 4005.625 3762.8125 3531.09375 3566.09375 3579.0625 3527.5 3592.5 3587.8125 3536.25 3470.46875 3572.5 3468.75 3576.71875 3901.875 4088.75 4242.96875 4322.65625 4355.625 4377.8125 4389.21875 4385.15625 4363.75 4331.875 4298.4375 4235.9375 4044.53125 3887.5 3896.25 3920.9375 3799.84375 3768.125 3886.40625 3907.34375 3868.4375 3831.40625 3795.625 3765
3921.09375 3978.28125 3942.5 3863.75 3808.75 3769.0625 3733.59375 3693.28125 3616.5625 3521.71875 3517.65625 3626.5625 3742.5 3932.34375 3936.40625 3737.34375 3740.3125 3876.71875 3934.84375 3780.15625 3782.8125 3945.625 4071.875 4157.34375 3913.75 3604.0625 3663.28125 3948.75 3690.9375 3692.65625 3512.8125 3450.78125 3423.75 3492.65625 3485 3538.90625 3685.9375 3819.6875 4214.53125 4306.875 4350.78125 4382.65625 4417.03125 4422.03125 4391.5625 4355.46875 4321.71875 4305.625 4261.875 4139.84375 4063.125 3915 3724.84375 3673.59375 3763.4375 3876.09375 3791.875 3782.1875 3799.21875 3770.46875
3958.59375 4018.59375 4051.09375 4010.3125 3900.46875 3850.15625 3843.90625 3790.625 3664.375 3592.1875 3591.875 3705.46875 3770.625 3990.78125 3791.875 3828.90625 3902.8125 3962.96875 3888.90625 3811.40625 3979.0625 4032.03125 4009.84375 4114.375 4039.53125 4021.09375 4035.78125 4072.96875 3884.21875 3670.78125 3475.3125 3433.75 3505.3125 3508.59375 3579.21875 3666.71875 3847.65625 4012.96875 4180.46875 4268.28125 4335.625 4378.90625 4415.625 4424.6875 4406.5625 4372.5 4339.6875 4310.46875 4266.5625 4197.03125 4052.5 3879.6875 3632.96875 3478.75 3713.90625 3622.8125 3510.3125 3630.9375 3768.125 3768.59375
4034.6875 4084.21875 4025.625 3930.46875 3793.90625 3884.6875 3854.53125 3745.625 3788.28125 3728.90625 3732.34375 3869.375 3957.8125 3996.71875 3946.40625 3944.53125 4003.4375 4029.53125 4035.78125 3925.625 3985.3125 3952.8125 3946.40625 4076.09375 4147.65625 4186.875 4209.21875 4060 3687.34375 3535.78125 3514.53125 3445.625 3460.9375 3537.65625 3475 3601.09375 3761.40625 4034.6875 4161.25 4249.0625 4314.21875 4358.75 4385.46875 4391.875 4380.78125 4358.4375 4326.09375 4288.4375 4237.96875 4168.28125 4013.125 3693.90625 3524.6875 3378.28125 3499.84375 3612.03125 3712.1875 3792.96875 3794.53125 3776.5625
4022.96875 3935.625 3711.71875 3679.53125 3702.03125 3781.09375 3834.375 3804.375 3814.53125 3837.8125 3829.0625 3916.09375 3992.1875 4037.65625 4050 4052.03125 4081.09375 4126.25 4076.09375 4035.15625 4111.71875 4075.625 4135.78125 4198.28125 4186.71875 4219.53125 4219.0625 4098.90625 3916.25 3845.9375 3586.5625 3453.90625 3440.3125 3543.90625 3585.3125 3654.53125 3735.46875 3965 4122.8125 4197.1875 4278.75 4325.3125 4343.90625 4319.0625 4323.4375 4290.15625 4277.65625 4253.4375 4220.15625 4145.625 3996.09375 3722.8125 3496.875 3352.8125 3487.34375 3774.84375 3817.96875 3819.84375 3799.53125 3782.5
4124.53125 3877.03125 3830.46875 3821.25 3828.28125 3850.78125 3838.75 3873.28125 3896.09375 3895.9375 3884.6875 3878.90625 4036.875 4069.0625 4087.34375 4131.5625 4163.90625 4174.84375 4055 3978.90625 4183.75 4219.21875 4161.875 4166.09375 4095 4213.59375 4185 4138.75 4012.03125 3724.6875 3652.5 3564.21875 3415.9375 3471.875 3642.34375 3589.375 3691.40625 3882.96875 3975.78125 4130.15625 4231.40625 4280 4301.71875 4249.21875 4239.53125 4297.34375 4273.125 4238.28125 4183.59375 4097.96875 4021.25 3878.90625 3611.875 3349.84375 3575 3827.65625 3859.0625 3840.46875 3814.0625 3793.90625
4147.03125 3972.8125 3950.15625 3958.90625 3947.5 3864.84375 3862.65625 3921.09375 3960.3125 3951.71875 3948.75 3945 4083.28125 4095.625 4077.34375 4110.625 4186.5625 4195.9375 4085.15625 4036.875 4188.90625 4083.28125 4094.21875 4188.125 4157.5 4244.53125 4149.375 4098.90625 3964.84375 3716.09375 3794.0625 3560.15625 3505.625 3439.375 3523.90625 3672.96875 3711.5625 3816.40625 3874.375 4082.65625 4184.375 4225.15625 4249.375 4171.71875 4237.34375 4268.4375 4240.3125 4215.9375 4149.84375 3991.09375 4012.1875 3815.3125 3465.46875 3335.625 3677.5 3848.59375 3827.65625 3844.84375 3822.65625 3799.0625
4151.5625 4057.1875 4037.1875 3983.125 3931.5625 3876.40625 3840.46875 3900.15625 4013.125 4030 4034.0625 3987.5 4049.375 4053.125 3969.6875 4008.28125 4126.25 4163.4375 4168.125 4170.46875 4149.84375 4140.46875 4180.3125 4213.4375 4203.59375 4109.53125 4016.875 4106.71875 4079.375 4014.375 3945.46875 3603.4375 3675.46875 3543.90625 3558.4375 3557.03125 3616.25 3814.21875 3969.375 4060.3125 4143.59375 4187.34375 4209.53125 4190.46875 4228.75 4231.71875 4217.03125 4198.4375 4090.78125 3986.40625 3900.3125 3578.75 3395.625 3492.5 3686.71875 3779.84375 3829.21875 3828.28125 3819.0625 3786.875
4134.53125 4056.09375 4010.46875 3984.6875 3914.0625 3894.375 3935.9375 3952.34375 4066.09375 4079.0625 4000.15625 4011.40625 4066.25 4017.65625 3996.5625 4040.3125 4037.65625 4098.59375 4123.75 4165.15625 4114.53125 4082.03125 4154.21875 4140.15625 4153.75 4120.15625 4057.5 4162.34375 3969.375 3975.46875 3823.28125 3869.6875 3769.21875 3778.90625 3546.5625 3568.59375 3633.125 3754.53125 3893.90625 3977.5 4070.46875 4110.15625 4150.3125 4184.6875 4190 4170.78125 4174.0625 4155.3125 4069.6875 3985.78125 3624.53125 3375.9375 3515.625 3696.40625 3842.96875 3781.09375 3768.125 3798.59375 3787.96875 3772.03125
4182.5 4172.34375 4104.0625 4041.5625 3978.90625 4033.75 4028.28125 4068.4375 4105.9375 4060.3125 4036.5625 4100.46875 4107.34375 4020.625 4011.09375 4031.09375 4029.375 4055 4087.5 4121.40625 4134.53125 4127.03125 4112.8125 4117.96875 4096.25 4105.15625 4159.6875 4110 4039.0625 4047.8125 3985.9375 3950.78125 3959.375 3701.71875 3545 3536.40625 3586.5625 3636.09375 3726.71875 3854.84375 3944.21875 4017.03125 4092.96875 4142.5 4161.40625 4116.875 4135.9375 4130 3827.34375 3884.0625 3587.5 3430 3595.46875 3699.53125 3894.21875 3880.9375 3862.03125 3820.46875 3785.625 3772.5
