Cases/SDM_Urocitellus_beldingi/westernUsClimate_hadley2080a2/BIO01.asc
NCOLS 315 
NROWS 297 
XLLCORNER -124.741664802 
YLLCORNER 29.2083311801598 
CELLSIZE 0.066666670143822 
NODATA_value -3.4e+38 
[rows 162 to 188 of 297, columns 60 to 119 of 315]
1909.6875 1924.0625 1883.75 1855 1787.1875 1769.375 1755.3125 1647.8125 1567.1875 1544.53125 1381.875 1195.15625 982.1875 868.125 807.34375 756.09375 690.625 652.8125 638.59375 689.6875 764.6875 996.09375 1057.34375 1017.96875 941.25 924.6875 977.5 1100.9375 1097.8125 1128.4375 1012.5 1088.125 1207.65625 1364.21875 1362.65625 1601.25 1598.90625 1343.125 1492.5 1431.40625 1563.59375 1651.40625 1648.59375 1461.875 1402.1875 1361.25 1409.0625 1673.75 1706.71875 1708.125 1696.25 1620.625 1457.34375 1421.5625 1542.1875 1508.90625 1369.84375 1327.1875 1389.53125 1404.21875
1860.9375 1932.1875 1899.84375 1852.96875 1841.875 1829.6875 1782.5 1699.53125 1550 1430.3125 1308.75 1204.21875 1067.96875 1023.4375 939.21875 835 745.3125 695.3125 628.90625 629.84375 613.125 640.78125 821.09375 937.65625 990.15625 1112.65625 1187.65625 1194.84375 1178.59375 1131.71875 996.5625 1054.375 1348.4375 1355.78125 1413.4375 1420.3125 1450 1373.75 1317.1875 1529.0625 1676.875 1742.03125 1702.1875 1411.25 1373.59375 1444.84375 1587.8125 1718.28125 1715.46875 1663.4375 1672.96875 1614.375 1504.6875 1461.25 1593.125 1596.875 1543.59375 1459.84375 1528.4375 1457.8125
1920.625 1880.46875 1890.625 1892.5 1875.15625 1802.34375 1727.65625 1655.15625 1578.125 1427.8125 1421.875 1265.46875 1277.65625 1116.71875 1106.09375 970.15625 893.125 769.6875 752.5 643.4375 630.9375 546.25 689.375 987.65625 1159.21875 1209.21875 1226.09375 1228.59375 1169.84375 1105 1097.5 1141.25 1144.6875 1169.6875 1218.90625 1243.90625 1329.53125 1330 1225.3125 1529.53125 1728.125 1748.90625 1738.125 1635.625 1627.8125 1662.8125 1719.84375 1668.4375 1387.65625 1477.65625 1614.0625 1607.96875 1513.59375 1520.9375 1623.59375 1640 1643.28125 1577.96875 1590.3125 1537.34375
1935.78125 1940.3125 1919.0625 1932.65625 1877.65625 1844.53125 1796.71875 1760.78125 1686.40625 1519.0625 1560.15625 1402.8125 1492.03125 1420.46875 1324.6875 1222.5 1010.15625 1001.09375 772.1875 747.5 713.125 517.65625 566.09375 749.84375 1168.59375 1217.8125 1228.59375 1199.375 1001.5625 1090.46875 1202.1875 1220.15625 1154.84375 1060.78125 1086.71875 1187.5 1167.1875 1313.90625 1436.71875 1435.3125 1611.40625 1691.25 1561.25 1641.09375 1703.28125 1723.125 1696.5625 1563.28125 1412.8125 1454.84375 1579.84375 1658.28125 1563.59375 1546.09375 1653.125 1670 1674.375 1623.59375 1629.0625 1635.46875
1953.90625 1955.78125 1963.75 1929.6875 1916.09375 1882.5 1863.4375 1851.40625 1773.125 1656.40625 1662.8125 1681.875 1600.9375 1533.125 1271.875 1161.5625 1155 1004.21875 870 870.3125 760.46875 624.53125 547.34375 773.4375 1093.4375 1123.59375 1117.1875 1053.90625 995.15625 1079.0625 1219.21875 1261.40625 1252.1875 1349.0625 1378.90625 1187.65625 921.71875 1167.1875 1471.71875 1588.90625 1528.90625 1673.28125 1599.375 1496.40625 1640.625 1687.5 1650.46875 1536.40625 1419.21875 1629.84375 1690.625 1733.28125 1693.4375 1628.75 1681.875 1690.46875 1689.53125 1670.9375 1662.5 1661.71875
2009.375 1988.59375 1948.125 1935.9375 1929.84375 1925.15625 1880.46875 1764.6875 1749.0625 1787.34375 1786.875 1673.4375 1571.40625 1478.59375 1192.96875 1008.90625 885.78125 891.40625 743.90625 765.625 660.46875 688.90625 496.875 619.53125 1024.0625 1030.15625 972.8125 937.03125 883.125 994.21875 1085.15625 1117.96875 1243.4375 1480 1363.28125 658.125 732.1875 1129.0625 1454.21875 1630 1667.03125 1694.21875 1585.15625 1320.3125 1346.5625 1544.375 1735.9375 1778.4375 1775.15625 1681.875 1739.375 1725.78125 1712.65625 1672.5 1674.6875 1695.78125 1684.84375 1660.3125 1657.65625 1669.6875
2009.84375 2005.9375 1995.9375 1966.09375 1947.65625 1958.59375 1862.03125 1822.03125 1710 1721.25 1737.96875 1595.78125 1508.125 1387.65625 1221.40625 1052.5 949.375 1117.65625 1000.3125 834.84375 687.96875 479.6875 535.625 580.9375 908.28125 887.1875 995.3125 1018.75 980.625 910.15625 817.1875 902.5 1216.875 1376.71875 1472.34375 803.75 482.8125 959.375 1416.09375 1633.4375 1678.59375 1554.84375 1298.75 1229.0625 1211.40625 1432.5 1764.21875 1844.6875 1819.84375 1675.625 1587.1875 1575.46875 1655.78125 1625.46875 1586.5625 1662.5 1660.9375 1530.15625 1538.90625 1634.53125
2017.03125 2018.4375 2021.09375 2014.6875 1977.34375 1968.90625 1920.625 1906.875 1821.09375 1743.4375 1790.78125 1736.25 1674.6875 1543.59375 1527.8125 1406.875 1244.375 1171.25 1053.4375 779.21875 781.25 566.5625 509.375 615.625 715.625 861.40625 1011.5625 1059.375 1154.53125 1203.4375 1135.9375 960.9375 1105.625 1375.46875 1614.21875 1437.1875 636.5625 723.28125 1203.75 1589.0625 1646.40625 1379.53125 1083.75 1140.625 1316.71875 1677.1875 1835.46875 1832.96875 1707.96875 1554.53125 1341.71875 1411.71875 1570.78125 1580.78125 1606.25 1710 1739.21875 1616.40625 1507.96875 1572.8125
2013.125 2018.59375 2019.21875 2022.8125 2006.40625 1983.4375 1954.0625 1926.71875 1890.46875 1840.9375 1873.59375 1797.1875 1809.84375 1802.5 1628.75 1348.59375 1087.65625 990.15625 946.5625 746.25 618.125 660.46875 819.6875 653.28125 856.25 810 947.96875 1078.28125 1149.53125 1212.8125 1184.53125 1114.21875 1208.75 1354.21875 1629.375 1634.84375 881.875 436.40625 1018.90625 1421.25 1665.9375 1567.96875 1313.59375 1288.125 1545.46875 1763.59375 1821.40625 1781.5625 1667.03125 1508.90625 1485.3125 1574.84375 1603.125 1693.90625 1742.03125 1803.90625 1826.71875 1799.21875 1692.65625 1488.125
2012.03125 2011.71875 2015.15625 2017.96875 2020.9375 2017.03125 1979.375 1958.28125 1862.96875 1836.25 1813.59375 1820.15625 1707.34375 1661.25 1541.71875 1482.96875 1262.1875 1013.125 867.65625 861.40625 737.03125 891.25 1043.125 971.09375 1038.125 812.03125 627.34375 647.8125 809.53125 1107.96875 1168.28125 1181.71875 1228.75 1422.96875 1677.5 1706.71875 1124.375 465.46875 718.90625 1114.21875 1477.5 1658.4375 1568.4375 1385.15625 1407.1875 1561.875 1590.3125 1611.25 1532.5 1468.90625 1646.25 1678.75 1669.21875 1756.875 1804.53125 1783.90625 1774.53125 1756.875 1720.15625 1598.125
2010 2012.03125 2017.8125 2020.9375 2021.25 2016.09375 2011.25 1973.125 1937.65625 1892.8125 1807.1875 1807.96875 1778.59375 1728.4375 1552.03125 1402.96875 1431.875 1192.96875 967.8125 976.5625 993.125 1090.78125 1218.90625 1280.46875 977.5 810.15625 747.34375 561.71875 544.53125 562.34375 728.59375 1219.6875 1467.96875 1576.40625 1716.25 1788.90625 1411.40625 775.9375 675.3125 846.25 1165.78125 1534.375 1674.53125 1566.71875 1477.1875 1365.46875 1202.8125 1234.21875 1377.96875 1576.40625 1713.90625 1696.875 1717.8125 1822.96875 1651.875 1415.625 1640.78125 1704.53125 1716.875 1635.78125
2010.3125 2016.25 2017.8125 2017.1875 2008.75 2000.625 2015.3125 1994.21875 1972.03125 1941.875 1866.09375 1920 1878.75 1854.21875 1799.6875 1602.1875 1486.875 1294.21875 1098.125 1157.03125 1352.34375 1262.5 1422.5 1282.03125 1007.1875 702.03125 718.59375 688.4375 614.6875 521.875 552.34375 1306.40625 1685.46875 1667.8125 1750 1817.03125 1635.625 1024.53125 751.25 914.53125 1163.75 1427.8125 1580.3125 1666.5625 1522.1875 1424.84375 1373.4375 1213.4375 1398.75 1625.625 1743.4375 1778.90625 1822.34375 1853.4375 1817.8125 1733.59375 1752.34375 1745 1704.0625 1672.34375
2010 2010.15625 2015.15625 2016.09375 2017.65625 2017.03125 2026.5625 2027.1875 2011.5625 1986.875 1957.96875 1906.25 1940.625 1955.9375 1890.3125 1853.125 1761.875 1526.25 1259.53125 1168.4375 1516.71875 1639.21875 1374.84375 1111.40625 1201.40625 1092.96875 1009.21875 749.84375 527.1875 405.46875 666.71875 1062.8125 1571.71875 1691.40625 1795 1846.875 1754.375 1210.625 866.5625 1157.03125 1471.25 1610.3125 1718.4375 1708.75 1507.03125 1370.46875 1359.53125 1352.8125 1579.6875 1720.46875 1738.75 1705.625 1687.1875 1801.71875 1883.59375 1902.65625 1720.46875 1719.6875 1733.75 1698.90625
2006.25 2009.375 2007.5 2006.25 2012.34375 2020.3125 2028.90625 2035.15625 2028.75 2015 1991.25 1983.90625 2002.1875 1993.59375 1928.125 1813.125 1826.5625 1698.90625 1577.34375 1247.34375 1417.5 1569.84375 1077.34375 891.71875 915 1013.28125 1065.9375 611.875 528.4375 480.46875 472.8125 733.75 1252.5 1369.0625 1507.03125 1839.6875 1867.1875 1379.84375 1164.84375 1475.46875 1699.375 1587.1875 1950.78125 1985.78125 1813.4375 1419.53125 1651.71875 1733.90625 1730.625 1627.96875 1603.125 1494.21875 1551.25 1788.75 1955.15625 1980.9375 1843.90625 1785.9375 1732.65625 1658.90625
2002.5 2003.90625 2002.65625 2004.0625 2011.25 2020 2028.75 2035.9375 2041.71875 2035.15625 2018.90625 2030.78125 2015.78125 1974.6875 1988.75 1908.125 1835.15625 1822.1875 1810.15625 1482.5 1512.5 1587.8125 1100.625 1069.375 917.5 756.40625 899.21875 860.46875 760.3125 568.59375 464.375 593.90625 868.90625 729.21875 948.4375 1714.21875 1905.9375 1607.03125 1303.90625 1356.5625 1400 1495.15625 1842.8125 2088.125 2056.5625 1648.28125 1790.15625 2048.75 1977.8125 1757.65625 1536.09375 1439.21875 1729.0625 1895.15625 1991.71875 2019.53125 1984.84375 1918.28125 1835 1714.375
2000 2003.125 2005.78125 2007.1875 2011.25 2020 2028.59375 2033.59375 2040.15625 2046.875 2046.5625 2037.8125 2036.875 2021.25 2008.4375 1970.9375 1976.5625 1951.5625 1972.5 1897.96875 1800.78125 1553.90625 1281.09375 1045.15625 859.21875 806.09375 818.75 747.34375 630.46875 649.53125 504.6875 476.40625 578.90625 526.875 775.9375 1394.53125 1867.8125 1900.15625 1629.6875 1246.25 1185.625 1340.46875 1652.34375 2099.6875 2159.375 1952.65625 1732.8125 2077.1875 2119.21875 1852.8125 1591.09375 1620.46875 1814.6875 1987.8125 1961.09375 2024.6875 2025.9375 2005.9375 1998.4375 1914.375
2000 2000.625 2006.25 2011.71875 2012.65625 2020 2028.75 2035.46875 2041.40625 2047.03125 2056.40625 2057.1875 2062.65625 2032.65625 2017.65625 2028.75 2038.28125 2005.78125 2007.96875 1819.84375 1741.40625 1417.03125 1349.6875 1164.0625 990.3125 821.25 941.40625 934.0625 767.03125 556.875 441.25 454.6875 558.4375 448.4375 727.34375 1244.84375 1681.25 1947.96875 1531.71875 1226.09375 1200.15625 1400 1671.875 1859.375 2025.9375 2186.875 2031.25 1911.09375 2225.625 2030.625 1807.34375 1834.53125 1911.5625 1884.84375 1751.25 1962.8125 2019.21875 2027.96875 2004.375 2007.8125
1999.84375 1999.84375 2006.25 2012.03125 2016.09375 2020.3125 2029.53125 2037.5 2043.75 2049.375 2053.75 2063.125 2070.625 2070.78125 2072.96875 2075.625 2073.90625 2058.28125 2032.1875 1905.15625 1746.25 1627.1875 1681.5625 1378.75 1236.25 1037.34375 1086.40625 917.96875 767.34375 665 582.1875 672.96875 801.5625 572.03125 422.34375 1027.1875 1705.3125 1927.1875 1640 1046.875 1042.5 1267.1875 1567.1875 1683.4375 1712.34375 2042.1875 1908.125 1735.3125 2188.59375 2296.40625 2157.34375 2023.90625 1875.3125 1549.6875 1639.84375 1850 1964.53125 2011.5625 2003.125 2022.03125
1990.9375 1999.0625 2005.3125 2013.75 2020.625 2026.71875 2031.71875 2037.96875 2043.75 2051.25 2055 2067.1875 2073.59375 2081.09375 2085.9375 2097.65625 2085.15625 2088.59375 2086.25 2034.21875 1988.125 1954.84375 1943.28125 1692.8125 1504.0625 1149.21875 1259.375 920.3125 917.1875 913.75 847.8125 1134.375 862.5 563.4375 545.46875 760.46875 1672.8125 1973.28125 1745.46875 1070.46875 849.6875 1253.125 1774.21875 1789.53125 1708.28125 1730.3125 1755.15625 1518.75 2092.03125 2202.8125 2383.28125 2241.875 1826.5625 1455 1453.59375 1751.40625 1871.25 1965.3125 1908.28125 2012.65625
1985.9375 1996.09375 2005.3125 2013.75 2020.78125 2029.6875 2034.0625 2044.21875 2044.6875 2051.25 2060 2068.75 2076.25 2084.21875 2096.875 2104.21875 2096.875 2111.40625 2107.34375 2042.65625 2042.5 2058.4375 2061.09375 1932.34375 1899.375 1624.375 1403.90625 1104.6875 1093.90625 1318.125 916.40625 801.25 638.4375 720.78125 579.53125 615.3125 1352.96875 1978.28125 1971.71875 1483.28125 1081.71875 1566.25 2080.3125 2136.40625 1928.28125 1959.84375 1770.625 1387.65625 1885.3125 1622.5 2265.3125 2503.75 2275.3125 1772.1875 1559.84375 1619.84375 1882.03125 1976.875 2020.9375 2142.03125
1974.375 1988.75 1997.03125 2009.84375 2021.25 2030 2038.75 2044.0625 2050.15625 2054.84375 2061.40625 2072.03125 2081.71875 2093.4375 2100.78125 2110 2118.75 2126.09375 2127.03125 2100.3125 2101.09375 2106.5625 2058.75 1934.21875 1996.71875 1963.75 1745.625 1725 1732.03125 1226.71875 1137.5 896.40625 873.59375 937.8125 670 517.34375 1267.5 1901.25 2022.8125 1879.21875 1335.46875 1569.21875 2246.875 2366.40625 2296.40625 2250.15625 1846.40625 1680.78125 1761.875 1453.4375 1922.96875 2554.53125 2673.28125 2439.0625 2033.28125 1810.625 1903.90625 2090 2186.875 2239.0625
1951.875 1979.375 1993.28125 2004.21875 2019.84375 2030.3125 2038.75 2046.25 2053.28125 2061.25 2069.53125 2078.28125 2085.9375 2094.0625 2104.0625 2116.40625 2121.40625 2126.25 2132.03125 2135.9375 2112.5 2092.65625 2062.5 2013.125 1817.03125 1688.75 1361.5625 1420.625 1276.71875 1344.0625 1258.75 1317.96875 1169.0625 899.84375 693.75 549.375 1148.125 1784.84375 1997.65625 2040.15625 1556.09375 1199.6875 2082.8125 2488.125 2501.875 2268.4375 1972.1875 1995.46875 1803.125 1487.03125 1975.9375 2543.125 2758.28125 2771.40625 2419.6875 2163.28125 1987.34375 2055.46875 2183.125 2269.21875
1906.25 1964.84375 1983.90625 2001.40625 2013.90625 2030.15625 2041.25 2047.8125 2057.8125 2063.28125 2071.40625 2078.75 2088.59375 2099.0625 2106.25 2116.40625 2119.84375 2126.25 2133.59375 2129.375 2134.6875 2110.625 2075 2032.5 1986.40625 1818.90625 1511.40625 1287.5 1100.46875 973.4375 928.90625 1040.9375 953.28125 554.6875 544.53125 441.09375 838.125 1558.75 1913.75 2040 1878.90625 1095.78125 1512.8125 2376.71875 2527.1875 2510.625 2341.09375 2027.65625 1872.8125 1700.78125 2034.0625 2541.40625 2780.78125 2806.40625 2790.9375 2611.40625 2479.0625 2168.4375 2019.21875 2232.65625
1873.90625 1949.0625 1974.21875 1996.71875 2016.25 2031.25 2044.6875 2055.15625 2062.03125 2070 2074.53125 2083.4375 2091.40625 2101.40625 2104.0625 2110 2118.75 2122.8125 2129.0625 2133.125 2142.96875 2148.125 2130.9375 2060.9375 2045.46875 1952.8125 1830.46875 1581.25 1315.15625 1074.375 883.4375 701.40625 693.28125 575.78125 533.4375 509.6875 462.03125 1189.84375 1733.59375 1910.46875 2051.875 1556.09375 1147.8125 1679.6875 2245.3125 2358.59375 2397.5 2024.21875 1803.28125 1873.125 2032.8125 2484.21875 2747.8125 2816.875 2837.96875 2810.15625 2759.84375 2668.28125 2306.09375 2227.03125
1864.0625 1883.75 1937.34375 1985.9375 2014.0625 2030.625 2045.9375 2056.25 2063.75 2071.25 2080 2088.75 2093.90625 2100 2103.90625 2110 2113.75 2119.84375 2125.46875 2131.875 2137.96875 2148.59375 2149.0625 2112.5 2090.625 2025 1929.0625 1948.90625 1671.40625 1385.9375 1214.6875 1017.8125 778.4375 510.625 680.9375 695 416.09375 689.84375 1455.3125 1836.71875 2045.625 2008.4375 1567.8125 1271.875 1534.21875 1638.125 1885 1899.53125 1530.15625 1726.25 2056.40625 2358.125 2680 2676.5625 2527.34375 2778.28125 2893.4375 2874.21875 2719.375 2338.28125
1756.40625 1776.5625 1768.75 1908.90625 1993.75 2024.375 2042.34375 2056.25 2063.90625 2072.03125 2080 2088.90625 2096.40625 2099.84375 2102.03125 2108.75 2110.3125 2117.8125 2123.75 2131.25 2140.3125 2151.40625 2157.03125 2152.5 2145.625 2115 2033.59375 2095.78125 1949.21875 1822.96875 1425.78125 1184.53125 757.1875 649.6875 655.625 829.53125 567.65625 498.28125 779.53125 1458.90625 1995.625 2081.25 2060.46875 1828.4375 1387.96875 1538.28125 1668.4375 1642.8125 1805.3125 1876.5625 1995.625 2098.125 2445.15625 2187.96875 1842.96875 2410.625 2885.9375 2924.6875 2778.59375 2320
1701.25 1707.03125 1735.78125 1861.5625 1963.28125 2022.8125 2042.8125 2056.5625 2064.53125 2074.375 2086.25 2096.25 2098.90625 2101.5625 2101.875 2104.6875 2108.75 2115.46875 2123.75 2131.25 2140.3125 2154.0625 2165.9375 2167.8125 2181.5625 2172.65625 2107.03125 2171.71875 1994.21875 1735.9375 1417.03125 1022.96875 745.625 687.03125 987.1875 794.375 679.6875 706.5625 771.25 1118.75 1917.34375 2082.34375 2089.84375 2055.3125 1630.46875 1553.75 1758.4375 1845.625 2231.875 2430.9375 2019.53125 1701.40625 2031.09375 1972.8125 1820.46875 2433.90625 2782.96875 2924.21875 2842.96875 2566.25
