Cases/SDM_Urocitellus_beldingi/westernUsClimate_hadley2080a2/BIO05.asc
NCOLS 315 
NROWS 297 
XLLCORNER -124.741664802 
YLLCORNER 29.2083311801598 
CELLSIZE 0.066666670143822 
NODATA_value -3.4e+38 
[rows 162 to 188 of 297, columns 59 to 117 of 315]
4209.0625 4182.5 4228.75 4198.125 4171.25 4052.8125 4025.3125 4017.96875 3878.28125 3795.625 3787.1875 3632.03125 3407.1875 3126.25 2985 2916.09375 2865.9375 2792.1875 2763.75 2759.6875 2849.84375 2983.75 3353.59375 3474.84375 3428.59375 3321.40625 3311.5625 3409.0625 3615.46875 3623.59375 3678.4375 3514.375 3641.71875 3826.09375 4060.46875 4065.78125 4391.71875 4402.8125 4062.1875 4273.4375 4195.15625 4378.28125 4494.375 4492.03125 4239.84375 4151.25 4090.3125 4149.6875 4497.8125 4533.28125 4526.09375 4500.15625 4388.90625 4156.09375 4095.46875 4246.09375 4184.53125 3984.0625 3914.6875
4184.84375 4131.09375 4233.90625 4222.96875 4176.71875 4169.53125 4148.4375 4069.0625 3944.0625 3780.78125 3671.25 3540.625 3416.71875 3243.125 3203.125 3104.21875 2971.875 2866.875 2819.0625 2741.25 2758.125 2760.78125 2814.21875 3099.0625 3293.75 3390 3596.40625 3730.46875 3753.59375 3742.03125 3684.21875 3490.3125 3590.3125 4036.25 4059.21875 4153.75 4165 4220 4120.15625 4041.40625 4343.4375 4541.09375 4624.375 4576.25 4180 4122.1875 4217.65625 4401.25 4570 4555.9375 4473.4375 4479.0625 4383.125 4221.09375 4148.59375 4315.625 4304.84375 4217.8125 4095.625
4179.6875 4192.34375 4179.6875 4210 4234.53125 4225 4118.75 4000 3902.96875 3822.1875 3665.9375 3672.1875 3494.53125 3529.53125 3331.25 3336.09375 3167.34375 3079.0625 2925.3125 2918.4375 2777.34375 2781.09375 2685 2901.875 3367.65625 3650.46875 3740.9375 3786.40625 3803.4375 3727.8125 3643.28125 3644.84375 3723.90625 3741.09375 3790.3125 3877.03125 3930.46875 4062.1875 4070.78125 3921.5625 4366.875 4634.6875 4660.15625 4647.34375 4510.9375 4497.5 4539.6875 4600 4513.4375 4112.34375 4230.46875 4402.34375 4377.8125 4232.96875 4229.53125 4357.34375 4365.46875 4355.15625 4255.3125
4189.21875 4201.875 4230 4236.40625 4267.5 4237.5 4202.1875 4124.53125 4064.21875 3957.65625 3769.84375 3830.46875 3672.65625 3796.875 3732.03125 3610.3125 3501.875 3239.53125 3246.25 2940.625 2924.6875 2897.8125 2645.15625 2731.40625 3012.65625 3652.65625 3750.15625 3780.15625 3755.625 3472.8125 3622.34375 3811.5625 3852.8125 3767.65625 3636.875 3689.53125 3849.53125 3829.0625 4063.125 4254.375 4254.84375 4508.4375 4615.9375 4431.5625 4542.65625 4621.40625 4634.375 4586.09375 4386.40625 4160.15625 4202.96875 4355.46875 4450.46875 4302.03125 4264.6875 4397.34375 4405.3125 4397.8125 4314.0625
4191.5625 4204.0625 4232.03125 4260.46875 4260.46875 4269.0625 4254.375 4237.65625 4219.375 4097.1875 3938.4375 3953.90625 3997.65625 3917.1875 3857.03125 3548.125 3411.40625 3425.9375 3237.8125 3076.5625 3093.75 2958.59375 2789.375 2702.65625 3043.90625 3530.9375 3594.53125 3605 3528.90625 3458.28125 3601.40625 3836.71875 3914.0625 3912.8125 4073.125 4133.4375 3854.53125 3467.1875 3843.59375 4317.34375 4498.28125 4412.03125 4615.625 4504.6875 4348.28125 4547.65625 4601.40625 4533.4375 4351.71875 4168.90625 4447.65625 4514.21875 4554.21875 4479.53125 4373.59375 4432.8125 4425.46875 4411.40625 4372.65625
4182.96875 4217.03125 4240.46875 4246.875 4259.375 4276.25 4287.96875 4253.4375 4092.65625 4072.03125 4136.875 4141.5625 3982.8125 3882.96875 3800.625 3444.84375 3202.8125 3045.46875 3075.9375 2891.40625 2940.3125 2815 2876.40625 2632.1875 2821.875 3416.875 3445 3381.5625 3348.4375 3288.125 3470.46875 3629.21875 3694.6875 3901.5625 4271.09375 4113.28125 3070.9375 3191.09375 3790 4302.65625 4576.40625 4630.46875 4664.6875 4503.75 4090.3125 4120.46875 4404.0625 4662.1875 4701.40625 4675.9375 4524.375 4584.53125 4544.0625 4505.3125 4431.40625 4419.84375 4426.875 4400.625 4356.5625
4168.125 4209.375 4238.59375 4258.75 4272.5 4288.125 4314.53125 4229.53125 4182.8125 4021.09375 4045.78125 4079.375 3899.53125 3813.28125 3681.875 3474.84375 3254.21875 3125.78125 3385.15625 3242.34375 3029.0625 2848.125 2589.0625 2684.375 2762.65625 3238.125 3232.65625 3409.0625 3462.03125 3426.71875 3345.3125 3233.28125 3372.65625 3856.5625 4123.28125 4288.75 3293.59375 2837.1875 3537.96875 4252.34375 4597.1875 4663.75 4470.46875 4066.71875 3957.65625 3925.625 4240.78125 4706.875 4800.46875 4745.625 4515.9375 4365.9375 4327.34375 4418.28125 4359.84375 4295.15625 4380.625 4366.5625 4179.0625
4161.5625 4200.46875 4231.25 4254.53125 4283.59375 4295.625 4312.5 4300 4293.75 4192.65625 4085 4169.0625 4096.25 4027.1875 3880.3125 3876.09375 3733.75 3537.1875 3451.5625 3305.625 2944.375 2974.6875 2703.125 2646.5625 2808.125 2963.90625 3187.96875 3419.6875 3513.90625 3677.96875 3775.3125 3697.8125 3457.34375 3692.34375 4128.59375 4506.5625 4257.03125 3069.84375 3198.75 3925.625 4551.5625 4644.84375 4210.46875 3747.34375 3825.3125 4088.125 4614.53125 4825.46875 4805.625 4600.46875 4345 4035.46875 4112.03125 4298.90625 4297.1875 4315.625 4448.125 4470.9375 4289.53125
4152.1875 4183.4375 4218.75 4245.46875 4273.4375 4298.75 4310.9375 4322.65625 4309.375 4280.46875 4229.53125 4281.40625 4192.65625 4221.875 4225.9375 4011.40625 3658.125 3307.1875 3184.84375 3142.8125 2895.15625 2745.15625 2828.59375 3059.21875 2856.25 3149.0625 3110.78125 3328.125 3538.75 3665.9375 3783.59375 3763.59375 3681.40625 3849.375 4094.84375 4537.5 4564.84375 3431.71875 2803.75 3648.90625 4286.40625 4690.46875 4525.78125 4103.125 4057.34375 4442.1875 4748.59375 4816.40625 4741.09375 4545.46875 4288.125 4232.03125 4331.875 4347.03125 4457.5 4514.0625 4579.53125 4587.8125 4530.46875
4148.28125 4175.3125 4209.21875 4235.46875 4261.875 4292.34375 4323.59375 4332.5 4338.90625 4252.8125 4225.15625 4205.78125 4231.09375 4086.875 4039.53125 3892.1875 3839.84375 3544.6875 3205.78125 3027.5 3036.71875 2896.875 3120.15625 3352.1875 3278.75 3390.46875 3103.125 2887.65625 2937.1875 3180.15625 3621.25 3733.28125 3776.875 3869.0625 4198.125 4611.875 4674.84375 3792.8125 2851.5625 3215.625 3802.8125 4376.5625 4672.1875 4512.1875 4206.875 4228.28125 4447.96875 4473.4375 4482.96875 4346.40625 4234.84375 4462.34375 4480.15625 4440.9375 4546.875 4599.84375 4547.96875 4512.34375 4476.71875
4144.6875 4169.375 4198.90625 4223.125 4250.3125 4282.65625 4319.375 4346.40625 4350 4336.875 4302.5 4206.40625 4217.96875 4187.1875 4131.40625 3908.4375 3721.25 3779.6875 3451.71875 3150.9375 3180.78125 3225 3373.125 3585.625 3705.9375 3296.875 3097.34375 3043.75 2818.125 2813.90625 2858.28125 3106.25 3837.65625 4236.5625 4434.53125 4668.75 4794.21875 4234.375 3293.59375 3155 3402.96875 3875.9375 4456.875 4674.53125 4490.78125 4335.46875 4150.46875 3901.71875 3935.46875 4126.09375 4386.25 4561.875 4508.59375 4513.59375 4643.59375 4390 4056.71875 4329.375 4400.9375
4141.25 4161.71875 4187.65625 4208.28125 4237.65625 4269.21875 4304.6875 4345.15625 4360.625 4367.5 4360 4289.53125 4363.125 4321.40625 4299.84375 4244.21875 3997.96875 3851.71875 3585.46875 3317.65625 3418.28125 3728.28125 3611.71875 3871.5625 3683.90625 3324.375 2949.84375 3001.09375 2982.5 2904.0625 2800.46875 2864.21875 3965.3125 4562.5 4570 4719.375 4837.03125 4582.34375 3647.96875 3263.90625 3500.78125 3870 4279.53125 4516.5625 4641.875 4403.4375 4240.15625 4148.4375 3908.4375 4154.0625 4453.125 4604.6875 4624.375 4664.21875 4685.46875 4614.84375 4478.59375 4479.21875 4449.21875
4127.5 4152.96875 4177.5 4200.625 4228.28125 4258.90625 4299.53125 4342.5 4373.4375 4394.53125 4395 4388.90625 4350.46875 4401.875 4429.21875 4357.65625 4326.5625 4220 3915.9375 3540.46875 3423.28125 3969.21875 4151.875 3790.15625 3419.84375 3577.34375 3451.71875 3370.9375 3061.875 2788.28125 2643.90625 3015.46875 3598.28125 4378.4375 4591.875 4779.53125 4877.03125 4761.875 3924.84375 3427.96875 3861.09375 4345.78125 4560.625 4712.96875 4693.90625 4379.84375 4160.625 4132.5 4107.03125 4411.875 4593.75 4592.5 4518.4375 4475.46875 4613.75 4704.375 4703.59375 4435.46875 4415
4117.8125 4144.375 4170.78125 4191.875 4216.5625 4249.53125 4292.5 4334.53125 4371.40625 4401.71875 4420.625 4428.125 4441.875 4473.4375 4472.1875 4396.71875 4266.5625 4295.15625 4150.9375 3997.34375 3521.40625 3803.90625 4028.28125 3350.9375 3127.5 3185 3343.90625 3431.5625 2876.25 2789.84375 2745 2756.875 3135.625 3877.96875 4082.96875 4323.75 4857.1875 4910.9375 4181.09375 3861.40625 4349.21875 4697.96875 4511.25 5017.5 5052.34375 4813.59375 4229.84375 4554.0625 4649.0625 4622.65625 4461.40625 4400.625 4225.625 4284.21875 4590.625 4796.09375 4806.09375 4598.90625 4502.34375
4109.84375 4138.28125 4164.84375 4189.375 4213.90625 4250.78125 4287.8125 4328.4375 4365.9375 4400.15625 4428.75 4446.875 4482.96875 4487.03125 4447.65625 4471.25 4376.71875 4299.0625 4295.9375 4296.875 3866.09375 3932.96875 4039.53125 3350.3125 3327.65625 3174.0625 3006.875 3206.40625 3185.3125 3083.75 2860.3125 2745 2941.40625 3326.09375 3158.4375 3480.3125 4647.8125 4942.5 4514.53125 4064.84375 4156.875 4229.84375 4366.40625 4858.125 5156.875 5111.40625 4552.96875 4736.71875 5056.875 4947.96875 4633.4375 4308.90625 4152.5 4525.625 4728.59375 4834.375 4844.53125 4773.90625 4667.96875
4098.90625 4130.78125 4162.65625 4186.09375 4218.28125 4252.96875 4285.3125 4330.46875 4362.34375 4397.8125 4433.59375 4465.625 4491.71875 4510.3125 4507.1875 4497.65625 4452.65625 4464.21875 4435.78125 4467.8125 4388.75 4295.15625 3991.5625 3600 3285.9375 3091.40625 3058.125 3099.375 3035.15625 2911.875 2961.5625 2793.75 2781.09375 2936.25 2885.78125 3237.03125 4147.03125 4874.6875 4930.9375 4552.96875 3981.40625 3895.78125 4124.6875 4585 5161.5625 5217.65625 4952.34375 4649.84375 5076.09375 5111.5625 4754.0625 4376.5625 4393.90625 4635.625 4842.03125 4783.90625 4844.6875 4820.3125 4771.25
4088.125 4120.3125 4153.28125 4183.125 4219.0625 4251.875 4290.15625 4330.46875 4361.875 4399.6875 4432.5 4475.3125 4504.53125 4533.90625 4522.34375 4512.65625 4531.5625 4544.84375 4496.40625 4490.3125 4284.375 4215.78125 3782.8125 3691.5625 3431.875 3238.125 3065.9375 3243.75 3257.8125 3075.78125 2835 2702.96875 2750.625 2906.875 2779.84375 3169.21875 3908.125 4588.90625 4975.78125 4387.5 3943.4375 3908.75 4200 4601.71875 4853.59375 5055.78125 5223.125 5015.625 4854.53125 5227.03125 4976.5625 4663.90625 4673.90625 4755.625 4697.1875 4501.5625 4753.90625 4800 4791.09375
4068.59375 4108.4375 4146.5625 4177.5 4211.40625 4246.71875 4286.09375 4323.90625 4355.78125 4395.15625 4425.3125 4462.1875 4498.75 4529.84375 4559.0625 4582.65625 4595.9375 4590.625 4560 4508.59375 4369.375 4209.375 4072.34375 4171.25 3747.34375 3553.90625 3319.0625 3404.375 3223.59375 3066.71875 2962.96875 2880.625 3026.5625 3216.71875 2937.34375 2756.71875 3598.28125 4606.40625 4930 4529.53125 3673.125 3675.3125 4000.9375 4434.21875 4597.03125 4625.9375 5049.6875 4857.65625 4611.5625 5172.1875 5274.6875 5093.75 4910.3125 4697.1875 4245.625 4345.625 4600.3125 4725 4761.5625
4047.1875 4091.875 4131.875 4171.40625 4203.28125 4238.28125 4281.25 4317.34375 4350 4381.5625 4417.96875 4451.25 4490.3125 4521.5625 4558.125 4585.78125 4618.59375 4597.1875 4597.8125 4587.5 4511.25 4458.4375 4444.0625 4444.21875 4179.0625 3933.125 3439.375 3626.25 3219.0625 3242.03125 3262.03125 3215.46875 3619.21875 3281.40625 2910.15625 2906.875 3214.6875 4532.65625 4967.1875 4661.5625 3698.125 3397.96875 3961.875 4715.9375 4730.625 4607.34375 4617.5 4639.21875 4292.1875 5039.53125 5159.6875 5337.96875 5160.15625 4622.1875 4111.25 4093.75 4463.75 4596.25 4694.6875
4033.4375 4077.03125 4122.1875 4159.6875 4194.53125 4234.0625 4275 4310.9375 4342.65625 4374.6875 4408.125 4441.5625 4478.28125 4512.65625 4541.40625 4574.6875 4600.3125 4596.25 4618.90625 4614.6875 4518.28125 4518.125 4545.78125 4563.90625 4444.6875 4401.71875 4112.34375 3828.90625 3450.625 3452.03125 3795.78125 3293.28125 3160.3125 2972.65625 3100.9375 2941.40625 3003.75 4047.34375 4951.40625 4953.125 4272.5 3703.4375 4392.5 5087.34375 5146.40625 4878.59375 4902.8125 4632.03125 4097.1875 4766.40625 4393.28125 5187.34375 5430.3125 5160.15625 4514.0625 4219.53125 4278.28125 4596.25 4697.03125
4037.5 4068.4375 4110.78125 4153.4375 4189.6875 4225.78125 4265.625 4304.84375 4337.03125 4367.96875 4399.84375 4433.90625 4467.8125 4494.84375 4525.46875 4550.15625 4574.84375 4601.875 4621.5625 4629.53125 4595.3125 4596.40625 4609.375 4550.46875 4438.75 4508.75 4494.0625 4263.59375 4285.78125 4329.84375 3647.1875 3562.03125 3270 3263.75 3371.71875 3045.78125 2861.40625 3900.9375 4822.96875 4996.25 4814.375 4041.25 4371.71875 5242.34375 5366.875 5292.96875 5229.6875 4723.28125 4488.28125 4588.125 4148.75 4752.34375 5465.625 5572.03125 5310.46875 4821.5625 4516.5625 4615.15625 4826.5625
4043.28125 4070 4104.53125 4143.75 4182.5 4218.4375 4257.65625 4295.3125 4327.03125 4358.75 4390 4420.46875 4456.25 4483.28125 4506.875 4528.4375 4552.8125 4586.40625 4606.875 4620.46875 4632.03125 4608.90625 4587.65625 4551.875 4504.84375 4315.625 4183.90625 3723.125 3840.46875 3658.90625 3789.53125 3714.6875 3821.09375 3645.9375 3304.0625 3056.5625 2889.21875 3712.03125 4632.1875 4935.46875 4995.9375 4328.59375 3834.0625 5005.46875 5463.4375 5479.0625 5221.71875 4868.90625 4891.40625 4623.4375 4179.21875 4805.15625 5439.375 5641.875 5645.9375 5253.59375 4947.96875 4711.25 4772.03125
4047.96875 4084.84375 4101.5625 4138.28125 4173.28125 4209.0625 4247.5 4281.5625 4315 4346.875 4378.4375 4412.1875 4439.6875 4468.4375 4492.1875 4511.25 4538.28125 4560.9375 4578.28125 4600.78125 4604.53125 4620.15625 4601.25 4554.84375 4520.46875 4491.875 4338.75 3941.09375 3623.28125 3405.3125 3280.78125 3247.5 3423.4375 3336.40625 2841.40625 2845 2722.34375 3271.71875 4285.3125 4794.375 4962.1875 4747.03125 3661.71875 4244.53125 5323.125 5478.75 5463.28125 5282.5 4907.34375 4694.84375 4453.75 4867.03125 5422.03125 5645.625 5655.15625 5627.5 5440.625 5280.46875 4892.03125
4035.15625 4082.5 4101.25 4134.0625 4167.03125 4200 4235.3125 4272.96875 4307.03125 4339.53125 4366.25 4400.625 4429.6875 4454.375 4480.46875 4496.71875 4516.40625 4539.84375 4560 4581.71875 4601.875 4624.0625 4643.28125 4632.34375 4550.46875 4550.9375 4472.34375 4360.9375 4047.1875 3678.75 3382.65625 3169.0625 2969.0625 2981.25 2843.28125 2802.65625 2793.125 2742.34375 3734.0625 4508.90625 4762.65625 4950 4277.34375 3714.21875 4432.8125 5152.34375 5277.8125 5319.0625 4878.90625 4580.15625 4658.28125 4840 5352.96875 5600.46875 5651.71875 5658.59375 5617.03125 5552.65625 5441.875
4042.5 4086.25 4125.3125 4148.125 4167.65625 4194.53125 4230.625 4266.875 4298.75 4327.03125 4356.40625 4390.78125 4423.75 4444.84375 4471.09375 4488.59375 4511.25 4530 4549.53125 4563.90625 4580.15625 4602.34375 4625.3125 4642.34375 4608.59375 4599.84375 4544.21875 4460.3125 4505.78125 4175.15625 3788.4375 3586.5625 3361.09375 3067.03125 2735.15625 2976.5625 3015.46875 2660.46875 3036.5625 4087.96875 4629.84375 4912.5 4864.6875 4269.6875 3861.875 4224.375 4359.375 4672.03125 4693.4375 4190.625 4440.46875 4856.5625 5196.875 5517.34375 5496.40625 5324.0625 5572.1875 5667.1875 5635.9375
3976.71875 4042.34375 4088.125 4094.0625 4184.375 4207.8125 4233.75 4264.6875 4292.65625 4318.28125 4350 4385.46875 4418.59375 4437.03125 4462.03125 4479.53125 4497.5 4517.8125 4525 4543.75 4566.25 4589.84375 4608.59375 4633.75 4643.75 4655.625 4642.65625 4565.15625 4657.65625 4511.875 4375.15625 3861.875 3556.875 3017.03125 2896.25 2922.03125 3168.4375 2837.96875 2757.65625 3142.96875 4078.90625 4816.71875 4931.71875 4903.75 4595.9375 3995.3125 4196.71875 4369.0625 4326.71875 4529.375 4614.0625 4760.3125 4866.09375 5258.125 4941.71875 4502.8125 5164.375 5642.03125 5668.125
3867.5 3968.28125 4022.1875 4065.78125 4178.125 4220 4236.875 4266.25 4288.125 4314.6875 4344.53125 4378.59375 4413.28125 4432.96875 4458.28125 4470.9375 4481.09375 4496.5625 4510.46875 4529.53125 4546.09375 4567.5 4592.8125 4619.53125 4643.4375 4679.6875 4701.5625 4642.96875 4748.59375 4547.65625 4246.71875 3830 3319.375 2980.9375 2925.625 3333.75 3096.09375 2960.9375 3007.8125 3106.875 3587.1875 4677.8125 4898.125 4912.5 4868.75 4298.75 4190.3125 4464.375 4572.1875 5046.875 5266.09375 4757.65625 4338.4375 4747.1875 4661.5625 4455.625 5181.875 5526.875 5647.34375
