Cases/SDM_Urocitellus_beldingi/westernUsClimate_hadley2080a2/BIO09.asc
NCOLS 315 
NROWS 297 
XLLCORNER -124.741664802 
YLLCORNER 29.2083311801598 
CELLSIZE 0.066666670143822 
NODATA_value -3.4e+38 
[rows 0 to 26 of 297, columns 120 to 179 of 315]
2010.17857142857 2103.39285714286 2315.71428571429 2454.46428571429 2412.85714285714 2140.17857142857 2151.42857142857 2216.96428571429 2302.32142857143 1979.82142857143 1965.89285714286 1840.53571428571 1912.14285714286 2062.32142857143 2072.32142857143 2070.89285714286 2241.07142857143 2132.67857142857 2065.89285714286 1858.92857142857 1914.64285714286 2083.39285714286 2332.67857142857 2430.89285714286 2402.67857142857 2303.92857142857 1856.78571428571 1733.21428571429 1840 1818.21428571429 1819.28571428571 1795.53571428571 1799.10714285714 1940.35714285714 2060.53571428571 2019.10714285714 1953.03571428571 1790.17857142857 1792.85714285714 1777.85714285714 1749.46428571429 1792.32142857143 1968.03571428571 1716.96428571429 1698.92857142857 1930.17857142857 1911.60714285714 1790.71428571429 1442.67857142857 505.357142857143 231.964285714286 238.035714285714 251.428571428571 244.821428571429 230.178571428571 240.535714285714 225.714285714286 220 238.571428571429 -86.25
2055.78125 2033.75 2032.5 2168.90625 2436.40625 2421.09375 2218.4375 2034.375 2270.46875 2025.15625 1903.125 1883.125 1893.59375 2056.5625 2105.625 2182.65625 2244.21875 2097.65625 2013.125 2060 1900.3125 1985.9375 2291.09375 2418.28125 2403.4375 2382.5 2179.6875 1945.3125 1823.4375 1936.5625 1820 1807.96875 1853.28125 1867.5 2034.375 2078.4375 1980.3125 1814.53125 1704.84375 1833.59375 1715.46875 1786.25 1891.875 1717.1875 1805.78125 1861.71875 1694.21875 1771.875 1832.5 863.75 934.6875 759.6875 196.5625 211.09375 211.25 218.125 225.78125 236.09375 252.03125 213.90625
1976.71875 1900.9375 1855.9375 1932.96875 2254.375 2466.09375 2348.90625 2164.53125 2278.90625 2217.96875 1988.125 2015.9375 2087.1875 2192.96875 2259.6875 2259.6875 2265.15625 2045.15625 1899.6875 1893.125 1944.21875 2102.34375 2335.15625 2260 2249.375 2315.625 2354.6875 2262.5 2046.5625 1821.875 1777.65625 1834.0625 1845 1886.09375 1999.21875 2090.9375 2092.8125 2019.21875 2001.71875 1837.03125 1761.25 1778.28125 1831.5625 1763.75 1727.1875 1772.65625 1730 1912.03125 1969.375 1593.125 1655.46875 1570.9375 1066.875 441.71875 212.96875 229.375 230.625 228.59375 233.59375 246.71875
1974.84375 1902.1875 1956.25 1980.625 2210.46875 2471.25 2410.15625 2294.21875 2319.21875 2318.28125 1993.59375 2070.3125 2252.65625 2076.5625 2090.625 2146.71875 2181.71875 1953.90625 2069.6875 2081.875 2122.03125 2302.5 2091.5625 2038.90625 2120.3125 2142.34375 2304.53125 2326.71875 2152.96875 1845.15625 1836.25 1800.78125 1764.21875 1837.5 1892.1875 1992.34375 2110.46875 2085.625 2034.6875 2005 1928.90625 1796.71875 1911.25 1959.84375 1866.875 1846.40625 1837.96875 1818.125 1802.34375 1974.21875 1902.65625 1867.96875 1615.46875 1562.1875 702.34375 334.6875 231.09375 243.59375 240.78125 244.84375
1974.6875 1940.3125 2043.28125 2132.1875 2285 2499.0625 2463.59375 2467.8125 2411.71875 2417.1875 2294.21875 2047.03125 2163.90625 2257.34375 2049.6875 2043.125 2097.65625 2002.1875 2109.53125 2022.1875 2075.3125 2282.65625 1974.0625 1920.625 1995.46875 2047.8125 2167.03125 2267.5 2269.53125 2082.34375 1913.125 1852.65625 1897.8125 1827.03125 1839.6875 1907.8125 2021.40625 2117.96875 2132.03125 2092.8125 2051.71875 1907.5 1897.8125 1880.625 1992.1875 1763.28125 1724.21875 1817.8125 1970.78125 2049.375 1931.25 2010.3125 1959.21875 1741.5625 1644.6875 555.15625 252.34375 262.96875 265 262.65625
1955.46875 1977.65625 1955.15625 2110.78125 2297.03125 2460.9375 2411.875 2282.96875 2109.375 2297.65625 2428.4375 2296.71875 2292.8125 2185 2138.75 2177.8125 2114.6875 2113.4375 2059.53125 1997.65625 2083.4375 2252.03125 2058.59375 1958.28125 1974.6875 2054.375 2137.65625 2229.375 2092.5 2133.90625 2162.65625 1997.5 2003.90625 1899.0625 1860 1886.40625 1989.84375 2023.90625 2118.125 2160.15625 2141.875 2103.28125 2106.25 2064.0625 1792.65625 1841.25 1874.0625 1818.75 1916.25 1747.34375 1871.5625 2013.90625 2030 2052.65625 1773.4375 1229.84375 283.90625 269.84375 275.625 282.65625
1965.625 2141.875 2148.59375 2228.4375 2405.78125 2412.96875 2226.71875 2087.8125 2083.4375 2213.125 2303.28125 2436.71875 2317.1875 2149.53125 2036.40625 2078.125 2137.65625 2223.28125 2107.5 2009.84375 2077.96875 2154.375 2348.28125 2149.84375 2049.0625 2115.9375 2141.71875 2100.3125 2022.03125 2012.5 2061.5625 2226.40625 2195.78125 2149.6875 1938.28125 1941.40625 1995.78125 1964.21875 2090.3125 2013.125 2092.96875 2206.71875 2220.15625 2078.75 1891.25 1783.4375 1826.5625 1903.4375 1782.34375 1835.9375 1851.40625 1999.375 2087.8125 2123.75 2038.4375 1713.28125 1045.625 293.125 275 274.375
2052.1875 2149.84375 2305.46875 2255.46875 2398.4375 2288.125 2168.28125 2097.8125 2063.125 2027.65625 2115.46875 2330.625 2422.8125 2252.1875 2019.6875 2101.25 2234.375 2289.53125 2301.25 2088.125 2205.78125 2345.625 2366.40625 2220.15625 2109.21875 2024.0625 2092.8125 2041.09375 1967.34375 1989.375 2026.71875 2167.96875 2258.75 2249.375 2204.0625 1953.125 1889.6875 1964.53125 2107.34375 2208.28125 2166.875 2237.65625 2098.59375 2181.875 2037.65625 1998.75 1930 1853.28125 1912.1875 1755.46875 1852.5 1977.8125 2045 2085.9375 2129.53125 1889.375 1707.03125 1561.5625 627.96875 280
2058.90625 2099.84375 2260.625 2392.65625 2412.8125 2352.1875 2302.96875 2208.28125 2023.125 2085.3125 2186.40625 2272.34375 2401.5625 2445.15625 2258.90625 2198.4375 2352.8125 2429.21875 2325.78125 2287.1875 2188.59375 2367.8125 2264.21875 2152.96875 2062.03125 2053.90625 2082.03125 2039.21875 2017.8125 2002.1875 2017.96875 2116.25 2218.75 2258.4375 2257.65625 2261.875 2223.125 2198.59375 2213.75 2191.40625 2309.53125 2147.5 1915.625 2050.3125 2229.6875 2123.4375 2022.65625 1900.15625 1890.625 1850.3125 1822.5 1879.6875 2093.125 2128.90625 2150.9375 2115.625 1732.65625 1736.71875 1292.03125 383.28125
2163.28125 2062.03125 2277.96875 2419.21875 2429.84375 2372.5 2343.90625 2154.6875 2042.96875 2036.40625 2092.34375 2161.71875 2326.875 2415.3125 1973.75 1999.53125 2245.46875 2418.90625 2411.09375 2334.53125 2273.4375 2364.21875 2199.53125 2112.1875 2152.1875 2260.15625 2227.1875 2093.125 2033.28125 2021.09375 2117.03125 2104.6875 2068.75 2208.125 2317.96875 2295.46875 2324.375 2334.21875 2336.25 2147.8125 2247.5 2195 2135.9375 1998.59375 1944.84375 2117.96875 2121.875 1964.0625 1917.5 1883.90625 1882.03125 2003.90625 2082.65625 2077.1875 2114.53125 2170.78125 1940.78125 1719.53125 1745.15625 1042.65625
2194.53125 2269.6875 2373.59375 2430.46875 2440.9375 2399.6875 2259.375 2115.15625 2148.28125 2057.1875 2096.40625 2169.53125 2303.4375 2377.8125 2012.65625 1950.46875 2099.0625 2362.96875 2421.09375 2221.875 2193.75 2335.3125 2122.34375 2104.375 2208.28125 2308.90625 2235.15625 2146.5625 2012.96875 2083.125 2011.25 2078.75 2026.25 2201.09375 2313.125 2341.875 2342.5 2366.875 2356.09375 2042.03125 1968.59375 2188.75 2235 2173.28125 1918.75 1963.90625 2127.03125 2103.125 2002.34375 2007.8125 2009.84375 1978.75 1964.84375 1900.3125 1908.125 2080.9375 2054.0625 1743.125 1743.75 1704.84375
2414.21875 2391.71875 2420.78125 2364.53125 2404.84375 2443.125 2401.09375 2214.6875 2112.03125 2246.09375 2070.78125 2111.25 2188.59375 2376.25 2056.5625 1943.90625 2008.4375 2292.96875 2340.3125 2251.875 2137.34375 2339.375 2282.5 2205.46875 2181.71875 2181.09375 2224.6875 2168.59375 2095.9375 2046.40625 2002.03125 2086.875 2130.9375 2180.46875 2286.875 2357.5 2370.15625 2381.875 2373.75 2290.46875 1981.71875 2027.1875 2052.03125 2257.03125 2176.40625 1892.34375 1983.125 2104.53125 1963.125 2012.5 1957.03125 1967.96875 1862.34375 1932.65625 1963.125 2030.46875 1961.25 1884.6875 1702.65625 1729.84375
2422.96875 2379.84375 2408.28125 2362.5 2399.0625 2445.625 2467.1875 2451.40625 2423.90625 2224.21875 2072.34375 2086.5625 2230.9375 2331.71875 2209.375 1980.46875 2057.34375 2204.21875 2223.125 2251.25 2162.65625 2310.9375 2241.40625 2099.53125 2149.53125 2173.28125 2257.65625 2224.375 2219.375 2168.59375 2101.71875 2132.5 2177.8125 2182.96875 2315 2326.09375 2379.375 2400.15625 2396.25 2387.5 2316.875 2114.84375 1921.71875 2045.625 2247.65625 2125.78125 1924.53125 2082.96875 2034.0625 1998.28125 1999.21875 1975.78125 1912.65625 1915.9375 1938.75 1874.21875 1917.34375 1938.125 1691.875 1721.09375
2322.5 2387.8125 2347.5 2352.65625 2442.03125 2342.96875 2299.21875 2263.4375 2367.34375 2421.875 2397.8125 2277.1875 2179.6875 2271.5625 2354.6875 2158.75 1999.6875 2123.4375 2176.5625 2241.25 2300.3125 2162.8125 2182.5 2211.5625 2212.96875 2042.1875 2104.0625 2234.21875 2240.9375 2191.5625 2216.09375 2171.875 2250.78125 2256.875 2315.9375 2167.8125 2275.3125 2397.65625 2419.375 2405.3125 2383.4375 2343.90625 2009.0625 2022.03125 2144.53125 2269.0625 1976.71875 1990.625 2006.875 1949.53125 2003.90625 2059.21875 2065.3125 2021.40625 1982.96875 1911.5625 1864.53125 1956.40625 1756.09375 1647.34375
2409.375 2416.40625 2373.4375 2432.8125 2396.25 2177.5 2215 2181.40625 2226.875 2284.6875 2333.90625 2433.75 2408.59375 2387.1875 2237.5 2195.9375 2039.84375 2019.84375 2218.75 2212.34375 2286.40625 2248.125 2270.46875 2221.40625 2275.46875 2247.34375 2147.8125 2160.15625 2213.75 2216.09375 2220.78125 2196.875 2127.1875 2232.03125 2180.46875 2078.59375 2170.9375 2388.28125 2439.6875 2437.65625 2350.3125 2382.65625 2131.71875 1954.6875 2049.375 2155.625 2233.125 2097.1875 2033.75 2029.21875 1993.90625 1954.84375 2024.375 1984.0625 2015.46875 1972.5 1901.09375 1881.40625 1813.59375 1605.625
2465.46875 2446.40625 2427.1875 2420.625 2397.65625 2262.03125 2221.25 2258.75 2237.34375 2277.8125 2254.6875 2301.09375 2218.59375 2277.65625 2408.90625 2422.34375 2207.96875 2123.75 2127.65625 2211.40625 2205.15625 2228.28125 2211.09375 2183.75 2158.4375 2194.0625 2262.03125 2096.875 2063.90625 2175.15625 2252.8125 2198.75 2153.75 2166.875 2100.15625 2119.0625 2181.09375 2272.34375 2446.25 2462.1875 2380.625 2187.03125 2294.0625 2062.65625 2000.15625 2106.5625 2078.90625 2231.25 2209.21875 2119.21875 1968.90625 1955.78125 1937.03125 1920.9375 1913.59375 1982.1875 1954.375 1825.78125 1828.28125 1668.4375
2486.71875 2423.75 2347.34375 2244.53125 2267.65625 2255.625 2282.8125 2321.5625 2303.4375 2293.59375 2225.78125 2150.3125 2191.25 2250.78125 2317.03125 2456.25 2422.1875 2211.5625 2150.46875 2176.5625 2151.09375 2170.625 2148.4375 2198.28125 2238.90625 2285.625 2224.6875 2054.6875 2015 2223.75 2319.53125 2316.40625 2309.6875 2285.3125 2243.75 2331.71875 2342.03125 2312.96875 2467.1875 2484.0625 2431.25 2068.59375 2196.09375 2365.46875 2152.03125 2008.75 1982.65625 2071.09375 2231.25 2120.9375 2107.5 2049.375 2069.6875 1961.40625 1851.5625 1880 1993.125 1881.09375 1842.65625 1650.9375
2475.625 2395.15625 2283.28125 2328.90625 2251.875 2269.53125 2315.3125 2333.90625 2264.0625 2372.96875 2195.15625 2306.71875 2207.1875 2227.34375 2305.15625 2393.125 2472.1875 2430.9375 2335.78125 2234.0625 2127.34375 2172.96875 2088.28125 2213.75 2171.40625 2260.78125 2237.8125 2056.25 2028.59375 2151.40625 2330.46875 2435.3125 2455 2342.34375 2289.0625 2379.375 2473.4375 2504.84375 2503.90625 2503.59375 2452.34375 2033.90625 2138.4375 2383.59375 2257.5 2013.90625 1955.78125 2029.0625 2046.40625 2232.03125 2150.78125 1964.375 1960.46875 2009.0625 1971.09375 1854.375 2026.40625 2035.625 1835 1729.375
2542.96875 2419.375 2288.4375 2352.1875 2342.1875 2280.3125 2332.8125 2304.53125 2265.15625 2310.3125 2386.09375 2346.875 2289.375 2217.8125 2261.09375 2241.09375 2296.71875 2404.53125 2505.3125 2324.53125 2110.3125 2088.59375 2028.125 2114.53125 2238.125 2323.28125 2335.3125 2090 1980.9375 2178.125 2340.625 2495 2461.40625 2269.21875 2253.28125 2362.1875 2397.8125 2378.75 2460.78125 2523.90625 2500.9375 2105.15625 2126.71875 2383.75 2315.78125 2032.65625 1900.9375 1954.0625 2095.3125 2030.625 2129.84375 2019.0625 1841.71875 1892.8125 1871.71875 1848.59375 2051.09375 2120.625 1900.9375 1814.0625
2496.40625 2422.1875 2403.4375 2297.65625 2306.25 2399.84375 2332.1875 2347.8125 2397.03125 2283.90625 2348.75 2419.0625 2407.34375 2286.71875 2225.78125 2182.96875 2282.34375 2345.9375 2424.84375 2524.0625 2288.125 2031.25 2093.59375 2098.28125 2292.96875 2369.0625 2377.65625 2182.8125 2127.65625 2194.21875 2321.875 2520 2444.21875 2348.28125 2403.4375 2522.1875 2428.75 2492.03125 2542.96875 2533.90625 2449.375 2031.40625 2093.90625 2374.84375 2351.875 1995.46875 1877.03125 1895 1943.125 1956.09375 2198.75 2019.21875 1874.375 1874.0625 1878.59375 1907.34375 1983.28125 2161.875 1954.21875 1840.3125
2570.15625 2542.65625 2487.65625 2386.09375 2370.78125 2463.28125 2426.875 2465 2452.96875 2402.65625 2411.09375 2449.21875 2438.125 2332.03125 2259.84375 2188.90625 2186.875 2235.3125 2329.84375 2396.09375 2495.46875 2198.4375 2141.09375 2296.40625 2200.46875 2163.4375 2291.71875 2246.5625 2105.9375 2157.5 2399.6875 2533.75 2544.21875 2479.53125 2351.40625 2558.75 2566.40625 2536.40625 2501.875 2497.03125 2412.65625 1944.0625 2006.71875 2299.84375 2390 2189.6875 1873.75 1972.03125 1937.1875 1979.0625 2165.78125 2150.3125 1958.28125 1895.625 1871.40625 1830.15625 1895.78125 2050.3125 1942.8125 1791.71875
2458.125 2404.0625 2448.75 2494.6875 2558.4375 2539.21875 2492.96875 2545.3125 2460.625 2361.40625 2373.75 2354.84375 2411.40625 2213.28125 2234.21875 2181.09375 2246.09375 2251.71875 2333.28125 2396.09375 2445.625 2497.65625 2413.90625 2314.6875 2260.9375 2195.9375 2342.1875 2377.1875 2317.1875 2134.375 2337.34375 2471.5625 2469.375 2524.21875 2497.65625 2473.90625 2576.875 2521.40625 2530.78125 2525.46875 2424.6875 2009.21875 1927.34375 2198.28125 2394.0625 2358.75 1925.15625 1845.15625 2003.28125 2020.3125 2046.5625 2222.1875 2063.90625 1991.09375 1852.5 1970.78125 1963.59375 2084.6875 1987.34375 1829.84375
2550.15625 2488.28125 2589.21875 2533.28125 2498.90625 2436.71875 2427.34375 2500.3125 2368.28125 2351.875 2427.8125 2425 2375.3125 2248.90625 2212.65625 2152.65625 2219.84375 2270.46875 2236.875 2233.59375 2252.65625 2237.96875 2284.6875 2056.5625 2267.8125 2369.21875 2519.375 2539.21875 2427.96875 2257.1875 2371.25 2529.6875 2497.34375 2441.5625 2541.09375 2559.84375 2572.5 2555 2542.65625 2529.375 2484.6875 2082.5 1907.8125 2144.375 2357.03125 2377.65625 2270.625 1858.125 1943.4375 1860.46875 1943.125 2114.0625 2162.03125 1938.125 1853.90625 1865 1912.34375 2065 1937.1875 1896.40625
2535 2581.09375 2512.5 2333.90625 2351.25 2185.46875 2302.96875 2374.375 2321.09375 2235.3125 2251.25 2229.21875 2309.0625 2266.875 2224.375 2228.90625 2231.71875 2250.78125 2277.34375 2246.25 2234.21875 2162.5 2245.9375 2159.0625 2138.125 2275.3125 2387.65625 2556.09375 2498.59375 2262.34375 2335.78125 2545.9375 2512.1875 2306.09375 2489.21875 2516.09375 2583.125 2550 2553.125 2534.375 2505.78125 2177.1875 1946.875 1942.8125 2239.53125 2346.25 2342.65625 2142.65625 1897.03125 1971.25 1959.53125 1955.15625 2004.53125 2109.21875 2055.3125 1977.34375 1890.3125 1978.125 1994.6875 1956.25
2580.78125 2540.78125 2440 2404.375 2314.0625 2232.5 2331.5625 2342.1875 2287.96875 2345.46875 2267.8125 2241.71875 2326.5625 2253.125 2312.1875 2312.96875 2260.46875 2202.03125 2263.28125 2329.0625 2355 2354.53125 2313.75 2255.15625 2288.125 2345.9375 2300.9375 2329.375 2237.34375 2483.28125 2317.03125 2401.25 2550.78125 2491.5625 2359.0625 2468.28125 2617.65625 2578.90625 2576.25 2568.4375 2520.3125 2093.75 1794.6875 1937.03125 2116.875 2267.5 2278.75 2260.3125 1908.75 1884.0625 1934.6875 1995.3125 2056.25 1952.8125 2030.3125 2101.71875 1958.28125 1873.125 1915 1906.875
2494.375 2489.21875 2584.53125 2532.8125 2500.78125 2515.625 2522.03125 2503.90625 2432.1875 2461.25 2365.3125 2304.84375 2350.9375 2274.375 2366.09375 2214.0625 2252.34375 2246.25 2178.59375 2172.96875 2167.34375 2250 2311.875 2353.59375 2481.875 2462.34375 2317.65625 2349.84375 2345.9375 2359.0625 2179.84375 2351.09375 2245.9375 2418.28125 2492.65625 2551.09375 2579.84375 2488.125 2494.53125 2526.40625 2502.96875 2306.09375 1790.15625 1881.09375 2065 1992.1875 2178.4375 2296.875 2078.75 1943.59375 1882.65625 1983.59375 1873.28125 1888.75 1870.625 2088.125 2002.5 1830.78125 1823.4375 1913.28125
2423.28125 2442.65625 2466.25 2474.21875 2446.875 2377.5 2407.8125 2435.15625 2450.9375 2411.40625 2469.84375 2441.25 2417.65625 2411.25 2379.21875 2337.03125 2345.46875 2335.46875 2256.71875 2178.59375 2150.15625 2156.5625 2230.78125 2262.8125 2239.6875 2452.96875 2462.5 2323.125 2252.03125 2109.6875 2174.6875 2216.09375 2078.125 2077.1875 2128.4375 2194.21875 2292.03125 2459.84375 2525.78125 2427.5 2282.65625 2299.53125 2287.1875 2090.625 2037.03125 1986.875 2118.28125 2319.6875 2217.96875 2195.625 1959.84375 1899.21875 1917.65625 2035.78125 1881.875 1947.5 2042.34375 1994.53125 1934.375 1890
