Cases/SDM_Urocitellus_beldingi/westernUsClimate_hadley2080a2/BIO04.asc
NCOLS 315 
NROWS 297 
XLLCORNER -124.741664802 
YLLCORNER 29.2083311801598 
CELLSIZE 0.066666670143822 
NODATA_value -3.4e+38 
[rows 108 to 134 of 297, columns 59 to 117 of 315]
178500 177796.875 176937.5 174781.25 176359.375 176125 172281.25 163375 162546.875 168953.125 170734.375 166156.25 163171.875 162703.125 164890.625 165937.5 166687.5 164828.125 167171.875 168562.5 168937.5 169312.5 168687.5 170546.875 171484.375 176265.625 175500 176296.875 175468.75 178250 177156.25 174390.625 169531.25 174781.25 175343.75 172546.875 170781.25 174218.75 178546.875 177703.125 169203.125 171125 175125 175890.625 177703.125 178421.875 178453.125 176875 170078.125 168656.25 170593.75 172921.875 170437.5 171906.25 173578.125 174734.375 175328.125 175984.375 176000
178953.125 178468.75 179250 177468.75 177156.25 177046.875 173265.625 161984.375 161734.375 170562.5 169703.125 164671.875 163125 163187.5 165625 165796.875 164109.375 166406.25 168140.625 167484.375 169046.875 169765.625 169171.875 168390.625 171453.125 170671.875 171500 171750 177625 176093.75 171375 165875 168406.25 174062.5 175046.875 174312.5 172375 173015.625 178125 178718.75 174656.25 174906.25 176234.375 176890.625 177140.625 176937.5 175921.875 170859.375 164328.125 169703.125 171750 169859.375 171562.5 173093.75 173359.375 173765.625 174796.875 175015.625 175640.625
180812.5 180281.25 181921.875 180421.875 178062.5 176656.25 172375 162343.75 164187.5 169000 167562.5 164703.125 163953.125 162828.125 165796.875 166109.375 165968.75 167921.875 168609.375 167609.375 168812.5 167796.875 167921.875 169734.375 170796.875 170593.75 168812.5 172968.75 175234.375 172671.875 165250 164328.125 170625 173390.625 174281.25 175015.625 175000 173796.875 176984.375 177781.25 176609.375 172093.75 175765.625 176343.75 175875 175531.25 172109.375 167109.375 166515.625 166687.5 168046.875 174421.875 173453.125 173265.625 173656.25 173828.125 174718.75 174671.875 174921.875
181843.75 181625 182500 183125 182000 179484.375 172828.125 163781.25 162328.125 166281.25 167312.5 166484.375 164718.75 162484.375 165500 166656.25 166937.5 167187.5 167906.25 167343.75 167515.625 170531.25 169703.125 168859.375 170140.625 171484.375 170703.125 168828.125 170187.5 173203.125 168953.125 171812.5 169937.5 172328.125 173750 174750 175718.75 174250 176203.125 177156.25 177000 173671.875 175484.375 175968.75 175125 174359.375 168359.375 166437.5 175250 176500 172437.5 176343.75 174171.875 172062.5 173953.125 174218.75 174750 174968.75 174859.375
185875 185453.125 186859.375 190703.125 189125 184203.125 173156.25 163062.5 164343.75 166296.875 167765.625 168000 166406.25 161921.875 165562.5 166765.625 167187.5 165281.25 165218.75 167593.75 170125 171515.625 171328.125 169609.375 169109.375 171234.375 170156.25 162968.75 167031.25 172062.5 170937.5 170046.875 170750 171890.625 173312.5 173609.375 175390.625 175625 176750 177000 177000 174765.625 176203.125 176093.75 175390.625 174906.25 168796.875 166468.75 177250 178984.375 178515.625 175843.75 173312.5 174187.5 175671.875 175953.125 175703.125 174593.75 173984.375
189234.375 190750 190578.125 191796.875 189859.375 182515.625 174515.625 167234.375 161984.375 166156.25 169015.625 169546.875 167515.625 164609.375 165953.125 166375 167500 165906.25 167296.875 168796.875 170187.5 170640.625 170046.875 170093.75 172265.625 173640.625 169562.5 164375 169625 171906.25 171281.25 170734.375 171250 172296.875 173328.125 171968.75 174562.5 175468.75 176531.25 176968.75 177000 176640.625 177000 176546.875 176109.375 174375 164218.75 171187.5 177546.875 178875 178875 178109.375 177171.875 177406.25 177406.25 177265.625 174093.75 171750 172593.75
184125 188703.125 187703.125 189125 187375 181109.375 173156.25 165156.25 155921.875 162343.75 170734.375 171187.5 167218.75 164453.125 166421.875 166734.375 167125 167765.625 167500 168484.375 169671.875 170578.125 169109.375 173203.125 174796.875 170031.25 169265.625 167343.75 171625 172437.5 171656.25 171984.375 172296.875 172890.625 172125 168203.125 171093.75 173921.875 176015.625 176968.75 177000 176828.125 176515.625 177234.375 176968.75 175578.125 170140.625 172859.375 177703.125 178375 176328.125 177265.625 178250 178156.25 177562.5 176015.625 170953.125 166046.875 168093.75
174000 180921.875 182484.375 185656.25 187484.375 181078.125 173515.625 167765.625 159187.5 158312.5 171812.5 172593.75 167640.625 162640.625 164046.875 164625 167796.875 167421.875 167109.375 167140.625 168234.375 169718.75 172218.75 173562.5 174812.5 170031.25 166968.75 171281.25 172656.25 173015.625 172515.625 172875 173031.25 173375 170671.875 165109.375 166453.125 174578.125 176625 177093.75 177750 176187.5 174593.75 177843.75 177625 174062.5 176015.625 177484.375 178093.75 178265.625 175828.125 176328.125 177890.625 176703.125 174171.875 174453.125 169734.375 161921.875 162562.5
169140.625 174125 178890.625 183796.875 186812.5 182500 176468.75 174156.25 165546.875 158765.625 167031.25 174437.5 170859.375 163718.75 166484.375 167937.5 168187.5 167593.75 169203.125 170468.75 170671.875 169500 172171.875 170906.25 174656.25 174265.625 169562.5 172500 173703.125 174046.875 173796.875 173796.875 173968.75 171093.75 169171.875 170140.625 172171.875 176140.625 177000 177593.75 177921.875 176015.625 174843.75 178453.125 178421.875 172015.625 176296.875 178250 178421.875 177640.625 173062.5 176453.125 173531.25 173390.625 175312.5 175343.75 172031.25 165031.25 159203.125
172562.5 172468.75 176046.875 174703.125 181921.875 177812.5 179171.875 172078.125 164156.25 160312.5 165187.5 173968.75 173593.75 167843.75 170468.75 168531.25 167000 168609.375 170015.625 170843.75 169125 169203.125 170984.375 167000 172937.5 175921.875 174843.75 173468.75 174968.75 174921.875 174875 174921.875 174562.5 168937.5 172390.625 175015.625 176234.375 176968.75 177234.375 178000 178281.25 175859.375 174578.125 179218.75 179406.25 172578.125 176843.75 178843.75 178671.875 176390.625 172984.375 173531.25 164906.25 173265.625 176500 176187.5 174437.5 171718.75 173031.25
180750 179625 177406.25 173359.375 174531.25 175562.5 177546.875 170750 166406.25 158968.75 165906.25 169031.25 170718.75 174156.25 172750 168671.875 168453.125 168968.75 169984.375 169671.875 165390.625 169937.5 169265.625 165812.5 173343.75 176218.75 176500 175046.875 175640.625 175968.75 175828.125 175765.625 174828.125 171843.75 173437.5 175875 176812.5 177125 177890.625 178562.5 179015.625 178437.5 178390.625 180687.5 180937.5 178046.875 178781.25 179265.625 178953.125 177281.25 175984.375 170625 172062.5 176625 177609.375 177640.625 177375 176765.625 171593.75
176000 180437.5 180546.875 178421.875 180875 179687.5 174125 173515.625 171062.5 169531.25 169796.875 172156.25 173078.125 175593.75 174421.875 172562.5 172062.5 170546.875 166515.625 166453.125 168984.375 171859.375 172375 169453.125 173500 176968.75 176953.125 174312.5 176296.875 176890.625 176687.5 175937.5 174500 172953.125 172000 175437.5 176781.25 176953.125 178640.625 179093.75 178921.875 178484.375 179515.625 180781.25 180062.5 176953.125 180546.875 179828.125 178640.625 177750 174015.625 175250 177406.25 177921.875 178000 178000 177812.5 176765.625 171281.25
174468.75 174625 176765.625 182593.75 183859.375 176234.375 171218.75 174500 177718.75 173515.625 171109.375 169671.875 173078.125 175062.5 174812.5 174968.75 174359.375 171593.75 168218.75 166937.5 172437.5 175390.625 176437.5 173625 175515.625 177750 177781.25 176640.625 177281.25 177531.25 177781.25 177343.75 175734.375 174546.875 174875 175453.125 178500 178796.875 179265.625 179812.5 177531.25 178093.75 180921.875 181312.5 182578.125 180906.25 181359.375 177156.25 175531.25 177375 175921.875 176250 177265.625 178000 178000 178015.625 178078.125 176968.75 170984.375
177968.75 180484.375 181640.625 184437.5 184562.5 179187.5 179203.125 181625 179953.125 178125 173046.875 169968.75 169562.5 170703.125 172093.75 174125 171718.75 170843.75 170828.125 169234.375 172671.875 176906.25 177890.625 177390.625 177921.875 178046.875 178078.125 178062.5 178062.5 178000 178265.625 178125 176937.5 177093.75 177093.75 177468.75 179250 179171.875 179765.625 179296.875 179750 181328.125 182281.25 183125 184703.125 184640.625 177828.125 165890.625 169453.125 175921.875 175328.125 174562.5 177000 178140.625 178437.5 178718.75 178953.125 178203.125 176890.625
178234.375 182093.75 182390.625 184093.75 184890.625 185296.875 184687.5 182734.375 180906.25 178859.375 176078.125 172718.75 170203.125 170921.875 171609.375 173828.125 170203.125 170437.5 174171.875 172921.875 166093.75 174968.75 178062.5 178437.5 178859.375 178953.125 178906.25 178921.875 178281.25 178437.5 178437.5 176718.75 175062.5 176187.5 174937.5 178750 179906.25 179187.5 176750 171218.75 177812.5 181421.875 181718.75 177328.125 181078.125 184437.5 175390.625 164125 165687.5 174359.375 174843.75 177421.875 178296.875 178359.375 178859.375 179000 179031.25 178984.375 176734.375
173312.5 179312.5 173468.75 176125 177375 176390.625 182343.75 181187.5 175328.125 172437.5 175718.75 175031.25 174093.75 174390.625 175250 173000 170468.75 170078.125 173765.625 177656.25 168296.875 171359.375 177468.75 178843.75 178968.75 178875 178078.125 177859.375 178046.875 178687.5 178218.75 177031.25 175546.875 176015.625 174890.625 176765.625 179968.75 179906.25 177203.125 175562.5 179843.75 181625 179203.125 172250 178796.875 183875 180171.875 170296.875 165765.625 173328.125 177468.75 174093.75 171828.125 174515.625 177046.875 178875 179390.625 179765.625 176406.25
177906.25 181656.25 173281.25 173062.5 182921.875 178781.25 181296.875 180390.625 172968.75 173703.125 178515.625 175203.125 173562.5 174312.5 177062.5 174796.875 171312.5 172390.625 177671.875 179187.5 178234.375 175234.375 178687.5 178140.625 178656.25 176421.875 175234.375 177515.625 175468.75 178140.625 176781.25 178187.5 177843.75 175203.125 175218.75 178531.25 181296.875 181875 180562.5 180453.125 180859.375 181125 180765.625 178515.625 175812.5 182812.5 182390.625 175578.125 169578.125 177312.5 175093.75 172015.625 175140.625 174828.125 171750 172484.375 178875 180046.875 180093.75
180781.25 181234.375 176859.375 175578.125 182968.75 182562.5 178921.875 179968.75 180359.375 177218.75 177921.875 177671.875 177343.75 174937.5 177265.625 178890.625 177765.625 178140.625 179593.75 179203.125 179125 179640.625 178468.75 175046.875 177593.75 174875 175687.5 175406.25 176609.375 177968.75 177140.625 178375 179187.5 177328.125 173687.5 177359.375 183046.875 183421.875 182468.75 180406.25 180140.625 181468.75 181828.125 178203.125 173515.625 181750 182250 179781.25 173937.5 176453.125 172468.75 174515.625 177109.375 171703.125 161359.375 160875 174265.625 180468.75 181000
178984.375 175734.375 180656.25 180656.25 177875 182812.5 182687.5 182984.375 182578.125 180343.75 177109.375 177828.125 179468.75 177562.5 177921.875 179937.5 180000 179968.75 179140.625 177015.625 179437.5 179875 177187.5 174796.875 177203.125 176515.625 175359.375 173000 177000 176250 171171.875 176046.875 177593.75 178312.5 180171.875 179640.625 184546.875 185265.625 180843.75 169250 176234.375 181968.75 179109.375 170687.5 172968.75 179921.875 181015.625 180859.375 176218.75 171578.125 161734.375 174593.75 178140.625 171500 165375 165125 175812.5 179828.125 180500
170125 169984.375 175906.25 180046.875 180562.5 182750 182546.875 182859.375 182046.875 180796.875 179000 177687.5 175703.125 178046.875 179703.125 180000 180000 179593.75 173546.875 175953.125 179359.375 178671.875 175656.25 174453.125 177953.125 178312.5 177921.875 175687.5 178328.125 172859.375 173671.875 180109.375 181406.25 179687.5 181593.75 182546.875 184375 187109.375 179359.375 165984.375 179343.75 183578.125 180390.625 172359.375 175156.25 172015.625 175640.625 179296.875 178765.625 168484.375 170312.5 178218.75 179609.375 178421.875 176843.75 175609.375 179765.625 179968.75 179250
171843.75 178593.75 181218.75 180359.375 181578.125 183265.625 178390.625 180593.75 181125 179812.5 177531.25 176671.875 175421.875 176140.625 179734.375 180000 179859.375 177890.625 171890.625 175984.375 179156.25 177656.25 175875 173750 178703.125 179468.75 179968.75 179812.5 180968.75 177578.125 179921.875 182265.625 181875 179203.125 178171.875 182046.875 185453.125 187921.875 180171.875 167000 181046.875 185062.5 185187.5 182859.375 176968.75 168140.625 177156.25 180812.5 178312.5 163578.125 175984.375 180671.875 180171.875 178968.75 178843.75 179187.5 178984.375 176812.5 166093.75
177390.625 178656.25 182968.75 182750 183078.125 183656.25 183109.375 183359.375 182265.625 177546.875 170468.75 173953.125 176109.375 175484.375 178781.25 179718.75 179015.625 173812.5 170734.375 176656.25 179406.25 178250 176500 175453.125 179546.875 180734.375 179328.125 179765.625 182734.375 180984.375 182812.5 182171.875 179953.125 174296.875 176734.375 182406.25 186078.125 187750 180796.875 167515.625 181062.5 186390.625 186421.875 185796.875 181281.25 170812.5 179937.5 183468.75 173031.25 161406.25 178875 181000 180140.625 175375 178328.125 179125 177531.25 170234.375 154843.75
167390.625 164109.375 167296.875 178093.75 182843.75 183578.125 184109.375 184000 183250 180812.5 177765.625 177578.125 176515.625 176640.625 177234.375 179000 178359.375 176796.875 175421.875 176390.625 177843.75 178437.5 180109.375 179000 179968.75 180000 179593.75 183234.375 183984.375 183421.875 181750 180375 179078.125 177343.75 181218.75 184906.25 186546.875 185921.875 182171.875 174890.625 179390.625 186328.125 187031.25 186500 178656.25 171156.25 179843.75 182453.125 173765.625 170515.625 179328.125 179140.625 172578.125 170156.25 177390.625 178437.5 174093.75 163734.375 157734.375
172812.5 170375 168437.5 168234.375 174031.25 183671.875 184875 184078.125 183296.875 182343.75 181000 180031.25 178718.75 176656.25 176750 176875 176203.125 177437.5 178484.375 175578.125 173140.625 179906.25 181656.25 179359.375 177359.375 176453.125 176625 184203.125 184421.875 183765.625 179125 177140.625 181828.125 183531.25 184828.125 185328.125 185562.5 181906.25 180390.625 178593.75 174750 186375 187687.5 186984.375 179718.75 175750 184640.625 181046.875 173875 181546.875 177281.25 170343.75 170203.125 168718.75 172609.375 177343.75 170062.5 161250 164140.625
176125 161937.5 172812.5 174484.375 170375 173406.25 182687.5 184250 183375 182109.375 180671.875 179531.25 178875 178078.125 177546.875 176171.875 177390.625 178359.375 178968.75 177578.125 171609.375 180625 182187.5 176312.5 175640.625 176328.125 181718.75 184625 184968.75 184062.5 180781.25 178953.125 182625 184921.875 185109.375 184921.875 183062.5 180968.75 184687.5 181843.75 181625 187218.75 187609.375 186937.5 180250 180765.625 186062.5 184765.625 182000 184328.125 169812.5 163000 166734.375 172468.75 176656.25 177250 167875 160671.875 168593.75
177968.75 165484.375 174625 170703.125 173640.625 172234.375 173734.375 173296.875 177859.375 181250 179437.5 178531.25 178281.25 177796.875 175968.75 173359.375 177140.625 177984.375 178609.375 178375 172765.625 180921.875 181953.125 176687.5 178390.625 176921.875 182140.625 184687.5 185015.625 184062.5 179687.5 180859.375 185359.375 185796.875 186218.75 185859.375 183843.75 183437.5 186281.25 186187.5 186828.125 187000 186687.5 184765.625 176781.25 184921.875 187093.75 188078.125 187046.875 181781.25 172046.875 171281.25 172062.5 174578.125 177609.375 174421.875 160125 164171.875 170921.875
177890.625 182140.625 174578.125 172078.125 173046.875 171875 169843.75 168000 171406.25 176218.75 178562.5 174375 172171.875 173843.75 169421.875 166640.625 172875 177328.125 178265.625 179531.25 176937.5 182093.75 183031.25 177093.75 180093.75 178265.625 181750 184656.25 185093.75 184593.75 181015.625 183906.25 186828.125 187109.375 186906.25 185296.875 182843.75 186062.5 186812.5 186218.75 186234.375 184484.375 178312.5 177859.375 178234.375 188828.125 188953.125 188171.875 180812.5 173187.5 179078.125 178875 178125 177656.25 176031.25 167562.5 164500 172109.375 168296.875
