Cases/SDM_Urocitellus_beldingi/westernUsClimate_hadley2080a2/BIO03.asc
NCOLS 315 
NROWS 297 
XLLCORNER -124.741664802 
YLLCORNER 29.2083311801598 
CELLSIZE 0.066666670143822 
NODATA_value -3.4e+38 
[rows 180 to 209 of 297, columns 207 to 275 of 315]
34.09375 34.09375 34 34 33.984375 33.859375 33.6875 33.609375 33.796875 33.671875 33.375 33.890625 34.140625 34.984375 35.78125 36.171875 36.734375 36.390625 37.0625 37.3125 37.1875 37.09375 37.609375 37.96875 38 38.0625 38.625 39 39.375 39.984375 40 40 40 39.796875 39.265625 39.078125 38.8125 38.25 38.296875 38.71875 38.890625 39.0625 39.484375 39.625 39.984375 40 40.34375 40.84375 40.9375 41.0625 41.15625 41.328125 41.5 42.359375 42.96875 43.03125 43.796875 44 44.234375 44.46875 44.734375 44.09375 44.015625 44 43.953125 43.59375 43.71875 42.203125 42.453125
34 34.015625 34.03125 34 34 34.03125 33.953125 34.15625 33.921875 34 34 34 34.1875 34.953125 35.4375 35.921875 36.125 36.75 37 37.078125 37.265625 37.3125 37.171875 37.53125 37.828125 37.9375 38.265625 38.71875 39.015625 39.953125 40 40.078125 40.203125 40.171875 40.078125 39.75 39.359375 38.703125 39.015625 38.921875 39 39.03125 39.015625 39.03125 39.671875 39.890625 39.953125 39.921875 40.0625 40.484375 40.71875 40.9375 41.125 41.828125 42.4375 43 43.71875 44 44.09375 44.78125 44.484375 44.15625 44.015625 44 44 44 43.515625 42.453125 42.53125
34 34 34.015625 34.25 34.453125 34.671875 34.328125 34.34375 34 34 34 34.109375 34.65625 34.984375 35.59375 35.984375 36.40625 37 37.0625 37 37.046875 37.953125 37.90625 37.984375 37.78125 37.09375 37.0625 37.265625 38.59375 39.65625 40 40.203125 40.734375 40.875 40.859375 40.25 39.96875 39.90625 39.875 39.171875 38.984375 39 39 39.0625 39.328125 39.03125 39.1875 39.109375 39.4375 39.59375 39.859375 40.34375 40.953125 41.53125 42.21875 42.96875 43.28125 43.953125 44.015625 44.046875 44.03125 44.078125 44.03125 44 44 44 43.6875 42.53125 42.6875
34.421875 34.15625 34.234375 34.84375 34.984375 35 35 34.875 34.140625 34.1875 34.53125 34.890625 35 35.390625 36 36.0625 36.671875 37 37.046875 37.53125 37.4375 37.484375 37.890625 38 37.90625 37.140625 37 37.4375 38.578125 39.640625 40 40.09375 40.609375 41 41 40.96875 40.640625 40.65625 40.140625 39.25 39 38.9375 39 39 39 39 39 39 39 39.125 39.734375 40.265625 40.796875 41.25 42.3125 42.953125 43 43.40625 44 44 44 44.015625 44 44 43.984375 43.96875 43.984375 43.484375 43.21875
34.96875 34.828125 34.921875 35 35 35 35 35 34.859375 34.9375 35 35.015625 35.28125 35.84375 36 36.5 37 37 37.03125 37.8125 37.859375 37.78125 37.53125 37.9375 37.875 37.40625 37.59375 38.203125 39.0625 39.359375 40 39.984375 40.15625 40.96875 41 41 40.6875 40.1875 40.28125 39.515625 39.234375 39.03125 39.03125 39.0625 39 39 39 39 39 39.1875 39.859375 40.09375 40.6875 41.078125 41.921875 42.515625 43 43.140625 43.84375 44 44 44 43.984375 43.9375 43.921875 43.90625 44 43.796875 43.375
35.140625 35.09375 35 35.015625 35 35 35.03125 35.109375 35.53125 35.6875 35.4375 35.59375 35.9375 36 36.03125 36.84375 37 37 37.21875 37.9375 38 37.953125 37.953125 37.90625 37.90625 37.65625 38.25 38.9375 39 39.1875 39.984375 40 40.09375 40.765625 40.84375 40.515625 40.71875 40.0625 39.640625 39.0625 38.9375 38.90625 39 39 39 38.953125 38.921875 38.890625 39 39.046875 39.421875 40 40.421875 41.015625 41.84375 42.234375 42.921875 43.015625 43.328125 43.796875 43.90625 43.96875 43.546875 43.453125 43.375 43.453125 43.890625 44 43.734375
35.96875 35.765625 35.390625 35.421875 35.421875 35.4375 35.453125 35.71875 35.84375 35.984375 36 36 36 36.234375 36.59375 36.984375 37 37.21875 37.8125 37.953125 38.03125 38.046875 38.0625 38.09375 37.5625 37.6875 38.28125 38.703125 38.984375 39.03125 39.65625 40 40.140625 40.1875 40.703125 40.921875 40.140625 40 39.234375 39 39 39 39 38.6875 38.578125 38.765625 38.21875 38.609375 39 39 39.296875 39.953125 40.0625 40.9375 41.421875 42 42.484375 43 43.03125 43.625 43.953125 43.765625 43.453125 43.046875 43 43.03125 43.34375 44 43.6875
36 35.9375 35.875 35.96875 35.96875 35.984375 35.984375 36 36 36 36.171875 36.34375 36.53125 36.921875 36.984375 37 37 37.71875 38 38.046875 38.109375 38.640625 38.796875 38.734375 38.109375 37.765625 37.96875 38.03125 38.296875 38.265625 39.203125 39.984375 40 40.125 40.3125 40.875 40.53125 40.0625 39.359375 39 39 39 38.96875 38.859375 38.109375 38.125 38 38.265625 38.984375 38.984375 39.125 39.875 40.078125 40.859375 41.328125 41.9375 42.375 42.984375 43.015625 43.796875 44 43.453125 43.515625 43.1875 43.015625 43.171875 43.296875 44 44
36 36 36.03125 36.046875 36.0625 36.046875 36.0625 36.171875 36.265625 36.71875 36.9375 36.984375 36.984375 36.984375 37 37.0625 37.59375 37.921875 38 38.234375 38.671875 38.9375 38.890625 38.578125 38.46875 38.03125 38 38 38.078125 38.484375 39.28125 39.921875 40 40.203125 40.671875 40.875 40.71875 40.03125 39.84375 39.171875 39 39 39 38.953125 38.453125 38.015625 38 38.1875 38.90625 38.875 39.0625 39.71875 40 40.59375 41.0625 41.890625 42.359375 43 43.0625 43.828125 44 43.8125 44.015625 43.640625 43.671875 43.328125 43.21875 43.390625 43.96875
36.03125 36.40625 36.765625 36.8125 36.796875 36.78125 36.765625 36.953125 37 37 37 37 37.015625 37.09375 37.265625 37.140625 37.5625 38 38.140625 38.828125 39 39 38.9375 38.421875 38.0625 38.0625 38.03125 38.09375 38.296875 38.9375 39.546875 39.984375 40.125 40.578125 40.921875 40.953125 40.9375 40.578125 40.015625 39.9375 39.453125 39.109375 39.046875 38.984375 38.546875 38.09375 38 38.296875 38.78125 38.9375 39.0625 39.65625 40.03125 40.875 41.140625 41.953125 42.25 42.984375 43 43.75 43.96875 43.328125 43.734375 43.5625 43.703125 43.984375 43.09375 43.4375 43.796875
36.84375 37 37 37 36.984375 37 37 37 37.046875 37.109375 37.296875 37.484375 37.640625 37.4375 37.546875 37.78125 37.796875 38.15625 38.65625 39 39 39.015625 38.984375 38.734375 38.484375 38.453125 38.59375 38.84375 38.984375 39 39.546875 40 40.3125 41 40.984375 41 41 40.859375 40.53125 40.109375 40.03125 40 39.890625 39.359375 38.953125 38.359375 38.015625 38.28125 38.65625 38.921875 39.03125 39.78125 40.046875 40.828125 41.03125 41.78125 42.09375 42.859375 43 43.703125 43.75 43.734375 44.296875 44.140625 43.046875 42.59375 42.015625 42.140625 42.53125
37 37 37 37 37.03125 37.0625 37.34375 37.59375 37.875 37.96875 37.96875 38 37.953125 37.96875 38 38.046875 38.015625 38.796875 39 39.0625 39.3125 39.109375 39 39 38.984375 39 39 39 39 39 39.5 40.109375 40.765625 41 41 41 41 41 41 40.71875 40.5 40.359375 40.25 40.03125 39.71875 39.21875 38.90625 38.90625 38.921875 39 39.015625 39.8125 40.09375 40.9375 41.0625 41.921875 42.25 42.953125 43 43.65625 43.984375 44.125 44.578125 44.71875 44.4375 42.328125 41.890625 41.40625 41.71875
37.03125 37.0625 37.1875 37.3125 37.6875 37.9375 38 38 38 38 38 38.03125 38.078125 38.203125 38.359375 38.625 38.421875 39 39.078125 39.40625 39.953125 39.671875 39.0625 39.0625 39 39.015625 39.109375 39.3125 39.296875 39.375 39.71875 40.03125 40.734375 41 41 41.015625 41.015625 41 41 41 40.9375 40.921875 40.78125 40.609375 40.40625 40.171875 39.984375 39.75 39.625 39.390625 39.578125 39.9375 40.453125 41 41.15625 41.953125 42.25 42.984375 43.265625 43.90625 44.46875 44.65625 44.75 44.09375 43.21875 42.796875 43.390625 42.546875 42.421875
37.71875 37.9375 37.953125 37.984375 38 38 38 38.140625 38.390625 38.484375 38.6875 38.921875 38.921875 38.78125 38.890625 38.953125 39.015625 39.140625 39.78125 39.984375 40 40 39.703125 39.59375 39.265625 39.34375 39.734375 39.890625 39.953125 39.890625 40 40.03125 40.53125 41 41.015625 41.234375 41.234375 41.03125 41.078125 41.0625 41 41.015625 41.015625 41.046875 41.03125 41 40.875 40.515625 40.25 40.109375 40.15625 40.484375 41 41.078125 41.859375 42 42.625 43 43.4375 43.8125 44.4375 43.328125 44.25 44.84375 44.5625 44.375 44.140625 43.828125 43.484375
37.984375 38 38 38 38.046875 38.203125 38.390625 38.890625 38.890625 38.984375 39 39.03125 39.078125 39.015625 39 39.015625 39.171875 39.75 39.953125 40 40 40 40 40 39.9375 39.890625 40 40 40.046875 40.1875 40 40 40.859375 41.078125 41.46875 41.859375 41.84375 41.8125 41.484375 41.90625 41.453125 41.75 41.890625 41.828125 41.625 41.609375 41.390625 41.046875 40.984375 40.984375 41 41 41.09375 41.671875 42 42.015625 42.734375 43 43.390625 43.703125 44.40625 44.40625 44.5625 44.890625 45 44.359375 44.140625 43.9375 43.765625
38 38.015625 38.03125 38.09375 38.265625 38.859375 39 39 39.015625 39.015625 39.3125 39.578125 39.453125 39.25 39.078125 39.015625 39.265625 39.921875 40 40 40 40.015625 40 39.78125 39.9375 39.984375 40 40.140625 40.84375 40.9375 40.765625 40.34375 40.875 41.328125 41.984375 42 42 42 41.984375 42 41.984375 42 42 42 42 41.96875 41.75 41.65625 41.59375 41.625 41.625 41.734375 41.875 42 42 42.046875 42.296875 42.984375 43.078125 43.34375 44.296875 45.28125 45.796875 45.28125 45 44.6875 44.046875 43.984375 43.9375
38.140625 38.171875 38.40625 38.75 38.96875 39 39 39 39.203125 39.8125 39.96875 39.984375 39.546875 39.15625 39.203125 39 39.28125 39.953125 40 40 40 40 40 40 40 40 40.203125 40.765625 41.015625 41 41.046875 41.109375 41.3125 41.765625 42 42 42 42 42 42 42 42 42 42 42 42 42 41.9375 41.71875 41.828125 42 42 42 42 42 42.046875 42.390625 43.015625 43.140625 43.171875 44.171875 45.34375 45.59375 45.15625 44.90625 44.53125 44.046875 44 43.828125
38.3125 38.421875 38.875 38.984375 39 39 39.015625 39.09375 39.625 39.984375 40 40.015625 39.9375 39.3125 39.140625 39.171875 39.234375 39.890625 40 40 40 40.015625 40 40 40 40.265625 40.75 41 41.546875 41.15625 41.703125 41.96875 42 42.015625 42.03125 42.296875 42.109375 42.15625 42 42 42 42.03125 42.078125 42.03125 42.0625 42 42 42 42 42 42 42 42.015625 42 42 42 42.40625 42.96875 43.078125 43.25 44.21875 45 44.734375 44.953125 44.40625 44.234375 44.046875 43.984375 42.921875
38.75 39 39 39 39 39 39.15625 39.5 40 40 40 40 40 39.921875 39.765625 39.65625 39.40625 39.234375 39.5 39.859375 39.9375 40 40 40.125 40.625 40.859375 40.953125 41.578125 42 41.734375 42.015625 42.09375 42.4375 42.421875 42.6875 42.78125 42.75 42.703125 42.625 42.59375 42.640625 42.34375 42.328125 42.15625 42.234375 42.171875 42.078125 42 42.078125 42.09375 42.21875 42.265625 42.28125 42.46875 42.25 42.234375 42.28125 42.984375 43.015625 43.015625 43.65625 44.875 44.046875 43.96875 44.0625 44.15625 43.9375 43.0625 42.09375
38.9375 38.984375 39 39 39 39.015625 39.15625 39.90625 40 40 40 40 40 40 39.796875 39.859375 39.3125 39.03125 39.171875 39.890625 40 40 40.015625 40.515625 40.9375 41 41.09375 41.828125 42 42.03125 42.3125 42.765625 42.984375 42.96875 43 43 43 43 42.890625 42.921875 42.859375 42.8125 42.890625 42.921875 42.96875 42.90625 42.671875 42.40625 42.546875 42.734375 42.78125 42.84375 42.9375 42.953125 42.796875 42.828125 42.765625 43 43 43 43.28125 44.703125 43.59375 43.359375 43.078125 43.59375 42.9375 42 41.671875
38.984375 39 39 39 39 39.03125 39.5 39.953125 40 40 40 40 40 40 39.890625 39.84375 39.25 39.015625 39.5625 39.5 39.828125 40 40.1875 40.90625 41 41 41.609375 42.046875 42.359375 42.796875 42.96875 43 43 43 43 43.015625 43 43 42.96875 42.9375 42.921875 42.6875 42.9375 43 43 42.984375 42.921875 42.953125 42.984375 43 43 43 43 43 43 42.96875 43 43 43 43 43 43.375 43.03125 43 43 42.796875 42.078125 42 42.046875
39 39 39 39 39.03125 39.5625 39.828125 40 40 40 40 40 40 40 40 40 39.828125 39.390625 39.046875 39.03125 39.84375 40 40.4375 41 41 41.375 41.96875 42.40625 42.953125 42.984375 43 43 43.078125 43.234375 43.46875 43.609375 43.28125 43.046875 43.015625 43 43 42.953125 42.984375 42.984375 43 43 43 43 43 43 43 43 43 43.0625 43.25 43.140625 43 43 43 43 43 43 43 42.953125 42.890625 42.40625 42.03125 42.125 42.359375
39 39 39 39 39.21875 39.546875 39.984375 40 40 40 40 40 40 40 40 40 40 39.234375 39.0625 39.375 39.984375 40.09375 40.671875 41 41.0625 41.828125 42.046875 42.8125 43 43 43 43.25 43.8125 43.9375 43.96875 44 44 43.921875 43.578125 43 43 43 43 43 43 43 43 43 43.015625 43 43 43.03125 43.34375 43.875 43.8125 43.125 43 43 43.078125 43 43 42.984375 42.765625 42.453125 42.296875 42.046875 42 42.09375 42.3125
39 39 39 39.046875 39.390625 39.671875 40 40 40 40 40 40 40 40 40 40 40 39.921875 39.8125 39.984375 40.03125 40.46875 40.96875 41 41.484375 41.984375 42.0625 42.890625 43 43 43.046875 43.625 44 44 44 43.9375 43.890625 43.9375 43.90625 43.484375 43.046875 43 43 43.03125 43 43.015625 43.03125 43.03125 43.21875 43.140625 43.15625 43.484375 43.984375 44 43.96875 43.4375 43 43 43 43 42.984375 42.859375 42.46875 42.078125 42 42 42 42 42
39 39.015625 39.03125 39.03125 39.3125 39.921875 40 40 40 40 40 40 40 40.09375 40 40 40 40 40.015625 40.109375 40.515625 40.984375 41 41.125 41.828125 42 42.375 42.921875 43 43.015625 43.609375 43.984375 44 44 44 43.5625 43.796875 43.609375 43.765625 43.5 43.4375 43.171875 43.140625 43.625 43.40625 43.484375 43.546875 43.6875 43.6875 43.71875 43.875 44 44 44 43.8125 43.125 43 43 43 43 42.9375 42.875 42.140625 42.015625 42 42 42 42 42
39.09375 39.078125 39.265625 39.25 39.359375 39.859375 40 40 40 40 40 40.046875 40.09375 40.28125 40.265625 40.125 40.375 40.34375 40.453125 40.859375 41 41 41.109375 41.875 41.984375 42.0625 42.71875 43 43 43.21875 43.71875 44 44 44 44 44.046875 44 43.96875 43.828125 43.984375 43.96875 43.953125 43.734375 43.90625 43.984375 43.96875 43.9375 43.96875 44 43.984375 44 44 44 44 43.453125 43.25 43.015625 43 43 43 42.671875 42.3125 42 42 42 42 42 42.015625 42
39.328125 39.109375 39.015625 39.28125 39.828125 40 40 40 40 40 40.140625 40.515625 40.453125 40.421875 40.703125 40.953125 40.953125 41 41 41 41 41.0625 41.75 42 42.03125 42.4375 42.96875 43 43.03125 43.5 43.90625 44 44 44 44.015625 44.0625 44.015625 44 44 44 44 44 44 44 44 44 44 44 44 44 43.984375 44 44 44 43.984375 43.6875 43.203125 43.015625 43 42.984375 42.671875 42.21875 42 42 42 41.96875 42.03125 43.15625 42.1875
39.640625 39.5 39.078125 39.59375 39.984375 40 40 40 40.03125 40.3125 40.78125 40.953125 40.984375 40.96875 41 41 41 41 41 41 41.171875 41.671875 42 42 42.03125 42.671875 42.984375 43 43.03125 43.734375 43.984375 43.984375 44 44 44.140625 44.234375 44.3125 44.53125 44.109375 44 44.03125 44 44.03125 44.015625 44 44 44 44 44 44 44.046875 44 44 44 44 44 43.78125 43.34375 43.03125 43 42.90625 42.28125 42 42 42 41.5625 41.953125 42.921875 42.515625
39.84375 39.78125 39.625 39.84375 40 40 40 40.046875 40.453125 40.953125 41 41 41 41 41 41 41 41 41.015625 41.375 41.84375 42 42 42.03125 42.34375 42.96875 43 43.046875 43.5625 43.84375 43.890625 44 44 44.1875 44.765625 44.953125 44.96875 44.890625 44.875 44.671875 44.390625 44.375 44.5 44.671875 44.4375 44.34375 44.15625 44.09375 44.21875 44.203125 44.3125 44.296875 44.125 44 44 44 44 43.890625 43.3125 43 43 42.6875 42 42 41.875 41.15625 41.828125 42.859375 42.203125
39.96875 39.875 39.8125 40 40 40 40.078125 40.609375 40.8125 41 41 41.09375 41.046875 41 41 41.046875 41.078125 41.203125 41.609375 41.984375 42 42 42 42.21875 42.765625 43 43.015625 43.125 43.703125 43.953125 44 44 44.125 44.75 44.984375 45 45 45 45 44.984375 45 44.953125 44.984375 45 44.96875 44.921875 44.890625 44.90625 44.96875 44.921875 44.953125 44.953125 44.90625 44.796875 44.234375 44.015625 44 44 43.859375 43.1875 43 42.78125 42.046875 42.015625 41.75 41.359375 41.890625 42.234375 42.6875
