Cases/SDM_Urocitellus_beldingi/westernUsClimate_hadley2080a2/BIO06.asc
NCOLS 315 
NROWS 297 
XLLCORNER -124.741664802 
YLLCORNER 29.2083311801598 
CELLSIZE 0.066666670143822 
NODATA_value -3.4e+38 
[rows 208 to 233 of 297, columns 60 to 119 of 315]
-3.4e+38 742.727272727273 712.5 635.46875 560 547.1875 488.125 437.34375 410.78125 403.75 380.625 366.5625 339.0625 308.4375 341.09375 351.5625 349.84375 331.25 358.4375 408.28125 460.46875 484.0625 502.03125 514.6875 532.65625 549.375 550.3125 549.21875 533.28125 444.53125 324.6875 246.40625 223.59375 177.03125 177.34375 182.8125 167.96875 187.65625 235.9375 242.65625 235.78125 229.0625 228.90625 234.0625 239.375 245.3125 255.9375 263.59375 271.875 280.78125 299.6875 305.15625 293.59375 283.4375 270 210 192.5 260.15625 354.375 403.4375
-3.4e+38 748.75 718.59375 676.71875 620.625 573.90625 575.46875 503.75 467.34375 391.5625 353.75 407.03125 407.65625 377.34375 310 332.96875 350.15625 355.15625 350.78125 403.28125 452.8125 467.03125 480.15625 489.0625 506.25 512.8125 513.28125 516.875 515.78125 461.25 393.75 292.1875 124.53125 37.96875 52.1875 170.3125 218.125 232.1875 235.46875 231.5625 218.4375 211.09375 208.90625 217.34375 229.6875 238.4375 244.53125 255 267.34375 284.0625 309.375 326.25 337.34375 334.0625 293.75 219.6875 205.46875 265.625 336.40625 414.53125
-3.4e+38 760.512820512821 730 690.625 654.375 641.5625 593.28125 493.75 478.75 451.5625 378.90625 306.25 381.5625 402.34375 404.21875 392.65625 377.65625 352.5 349.53125 357.8125 378.59375 413.125 415.9375 403.4375 393.4375 379.84375 445.46875 466.875 476.40625 401.875 295.78125 230.9375 149.84375 185.15625 170.3125 226.09375 250.3125 232.65625 219.0625 204.6875 193.125 185.46875 185.78125 196.40625 214.0625 227.1875 237.34375 247.34375 261.25 279.0625 301.71875 315.46875 330.46875 339.21875 327.1875 286.875 307.5 313.90625 259.375 379.6875
-3.4e+38 750 714.84375 694.84375 652.03125 657.5 643.4375 574.0625 504.6875 503.90625 442.8125 392.5 306.5625 288.28125 351.25 393.90625 394.0625 390.9375 378.75 332.65625 305.15625 326.875 250.3125 291.09375 286.09375 312.65625 347.65625 363.4375 374.0625 339.84375 268.28125 216.875 277.1875 320.78125 320.9375 289.53125 249.375 220 193.75 178.90625 169.53125 163.28125 164.84375 180.15625 200.46875 211.09375 221.875 233.125 238.59375 258.75 289.84375 304.53125 310.3125 333.90625 343.28125 348.90625 361.5625 390.625 403.59375 418.125
-3.4e+38 777.5 765 742.1875 707.03125 681.40625 662.96875 645.78125 604.375 535.9375 513.4375 479.375 442.03125 382.1875 309.6875 329.375 348.90625 358.59375 374.6875 350.9375 322.96875 283.28125 154.0625 12.96875 60 160.15625 164.21875 298.59375 340.3125 317.34375 376.875 389.84375 386.09375 370.46875 332.34375 282.34375 233.28125 188.75 160.78125 152.34375 151.25 151.40625 162.03125 177.8125 191.875 203.90625 211.25 223.59375 240.46875 249.21875 257.96875 283.59375 288.75 322.96875 322.65625 296.09375 317.03125 345.9375 377.8125 415.15625
-3.4e+38 795.789473684211 786.40625 773.90625 729.84375 703.4375 676.09375 652.1875 625.3125 564.0625 472.1875 456.71875 431.875 387.65625 394.21875 312.96875 273.59375 322.8125 303.59375 364.6875 341.40625 298.59375 245.15625 68.90625 111.875 197.8125 21.25 236.5625 359.6875 382.5 397.96875 406.5625 409.84375 395.46875 357.03125 294.21875 225 161.09375 133.4375 132.96875 137.5 148.75 160.625 171.40625 182.5 197.03125 209.0625 215.46875 233.59375 251.5625 265.3125 288.59375 300.78125 284.6875 267.5 270.3125 255.46875 220.9375 202.5 181.71875
-3.4e+38 810 800.327868852459 767.96875 735.15625 712.1875 680.9375 658.90625 655.3125 633.59375 591.71875 471.40625 430.15625 275 260.15625 282.5 204.0625 292.03125 282.5 314.84375 371.09375 349.6875 313.28125 247.34375 218.125 244.375 227.34375 332.96875 408.90625 423.4375 376.09375 297.5 310.15625 345.9375 392.1875 330.3125 233.4375 159.375 130.625 127.8125 130.46875 148.75 167.65625 180 187.65625 200.3125 214.21875 190.78125 212.1875 256.09375 275 251.5625 230.15625 208.4375 182.03125 195 220.625 171.40625 106.25 120.9375
-3.4e+38 820 797.1875 761.875 724.375 716.875 707.03125 695 687.03125 680 669.53125 637.1875 594.375 506.40625 448.4375 380.78125 386.71875 402.65625 377.96875 318.90625 303.75 211.71875 168.125 193.90625 262.65625 277.65625 161.40625 229.0625 329.84375 438.125 443.125 429.21875 401.40625 400.625 379.0625 353.4375 307.1875 225.3125 167.34375 137.5 140.15625 159.375 179.375 198.4375 211.25 218.90625 229.84375 236.5625 232.96875 260.78125 269.84375 207.34375 190.78125 210.15625 161.25 151.71875 198.90625 86.40625 110.46875 77.34375
-3.4e+38 822.173913043478 793.333333333333 749.6875 751.09375 740.15625 707.03125 703.59375 704.6875 700.78125 667.03125 662.8125 668.90625 619.84375 542.1875 494.21875 517.96875 467.1875 372.65625 300.9375 332.65625 342.03125 383.90625 379.53125 358.125 388.28125 417.03125 422.03125 409.84375 469.0625 456.40625 450.625 434.6875 423.4375 397.1875 352.1875 303.59375 261.875 235.15625 190 180.3125 188.125 199.375 212.1875 223.125 228.28125 232.34375 237.34375 245.15625 258.125 255.78125 239.53125 225.15625 229.375 204.84375 120.78125 237.34375 256.25 218.59375 240.46875
-3.4e+38 -3.4e+38 -3.4e+38 790.8 770.46875 751.40625 742.1875 732.65625 683.125 678.75 659.375 604.0625 607.5 605.625 583.125 549.84375 541.09375 529.84375 460.78125 403.28125 478.28125 479.375 453.90625 413.125 308.125 327.5 434.0625 470.15625 442.1875 508.28125 491.40625 489.53125 474.375 443.59375 415.46875 375.15625 340.15625 305.625 268.28125 244.0625 226.5625 219.21875 220 219.6875 214.0625 213.75 213.59375 210.625 221.5625 232.65625 234.375 237.34375 244.375 252.03125 198.125 163.28125 287.5 317.1875 294.21875 268.90625
-3.4e+38 -3.4e+38 -3.4e+38 -3.4e+38 802.916666666667 785.625 775.555555555556 772 -3.4e+38 747.142857142857 741.111111111111 741.153846153846 745.31914893617 751.333333333333 774.166666666667 768.571428571429 727.272727272727 666.842105263158 611.875 543.75 557.1875 594.53125 562.96875 537.65625 517.65625 480.78125 501.40625 561.71875 533.4375 567.65625 541.09375 561.875 552.34375 519.0625 475.15625 429.0625 372.1875 337.03125 298.59375 247.8125 190.15625 161.5625 151.25 170.625 109.84375 104.6875 137.03125 152.34375 173.4375 199.375 215.9375 237.65625 259.53125 235.15625 232.8125 268.28125 292.34375 310.9375 309.6875 297.8125
-3.4e+38 -3.4e+38 -3.4e+38 -3.4e+38 -3.4e+38 -3.4e+38 -3.4e+38 -3.4e+38 -3.4e+38 -3.4e+38 -3.4e+38 -3.4e+38 -3.4e+38 -3.4e+38 840 838.333333333333 -3.4e+38 -3.4e+38 816.842105263158 693.111111111111 641.09375 672.03125 605.15625 604.21875 641.71875 672.5 691.5625 671.40625 630.15625 587.1875 576.09375 546.25 553.125 546.5625 481.5625 433.4375 347.1875 254.6875 162.1875 173.59375 47.34375 31.09375 -73.90625 -71.875 -148.90625 -123.75 -104.53125 41.09375 130.78125 150.625 192.65625 236.875 258.125 85.9375 -6.40625 -90 48.59375 118.75 138.125 188.28125
-3.4e+38 -3.4e+38 -3.4e+38 -3.4e+38 -3.4e+38 -3.4e+38 -3.4e+38 -3.4e+38 -3.4e+38 -3.4e+38 -3.4e+38 -3.4e+38 -3.4e+38 -3.4e+38 -3.4e+38 -3.4e+38 -3.4e+38 -3.4e+38 -3.4e+38 -3.4e+38 733.75 756.779661016949 697.34375 720.78125 758.125 688.75 697.96875 698.28125 684.21875 644.6875 635.3125 580.9375 573.75 618.125 632.1875 567.65625 484.21875 392.65625 337.1875 273.75 178.75 96.25 118.4375 69.84375 12.96875 -25 -278.125 -48.125 205.9375 215 192.96875 237.8125 95.78125 47.5 -73.125 -243.4375 -362.1875 -376.09375 -324.375 -155.46875
-3.4e+38 -3.4e+38 -3.4e+38 -3.4e+38 -3.4e+38 -3.4e+38 -3.4e+38 -3.4e+38 -3.4e+38 -3.4e+38 -3.4e+38 -3.4e+38 -3.4e+38 -3.4e+38 -3.4e+38 -3.4e+38 -3.4e+38 -3.4e+38 -3.4e+38 -3.4e+38 -3.4e+38 850 864.107142857143 855 837.34375 813.59375 804.53125 782.96875 732.65625 702.65625 674.84375 695.3125 738.75 768.4375 793.75 787.34375 632.96875 522.65625 473.28125 262.1875 282.1875 332.03125 397.65625 462.96875 369.84375 175 -87.1875 -159.53125 164.6875 357.1875 242.65625 152.1875 16.5625 -41.5625 -173.59375 -304.375 -348.4375 -365.625 -366.875 -348.4375
-3.4e+38 -3.4e+38 -3.4e+38 -3.4e+38 -3.4e+38 -3.4e+38 -3.4e+38 -3.4e+38 -3.4e+38 -3.4e+38 -3.4e+38 -3.4e+38 -3.4e+38 -3.4e+38 -3.4e+38 -3.4e+38 -3.4e+38 -3.4e+38 -3.4e+38 -3.4e+38 -3.4e+38 -3.4e+38 910.833333333333 910.3125 896.71875 874.6875 790.78125 777.65625 764.84375 742.34375 745.9375 772.5 791.875 853.59375 915.78125 930.625 910.3125 810.9375 781.875 721.71875 635 563.59375 606.875 573.4375 506.09375 375.78125 379.6875 369.84375 447.5 562.96875 628.28125 600.9375 505.3125 341.875 128.90625 67.34375 -112.5 -232.1875 -336.40625 -376.5625
-3.4e+38 -3.4e+38 -3.4e+38 -3.4e+38 -3.4e+38 -3.4e+38 -3.4e+38 -3.4e+38 -3.4e+38 -3.4e+38 -3.4e+38 -3.4e+38 930 -3.4e+38 -3.4e+38 -3.4e+38 -3.4e+38 -3.4e+38 -3.4e+38 -3.4e+38 -3.4e+38 -3.4e+38 -3.4e+38 932.5 930 859.824561403509 788.90625 746.875 761.25 779.375 846.40625 767.03125 800 828.90625 942.1875 983.4375 1000.9375 997.34375 918.125 864.0625 835.3125 808.28125 776.40625 741.875 718.75 706.71875 722.34375 760.15625 771.25 732.96875 710.78125 697.1875 657.65625 615.46875 531.71875 303.125 -67.65625 -343.4375 -464.21875 -385
-3.4e+38 -3.4e+38 -3.4e+38 -3.4e+38 938.181818181818 915.882352941176 932 -3.4e+38 937.5 931.875 929.230769230769 -3.4e+38 903.333333333333 874.561403508772 838.333333333333 886.5625 916.363636363636 893.953488372093 950 960 -3.4e+38 -3.4e+38 -3.4e+38 -3.4e+38 -3.4e+38 950 890 861.290322580645 885.434782608696 884.807692307692 917.25 869.69696969697 957.5 1094.61538461538 1144.6875 1124.6875 1107.96875 1073.75 997.65625 923.28125 876.09375 839.0625 802.03125 768.75 757.8125 763.75 773.28125 785.9375 787.8125 757.96875 733.4375 705.9375 655.625 630 582.1875 500.15625 213.90625 -84.84375 -207.34375 -111.5625
-3.4e+38 -3.4e+38 -3.4e+38 -3.4e+38 -3.4e+38 -3.4e+38 -3.4e+38 938.181818181818 922.372881355932 893.90625 920.714285714286 954.545454545455 940 906.363636363636 898.809523809524 902.5 850.588235294118 893 -3.4e+38 -3.4e+38 -3.4e+38 -3.4e+38 -3.4e+38 -3.4e+38 -3.4e+38 -3.4e+38 -3.4e+38 -3.4e+38 -3.4e+38 1040 -3.4e+38 -3.4e+38 -3.4e+38 1160 1157.2 1145.78125 1117.8125 1079.375 1022.34375 958.59375 895.9375 846.40625 820.15625 794.53125 775.9375 785.3125 777.96875 769.0625 760.15625 745.9375 726.40625 655.3125 595.3125 595 596.25 577.8125 491.71875 391.875 416.875 319.21875
-3.4e+38 -3.4e+38 -3.4e+38 -3.4e+38 -3.4e+38 -3.4e+38 -3.4e+38 -3.4e+38 935.384615384615 917.222222222222 943.529411764706 -3.4e+38 -3.4e+38 -3.4e+38 -3.4e+38 -3.4e+38 -3.4e+38 -3.4e+38 -3.4e+38 -3.4e+38 -3.4e+38 -3.4e+38 -3.4e+38 -3.4e+38 -3.4e+38 -3.4e+38 -3.4e+38 -3.4e+38 -3.4e+38 -3.4e+38 -3.4e+38 -3.4e+38 -3.4e+38 -3.4e+38 1172.14285714286 1153.28125 1114.84375 1074.84375 1022.5 969.375 926.09375 894.0625 867.34375 841.40625 808.28125 789.53125 778.90625 750.625 739.21875 723.59375 692.03125 648.4375 641.09375 625.3125 634.84375 616.5625 599.0625 572.1875 519.84375 577.03125
-3.4e+38 -3.4e+38 -3.4e+38 -3.4e+38 -3.4e+38 -3.4e+38 -3.4e+38 -3.4e+38 -3.4e+38 -3.4e+38 -3.4e+38 -3.4e+38 -3.4e+38 -3.4e+38 -3.4e+38 -3.4e+38 -3.4e+38 -3.4e+38 -3.4e+38 -3.4e+38 -3.4e+38 -3.4e+38 -3.4e+38 -3.4e+38 -3.4e+38 -3.4e+38 -3.4e+38 -3.4e+38 -3.4e+38 -3.4e+38 -3.4e+38 -3.4e+38 -3.4e+38 -3.4e+38 -3.4e+38 1134.23076923077 1103.59375 1073.4375 1023.59375 972.8125 934.0625 918.90625 903.75 877.65625 844.375 789.0625 668.90625 727.03125 723.75 685.3125 651.25 630.15625 636.09375 630.625 638.28125 639.21875 603.75 463.90625 295.46875 100
-3.4e+38 -3.4e+38 -3.4e+38 -3.4e+38 -3.4e+38 -3.4e+38 -3.4e+38 -3.4e+38 -3.4e+38 -3.4e+38 -3.4e+38 -3.4e+38 -3.4e+38 -3.4e+38 -3.4e+38 -3.4e+38 -3.4e+38 -3.4e+38 -3.4e+38 -3.4e+38 -3.4e+38 -3.4e+38 -3.4e+38 -3.4e+38 -3.4e+38 -3.4e+38 -3.4e+38 -3.4e+38 -3.4e+38 -3.4e+38 -3.4e+38 -3.4e+38 -3.4e+38 -3.4e+38 1151.42857142857 1093.33333333333 1105.15625 1089.27272727273 1040.61224489796 988.666666666667 952.8125 941.40625 932.03125 903.28125 868.4375 812.8125 672.5 549.84375 661.09375 657.34375 603.28125 602.1875 623.90625 630.78125 606.40625 628.75 644.84375 629.53125 514.84375 146.5625
-3.4e+38 -3.4e+38 -3.4e+38 -3.4e+38 -3.4e+38 -3.4e+38 -3.4e+38 -3.4e+38 -3.4e+38 -3.4e+38 -3.4e+38 -3.4e+38 -3.4e+38 -3.4e+38 -3.4e+38 -3.4e+38 -3.4e+38 -3.4e+38 -3.4e+38 -3.4e+38 -3.4e+38 -3.4e+38 -3.4e+38 -3.4e+38 -3.4e+38 -3.4e+38 -3.4e+38 -3.4e+38 -3.4e+38 -3.4e+38 -3.4e+38 -3.4e+38 -3.4e+38 -3.4e+38 -3.4e+38 1133.33333333333 1126.25 1122.5 -3.4e+38 993.333333333333 983.191489361702 969.6875 950.3125 912.65625 877.03125 863.4375 763.59375 530.15625 474.84375 578.4375 635.9375 617.34375 621.25 630.15625 634.6875 643.59375 640 582.8125 539.375 336.5625
-3.4e+38 -3.4e+38 -3.4e+38 -3.4e+38 -3.4e+38 -3.4e+38 -3.4e+38 -3.4e+38 -3.4e+38 -3.4e+38 -3.4e+38 -3.4e+38 -3.4e+38 -3.4e+38 -3.4e+38 -3.4e+38 -3.4e+38 -3.4e+38 -3.4e+38 -3.4e+38 -3.4e+38 -3.4e+38 -3.4e+38 -3.4e+38 -3.4e+38 -3.4e+38 -3.4e+38 -3.4e+38 -3.4e+38 -3.4e+38 -3.4e+38 -3.4e+38 -3.4e+38 -3.4e+38 -3.4e+38 -3.4e+38 -3.4e+38 -3.4e+38 -3.4e+38 -3.4e+38 990 992.1875 973.333333333333 937.5 918.125 911.71875 842.1875 765.78125 604.0625 542.34375 584.0625 621.5625 612.96875 624.375 640 609.21875 582.1875 518.125 385.3125 321.71875
-3.4e+38 -3.4e+38 -3.4e+38 -3.4e+38 -3.4e+38 -3.4e+38 -3.4e+38 -3.4e+38 -3.4e+38 -3.4e+38 -3.4e+38 -3.4e+38 -3.4e+38 -3.4e+38 -3.4e+38 -3.4e+38 -3.4e+38 -3.4e+38 -3.4e+38 -3.4e+38 -3.4e+38 -3.4e+38 -3.4e+38 -3.4e+38 -3.4e+38 -3.4e+38 -3.4e+38 -3.4e+38 -3.4e+38 -3.4e+38 -3.4e+38 -3.4e+38 -3.4e+38 -3.4e+38 -3.4e+38 -3.4e+38 -3.4e+38 -3.4e+38 -3.4e+38 -3.4e+38 -3.4e+38 -3.4e+38 972 938.787878787879 916.129032258065 902.03125 870.46875 825.15625 732.5 607.65625 580.625 597.1875 647.03125 653.4375 653.28125 636.5625 585.3125 516.5625 392.65625 280.625
-3.4e+38 -3.4e+38 -3.4e+38 -3.4e+38 -3.4e+38 -3.4e+38 -3.4e+38 -3.4e+38 -3.4e+38 -3.4e+38 -3.4e+38 -3.4e+38 -3.4e+38 -3.4e+38 -3.4e+38 -3.4e+38 -3.4e+38 -3.4e+38 -3.4e+38 -3.4e+38 -3.4e+38 -3.4e+38 -3.4e+38 -3.4e+38 -3.4e+38 1180 -3.4e+38 -3.4e+38 -3.4e+38 -3.4e+38 -3.4e+38 -3.4e+38 1230 -3.4e+38 -3.4e+38 -3.4e+38 -3.4e+38 -3.4e+38 -3.4e+38 -3.4e+38 -3.4e+38 -3.4e+38 -3.4e+38 -3.4e+38 908.333333333333 899.344262295082 881.5625 848.90625 774.84375 692.65625 623.28125 635.3125 655.625 676.09375 682.03125 663.125 603.75 577.96875 450.9375 337.1875
-3.4e+38 -3.4e+38 -3.4e+38 -3.4e+38 -3.4e+38 -3.4e+38 -3.4e+38 -3.4e+38 -3.4e+38 -3.4e+38 -3.4e+38 -3.4e+38 -3.4e+38 -3.4e+38 -3.4e+38 -3.4e+38 -3.4e+38 -3.4e+38 -3.4e+38 -3.4e+38 -3.4e+38 -3.4e+38 -3.4e+38 -3.4e+38 -3.4e+38 1175 -3.4e+38 -3.4e+38 -3.4e+38 -3.4e+38 -3.4e+38 -3.4e+38 1146.4 1179.39393939394 1169.2 1180 -3.4e+38 -3.4e+38 -3.4e+38 -3.4e+38 -3.4e+38 -3.4e+38 -3.4e+38 -3.4e+38 -3.4e+38 905 896.052631578947 878.90625 847.34375 736.25 656.09375 777.96875 741.40625 704.21875 677.1875 591.09375 503.4375 534.53125 484.6875 337.65625
