Cases/SDM_Urocitellus_beldingi/westernUsClimate_hadley2080a2/BIO03.asc
NCOLS 315 
NROWS 297 
XLLCORNER -124.741664802 
YLLCORNER 29.2083311801598 
CELLSIZE 0.066666670143822 
NODATA_value -3.4e+38 
[rows 120 to 149 of 297, columns 138 to 206 of 315]
38.96875 39 39 38.984375 38.46875 37.53125 37.109375 37.953125 38 37.78125 37.0625 37 36.546875 36.453125 36.9375 35.59375 35 35.1875 35.453125 33.375 32.234375 33.84375 31.921875 30.46875 30.171875 31 31.953125 30.734375 30.125 30.203125 30.34375 30.75 30.40625 30.296875 30.03125 30 30.359375 30.921875 30.03125 30 30.015625 29.984375 29.515625 29.203125 29 29 28.984375 28.8125 28.84375 29.234375 29.0625 29.5625 30.0625 30.96875 32.0625 34.59375 35.453125 36.3125 37 37.03125 38.109375 38.4375 38.4375 37.546875 38.03125 37.234375 37.0625 37.046875 36.578125
38.375 38.640625 38.640625 38.390625 37.46875 37 37.015625 37.8125 37.84375 37.25 37 37 36.21875 36.28125 36.65625 35.265625 35 35 34.9375 32.75 31.40625 31.0625 30.046875 30 30.015625 31.5 30.75 30.078125 30.03125 30.140625 30.09375 30.265625 30 30 30.03125 30 30.25 30.796875 30 30 30.328125 29.890625 29 29 29 28.984375 28.359375 28.0625 28.03125 28.171875 28.875 29.0625 29.921875 30.8125 31.921875 34.328125 35.203125 35.859375 36.84375 37.90625 37.140625 38.265625 39.046875 38.125 37.953125 37.546875 36.78125 35.875 35.171875
38 38 38 37.84375 37.1875 37 37 37.328125 37.09375 37 37 36.671875 36 36.015625 36.21875 35.09375 35 34.984375 35.53125 33.0625 31.171875 31.046875 30.3125 30.328125 30.4375 29.875 30 30 30 30 30 30 30 30.0625 30 30 30 30.15625 30.03125 30 30.171875 30.09375 29.09375 29 29 29.265625 28.109375 28 28 28 28.03125 28.75 29.59375 30.65625 32.28125 34.6875 34.90625 35.3125 36.09375 37.421875 35.921875 37.25 38.6875 36.65625 36.484375 36.453125 35.140625 35.203125 34.84375
37.984375 37.890625 37.421875 37.078125 37 37 37 37 37 37 37 36.328125 36 36.03125 36.125 35.046875 35 34.90625 35.640625 34.34375 32.09375 32.046875 31.5625 29.625 29.109375 29.59375 30 30 30 30 30 30 30 30.015625 30 30.046875 30 30.03125 30.015625 30.703125 30.015625 29.625 29.140625 29 29 28.78125 28 28 28 27.796875 27.828125 28.265625 29.5 30.671875 32.1875 34.1875 35.734375 36.578125 36.421875 37.140625 36.90625 37.9375 38.5 36.875 36.53125 36.59375 36.015625 35.3125 35.3125
37.125 37 37 37 37 37 37 37 37 37 37 36.359375 36 36.078125 36.046875 35.0625 35 35 35.71875 35.21875 32.25 30.328125 29.09375 29 29.296875 29.796875 30 30 30.03125 30.015625 30.203125 30.515625 30.234375 30.046875 30.0625 30.046875 30 30.140625 30.609375 30.984375 30.046875 29.734375 29.265625 29.65625 29.09375 28.953125 28.234375 28 28 28.671875 30.03125 29.234375 29.78125 30.9375 32.171875 33.5625 35.59375 35.5 35.25 36.1875 37.734375 37.609375 37.6875 38.125 36.859375 35.25 35.046875 34.40625 34.3125
37 37 37 37 37 37 37 37 37 36.9375 36.796875 36.203125 36 36.546875 36.453125 35.203125 35 35 35.828125 35.234375 32.859375 30.875 29.84375 29.875 30 30 30 30.015625 30.203125 30.28125 30.25 30.828125 30.484375 30.5625 30.375 30.109375 30.0625 30.921875 31.421875 30.8125 30 30 29.859375 31.1875 30.9375 29.046875 28.9375 28.359375 28.15625 30.40625 33.125 31.78125 31.359375 31.71875 32.484375 33.71875 35.0625 34.578125 34.359375 34.28125 35.8125 37.921875 37.40625 37.953125 36.953125 36.046875 35.4375 35.0625 34.765625
36.9375 37 36.984375 37 37 37 37 37 37 36.9375 37 36.75 36.46875 36.53125 36.0625 35.484375 35 35 36 35.15625 33.328125 31.390625 30.65625 30.5 30.515625 30.65625 30.84375 30.984375 31 30.8125 30.875 31 30.8125 30.6875 30.859375 30.265625 30.609375 30.859375 32.09375 30.9375 30.015625 30 30.375 32.390625 31.671875 29.765625 29.171875 29.09375 29.34375 30.8125 33.296875 32.359375 32 32.109375 32.921875 34.359375 34.859375 34.140625 33.8125 34.140625 35.609375 38.015625 37.546875 37.421875 37.21875 36.5 36.375 35.515625 34.953125
36.90625 36.984375 36.96875 37 37 37 37 37 36.984375 36.96875 37 36.921875 36.8125 36.125 36 35.90625 35.484375 35.328125 36.375 35.71875 34.34375 32.671875 31.640625 31.265625 31.109375 31.046875 31 31 31 31 31 31 31 30.984375 30.9375 31 30.890625 31.203125 32.640625 31.21875 30.390625 30 30.90625 33.453125 32.53125 30.96875 30.328125 30.140625 31.109375 32.78125 33.609375 32.75 32.28125 32.796875 33.21875 34.40625 34.578125 34 34.890625 34.5625 37.296875 38.375 38.640625 37.375 36.09375 35.765625 35.390625 35.15625 35.078125
36.78125 36.921875 36.984375 37 37 37 37 37 37 37 37 36.921875 36.25 36 36 36 35.984375 35.828125 36.265625 36.203125 35.625 34.34375 33.03125 32.046875 32 31.921875 31.71875 31.609375 31.484375 31.078125 31 31 31 31.15625 31 31 31 31.8125 32.359375 31.1875 30.984375 30.875 31.359375 33.875 33.6875 32.0625 31.265625 31.140625 32.765625 33.734375 33.890625 33.28125 33.15625 33.40625 33.875 34.5625 34.984375 34.875 34.9375 36.0625 37.71875 37.921875 37.640625 36.921875 35.3125 34.875 34.96875 35.125 35.703125
36.796875 36.921875 37 37 37 37 37 37 37 37 37 36.796875 36.1875 36.125 36.6875 36.6875 36.046875 36 36.046875 36.171875 35.703125 34.71875 33.71875 33.140625 32.78125 32.53125 32.328125 32.015625 32 31.921875 31.65625 31.28125 31.125 31 31 31 31 31.75 32.484375 31.640625 31.078125 31.015625 31.46875 32.671875 33.6875 32.578125 31.359375 31.453125 32.65625 33.9375 33.984375 33.140625 33 33.640625 34 34.640625 35 35.28125 34.65625 36.5 36.46875 37.453125 37.046875 36.03125 35.25 34.640625 35.34375 35.3125 35.078125
36.4375 36.984375 37 37 37 36.984375 36.984375 36.984375 36.984375 37 37 36.953125 36.890625 36.875 36.984375 37 36.578125 36.0625 36.4375 36.84375 36.265625 35.796875 35.3125 34.703125 33.953125 33.140625 33 32.859375 32.328125 32 32 31.875 31.625 31.125 31 31.046875 31 31.390625 32.015625 32.09375 32.09375 31.90625 31.890625 32.09375 33.25 32.828125 32.125 32 32.140625 33.421875 33.71875 33.03125 33.5 34.015625 34.0625 34.625 35 35.09375 35.765625 35.078125 36.046875 35.84375 35.984375 35.109375 35.9375 35.4375 34.90625 35.65625 35.65625
36.75 37 37 36.984375 37 37 36.984375 37 37 37 37 37 37 37 37 37 37 37 37 37 37 37 37 36.09375 35.984375 35.265625 33.515625 33.0625 32.984375 32.546875 32 32 32 31.859375 31.84375 31.703125 31.46875 31.578125 31.6875 32.015625 32.171875 32.3125 32.09375 32.65625 33.828125 33.71875 33.046875 32.796875 32.8125 32.984375 33.15625 33.46875 34 34.09375 34.296875 34.828125 35 35 35.328125 35.109375 35.828125 36.75 36.265625 35.578125 35.515625 35.984375 35.578125 35.453125 36.453125
36.828125 37 37 36.96875 36.984375 37 37 37 37 37 37 37 37 37 37 37 37 37 37.03125 37.171875 37.421875 37.546875 37.40625 37.171875 37.078125 36.765625 35.25 33.875 33.171875 33 32.59375 32.015625 32 32.28125 32.046875 32 32 31.96875 32 32 32.03125 32.625 32.890625 33.34375 34.046875 34 33.875 33.546875 33.46875 33.484375 33.828125 33.984375 34 34.015625 34.203125 34.578125 35 35 35.03125 35.65625 36.40625 36.671875 36.421875 36.53125 35.578125 36 36 35.984375 35.953125
37 37 37 37 37 37 37 37 37 37 37 37 37 37 37 37 37 37.21875 37.78125 37.921875 37.984375 38 38.1875 38.046875 37.625 37.09375 36.3125 34.296875 33.625 33 32.90625 32.234375 32 32.359375 32.515625 32 32 32 32.109375 32.046875 32.328125 32.96875 33.71875 33.984375 34.453125 34.59375 34.71875 34.546875 34.203125 34.0625 34.0625 34.046875 34.25 34.421875 34.765625 34.953125 34.984375 35 35 35.390625 35.71875 36.75 36.703125 36.625 35.640625 35.96875 35.484375 35.484375 35.296875
37 37 37 36.984375 37 37 37 37 37 37 37 37 37 37 37.015625 37.046875 37 37.34375 38 38 37.984375 38.171875 38.953125 38.984375 37.484375 37.34375 36.53125 34.546875 34 33.3125 33 32.515625 32.046875 32 32.015625 32.125 32 32.015625 32.484375 32.875 32.953125 33.75 34.28125 34.515625 34.96875 35 35 35 35 34.9375 34.9375 34.8125 34.96875 35 35 34.96875 35 35 35.3125 35.90625 36.4375 36.890625 36.390625 36.15625 35.578125 35.125 35 34.90625 34.625
36.796875 36.984375 36.96875 37 37 37 37 37 37 37 37 37 37.015625 37.015625 37.046875 37.265625 37.03125 37.21875 37.96875 38.015625 38.03125 38.703125 39 38.765625 37.421875 37.375 36.640625 34.84375 34.03125 33.484375 33 32.59375 32 32 32.203125 33.65625 33.296875 32.90625 33 33.015625 33.3125 34.46875 35.03125 35 35.015625 35.109375 35.015625 35 35 35 35 35 35 35 35 35 35.1875 35.734375 35.59375 35.859375 36.578125 36.8125 36.625 36.828125 36.390625 35.875 35.109375 35.046875 35
36.921875 37 37 37 37 37 37 37 37 37 37 37 37.03125 37.03125 37.40625 37.609375 37.234375 37.53125 38 38 38.109375 38.453125 38.46875 38.296875 37.1875 37.25 36.671875 35.09375 34.421875 33.828125 33.03125 32.796875 32 32 32.375 33.03125 34.15625 33.3125 33.078125 33.59375 33.734375 34.3125 35.09375 35 35 35.046875 35.125 35.46875 35.171875 35.015625 35.015625 35.171875 35.21875 35.328125 35.3125 35.296875 35.703125 35.75 35.875 36.609375 36.28125 36 35.921875 35.75 35.59375 35.75 35.171875 35.25 34.9375
37 37 37 37 37 37 37 37 37 37 37 37.03125 37.0625 37.125 37.78125 37.875 37.6875 37.984375 38 38 38 38 37.984375 37.828125 36.96875 37.46875 36.640625 35.515625 34.78125 34.015625 33.390625 34.53125 32.078125 32.34375 33.265625 33.765625 34.40625 33.78125 33.9375 34.234375 34.375 34.03125 34.140625 34.765625 35 35 35.40625 35.875 35.84375 35.375 35.5625 35.828125 35.9375 35.953125 35.984375 35.984375 35.515625 35.796875 36.046875 36.390625 36.859375 36.125 35.25 35 35.03125 35.203125 35 35.03125 35.015625
37 37 37 37 37 37.015625 37 37 37 37 37.015625 37.03125 37.28125 37.125 37.6875 37.984375 37.953125 38 38 38 37.984375 37.921875 37.328125 37.171875 37.40625 37.75 36.546875 35.75 35.1875 35 34.65625 35.359375 32.921875 32.953125 33.328125 34.953125 35.21875 34.0625 34.546875 35.015625 35.21875 34.34375 34.328125 34.8125 35 35 35.078125 35.46875 35.734375 35.796875 35.984375 36 36 36 36.046875 36.265625 35.890625 36.265625 36.015625 36 36.84375 36.546875 35.328125 35 35 35 35 35 34.921875
37 37 37 37 37.015625 37.125 37.03125 37.015625 37.0625 37 37.203125 37.34375 37.1875 37.09375 37.75 38 38 38 38 37.828125 37.890625 38 37.84375 37.640625 37.90625 37.140625 36.3125 36 36 35.65625 35.171875 36.421875 33.921875 33.265625 33.796875 34.734375 35.328125 34.859375 34.796875 35 34.984375 34.765625 34.84375 35 35 35 35 35.1875 35.75 35.953125 36 36 36.015625 36.484375 36.796875 36.96875 36.859375 36.78125 36.515625 36.25 36.53125 36.765625 35.328125 35 35 35 35 34.96875 34.9375
37 37 37 37.03125 37.140625 37.640625 37.734375 37.484375 37.453125 37.5 37.765625 37.71875 37.234375 37.234375 37.84375 38 38 38 38 38 37.96875 37.953125 38 38 37.21875 37 36.9375 36.4375 36.734375 36.5 35.15625 35.671875 34.171875 34.046875 34.046875 34.796875 35.125 35.046875 35 35 35 35 35 35 35 35 35.015625 35.09375 35.609375 36.140625 36.015625 36.09375 36.625 36.984375 37 37.015625 36.640625 36.171875 37.265625 36.859375 36.6875 36.96875 35.703125 35 34.953125 34.765625 34.953125 34.984375 35.34375
37 37.265625 37.484375 37.5625 37.75 38 38 38 37.8125 37.90625 37.96875 37.90625 37.6875 37.46875 37.921875 38 38 38 38 38 38 38 38 37.671875 37 37 37.578125 37.140625 36.609375 36.265625 35.40625 34.90625 35.328125 35.375 35.015625 35.125 36 35.796875 35.515625 35 35 35 35 35 35 35 35 35 35.578125 36.109375 36.109375 36.578125 37 37 37.046875 37.34375 36.828125 36.359375 37.734375 37.75 37.484375 37.21875 36.046875 34.890625 34.984375 34.609375 34.84375 34.953125 35.109375
37.4375 37.703125 37.921875 37.9375 37.984375 38 38 38 37.984375 38 38 37.71875 37.859375 37.796875 37.765625 38 38 38 37.984375 38 38 38 38 37.40625 37.015625 37.109375 37.5625 37.296875 36.3125 35.8125 35.125 35 35.6875 36.484375 35.75 35.640625 36 36.03125 35.984375 35.359375 35.40625 35.484375 35.375 35.484375 35.375 35.0625 35.046875 35.046875 35.5625 36.21875 36.8125 36.921875 37 37.109375 37.6875 37.25 37 36.828125 37.671875 38 37.84375 36.984375 35.828125 34.640625 34.921875 34.90625 34.4375 34.5625 35.078125
37.9375 37.96875 38 38 38 38 38 38 38 38 38 37.96875 37.984375 37.71875 37.609375 38 38 38 37.96875 38 38 38 37.875 37.0625 37 37.078125 37.671875 37.421875 36.46875 36 35.703125 35.125 36.15625 37.25 36.234375 36 36 36 36 36 35.984375 36 36 36 36 35.40625 35.28125 35.203125 35.703125 36.671875 37 37 37.046875 37.90625 38 37.46875 37 37 37.671875 37.921875 37.140625 36.296875 35.421875 34.734375 34.921875 34.859375 34.75 34.5 35.046875
38 38 38 38 38.078125 38.09375 38 38 38 38.03125 38 38 38 37.859375 37.640625 38 38 38 38 38 38.015625 38 37.75 37.03125 37 37 37.015625 37.375 36.75 36 36 36 36.5625 37.703125 37.234375 36.15625 36 36 36.015625 36 36 36 36 36 36 36 35.8125 35.5 36.03125 37.28125 37.21875 37.03125 37.765625 38 38.015625 37.59375 37.03125 37.28125 37.984375 37.40625 36.625 35.625 34.9375 35.375 35.03125 34.6875 35.046875 35.46875 36.15625
38 38 38 38.3125 38.53125 38.65625 38.328125 38.265625 38.546875 38.703125 38.703125 38.046875 38 37.828125 37.625 38 38 38 38.171875 37.984375 37.78125 38.0625 37.953125 37.28125 37 37 37.125 37.625 37.15625 36.59375 36.03125 36.03125 37.5 37.296875 37 36.828125 36.625 36.359375 36.015625 36 36 36.21875 36.578125 36.453125 36.046875 36 36 35.96875 37.09375 37.96875 37.734375 37.71875 38 38.015625 38.546875 38.109375 37.890625 37.9375 37.96875 37.015625 36.359375 35.3125 35.5625 35.984375 35.484375 35.140625 35.3125 35.609375 36.71875
38.0625 38 38.03125 38.8125 38.984375 39 38.890625 38.9375 39 38.9375 39 38.578125 38.09375 37.9375 38.328125 38.5 38.0625 38.546875 38.359375 37.953125 37.78125 38.1875 37.9375 37.390625 37.21875 37.484375 37.796875 38.015625 37.84375 37.0625 36.828125 36.890625 37.875 37.390625 37 36.984375 36.984375 36.796875 36.6875 36.859375 36.890625 36.984375 36.953125 36.796875 36.1875 36 36 36 36.625 37.703125 37.921875 37.984375 38 38.3125 38.96875 38.875 38.34375 38.34375 37.75 37.015625 36.421875 35.5625 35.59375 35.859375 35.78125 35.390625 35.90625 36.609375 36.984375
38.578125 38.34375 38.46875 39 39 39 39 39 38.859375 38.6875 39 38.96875 38.84375 38.3125 38.71875 38.921875 38.53125 38.96875 38.578125 38.640625 38.546875 38.21875 38 37.734375 37.703125 37.953125 38 38.015625 37.984375 37.21875 37 37.5625 38.109375 37.921875 37.03125 37 37 37 37 37 37 37 36.984375 36.796875 36.203125 36 36 36 36.25 37.140625 38 38.34375 38.546875 38.953125 39.171875 39.5625 39.28125 38.71875 37.625 36.890625 36.109375 36.109375 36.109375 36 36 35.765625 36.09375 36.921875 37
39 38.828125 38.859375 38.984375 39 39.09375 39.5 39.28125 38.96875 38.484375 39 39.0625 39 38.984375 38.96875 39 38.984375 38.9375 39 38.96875 38.25 38 38 37.90625 37.78125 38 38 38 38.046875 37.890625 37.03125 37.3125 38.09375 38 37.234375 37 37 37 37 37.015625 37 37 37 36.59375 36 36 36 36 36.03125 37.3125 38.609375 38.90625 39 39 39.65625 40 39.734375 38.921875 38.078125 37.53125 36.546875 36.078125 35.953125 35.984375 36 35.984375 36.015625 36.703125 36.96875
39 39 39 39.015625 39.234375 39.390625 39.984375 39.984375 39.65625 38.6875 39.03125 39.40625 39.03125 39 39 39 39 38.78125 38.375 38.953125 38.328125 38 38 38 38 38 38 38 38.625 38.6875 38.203125 37.578125 37.828125 38 37.671875 37.46875 37.296875 37.125 37.40625 37.765625 37.34375 37 37 36.578125 36 36 36 36 36.296875 37.8125 38.921875 38.9375 39.0625 39.125 39.921875 40 39.875 38.96875 38.078125 37.28125 36.40625 36.890625 36.984375 36.453125 36 36 36.015625 36.03125 36.46875
