Cases/SDM_Urocitellus_beldingi/westernUsClimate_hadley2080a2/BIO02.asc
NCOLS 315 
NROWS 297 
XLLCORNER -124.741664802 
YLLCORNER 29.2083311801598 
CELLSIZE 0.066666670143822 
NODATA_value -3.4e+38 
[rows 0 to 25 of 297, columns 180 to 239 of 315]
1330.17857142857 1330 1329.28571428571 1325.17857142857 1326.42857142857 1326.78571428571 1333.57142857143 1347.85714285714 1357.14285714286 1364.46428571429 1373.03571428571 1383.75 1393.39285714286 1399.10714285714 1401.96428571429 1390.71428571429 1381.78571428571 1341.60714285714 1357.14285714286 1390.17857142857 1398.39285714286 1399.46428571429 1396.07142857143 1383.21428571429 1389.64285714286 1400.17857142857 1403.92857142857 1403.39285714286 1400.89285714286 1395.17857142857 1396.60714285714 1401.60714285714 1406.78571428571 1425.17857142857 1450.89285714286 1472.32142857143 1481.78571428571 1488.92857142857 1488.39285714286 1487.14285714286 1486.96428571429 1486.42857142857 1484.64285714286 1486.78571428571 1490.35714285714 1498.39285714286 1500 1503.75 1504.64285714286 1505.71428571429 1501.78571428571 1499.64285714286 1498.21428571429 1495.53571428571 1489.28571428571 1476.60714285714 1457.5 1443.39285714286 1440.17857142857 1446.96428571429
1328.4375 1323.90625 1326.71875 1327.5 1330.15625 1330 1337.8125 1346.5625 1350.9375 1359.21875 1368.59375 1392.34375 1404.21875 1409.84375 1408.90625 1397.34375 1387.1875 1367.96875 1368.4375 1394.0625 1382.1875 1393.125 1391.09375 1363.125 1360.46875 1393.28125 1411.40625 1419.0625 1420.625 1419.84375 1415.9375 1415.3125 1421.875 1430.15625 1451.71875 1474.375 1492.1875 1495.625 1492.96875 1488.59375 1483.125 1480.3125 1481.40625 1480.78125 1481.875 1488.75 1496.40625 1500 1500 1503.28125 1504.0625 1500.15625 1500.15625 1499.6875 1490 1477.1875 1462.8125 1445.9375 1445.9375 1450.78125
1325.46875 1327.03125 1328.125 1330.3125 1334.84375 1332.65625 1337.8125 1344.6875 1350 1356.71875 1364.21875 1395.15625 1408.4375 1412.1875 1410.9375 1405.46875 1412.65625 1415.625 1416.875 1406.09375 1368.75 1392.5 1388.90625 1351.5625 1342.96875 1387.1875 1417.1875 1432.8125 1433.125 1432.34375 1434.375 1437.34375 1441.25 1448.59375 1458.59375 1478.28125 1487.34375 1495.9375 1501.71875 1492.96875 1486.09375 1475.3125 1469.21875 1474.84375 1479.6875 1482.96875 1485.78125 1491.71875 1497.96875 1500.15625 1503.75 1501.5625 1500.3125 1498.28125 1491.5625 1482.34375 1461.875 1447.03125 1448.90625 1449.84375
1315.15625 1322.34375 1330 1333.59375 1336.875 1340.3125 1343.90625 1348.75 1360.9375 1376.875 1388.75 1410.3125 1419.53125 1420.15625 1422.1875 1427.5 1430.78125 1437.65625 1442.8125 1440 1434.21875 1425.625 1421.875 1423.75 1428.59375 1436.25 1439.0625 1449.53125 1449.53125 1449.0625 1449.0625 1452.34375 1456.25 1464.6875 1470.78125 1477.8125 1488.28125 1493.125 1499.6875 1497.8125 1488.59375 1479.84375 1473.125 1470.9375 1470.3125 1472.1875 1477.65625 1479.84375 1486.5625 1494.21875 1500 1503.4375 1502.96875 1498.4375 1496.40625 1496.5625 1488.125 1474.84375 1463.4375 1457.34375
1320.78125 1328.125 1330.625 1336.09375 1340.625 1348.59375 1351.5625 1358.4375 1373.59375 1394.6875 1410.625 1419.0625 1425.625 1430.46875 1435.15625 1440 1446.875 1456.40625 1460.3125 1463.59375 1457.96875 1455.46875 1457.96875 1459.53125 1468.90625 1482.65625 1475.9375 1472.5 1467.5 1465.15625 1463.4375 1462.8125 1465.46875 1467.65625 1474.21875 1480.46875 1482.8125 1490.78125 1497.8125 1502.8125 1497.03125 1487.8125 1474.6875 1469.53125 1465.9375 1464.84375 1469.6875 1477.1875 1480.15625 1485.9375 1494.53125 1504.84375 1508.75 1503.125 1500.9375 1502.65625 1506.71875 1502.96875 1491.40625 1481.5625
1325.3125 1329.375 1330.3125 1332.1875 1339.375 1347.03125 1355.625 1362.5 1379.53125 1404.84375 1419.53125 1427.1875 1430.78125 1439.84375 1445.15625 1447.96875 1457.03125 1462.8125 1472.1875 1482.5 1482.34375 1479.375 1480.78125 1487.8125 1493.75 1510.15625 1501.5625 1482.65625 1479.0625 1471.40625 1469.375 1468.75 1476.25 1478.90625 1478.59375 1487.96875 1485.15625 1491.25 1496.09375 1500 1499.21875 1495.78125 1483.125 1467.8125 1458.125 1452.03125 1459.6875 1473.59375 1484.6875 1493.90625 1499.375 1502.8125 1515 1510.46875 1512.96875 1515 1516.71875 1522.96875 1518.75 1512.96875
1321.875 1327.96875 1333.90625 1338.90625 1344.375 1352.03125 1362.96875 1366.875 1387.34375 1408.90625 1420.3125 1435.9375 1446.09375 1447.03125 1458.125 1463.59375 1473.59375 1479.21875 1483.75 1494.21875 1496.25 1497.65625 1496.71875 1510.78125 1518.90625 1531.5625 1539.0625 1521.5625 1493.75 1482.5 1474.84375 1475.78125 1483.75 1487.65625 1485.625 1493.4375 1496.40625 1495.78125 1493.4375 1494.84375 1498.125 1498.125 1492.34375 1482.5 1467.5 1458.28125 1466.875 1476.71875 1486.71875 1493.59375 1500.78125 1509.21875 1517.5 1523.4375 1530.15625 1536.71875 1542.65625 1546.09375 1548.4375 1537.96875
1331.40625 1335.78125 1343.28125 1347.1875 1352.5 1358.28125 1373.125 1385.3125 1395.9375 1408.125 1424.53125 1441.09375 1454.6875 1463.125 1467.03125 1474.0625 1484.0625 1491.5625 1495.15625 1505.625 1509.6875 1512.5 1512.03125 1526.09375 1539.6875 1553.125 1565 1547.34375 1513.75 1498.90625 1494.21875 1494.375 1495.15625 1497.1875 1498.90625 1502.34375 1505.46875 1506.09375 1507.65625 1502.1875 1499.0625 1500 1498.90625 1493.90625 1478.4375 1467.03125 1466.25 1466.875 1472.96875 1474.84375 1482.96875 1492.1875 1496.40625 1501.5625 1512.8125 1526.25 1539.84375 1551.09375 1557.65625 1559.6875
1338.90625 1343.59375 1349.375 1358.4375 1365.9375 1369.6875 1382.8125 1393.4375 1409.0625 1429.53125 1448.125 1461.71875 1468.90625 1477.1875 1475.78125 1481.40625 1488.90625 1492.03125 1501.5625 1509.375 1514.84375 1526.40625 1530.46875 1540.625 1553.4375 1566.25 1569.84375 1557.1875 1541.875 1526.71875 1515.3125 1512.1875 1505.625 1510.9375 1509.84375 1507.34375 1512.1875 1515.625 1519.84375 1518.4375 1509.375 1507.03125 1510 1497.5 1475.625 1462.8125 1457.96875 1448.28125 1458.90625 1464.6875 1460.625 1468.4375 1475.9375 1490.46875 1497.1875 1510.3125 1524.53125 1537.65625 1542.1875 1548.28125
1344.21875 1346.875 1359.375 1368.59375 1375.15625 1379.84375 1388.59375 1397.8125 1413.59375 1430.9375 1454.53125 1466.5625 1473.90625 1483.125 1494.21875 1496.25 1499.375 1502.1875 1507.03125 1514.0625 1517.8125 1527.03125 1541.40625 1552.1875 1557.8125 1565.9375 1570.15625 1568.75 1556.09375 1543.59375 1534.53125 1534.53125 1529.6875 1526.875 1525.46875 1527.03125 1524.53125 1523.4375 1520.9375 1523.90625 1528.90625 1526.09375 1513.75 1492.96875 1464.53125 1449.21875 1445.78125 1432.96875 1443.28125 1445.78125 1441.71875 1453.59375 1469.0625 1472.03125 1473.59375 1483.59375 1491.09375 1507.03125 1520 1535
1352.03125 1365.9375 1374.375 1382.65625 1391.5625 1391.25 1397.8125 1405.3125 1419.53125 1436.5625 1457.96875 1471.875 1479.6875 1490.78125 1496.5625 1486.5625 1486.09375 1493.125 1497.34375 1505.9375 1511.71875 1524.375 1537.65625 1551.40625 1561.40625 1565.46875 1565.9375 1563.4375 1561.40625 1557.96875 1552.03125 1550.9375 1548.59375 1545.46875 1542.65625 1541.875 1543.75 1540.3125 1538.125 1538.4375 1539.84375 1523.125 1497.03125 1474.6875 1444.21875 1423.4375 1431.875 1419.6875 1430 1422.65625 1423.125 1430.46875 1440.3125 1454.0625 1454.0625 1460.15625 1472.03125 1487.1875 1506.71875 1525.78125
1358.90625 1372.1875 1382.5 1391.875 1399.375 1402.96875 1407.03125 1417.03125 1432.96875 1453.59375 1478.90625 1492.1875 1498.28125 1500 1499.0625 1494.21875 1491.5625 1495.15625 1495 1497.96875 1506.40625 1518.90625 1534.6875 1535.9375 1545.46875 1557.34375 1565.9375 1564.84375 1564.21875 1562.1875 1558.59375 1564.375 1557.96875 1554.0625 1555.9375 1553.90625 1556.25 1552.03125 1550.78125 1548.59375 1549.84375 1528.59375 1491.875 1443.125 1428.28125 1414.0625 1402.1875 1393.28125 1405.625 1372.96875 1395.78125 1399.53125 1416.25 1431.71875 1417.5 1434.21875 1475.78125 1495 1508.90625 1521.40625
1366.875 1377.65625 1388.59375 1401.25 1411.875 1419.0625 1423.4375 1428.59375 1437.5 1455.15625 1484.21875 1505.625 1506.40625 1498.75 1495.625 1498.75 1493.125 1496.40625 1498.59375 1500 1503.59375 1510.78125 1515.625 1524.375 1527.1875 1534.375 1545.46875 1540.625 1545.15625 1543.28125 1546.71875 1564.375 1560.46875 1560 1560 1559.0625 1555.9375 1555.9375 1557.65625 1562.1875 1552.5 1517.8125 1482.65625 1432.96875 1401.875 1349.6875 1364.375 1369.53125 1397.1875 1386.40625 1392.03125 1413.90625 1432.03125 1410.15625 1406.40625 1452.5 1477.1875 1495.15625 1512.1875 1519.0625
1369.21875 1376.40625 1391.71875 1409.375 1424.53125 1425.625 1426.875 1431.25 1444.6875 1461.875 1478.28125 1488.28125 1495 1496.25 1496.40625 1497.03125 1492.34375 1490.46875 1489.375 1492.5 1492.8125 1494.84375 1493.75 1493.125 1507.5 1518.125 1524.84375 1521.71875 1528.4375 1532.34375 1554.84375 1554.21875 1555.15625 1557.8125 1563.125 1564.21875 1565.9375 1570.15625 1578.59375 1572.96875 1548.90625 1520.78125 1492.8125 1445.625 1420.15625 1409.21875 1404.6875 1410.625 1382.65625 1400 1423.90625 1438.59375 1457.5 1465.46875 1462.34375 1477.96875 1491.5625 1504.21875 1515.3125 1522.96875
1355 1379.84375 1401.09375 1422.34375 1435.625 1439.84375 1438.4375 1440.46875 1442.1875 1449.6875 1461.875 1475.625 1486.40625 1491.40625 1490.625 1487.65625 1484.375 1477.34375 1476.09375 1477.8125 1471.5625 1475.625 1470.625 1479.84375 1491.875 1490.3125 1492.96875 1503.4375 1509.375 1526.875 1550.78125 1563.28125 1560.9375 1567.8125 1568.4375 1577.8125 1586.09375 1588.90625 1584.53125 1575.625 1549.21875 1527.34375 1506.09375 1494.53125 1482.5 1472.8125 1456.09375 1452.65625 1438.4375 1430.9375 1430.46875 1444.21875 1468.125 1479.6875 1496.25 1499.375 1512.8125 1513.75 1516.09375 1500.9375
1337.1875 1387.1875 1413.4375 1434.53125 1450 1448.28125 1446.5625 1443.4375 1446.71875 1452.65625 1458.90625 1468.75 1477.34375 1479.21875 1478.59375 1476.5625 1473.125 1470.625 1470.15625 1470.3125 1462.96875 1463.75 1468.59375 1469.84375 1470.625 1467.5 1486.875 1508.75 1518.90625 1526.40625 1547.34375 1571.71875 1585.3125 1587.96875 1590.46875 1595.3125 1591.09375 1582.8125 1575.3125 1581.09375 1565 1545.9375 1535.3125 1531.875 1518.28125 1509.53125 1497.8125 1498.59375 1481.25 1476.71875 1468.28125 1465.3125 1487.5 1491.25 1502.1875 1525.9375 1508.125 1500.78125 1503.125 1484.53125
1352.5 1385.15625 1412.1875 1430 1445.9375 1444.0625 1440 1436.71875 1436.71875 1443.28125 1449.375 1458.28125 1463.4375 1466.40625 1469.375 1468.28125 1463.59375 1459.84375 1455.625 1450.9375 1450.3125 1452.1875 1456.5625 1465.625 1472.1875 1477.5 1487.1875 1503.4375 1520.15625 1535.15625 1546.875 1564.21875 1587.96875 1604.84375 1598.59375 1585.9375 1580 1560.9375 1557.96875 1561.5625 1579.53125 1568.90625 1562.34375 1546.40625 1533.75 1524.6875 1523.125 1525.625 1508.125 1504.53125 1495 1500.9375 1507.96875 1515.9375 1506.875 1533.75 1537.5 1521.40625 1502.65625 1487.03125
1347.8125 1385 1417.03125 1432.1875 1439.0625 1441.25 1439.21875 1432.8125 1426.40625 1434.375 1442.8125 1444.21875 1446.09375 1446.40625 1447.1875 1448.125 1446.5625 1439.0625 1432.03125 1426.25 1423.28125 1422.03125 1426.875 1436.09375 1448.4375 1460.625 1474.6875 1484.53125 1501.5625 1524.84375 1549.21875 1570.625 1579.6875 1576.40625 1557.8125 1548.90625 1550.625 1548.90625 1545.625 1562.03125 1580 1560.46875 1562.96875 1565.46875 1557.34375 1549.6875 1546.25 1539.375 1529.6875 1528.75 1509.53125 1506.40625 1522.34375 1534.21875 1537.03125 1546.71875 1555.9375 1556.71875 1532.1875 1516.71875
1345.46875 1391.40625 1417.03125 1436.40625 1447.03125 1450.3125 1443.90625 1434.53125 1429.21875 1431.875 1433.59375 1430.46875 1435.78125 1439.84375 1439.375 1439.21875 1435.15625 1425.15625 1414.53125 1404.0625 1396.25 1393.75 1396.40625 1405 1420 1431.40625 1448.59375 1476.875 1497.96875 1515.9375 1531.25 1535.78125 1527.1875 1519.0625 1519.6875 1525.625 1541.09375 1544.6875 1555.3125 1568.28125 1569.375 1577.5 1580.46875 1561.875 1571.875 1583.125 1582.1875 1561.09375 1555.3125 1534.53125 1550.15625 1556.25 1548.59375 1546.40625 1554.0625 1561.5625 1574.53125 1582.96875 1555.625 1545.625
1364.84375 1406.25 1425.9375 1443.4375 1453.4375 1458.59375 1449.6875 1437.65625 1430 1430.625 1430.625 1429.6875 1430.46875 1439.21875 1442.65625 1440.3125 1432.34375 1422.65625 1410.46875 1396.40625 1383.4375 1375 1371.09375 1375.15625 1390.625 1417.34375 1449.21875 1449.84375 1455.15625 1467.34375 1477.5 1508.75 1495.3125 1495.15625 1516.40625 1520.15625 1540 1550.46875 1561.5625 1570.3125 1567.96875 1571.875 1575.625 1592.1875 1567.03125 1577.34375 1586.25 1571.5625 1561.09375 1552.96875 1550.3125 1534.21875 1524.6875 1526.71875 1533.90625 1539.21875 1552.65625 1575.15625 1586.5625 1589.375
1393.28125 1429.0625 1447.96875 1461.25 1458.4375 1453.125 1448.75 1442.65625 1437.03125 1430.46875 1429.375 1426.875 1430.9375 1436.25 1439.375 1440.15625 1434.53125 1417.8125 1401.875 1384.6875 1369.0625 1359.84375 1352.5 1355 1377.1875 1416.5625 1421.40625 1422.65625 1426.09375 1433.75 1449.0625 1476.40625 1494.84375 1467.96875 1494.53125 1520 1537.5 1550.625 1562.8125 1567.96875 1571.09375 1572.8125 1575.625 1594.21875 1562.65625 1567.34375 1583.28125 1550.9375 1540.625 1544.0625 1545 1540.78125 1531.40625 1524.84375 1531.5625 1544.84375 1561.25 1573.125 1585.15625 1600.3125
1401.09375 1421.40625 1453.28125 1472.65625 1484.21875 1481.5625 1471.40625 1457.65625 1446.40625 1437.65625 1431.5625 1434.53125 1439.375 1440.78125 1445.15625 1443.59375 1436.40625 1427.03125 1410.3125 1389.21875 1368.28125 1348.4375 1338.59375 1339.53125 1363.59375 1394.0625 1397.1875 1409.84375 1408.90625 1411.09375 1411.71875 1420.78125 1420 1427.1875 1493.90625 1512.1875 1514.53125 1546.25 1553.90625 1565 1569.6875 1568.90625 1570 1591.71875 1546.71875 1554.0625 1573.75 1569.53125 1534.6875 1531.71875 1538.4375 1536.40625 1533.90625 1530.15625 1539.21875 1552.65625 1562.5 1574.84375 1584.84375 1587.03125
1397.8125 1426.40625 1462.1875 1480.3125 1495.15625 1500.9375 1487.96875 1473.28125 1458.4375 1445.78125 1441.25 1444.21875 1450.9375 1455.46875 1461.40625 1454.84375 1440.9375 1424.0625 1408.4375 1386.5625 1365.3125 1351.71875 1332.96875 1326.25 1342.1875 1361.25 1382.34375 1396.5625 1401.09375 1392.65625 1383.59375 1372.34375 1372.03125 1384.0625 1402.5 1458.125 1490.3125 1506.09375 1552.65625 1560.78125 1575.46875 1583.28125 1588.4375 1583.90625 1553.90625 1563.4375 1552.96875 1565.78125 1537.65625 1523.4375 1523.4375 1525.78125 1522.34375 1526.40625 1549.0625 1561.09375 1568.4375 1561.09375 1565 1561.09375
1427.65625 1455.3125 1470.625 1484.375 1496.40625 1499.375 1489.0625 1474.53125 1457.65625 1448.59375 1440.625 1443.28125 1447.65625 1448.125 1456.71875 1455.78125 1444.21875 1433.4375 1415 1389.53125 1368.90625 1357.65625 1342.5 1338.75 1345.9375 1358.59375 1374.84375 1392.03125 1395.78125 1384.84375 1375 1364.0625 1373.125 1367.03125 1397.8125 1445 1471.875 1488.59375 1546.5625 1573.28125 1578.125 1580.15625 1580.78125 1560.15625 1560.15625 1557.8125 1550.78125 1551.40625 1520.78125 1516.5625 1507.5 1512.1875 1501.71875 1519.84375 1544.84375 1547.1875 1551.5625 1550.3125 1554.84375 1563.90625
1433.28125 1435.46875 1453.4375 1478.125 1485 1482.03125 1477.65625 1466.5625 1456.09375 1444.6875 1440 1440 1445.3125 1456.09375 1465.46875 1460.625 1454.0625 1439.0625 1419.84375 1399.53125 1380.78125 1367.5 1357.34375 1355.46875 1361.875 1367.96875 1378.90625 1393.4375 1397.03125 1397.5 1392.96875 1380.46875 1392.03125 1402.1875 1431.25 1468.28125 1499.375 1533.90625 1536.5625 1547.34375 1567.8125 1577.5 1570.9375 1566.25 1565.625 1557.03125 1548.125 1522.03125 1500.3125 1483.75 1486.5625 1496.5625 1495.78125 1509.0625 1510.3125 1514.53125 1525 1534.375 1544.21875 1554.53125
1425.3125 1420.46875 1435.46875 1454.84375 1478.75 1478.4375 1471.40625 1463.59375 1451.875 1441.40625 1436.09375 1432.65625 1435.3125 1442.34375 1453.90625 1462.65625 1460 1445.3125 1427.5 1412.96875 1397.96875 1390.625 1388.28125 1381.875 1383.75 1389.375 1394.21875 1402.34375 1407.5 1410.15625 1409.375 1411.875 1420.46875 1437.1875 1458.90625 1475.9375 1495.15625 1508.125 1512.96875 1536.25 1554.84375 1570.9375 1573.75 1568.28125 1550.15625 1558.4375 1518.4375 1491.40625 1425.9375 1434.21875 1470 1471.09375 1467.5 1482.03125 1478.59375 1495.78125 1517.34375 1535 1547.34375 1561.5625
