Cases/SDM_Urocitellus_beldingi/westernUsClimate_hadley2080a2/BIO02.asc
NCOLS 315 
NROWS 297 
XLLCORNER -124.741664802 
YLLCORNER 29.2083311801598 
CELLSIZE 0.066666670143822 
NODATA_value -3.4e+38 
[rows 208 to 233 of 297, columns 120 to 179 of 315]
1634.375 1619.6875 1612.96875 1617.96875 1628.125 1631.5625 1632.65625 1627.1875 1616.25 1615.15625 1604.375 1586.09375 1548.75 1460.3125 1393.4375 1370.46875 1400.9375 1380.3125 1297.65625 1272.1875 1263.125 1251.40625 1251.40625 1259.375 1263.90625 1273.28125 1297.96875 1325 1328.4375 1315.9375 1355.9375 1431.09375 1438.28125 1402.8125 1377.34375 1361.40625 1386.09375 1423.125 1446.5625 1461.5625 1466.25 1476.09375 1446.09375 1483.59375 1557.96875 1614.21875 1664.53125 1666.40625 1670.46875 1673.90625 1684.0625 1732.8125 1754.53125 1778.90625 1786.5625 1763.28125 1777.96875 1836.40625 1826.25 1905.15625
1640 1631.875 1625.625 1626.71875 1631.25 1626.40625 1621.25 1629.375 1623.125 1614.375 1598.28125 1579.21875 1557.1875 1502.03125 1446.25 1420.9375 1430.78125 1363.28125 1256.09375 1242.8125 1239.84375 1245.625 1247.65625 1258.4375 1269.6875 1275.15625 1290.15625 1309.21875 1338.75 1322.5 1379.0625 1445.78125 1438.59375 1407.34375 1372.5 1366.5625 1387.65625 1429.0625 1453.75 1472.65625 1479.6875 1470.625 1447.8125 1495.625 1563.75 1629.84375 1667.8125 1638.28125 1653.59375 1688.125 1702.34375 1722.5 1738.28125 1755.625 1783.75 1768.59375 1725.15625 1751.09375 1829.6875 1899.84375
1633.90625 1635.78125 1638.59375 1635 1619.375 1608.28125 1615 1620 1616.40625 1591.71875 1568.125 1542.8125 1539.6875 1531.09375 1496.5625 1466.875 1426.5625 1310.3125 1257.34375 1264.21875 1276.40625 1282.34375 1282.65625 1281.71875 1290.3125 1296.25 1305.625 1318.90625 1344.375 1349.375 1404.84375 1448.59375 1447.8125 1422.34375 1399.21875 1371.5625 1382.1875 1430.625 1460.9375 1483.75 1488.59375 1450.78125 1457.65625 1505.46875 1575.9375 1638.59375 1681.71875 1677.8125 1662.03125 1686.09375 1691.40625 1661.875 1685.9375 1709.84375 1744.21875 1748.28125 1675.3125 1667.1875 1810.3125 1889.84375
1631.875 1637.65625 1636.875 1629.6875 1610.9375 1591.71875 1592.65625 1608.125 1601.71875 1557.1875 1539.21875 1526.40625 1537.03125 1526.71875 1484.84375 1433.4375 1384.6875 1270.46875 1266.25 1320 1318.75 1317.5 1317.1875 1312.5 1310.15625 1301.40625 1320.46875 1327.5 1342.5 1371.5625 1406.875 1442.03125 1455.625 1440 1425 1402.5 1396.875 1415.3125 1464.6875 1487.5 1498.59375 1484.84375 1464.375 1483.90625 1553.75 1644.6875 1737.8125 1696.5625 1624.53125 1648.4375 1674.6875 1660.78125 1670.625 1683.125 1730.46875 1724.375 1664.21875 1775.15625 1846.875 1877.5
1633.4375 1640.3125 1642.03125 1637.8125 1628.59375 1600.625 1597.5 1622.1875 1622.5 1594.0625 1542.5 1523.4375 1532.8125 1512.96875 1416.40625 1343.125 1315.9375 1259.375 1308.75 1353.59375 1352.8125 1352.34375 1348.125 1336.40625 1316.25 1298.125 1327.03125 1314.21875 1325.3125 1353.4375 1368.125 1429.53125 1456.875 1455.15625 1441.40625 1431.875 1431.71875 1431.40625 1470.9375 1495.15625 1517.5 1525.15625 1488.28125 1472.96875 1549.375 1642.1875 1762.03125 1724.0625 1635.3125 1617.1875 1673.28125 1687.5 1688.90625 1721.40625 1739.84375 1710.78125 1677.65625 1699.0625 1806.71875 1856.40625
1623.4375 1640 1644.0625 1642.65625 1642.34375 1631.5625 1609.6875 1612.8125 1626.09375 1606.71875 1560 1520 1505.46875 1472.03125 1395.46875 1329.0625 1305.15625 1321.5625 1359.53125 1348.59375 1320.625 1369.0625 1366.40625 1339.0625 1295.46875 1293.4375 1332.34375 1337.8125 1331.71875 1334.21875 1359.53125 1406.40625 1445 1463.75 1458.28125 1455 1459.84375 1471.40625 1492.03125 1507.65625 1527.34375 1542.96875 1508.90625 1465 1541.875 1654.0625 1782.1875 1787.5 1682.65625 1620.46875 1647.34375 1680.625 1712.8125 1724.6875 1722.03125 1700.46875 1699.84375 1743.125 1735 1793.125
1618.75 1613.28125 1613.4375 1624.21875 1638.28125 1642.1875 1637.8125 1624.53125 1618.4375 1603.4375 1585 1559.0625 1524.6875 1488.28125 1439.53125 1423.4375 1382.8125 1384.84375 1385.625 1340 1359.0625 1385.9375 1366.40625 1322.96875 1275 1302.1875 1337.96875 1341.40625 1329.53125 1336.875 1350.15625 1380.9375 1410.46875 1434.375 1456.875 1448.28125 1464.0625 1476.71875 1491.71875 1515.46875 1542.1875 1556.71875 1550 1513.59375 1550.78125 1638.28125 1778.59375 1837.34375 1744.84375 1656.25 1641.71875 1658.90625 1705.625 1700.78125 1702.8125 1702.96875 1729.6875 1783.125 1751.40625 1765.78125
1627.1875 1610.46875 1612.5 1615.78125 1615.46875 1645.15625 1648.4375 1617.96875 1606.71875 1620.9375 1610.3125 1592.96875 1564.0625 1541.875 1502.5 1474.84375 1459.53125 1416.40625 1424.6875 1418.125 1414.6875 1391.25 1342.1875 1300 1291.25 1313.90625 1345.78125 1335.3125 1330.9375 1350.9375 1356.40625 1359.21875 1358.28125 1406.40625 1458.125 1438.28125 1446.09375 1459.375 1482.5 1514.375 1550.3125 1576.25 1587.65625 1590.15625 1581.25 1570.9375 1660.46875 1837.03125 1782.03125 1670.3125 1652.34375 1734.84375 1693.125 1681.40625 1698.4375 1717.1875 1788.90625 1837.65625 1787.1875 1765.15625
1637.5 1641.40625 1647.65625 1653.75 1640 1627.8125 1607.03125 1610.78125 1626.40625 1637.03125 1624.6875 1610.9375 1594.53125 1576.09375 1555.625 1523.90625 1502.34375 1491.5625 1459.53125 1444.0625 1425.3125 1381.5625 1293.4375 1270 1295.9375 1326.40625 1354.21875 1351.40625 1348.4375 1368.90625 1373.28125 1366.40625 1358.125 1394.84375 1462.34375 1475.3125 1450 1429.0625 1440 1498.90625 1550.78125 1583.4375 1605.46875 1614.375 1616.09375 1654.6875 1729.21875 1822.1875 1815.78125 1778.75 1793.75 1760.625 1657.03125 1655.46875 1715.46875 1801.71875 1852.03125 1813.90625 1757.5 1735.3125
1653.75 1663.75 1661.875 1662.8125 1660.78125 1647.96875 1628.28125 1595.9375 1594.21875 1623.90625 1626.40625 1611.40625 1600 1581.875 1563.28125 1542.03125 1523.125 1501.09375 1478.125 1448.28125 1401.40625 1385.3125 1329.6875 1282.8125 1294.375 1342.34375 1367.1875 1363.125 1366.5625 1380.9375 1390.9375 1388.4375 1390.78125 1418.125 1463.28125 1491.5625 1467.65625 1460.9375 1460.9375 1500.9375 1544.0625 1591.5625 1620.78125 1643.4375 1637.96875 1714.0625 1780.46875 1807.34375 1731.25 1797.8125 1756.71875 1695.625 1700.9375 1736.5625 1798.59375 1882.65625 1863.75 1843.59375 1789.375 1713.59375
1676.71875 1675.9375 1677.8125 1672.96875 1667.1875 1690 1645.9375 1649.375 1626.5625 1605.9375 1619.53125 1614.0625 1594.0625 1579.84375 1557.5 1542.5 1522.34375 1499.21875 1481.875 1460.9375 1432.34375 1405 1349.6875 1309.21875 1337.03125 1372.34375 1377.65625 1362.03125 1355.15625 1376.71875 1400 1411.875 1423.90625 1442.65625 1463.28125 1486.71875 1495 1481.5625 1496.25 1518.90625 1556.25 1591.25 1627.03125 1655 1650.9375 1711.25 1752.5 1780.3125 1710.9375 1667.8125 1672.1875 1710 1807.1875 1787.96875 1867.5 1834.84375 1780.3125 1805.3125 1803.4375 1814.375
1665.3125 1676.25 1676.71875 1676.5625 1679.0625 1692.34375 1684.21875 1677.5 1693.125 1636.40625 1602.34375 1591.71875 1553.4375 1552.03125 1517.1875 1532.96875 1518.28125 1484.6875 1482.1875 1469.0625 1451.40625 1420.15625 1385 1338.4375 1374.375 1392.03125 1379.6875 1350.15625 1328.75 1350.46875 1392.1875 1411.71875 1420 1428.75 1437.65625 1446.40625 1472.8125 1501.09375 1511.5625 1523.59375 1561.875 1604.53125 1638.59375 1659.53125 1673.4375 1681.71875 1701.71875 1788.75 1794.6875 1742.8125 1724.6875 1739.0625 1828.59375 1876.5625 1861.40625 1814.84375 1788.28125 1796.25 1728.59375 1712.34375
1622.1875 1628.125 1635.46875 1640.625 1667.34375 1679.53125 1689.6875 1696.875 1711.71875 1678.59375 1623.59375 1600.3125 1586.09375 1525.9375 1501.5625 1515 1503.28125 1475.46875 1462.5 1461.5625 1452.03125 1417.8125 1415.3125 1391.71875 1410.46875 1411.5625 1386.71875 1333.59375 1317.03125 1345.46875 1387.5 1415.3125 1413.125 1411.71875 1407.03125 1410.15625 1453.59375 1480.9375 1507.96875 1547.1875 1578.125 1618.59375 1655.3125 1681.40625 1698.75 1696.09375 1750.3125 1788.59375 1814.6875 1824.84375 1839.53125 1844.53125 1809.375 1798.59375 1840.78125 1801.875 1780 1816.40625 1680 1654.21875
1568.4375 1614.6875 1618.125 1630.3125 1655.15625 1664.0625 1677.1875 1683.90625 1697.03125 1693.59375 1661.40625 1635.9375 1607.8125 1563.28125 1518.125 1489.375 1479.53125 1458.125 1430.15625 1437.1875 1445.15625 1422.65625 1406.71875 1423.90625 1426.09375 1423.4375 1400.625 1368.4375 1334.375 1361.40625 1396.875 1433.125 1444.375 1449.84375 1458.59375 1464.0625 1487.1875 1519.6875 1546.09375 1552.03125 1588.28125 1637.03125 1670.3125 1696.40625 1725.15625 1737.8125 1750.3125 1784.21875 1803.125 1817.1875 1816.09375 1812.96875 1816.40625 1789.84375 1810.78125 1805.3125 1786.09375 1775.625 1747.1875 1630.78125
1453.75 1583.125 1621.71875 1637.8125 1643.59375 1659.6875 1681.875 1697.8125 1691.875 1685.78125 1664.6875 1639.0625 1609.6875 1581.25 1552.03125 1516.875 1473.59375 1450 1414.84375 1409.6875 1422.03125 1417.65625 1379.21875 1382.03125 1413.75 1429.84375 1421.5625 1401.5625 1374.375 1393.59375 1428.75 1457.03125 1478.75 1494.0625 1510.46875 1530.15625 1558.4375 1582.96875 1563.125 1573.125 1605.3125 1611.25 1642.1875 1683.125 1714.84375 1737.5 1721.40625 1679.375 1757.34375 1790.9375 1799.53125 1806.875 1810 1808.90625 1804.375 1805.46875 1805.3125 1796.25 1807.03125 1766.5625
1578.125 1614.84375 1645.15625 1659.84375 1655 1649.21875 1652.8125 1645.78125 1634.84375 1619.0625 1629.53125 1611.5625 1605.9375 1580.9375 1550 1517.8125 1485.15625 1451.40625 1423.125 1404.21875 1396.5625 1404.21875 1384.84375 1374.84375 1409.84375 1423.28125 1427.1875 1428.28125 1422.34375 1435.3125 1457.5 1469.21875 1499.375 1528.28125 1556.71875 1580.15625 1598.75 1597.96875 1599.0625 1617.03125 1640 1649.53125 1656.25 1663.59375 1661.71875 1676.875 1710.625 1723.125 1727.96875 1735 1711.5625 1708.59375 1777.5 1798.75 1805.625 1810.15625 1807.8125 1818.28125 1816.25 1812.03125
1639.21875 1661.5625 1689.6875 1686.40625 1652.1875 1610.3125 1593.28125 1594.53125 1580.625 1541.40625 1566.71875 1557.8125 1573.125 1558.59375 1540.78125 1505.78125 1481.5625 1450.78125 1425.46875 1403.75 1382.65625 1384.375 1383.75 1373.90625 1386.40625 1403.4375 1402.34375 1424.375 1459.6875 1474.21875 1471.71875 1452.65625 1490.625 1520.46875 1583.28125 1601.71875 1613.28125 1619.375 1625 1653.59375 1675.3125 1683.59375 1680.9375 1670.78125 1676.25 1705.15625 1713.4375 1710.46875 1676.25 1604.6875 1626.40625 1714.21875 1767.8125 1785.3125 1789.0625 1808.125 1809.84375 1819.375 1823.4375 1830
1648.75 1687.1875 1712.96875 1717.8125 1701.25 1671.09375 1614.6875 1575.46875 1563.90625 1551.71875 1552.65625 1566.71875 1579.0625 1558.90625 1532.65625 1517.8125 1484.375 1448.28125 1416.875 1394.21875 1384.84375 1375.625 1388.59375 1379.53125 1361.875 1382.8125 1405.46875 1433.59375 1463.4375 1484.375 1490 1496.5625 1533.75 1574.0625 1599.21875 1612.1875 1599.375 1627.8125 1656.875 1685.3125 1719.53125 1712.5 1690.46875 1685.15625 1694.6875 1693.125 1682.03125 1650.46875 1594.0625 1681.25 1726.875 1749.0625 1770 1784.53125 1792.34375 1797.1875 1799.84375 1797.65625 1806.09375 1829.375
1677.1875 1696.875 1709.375 1718.75 1722.03125 1717.5 1696.25 1660.15625 1592.65625 1563.4375 1572.03125 1572.65625 1598.125 1584.375 1554.375 1523.125 1488.90625 1454.53125 1425 1384.6875 1374.0625 1374.6875 1407.8125 1412.03125 1399.21875 1393.125 1409.53125 1408.4375 1457.65625 1468.4375 1475.78125 1464.0625 1543.75 1598.75 1614.0625 1616.5625 1609.53125 1629.6875 1654.84375 1655.78125 1700.3125 1715.9375 1699.6875 1690.78125 1669.53125 1645.78125 1579.84375 1621.71875 1676.875 1702.65625 1717.1875 1727.96875 1728.75 1753.90625 1770.625 1768.59375 1759.21875 1752.03125 1754.53125 1768.28125
1507.5 1563.59375 1683.4375 1714.0625 1715.15625 1712.5 1717.65625 1713.75 1671.875 1600.3125 1555.3125 1554.0625 1544.0625 1533.75 1541.875 1521.40625 1493.4375 1461.09375 1428.90625 1367.5 1381.5625 1386.25 1427.1875 1432.8125 1409.6875 1390.78125 1445.46875 1450.78125 1449.0625 1488.4375 1487.65625 1456.5625 1561.71875 1612.5 1625.3125 1607.8125 1614.84375 1636.875 1648.4375 1632.96875 1662.65625 1693.59375 1693.75 1680.78125 1643.4375 1559.53125 1618.4375 1652.1875 1671.5625 1675.3125 1630.625 1575.3125 1656.875 1722.1875 1744.375 1743.59375 1757.03125 1761.09375 1764.0625 1768.59375
1456.40625 1450.15625 1655 1704.0625 1707.1875 1702.8125 1700.625 1707.65625 1717.03125 1686.25 1614.375 1574.6875 1541.875 1539.53125 1514.6875 1502.5 1484.375 1470.9375 1440.78125 1379.6875 1407.65625 1427.03125 1443.4375 1442.03125 1389.6875 1405.625 1467.96875 1437.65625 1487.34375 1521.09375 1538.75 1526.25 1540 1623.125 1633.28125 1621.875 1628.4375 1638.28125 1638.75 1624.84375 1593.59375 1650 1672.65625 1669.375 1647.96875 1607.5 1616.875 1641.40625 1637.65625 1613.75 1584.21875 1615.46875 1696.09375 1698.75 1704.375 1729.0625 1751.25 1762.03125 1766.875 1762.65625
1564.53125 1537.5 1596.71875 1675.15625 1687.1875 1707.65625 1704.0625 1707.96875 1722.03125 1726.09375 1683.59375 1631.5625 1577.96875 1571.71875 1538.4375 1520 1514.6875 1488.125 1446.5625 1411.25 1411.5625 1425.15625 1447.8125 1465.625 1458.4375 1475.9375 1497.1875 1486.40625 1471.71875 1536.5625 1565 1588.4375 1608.4375 1634.21875 1627.1875 1603.90625 1586.09375 1622.8125 1619.6875 1587.8125 1552.65625 1603.75 1627.34375 1642.8125 1639.84375 1625 1594.375 1605.78125 1636.25 1654.375 1660 1678.125 1684.21875 1677.5 1663.28125 1672.03125 1714.21875 1740.46875 1748.4375 1745.78125
1537.03125 1547.8125 1512.96875 1605.46875 1614.6875 1682.03125 1715.46875 1722.96875 1739.53125 1747.1875 1725.3125 1677.65625 1660.46875 1620.625 1588.59375 1558.75 1534.375 1505.15625 1477.65625 1452.5 1438.90625 1426.09375 1442.03125 1470.78125 1496.875 1510 1521.40625 1525.625 1507.96875 1542.96875 1576.40625 1618.59375 1642.1875 1639.375 1616.40625 1545.3125 1554.0625 1591.71875 1590.625 1534.375 1505.46875 1543.59375 1570 1605.3125 1613.75 1614.0625 1605.3125 1610.15625 1623.125 1641.40625 1655.78125 1666.5625 1676.25 1667.8125 1675.3125 1690.3125 1699.6875 1710.78125 1730.15625 1735.9375
1546.875 1538.125 1526.5625 1544.6875 1539.0625 1552.8125 1631.09375 1722.8125 1746.25 1750 1751.875 1732.03125 1694.53125 1628.4375 1565.15625 1564.6875 1552.5 1525.15625 1496.40625 1464.0625 1429.84375 1434.375 1446.09375 1471.71875 1498.4375 1515.78125 1529.6875 1540 1546.09375 1563.28125 1593.4375 1623.90625 1640.9375 1630.46875 1599.6875 1519.53125 1522.8125 1566.71875 1553.28125 1513.59375 1437.5 1455.3125 1489.0625 1541.875 1566.5625 1580.78125 1590 1597.96875 1607.1875 1620.78125 1637.1875 1652.03125 1667.65625 1679.84375 1676.09375 1691.875 1710.9375 1724.53125 1729.6875 1730.46875
1526.09375 1541.40625 1549.6875 1519.84375 1437.5 1488.28125 1597.1875 1693.28125 1745.46875 1749.21875 1742.03125 1731.875 1716.5625 1694.0625 1660.3125 1620.78125 1562.34375 1527.65625 1505.15625 1483.90625 1462.5 1449.53125 1454.0625 1470.46875 1493.28125 1503.75 1515.15625 1538.125 1536.25 1567.5 1603.4375 1617.8125 1624.0625 1606.40625 1577.8125 1513.90625 1510.15625 1539.84375 1523.125 1483.59375 1462.03125 1448.125 1458.28125 1481.40625 1512.96875 1537.8125 1558.125 1567.1875 1570.78125 1567.96875 1600.46875 1631.40625 1651.5625 1668.59375 1680.78125 1684.21875 1702.03125 1717.5 1724.21875 1730.46875
1479.84375 1490.15625 1551.71875 1607.1875 1597.8125 1614.84375 1559.0625 1546.71875 1688.28125 1745.625 1736.25 1726.09375 1713.59375 1697.5 1680.9375 1653.90625 1586.09375 1544.84375 1526.40625 1507.34375 1485.9375 1467.8125 1465 1465.3125 1485.78125 1504.375 1524.53125 1540.3125 1558.125 1585.46875 1604.0625 1612.1875 1598.28125 1580.625 1551.09375 1518.28125 1513.75 1515.3125 1492.5 1447.65625 1412.8125 1392.8125 1404.53125 1426.09375 1461.40625 1488.4375 1515.46875 1534.0625 1541.5625 1539.21875 1547.8125 1583.28125 1626.09375 1647.65625 1660.9375 1652.1875 1679.84375 1702.1875 1715.46875 1726.40625
