Cases/SDM_Urocitellus_beldingi/westernUsClimate_hadley2080a2/BIO06.asc
NCOLS 315 
NROWS 297 
XLLCORNER -124.741664802 
YLLCORNER 29.2083311801598 
CELLSIZE 0.066666670143822 
NODATA_value -3.4e+38 
[rows 78 to 103 of 297, columns 240 to 299 of 315]
-967.5 -973.75 -978.75 -989.21875 -998.4375 -1016.40625 -1032.5 -1049.21875 -1070.46875 -1075.9375 -1095.78125 -1101.71875 -1128.75 -1153.59375 -1170.625 -1180.78125 -1172.5 -1183.28125 -1248.28125 -1301.09375 -1318.4375 -1305.3125 -1128.90625 -1048.4375 -1024.375 -1014.375 -1033.59375 -1043.28125 -1043.59375 -1064.6875 -1062.5 -1053.28125 -1030 -1005.78125 -986.71875 -968.28125 -945.46875 -935.46875 -920.625 -905.9375 -893.125 -881.25 -864.53125 -856.09375 -856.40625 -855.625 -853.125 -843.90625 -842.96875 -844.53125 -848.4375 -842.03125 -851.40625 -860.3125 -871.71875 -882.65625 -880.46875 -883.125 -888.59375 -889.84375
-969.0625 -978.75 -985.3125 -989.0625 -996.40625 -1004.21875 -1023.28125 -1036.09375 -1055 -1065.15625 -1079.6875 -1097.03125 -1107.65625 -1122.03125 -1135.46875 -1159.6875 -1185.15625 -1174.0625 -1210.46875 -1233.75 -1249.0625 -1248.75 -1157.8125 -1041.71875 -1020 -1015.78125 -1051.40625 -1083.75 -1072.8125 -1057.1875 -1062.5 -1055.9375 -1031.5625 -1000.3125 -975.625 -952.34375 -927.03125 -908.4375 -892.65625 -882.5 -872.5 -863.4375 -843.75 -833.125 -833.90625 -836.40625 -835.3125 -826.5625 -826.71875 -832.03125 -836.25 -834.375 -838.59375 -844.84375 -855.78125 -869.53125 -872.5 -875.625 -874.0625 -874.0625
-1007.34375 -1007.5 -1003.59375 -1001.71875 -1001.875 -1006.5625 -1013.28125 -1024.53125 -1039.375 -1040.46875 -1030.15625 -1040.3125 -1075.625 -1090.46875 -1079.375 -1062.5 -1122.65625 -1123.4375 -1141.40625 -1121.5625 -1177.1875 -1178.125 -1086.875 -1012.5 -1006.25 -1005 -1029.6875 -1091.40625 -1074.84375 -1061.25 -1044.6875 -1027.96875 -1009.6875 -978.90625 -946.71875 -929.84375 -892.96875 -870.9375 -857.65625 -848.59375 -843.75 -834.53125 -824.0625 -815.15625 -813.125 -814.0625 -815.46875 -811.40625 -810.46875 -816.5625 -820.15625 -818.75 -822.5 -829.6875 -840 -853.59375 -855.78125 -863.59375 -865.78125 -860.78125
-1053.75 -1051.5625 -1026.875 -1016.25 -1016.71875 -1014.375 -1021.40625 -1020 -1031.09375 -1036.71875 -1031.5625 -1022.96875 -1017.96875 -1031.875 -1012.8125 -1009.375 -1030.78125 -1050.15625 -1073.125 -1100.3125 -1056.09375 -1040.3125 -1015.78125 -1000.625 -997.8125 -990.9375 -1000.15625 -1051.25 -1033.4375 -1025.3125 -1019.6875 -998.28125 -974.0625 -942.5 -915.15625 -897.1875 -860.46875 -837.03125 -824.21875 -816.40625 -813.28125 -806.40625 -796.25 -791.71875 -793.125 -796.09375 -797.1875 -794.53125 -795.78125 -799.84375 -806.25 -803.4375 -806.09375 -808.75 -813.59375 -828.90625 -833.59375 -842.34375 -845.9375 -845.3125
-977.8125 -1003.4375 -1019.375 -1025.9375 -1027.5 -1029.0625 -1032.1875 -1031.875 -1030.15625 -1031.25 -1027.8125 -1024.84375 -1020 -1013.90625 -1016.40625 -1016.5625 -1019.0625 -1032.34375 -1038.4375 -1023.90625 -1001.71875 -996.25 -994.84375 -987.65625 -977.65625 -967.03125 -978.28125 -1002.5 -1002.8125 -988.4375 -990.3125 -971.25 -920.15625 -901.71875 -885.9375 -859.6875 -829.21875 -807.03125 -795.9375 -788.59375 -785.15625 -780.78125 -771.71875 -770.15625 -771.5625 -774.21875 -779.0625 -777.96875 -780.625 -785.625 -792.65625 -787.1875 -793.59375 -796.71875 -800.3125 -808.59375 -807.34375 -815.625 -822.8125 -826.25
-965.78125 -992.8125 -1011.09375 -1024.53125 -1030.46875 -1034.6875 -1038.125 -1037.8125 -1034.6875 -1032.96875 -1034.6875 -1031.71875 -1025.78125 -1019.375 -1037.1875 -1059.375 -1043.28125 -1026.71875 -1013.90625 -997.34375 -989.375 -981.71875 -982.03125 -967.65625 -960.625 -971.5625 -992.34375 -979.21875 -972.1875 -967.5 -957.03125 -936.25 -900.46875 -869.53125 -853.59375 -824.84375 -791.875 -774.0625 -766.40625 -768.75 -762.96875 -756.25 -750.625 -749.21875 -751.875 -755 -760 -759.375 -763.4375 -769.6875 -775 -771.09375 -774.53125 -781.71875 -787.03125 -785.9375 -779.21875 -784.84375 -795.46875 -804.53125
-973.90625 -990.9375 -1008.28125 -1021.875 -1030.46875 -1033.125 -1032.5 -1031.40625 -1030.625 -1044.375 -1049.6875 -1053.28125 -1059.84375 -1060.78125 -1078.125 -1117.1875 -1121.5625 -1094.0625 -1054.84375 -1006.875 -980 -970 -965.3125 -960.3125 -973.4375 -980.3125 -966.71875 -953.59375 -948.4375 -934.84375 -924.6875 -905.625 -875 -846.25 -820.78125 -795.78125 -762.96875 -747.34375 -741.40625 -741.25 -741.875 -735 -728.125 -725.46875 -728.90625 -733.28125 -740.78125 -740.625 -745.3125 -752.8125 -757.65625 -755.9375 -761.875 -767.34375 -768.4375 -770.3125 -760.9375 -766.5625 -777.65625 -788.4375
-978.90625 -1001.71875 -1023.125 -1035.9375 -1040.9375 -1050.46875 -1047.5 -1044.6875 -1047.1875 -1052.65625 -1062.34375 -1078.4375 -1086.25 -1099.6875 -1119.84375 -1141.25 -1153.75 -1124.6875 -1061.40625 -1021.71875 -988.28125 -965.46875 -958.90625 -958.59375 -967.65625 -964.6875 -957.65625 -938.90625 -920 -913.90625 -899.0625 -873.125 -841.25 -817.1875 -795.15625 -772.03125 -743.90625 -727.34375 -717.8125 -715.3125 -720.46875 -716.40625 -707.03125 -704.84375 -708.28125 -712.03125 -720.15625 -723.4375 -726.09375 -736.09375 -745.78125 -743.4375 -748.75 -752.34375 -754.53125 -748.90625 -751.875 -757.65625 -768.4375 -780.625
-986.09375 -1008.28125 -1035.15625 -1056.40625 -1065 -1070.625 -1067.1875 -1057.65625 -1052.5 -1059.84375 -1066.5625 -1075.625 -1088.90625 -1100.78125 -1110.3125 -1130.625 -1152.03125 -1128.75 -1089.21875 -1055.625 -1025.9375 -997.5 -976.09375 -949.21875 -945 -954.0625 -946.25 -932.8125 -914.21875 -893.90625 -867.5 -842.1875 -816.875 -792.34375 -769.0625 -750.78125 -723.125 -712.1875 -702.65625 -696.40625 -700.9375 -703.28125 -690.46875 -687.34375 -688.90625 -691.875 -701.71875 -704.6875 -712.03125 -721.875 -732.34375 -731.09375 -736.09375 -741.40625 -745 -739.375 -744.53125 -750.9375 -757.8125 -764.6875
-988.75 -1018.28125 -1049.375 -1082.03125 -1095.15625 -1078.75 -1074.6875 -1070.78125 -1063.4375 -1068.75 -1070.3125 -1070.15625 -1079.375 -1092.03125 -1098.4375 -1100.46875 -1102.03125 -1087.8125 -1068.125 -1041.40625 -1015.46875 -992.03125 -970.15625 -963.59375 -947.96875 -932.1875 -925.3125 -910.15625 -884.53125 -859.84375 -834.0625 -811.09375 -788.4375 -766.5625 -747.03125 -728.75 -704.21875 -695.15625 -690.78125 -686.40625 -683.75 -687.03125 -672.03125 -663.90625 -667.1875 -674.21875 -680.3125 -686.71875 -696.875 -707.8125 -719.21875 -719.6875 -727.5 -733.59375 -736.875 -733.28125 -738.90625 -746.09375 -750.3125 -753.4375
-988.59375 -1024.375 -1062.5 -1106.25 -1119.375 -1091.875 -1066.5625 -1068.4375 -1071.40625 -1070.9375 -1066.5625 -1068.75 -1065.46875 -1067.03125 -1071.5625 -1073.28125 -1066.09375 -1046.40625 -1024.53125 -998.125 -977.65625 -953.90625 -935.46875 -926.5625 -920.625 -911.25 -897.03125 -875.46875 -850.78125 -829.53125 -808.125 -786.09375 -763.28125 -742.8125 -725.78125 -709.6875 -689.6875 -679.6875 -668.90625 -667.34375 -668.28125 -669.0625 -655.15625 -651.09375 -655.9375 -660.9375 -660.9375 -671.25 -683.125 -697.03125 -710.15625 -711.71875 -719.84375 -726.71875 -730.9375 -728.59375 -732.8125 -739.84375 -741.875 -742.96875
-985.15625 -1013.4375 -1052.96875 -1080.78125 -1097.65625 -1070.3125 -1069.84375 -1069.84375 -1067.65625 -1066.09375 -1057.1875 -1058.4375 -1050 -1045.15625 -1034.53125 -1030.9375 -1021.5625 -996.71875 -977.1875 -950.46875 -930.9375 -918.90625 -914.375 -907.03125 -889.375 -879.6875 -866.09375 -846.09375 -827.1875 -806.875 -785.15625 -762.96875 -740.3125 -718.4375 -702.1875 -687.03125 -667.96875 -657.5 -651.09375 -652.8125 -642.96875 -639.21875 -633.90625 -637.34375 -638.4375 -642.34375 -645.78125 -658.28125 -672.34375 -687.96875 -703.125 -706.71875 -712.8125 -721.5625 -725.9375 -722.1875 -728.75 -733.28125 -735.625 -738.4375
-969.21875 -995.3125 -1026.5625 -1045.9375 -1053.125 -1066.5625 -1071.71875 -1062.34375 -1057.96875 -1048.75 -1047.1875 -1036.5625 -1029.21875 -1017.8125 -1006.40625 -995.9375 -978.59375 -950.625 -921.71875 -896.25 -890.46875 -891.25 -883.28125 -874.84375 -863.75 -847.8125 -833.59375 -815.3125 -796.40625 -782.65625 -763.28125 -741.71875 -719.53125 -696.25 -678.125 -658.125 -647.1875 -640 -633.59375 -630.46875 -621.40625 -608.125 -612.65625 -607.34375 -620 -622.65625 -625.3125 -642.96875 -664.21875 -680.46875 -688.59375 -700.15625 -709.0625 -717.5 -720.625 -717.8125 -724.21875 -729.84375 -732.96875 -733.75
-944.53125 -976.71875 -1002.03125 -1028.59375 -1043.90625 -1051.40625 -1060 -1052.5 -1040.9375 -1029.0625 -1020.15625 -1016.875 -1000 -984.375 -967.65625 -958.90625 -936.09375 -910.46875 -877.65625 -865 -858.90625 -856.5625 -851.40625 -840.625 -831.25 -819.375 -807.1875 -792.8125 -776.25 -762.34375 -742.65625 -723.4375 -702.65625 -677.65625 -660.46875 -641.875 -634.6875 -626.40625 -619.84375 -612.96875 -602.65625 -587.34375 -585.46875 -582.65625 -585.78125 -598.125 -611.09375 -632.65625 -656.25 -676.40625 -683.125 -695 -704.21875 -711.25 -711.40625 -714.53125 -717.8125 -722.65625 -726.5625 -730.3125
-921.71875 -952.5 -983.90625 -1012.34375 -1026.5625 -1032.03125 -1033.4375 -1031.71875 -1020.15625 -1006.5625 -994.53125 -986.5625 -968.4375 -952.03125 -936.25 -919.6875 -892.65625 -865.625 -844.84375 -838.59375 -834.6875 -822.03125 -812.03125 -808.4375 -799.21875 -791.71875 -783.4375 -772.03125 -758.125 -744.21875 -726.71875 -708.59375 -689.84375 -670.3125 -651.5625 -635.3125 -626.25 -618.75 -610.78125 -601.25 -593.75 -578.125 -566.875 -556.71875 -556.40625 -577.65625 -598.4375 -625.46875 -652.65625 -677.8125 -685.46875 -693.90625 -702.1875 -703.59375 -702.5 -707.65625 -714.53125 -715.15625 -719.375 -727.1875
-953.59375 -940.15625 -970.3125 -994.6875 -1007.8125 -1009.375 -1010 -1008.4375 -997.5 -974.84375 -960 -950.78125 -934.84375 -917.5 -901.5625 -881.71875 -852.1875 -835.625 -825.15625 -829.0625 -814.6875 -815 -796.09375 -781.09375 -773.125 -767.03125 -759.375 -749.6875 -739.84375 -727.5 -713.125 -696.5625 -680.3125 -661.875 -656.875 -665.3125 -668.59375 -657.34375 -624.84375 -600.78125 -598.59375 -581.5625 -598.75 -595.78125 -595 -598.75 -603.125 -622.8125 -649.21875 -677.8125 -691.09375 -695.625 -696.25 -697.65625 -696.25 -700.9375 -706.875 -707.34375 -712.65625 -722.5
-987.5 -951.5625 -963.28125 -981.5625 -994.53125 -993.28125 -990 -985.78125 -971.5625 -959.53125 -943.75 -923.90625 -906.40625 -891.875 -875.15625 -851.71875 -832.5 -813.125 -797.65625 -787.65625 -787.34375 -778.4375 -771.09375 -765.9375 -756.09375 -749.0625 -742.34375 -734.375 -725.46875 -713.28125 -701.5625 -688.28125 -673.90625 -663.125 -661.71875 -691.09375 -719.6875 -701.5625 -637.5 -620.78125 -634.6875 -652.8125 -661.25 -659.6875 -652.34375 -637.34375 -622.5 -632.1875 -647.34375 -667.03125 -682.8125 -686.5625 -690.9375 -688.75 -685.625 -690.46875 -695.625 -696.875 -702.96875 -711.5625
-1050.9375 -996.40625 -986.40625 -987.5 -986.71875 -983.4375 -977.8125 -969.84375 -958.59375 -949.375 -931.5625 -912.34375 -892.5 -872.5 -856.5625 -833.75 -810.625 -790 -773.4375 -757.03125 -751.09375 -747.34375 -740.3125 -738.28125 -733.4375 -730.15625 -724.53125 -717.65625 -711.25 -705.15625 -692.5 -681.5625 -662.8125 -649.6875 -641.40625 -662.5 -705.9375 -707.96875 -684.0625 -685.15625 -667.03125 -682.5 -681.09375 -668.28125 -671.875 -636.5625 -628.28125 -631.25 -637.03125 -649.21875 -665.625 -673.90625 -679.53125 -676.875 -672.5 -677.65625 -683.75 -683.59375 -688.59375 -697.96875
-1087.96875 -1050.15625 -1015 -998.28125 -985.3125 -975.9375 -972.5 -960.15625 -944.375 -931.875 -920 -900 -878.4375 -855.46875 -834.84375 -815.3125 -790 -767.65625 -751.09375 -737.65625 -725.46875 -718.59375 -716.25 -717.65625 -720.78125 -717.8125 -712.5 -705.46875 -700 -692.96875 -686.25 -670.15625 -656.5625 -648.4375 -643.59375 -650.78125 -679.84375 -699.84375 -715.9375 -724.53125 -708.90625 -730 -695.78125 -700 -681.09375 -653.90625 -660.78125 -629.0625 -632.65625 -638.28125 -649.84375 -657.65625 -659.21875 -659.53125 -659.0625 -662.03125 -661.40625 -666.25 -674.21875 -682.8125
-1085 -1057.96875 -1035.78125 -1014.53125 -989.375 -971.25 -966.40625 -951.40625 -936.40625 -919.0625 -904.21875 -887.03125 -866.25 -841.5625 -816.40625 -796.09375 -772.03125 -749.53125 -734.6875 -713.75 -705.78125 -701.09375 -696.875 -703.4375 -704.21875 -702.5 -699.53125 -696.25 -691.25 -683.28125 -677.5 -663.90625 -656.40625 -655.625 -655 -670.9375 -678.125 -689.375 -700 -703.90625 -712.03125 -727.5 -752.96875 -741.875 -699.53125 -688.59375 -689.0625 -660 -637.96875 -631.09375 -644.6875 -650.15625 -644.21875 -642.65625 -644.375 -645.9375 -644.6875 -649.53125 -657.8125 -667.34375
-1073.28125 -1048.90625 -1031.5625 -1009.84375 -995 -977.5 -955.9375 -943.75 -935.625 -915.78125 -894.375 -881.40625 -858.4375 -830.46875 -807.1875 -777.34375 -755.3125 -729.0625 -703.90625 -686.40625 -685.46875 -686.40625 -683.28125 -683.4375 -681.09375 -680.3125 -688.125 -689.0625 -680.78125 -672.65625 -673.75 -675.15625 -672.65625 -665.78125 -657.34375 -672.03125 -688.125 -694.21875 -694.0625 -691.875 -697.5 -725.15625 -743.90625 -754.375 -740.15625 -704.6875 -704.375 -676.875 -654.84375 -643.125 -648.125 -644.6875 -630.9375 -626.71875 -626.5625 -627.03125 -624.375 -630.625 -640.46875 -649.0625
-1059.21875 -1043.4375 -1023.90625 -1007.5 -987.96875 -980 -956.25 -934.0625 -922.8125 -912.34375 -898.75 -891.25 -871.5625 -833.4375 -849.84375 -832.8125 -784.0625 -738.4375 -700.78125 -671.25 -670.625 -671.40625 -672.5 -671.40625 -672.1875 -672.1875 -674.375 -673.90625 -675.46875 -673.90625 -671.71875 -676.40625 -685.3125 -688.90625 -669.6875 -670.9375 -682.65625 -682.5 -682.34375 -677.65625 -682.1875 -693.4375 -720.46875 -726.71875 -728.75 -705.3125 -706.875 -707.96875 -672.8125 -657.65625 -652.65625 -638.75 -624.375 -617.03125 -614.6875 -610.46875 -604.21875 -609.375 -619.21875 -629.84375
-1060.9375 -1037.8125 -1019.6875 -997.65625 -980.46875 -962.03125 -948.90625 -936.09375 -918.75 -902.65625 -889.0625 -867.96875 -846.875 -826.5625 -825.3125 -843.125 -825.15625 -787.1875 -705.3125 -681.09375 -740.3125 -740.15625 -705 -678.75 -667.65625 -665.46875 -665.9375 -667.03125 -681.5625 -671.25 -670.78125 -676.09375 -676.71875 -681.5625 -684.21875 -684.375 -683.4375 -676.875 -674.375 -680.46875 -687.96875 -691.25 -695.15625 -701.71875 -722.96875 -710.78125 -721.5625 -703.4375 -682.1875 -687.8125 -661.25 -631.875 -607.8125 -598.4375 -593.28125 -589.21875 -583.28125 -586.71875 -595.3125 -602.34375
-1050.3125 -1023.90625 -1003.125 -984.375 -970.625 -955.78125 -944.6875 -931.25 -914.84375 -895.46875 -877.8125 -864.84375 -850.46875 -835 -815.625 -811.25 -784.53125 -739.21875 -704.53125 -687.34375 -702.03125 -732.1875 -770.625 -714.84375 -670.46875 -668.125 -665.46875 -666.09375 -662.65625 -663.59375 -669.84375 -684.6875 -699.6875 -675.9375 -677.5 -679.0625 -682.65625 -677.5 -678.75 -679.375 -680.625 -687.03125 -683.75 -686.40625 -695 -700.78125 -718.59375 -709.0625 -697.03125 -699.0625 -657.1875 -628.125 -594.6875 -581.25 -573.59375 -562.96875 -559.53125 -564.0625 -570.78125 -580
-1030 -1008.75 -986.875 -971.40625 -960.15625 -948.28125 -933.59375 -920.625 -907.03125 -890.9375 -874.84375 -862.65625 -847.1875 -828.28125 -811.5625 -808.28125 -789.21875 -744.6875 -705.78125 -684.6875 -684.0625 -686.25 -680.15625 -675 -678.4375 -707.96875 -698.4375 -671.25 -669.84375 -671.875 -688.125 -715 -750 -706.40625 -681.09375 -687.5 -682.1875 -679.0625 -679.375 -682.03125 -683.125 -685.625 -680.46875 -680.15625 -683.125 -684.6875 -706.25 -692.96875 -670.3125 -660.46875 -646.09375 -619.0625 -576.40625 -558.75 -550.15625 -536.25 -533.125 -540 -550 -559.0625
-1013.28125 -997.34375 -980.78125 -963.4375 -949.6875 -939.375 -925.78125 -916.40625 -904.21875 -890.78125 -876.5625 -858.75 -845.46875 -827.34375 -806.40625 -784.53125 -767.8125 -753.4375 -715.9375 -692.65625 -679.375 -677.5 -675.46875 -679.53125 -682.8125 -673.125 -670.3125 -666.875 -665.3125 -671.40625 -673.28125 -700.46875 -685.78125 -692.96875 -675.9375 -678.90625 -681.40625 -681.09375 -685.15625 -687.8125 -688.75 -690.78125 -686.875 -683.59375 -683.4375 -680.9375 -679.6875 -670.9375 -676.09375 -665.78125 -666.875 -623.59375 -564.21875 -543.75 -534.6875 -517.5 -514.375 -518.90625 -530.78125 -538.125
