Cases/SDM_Urocitellus_beldingi/westernUsClimate_hadley2080a2/BIO07.asc
NCOLS 315 
NROWS 297 
XLLCORNER -124.741664802 
YLLCORNER 29.2083311801598 
CELLSIZE 0.066666670143822 
NODATA_value -3.4e+38 
[rows 208 to 233 of 297, columns 180 to 239 of 315]
4080.9375 3990.3125 3903.59375 3921.5625 3944.0625 3875.78125 3702.03125 3623.125 3586.25 3586.71875 3638.4375 3686.09375 3681.875 3688.125 3709.53125 3798.125 3813.90625 3822.5 3818.59375 3855.3125 3899.21875 3943.59375 3988.125 4030.3125 4080.9375 4119.0625 4172.5 4217.5 4234.53125 4260.46875 4284.53125 4298.59375 4283.4375 4270.9375 4273.4375 4291.875 4293.90625 4271.40625 4265.625 4268.4375 4239.0625 4204.6875 4182.96875 4181.09375 4159.375 4148.90625 4139.6875 4138.28125 4132.65625 4119.53125 4091.40625 4057.96875 4025 4004.84375 4010.46875 4002.96875 4030.15625 4042.1875 4048.90625 4055.625
4090.46875 4087.1875 3925.15625 3854.21875 3935.46875 3978.4375 3910.625 3790.46875 3675.78125 3646.40625 3679.84375 3740.9375 3680.9375 3714.0625 3741.875 3789.53125 3778.59375 3789.0625 3808.4375 3815.78125 3848.59375 3916.25 3962.34375 4015.46875 4065.78125 4107.03125 4145.625 4196.5625 4232.65625 4260.9375 4274.53125 4292.8125 4291.40625 4298.75 4305.46875 4308.125 4282.65625 4260.625 4275.625 4276.40625 4237.96875 4207.5 4206.71875 4201.71875 4180.78125 4184.53125 4167.34375 4139.53125 4101.71875 4068.28125 4073.90625 4060.15625 4026.875 4029.21875 4017.5 4036.71875 4073.4375 4077.1875 4060.78125 4042.8125
4076.71875 4097.96875 4080.78125 3994.6875 3972.5 4023.4375 4030.46875 3962.65625 3886.875 3787.5 3854.6875 3784.53125 3727.8125 3729.84375 3752.1875 3773.4375 3779.84375 3759.375 3736.71875 3790.625 3810 3849.84375 3932.8125 3984.0625 4045 4079.21875 4123.59375 4168.59375 4204.6875 4232.96875 4263.4375 4290.9375 4301.71875 4305.46875 4319.6875 4318.75 4318.28125 4308.59375 4309.0625 4288.75 4271.09375 4260.46875 4247.8125 4226.09375 4211.25 4196.09375 4174.375 4123.28125 4057.96875 4006.25 4012.03125 4012.5 4036.71875 4031.09375 4032.1875 4057.96875 4085.78125 4046.25 4004.53125 3997.1875
4056.875 4079.21875 4088.28125 4081.40625 4045 4044.0625 4052.03125 4052.8125 4021.71875 3968.28125 3903.59375 3894.21875 3874.21875 3855.9375 3806.09375 3787.8125 3779.0625 3766.875 3737.96875 3767.1875 3785.625 3825.9375 3899.21875 3962.96875 4017.8125 4055.15625 4071.40625 4137.65625 4174.84375 4204.0625 4235.15625 4253.125 4280.15625 4302.03125 4311.71875 4319.375 4323.28125 4319.6875 4322.8125 4309.0625 4287.65625 4260.625 4226.25 4211.71875 4199.84375 4168.75 4135.625 4104.53125 4067.96875 4022.34375 4022.96875 4051.09375 4063.125 4042.8125 4051.25 4085.78125 4077.65625 4047.34375 4025.46875 4002.65625
4030.15625 4062.96875 4007.5 4038.28125 4055 3998.75 3963.4375 3962.5 3958.75 3977.96875 4079.84375 3991.40625 4011.25 3982.96875 3941.5625 3780.9375 3777.1875 3773.75 3743.59375 3732.1875 3742.1875 3803.90625 3850 3921.25 3984.375 4027.8125 4060.9375 4072.34375 4137.34375 4173.125 4208.125 4223.75 4246.875 4264.6875 4264.53125 4285.3125 4283.28125 4292.1875 4293.90625 4289.53125 4277.03125 4250.46875 4221.09375 4188.75 4176.40625 4161.25 4147.5 4129.0625 4079.21875 4049.0625 4074.0625 4090.9375 4068.90625 4067.34375 4084.375 4089.84375 4072.5 4056.71875 4036.09375 4029.21875
3998.90625 4030.3125 3987.5 4001.40625 4027.03125 3976.40625 3898.75 3824.84375 3727.8125 3922.5 4139.84375 4095.9375 4116.71875 3939.84375 3967.03125 3866.40625 3800.15625 3784.0625 3750.78125 3727.96875 3720.3125 3794.375 3841.5625 3867.8125 3932.96875 3991.09375 4026.875 4046.5625 4098.90625 4137.65625 4168.59375 4192.03125 4207.1875 4217.5 4213.90625 4241.40625 4244.21875 4261.25 4263.59375 4272.03125 4275.3125 4252.8125 4234.53125 4212.5 4192.03125 4165 4154.21875 4135.3125 4095.15625 4081.09375 4112.65625 4088.90625 4107.5 4096.25 4062.96875 4063.125 4073.125 4074.53125 4059.21875 4067.03125
3919.21875 3954.6875 3923.75 3939.375 3952.1875 3936.5625 3893.90625 3803.90625 3634.53125 3697.96875 4063.90625 4181.25 4182.34375 4093.125 4069.21875 3929.53125 3828.59375 3792.34375 3783.28125 3767.1875 3769.6875 3796.71875 3818.75 3858.59375 3899.53125 3942.5 3976.09375 4011.40625 4049.375 4087.96875 4117.34375 4148.59375 4175.46875 4179.21875 4178.4375 4200.46875 4207.5 4235.3125 4250.9375 4254.6875 4267.65625 4259.0625 4248.28125 4223.90625 4183.90625 4160.9375 4167.8125 4132.96875 4112.8125 4114.6875 4134.84375 4128.59375 4121.25 4096.25 4053.4375 4029.21875 4030.46875 4060.3125 4073.125 4065.3125
3885.46875 3888.90625 3765.9375 3838.4375 3865.78125 3867.03125 3870.3125 3822.1875 3688.125 3683.90625 3893.125 4132.34375 4200.3125 4183.90625 4130.46875 4002.1875 3833.4375 3790.9375 3792.1875 3761.09375 3788.125 3790 3819.84375 3841.875 3861.5625 3897.1875 3925.625 3950.625 4000.46875 4041.875 4079.375 4113.125 4152.03125 4170.15625 4177.5 4190.78125 4188.28125 4208.125 4226.09375 4243.75 4247.5 4234.21875 4224.0625 4212.5 4195 4176.875 4174.6875 4149.84375 4141.71875 4138.75 4127.5 4123.90625 4101.5625 4086.875 4072.8125 4064.375 4055.9375 4024.84375 4017.03125 4009.375
3908.28125 3861.5625 3710.15625 3763.28125 3798.4375 3785.625 3835.625 3859.375 3787.5 3773.28125 3789.53125 3910.625 4132.8125 4202.96875 4080 3973.4375 3822.96875 3813.75 3814.375 3778.28125 3780.3125 3771.40625 3765.15625 3800.46875 3822.65625 3839.84375 3865.625 3894.6875 3941.875 3993.59375 4032.1875 4067.96875 4113.125 4142.03125 4165.3125 4182.1875 4180.625 4192.65625 4206.71875 4227.1875 4217.5 4197.34375 4194.21875 4172.65625 4169.21875 4153.75 4138.28125 4134.21875 4104.53125 4116.5625 4120.3125 4112.03125 4110.78125 4113.125 4105 4087.34375 4085.9375 4078.125 4070.78125 4065.625
3887.1875 3855.15625 3680.46875 3683.125 3679.0625 3690.78125 3748.90625 3859.21875 3825.46875 3879.21875 3876.875 3849.84375 3867.1875 4149.0625 4166.71875 3987.1875 3841.40625 3786.71875 3775.78125 3743.125 3737.34375 3735 3754.84375 3766.25 3775.3125 3780 3811.40625 3840.15625 3900.78125 3930.15625 3984.21875 4031.71875 4081.09375 4108.75 4134.21875 4150.78125 4158.125 4174.21875 4192.03125 4218.28125 4203.125 4162.34375 4144.375 4128.90625 4133.75 4126.40625 4097.96875 4077.65625 4058.59375 4080 4102.1875 4090.9375 4065 4089.375 4105.9375 4106.40625 4103.75 4099.375 4113.4375 4128.4375
3932.8125 3883.125 3765.78125 3717.5 3592.96875 3570.625 3711.5625 3831.40625 3873.4375 3898.28125 3901.875 3847.5 3761.875 3917.03125 4112.65625 3950 3844.53125 3856.40625 3780 3729.375 3719.21875 3731.71875 3745.625 3695.78125 3724.53125 3739.0625 3764.21875 3796.40625 3857.65625 3887.03125 3934.53125 4006.5625 4057.65625 4081.25 4097.1875 4107.65625 4131.5625 4154.21875 4166.5625 4177.03125 4179.375 4136.5625 4098.75 4053.90625 4069.53125 4047.96875 4032.65625 4018.4375 4055 4052.8125 4066.25 4056.09375 4016.71875 4008.4375 4035.78125 4063.90625 4075.15625 4077.96875 4101.875 4127.5
3908.125 3885.46875 3857.65625 3789.375 3655.3125 3644.375 3724.6875 3812.5 3844.84375 3886.25 3891.09375 3874.6875 3828.90625 3760.9375 3955.3125 4005.46875 3972.34375 3824.0625 3786.71875 3841.40625 3868.4375 3915 3921.25 3835 3818.28125 3723.75 3717.1875 3753.4375 3792.96875 3821.40625 3888.75 3962.03125 4014.0625 4035.3125 4045.3125 4064.21875 4077.8125 4086.09375 4106.5625 4133.59375 4115.78125 4098.59375 4063.75 4032.1875 3982.34375 4007.03125 3990.3125 3987.03125 3996.25 4015.78125 4035.9375 4004.21875 3979.0625 3977.96875 3982.5 4012.65625 4041.40625 4075.78125 4084.6875 4105.15625
3836.5625 3825.78125 3896.40625 3868.90625 3770.9375 3698.75 3762.65625 3835.9375 3838.59375 3857.96875 3876.09375 3846.5625 3804.6875 3731.875 3795.9375 4049.53125 4017.03125 3897.03125 3902.96875 3937.96875 3977.34375 3997.03125 3949.0625 3903.4375 3930.9375 3896.09375 3844.375 3787.5 3767.03125 3814.21875 3827.5 3866.09375 3924.53125 3946.875 3960.625 3982.34375 4003.59375 4031.09375 4044.53125 4071.25 4047.34375 4040.3125 4029.0625 3992.65625 3943.28125 3953.90625 3941.09375 3905.15625 3947.65625 3986.25 4020.9375 4023.59375 3970.3125 3950.9375 3955.78125 3986.71875 3990.625 4033.90625 4043.4375 4063.75
3740.625 3753.4375 3893.28125 3882.03125 3764.6875 3609.53125 3692.34375 3836.5625 3916.5625 3895.3125 3861.875 3833.75 3785.3125 3839.53125 3913.90625 4012.8125 3988.4375 3964.84375 4029.53125 4032.03125 3975.46875 3982.03125 4009.375 3965.15625 3979.0625 3961.40625 3910.9375 3873.75 3822.34375 3889.0625 3875.625 3850.46875 3944.21875 3975.9375 3996.5625 3971.09375 3947.34375 3967.34375 3982.34375 3999.0625 4003.28125 3980 3945.78125 3907.8125 3877.1875 3881.5625 3860 3810.625 3861.09375 3920.15625 3966.71875 3952.34375 3958.125 3938.75 3933.125 3942.96875 3944.375 3983.75 4018.28125 4060.15625
3837.8125 3767.03125 3837.03125 3852.34375 3735.78125 3661.25 3610.9375 3702.1875 3911.5625 3864.84375 3812.96875 3790.625 3763.125 3920.15625 3992.03125 4050.3125 3931.09375 3850 3817.34375 3990.15625 4014.375 3981.71875 4026.25 4027.8125 3968.4375 3947.34375 3930 3896.5625 3864.0625 3889.0625 3941.71875 3852.65625 3924.6875 3992.03125 3998.59375 3997.8125 3966.71875 3965.78125 3996.25 3979.21875 3961.25 3930.625 3865.78125 3827.34375 3771.875 3734.0625 3707.5 3681.25 3746.875 3828.59375 3891.875 3902.65625 3883.59375 3926.25 3942.1875 3929.21875 3930.78125 3944.53125 4001.71875 4028.90625
3967.03125 3920.9375 3893.75 3826.875 3792.1875 3749.84375 3739.6875 3723.4375 3893.90625 3900.15625 3829.53125 3778.4375 3764.53125 3833.75 3905.625 4026.875 3995.46875 3862.34375 3766.875 3871.25 4067.34375 4080.625 4032.34375 3953.90625 3937.34375 3921.5625 3905.3125 3907.65625 3876.09375 3900.78125 3944.375 3908.4375 3945.46875 4006.71875 3983.90625 3998.4375 4004.53125 3996.09375 3999.21875 3984.6875 3948.90625 3908.125 3840.78125 3799.84375 3743.125 3664.0625 3591.71875 3541.09375 3629.53125 3752.8125 3831.09375 3866.25 3865.46875 3882.65625 3924.21875 3934.53125 3897.96875 3899.6875 3967.03125 4008.4375
4027.65625 3935.3125 3806.25 3823.4375 3868.4375 3845 3844.6875 3831.71875 3896.09375 3882.8125 3793.75 3748.125 3749.6875 3811.71875 3888.4375 4012.34375 4002.65625 3936.875 3767.65625 3781.09375 4014.0625 4113.90625 3974.0625 3876.5625 3857.65625 3897.34375 3835.3125 3909.375 3889.21875 3909.0625 3958.90625 3916.40625 3948.125 3999.0625 4004.53125 3952.03125 4012.8125 3995.3125 3970.46875 3891.875 3904.84375 3878.125 3869.6875 3868.28125 3755.46875 3681.71875 3607.65625 3542.34375 3567.03125 3664.6875 3642.65625 3695.9375 3800 3849.21875 3845.78125 3877.1875 3812.03125 3840.78125 3860.78125 3941.71875
4046.875 3955.46875 3860.78125 3804.21875 3828.90625 3841.5625 3857.1875 3866.09375 3869.84375 3859.53125 3808.90625 3774.21875 3791.71875 3789.0625 3854.53125 3982.34375 3986.71875 3888.4375 3751.25 3796.875 3966.25 4104.21875 3930.625 3773.59375 3799.6875 3815.625 3795.15625 3896.25 3872.34375 3912.5 3975.78125 3906.09375 3905.9375 3965.3125 3973.4375 3936.5625 3989.375 3995.3125 3961.25 3942.65625 3930.15625 3889.84375 3939.6875 3772.34375 3662.96875 3603.4375 3487.1875 3452.03125 3514.53125 3559.375 3557.5 3584.53125 3756.5625 3779.53125 3629.0625 3720 3755.3125 3928.59375 3957.1875 3981.71875
4013.125 4000.3125 3926.40625 3863.28125 3830.78125 3828.59375 3874.53125 3861.71875 3857.5 3856.09375 3848.28125 3812.65625 3792.34375 3764.84375 3797.03125 3880.3125 3974.6875 3912.1875 3836.25 3804.84375 3865.46875 4126.875 4011.71875 3842.34375 3773.59375 3782.03125 3745.3125 3844.0625 3816.25 3845.625 3913.59375 3889.53125 3892.1875 3934.375 3933.4375 3900.3125 3970.625 3992.5 3978.4375 3948.75 3900.3125 3930 3947.65625 3816.09375 3682.96875 3571.5625 3428.75 3350.78125 3467.65625 3555.78125 3592.34375 3617.5 3670 3672.34375 3581.71875 3758.59375 3816.71875 4005.15625 4027.34375 3946.25
4008.28125 4005.15625 3957.5 3914.84375 3879.6875 3853.125 3886.71875 3888.125 3886.5625 3880 3869.21875 3860.15625 3832.5 3807.03125 3838.90625 3869.0625 3928.75 3920.3125 3856.09375 3851.875 3774.84375 4077.1875 4057.1875 3892.1875 3831.40625 3782.03125 3705 3682.1875 3885.3125 3844.84375 3895.9375 3975.625 3959.6875 3930.625 3911.875 3928.59375 3958.59375 3964.53125 3954.0625 3925.15625 3926.71875 3944.375 3921.71875 3889.53125 3775.9375 3627.34375 3538.90625 3517.5 3538.125 3587.1875 3611.71875 3665.78125 3637.8125 3666.25 3760.9375 3845.15625 3952.5 4058.125 4023.90625 3987.1875
4018.59375 4003.28125 3976.25 3951.71875 3930.625 3909.375 3917.8125 3920 3904.21875 3894.0625 3892.1875 3868.4375 3827.96875 3801.71875 3829.84375 3885.78125 3903.75 3842.96875 3919.375 3792.8125 3678.125 3900.46875 4027.65625 3959.0625 3879.375 3862.96875 3768.59375 3725 3891.09375 3940.78125 3973.90625 3956.40625 3865 3913.4375 3904.53125 3905.9375 3955.46875 3940 3928.59375 3934.53125 3940.9375 3915.78125 3877.96875 3794.375 3719.375 3715.15625 3678.90625 3636.09375 3649.375 3704.53125 3742.65625 3714.375 3698.75 3736.25 3787.65625 3926.5625 3967.5 3918.125 3970.625 4117.03125
4017.1875 3995 3981.875 3971.40625 3958.28125 3950.3125 3949.0625 3933.90625 3925 3922.96875 3903.90625 3884.84375 3853.4375 3795.9375 3809.84375 3868.125 3895.625 3855.3125 3874.6875 3800.3125 3706.71875 3710.15625 3883.75 3953.28125 3957.96875 3950 3921.40625 3850 3937.1875 3961.875 3943.75 3856.875 3770.9375 3790.3125 3809.84375 3827.96875 3853.125 3900.46875 3920.46875 3880.15625 3873.125 3865.625 3866.71875 3846.09375 3810.3125 3764.375 3665.78125 3685 3739.375 3774.0625 3710.3125 3704.375 3724.0625 3805.46875 3927.03125 3946.25 3803.125 3974.84375 4083.125 4126.71875
4020.15625 3963.90625 3907.1875 3931.875 3961.25 3954.375 3958.28125 3949.6875 3939.84375 3932.8125 3918.4375 3909.53125 3900 3835 3800.625 3879.0625 3896.25 3846.09375 3825.625 3834.0625 3752.1875 3676.875 3783.59375 3841.71875 3850.46875 3920 3948.90625 3904.84375 3890.78125 3896.09375 3810 3800 3740 3792.96875 3753.90625 3766.09375 3779.21875 3807.1875 3838.125 3880.3125 3863.59375 3878.90625 3886.25 3880.78125 3824.375 3711.25 3712.34375 3751.40625 3801.5625 3660.9375 3590.625 3565.46875 3706.71875 3928.75 4016.25 3912.1875 3932.03125 4048.125 4050.46875 4079.53125
4022.65625 3950 3775.625 3908.59375 3963.90625 3956.40625 3956.875 3954.375 3940.625 3932.34375 3907.03125 3910.46875 3923.4375 3905.9375 3859.53125 3874.375 3900.46875 3856.5625 3837.03125 3805.625 3791.71875 3780.3125 3797.96875 3751.5625 3709.53125 3796.5625 3831.875 3791.09375 3751.71875 3728.75 3709.6875 3795.46875 3773.4375 3842.34375 3806.09375 3768.4375 3795.78125 3806.40625 3834.0625 3826.40625 3853.59375 3874.21875 3889.53125 3890.3125 3851.40625 3828.75 3831.71875 3805.15625 3796.875 3681.71875 3599.84375 3664.84375 3907.03125 3993.90625 3940.9375 3899.53125 4008.75 4028.59375 4055.78125 4024.375
4032.1875 3991.25 3880.625 3955.15625 3982.8125 3978.125 3963.28125 3945.9375 3938.75 3941.40625 3944.0625 3930.46875 3943.4375 3929.84375 3910 3894.84375 3825.3125 3785.46875 3765.15625 3773.125 3748.4375 3701.09375 3672.1875 3608.4375 3618.75 3680 3713.90625 3719.375 3774.53125 3701.71875 3693.75 3775.15625 3849.21875 3893.90625 3883.75 3864.0625 3872.8125 3856.71875 3840 3809.21875 3798.28125 3817.8125 3848.28125 3867.65625 3864.84375 3883.125 3845.15625 3862.34375 3927.03125 3912.1875 3843.4375 3865.15625 3991.09375 3931.5625 3864.375 3860.46875 4015.3125 4037.03125 4020.46875 3967.5
4051.875 4041.5625 4025.78125 4017.65625 3994.84375 3957.8125 3956.25 3957.1875 3949.6875 3953.4375 3959.0625 3967.03125 3965.9375 3938.28125 3914.6875 3877.1875 3835 3811.5625 3785.15625 3698.28125 3680.15625 3653.75 3625.625 3557.34375 3593.75 3650 3649.84375 3649.84375 3731.25 3708.75 3737.96875 3762.8125 3860.46875 3930.78125 3937.65625 3906.71875 3889.21875 3882.96875 3853.59375 3847.5 3802.34375 3757.5 3792.8125 3836.875 3868.4375 3884.84375 3828.125 3838.75 3948.4375 3893.90625 3752.65625 3864.6875 3957.1875 4004.21875 3970.625 3969.84375 4005.625 4010.3125 4007.03125 3955.78125
