Cases/SDM_Urocitellus_beldingi/westernUsClimate_hadley2080a2/BIO08.asc
NCOLS 315 
NROWS 297 
XLLCORNER -124.741664802 
YLLCORNER 29.2083311801598 
CELLSIZE 0.066666670143822 
NODATA_value -3.4e+38 
[rows 104 to 129 of 297, columns 240 to 299 of 315]
2296.25 2327.96875 2347.96875 2348.90625 2347.96875 2362.8125 2385 2387.65625 2406.5625 2416.40625 2422.65625 2421.71875 2418.4375 2415.3125 2418.59375 2418.75 2417.1875 2395 2253.4375 1930.9375 1940.78125 1700 1136.40625 980.9375 815.625 877.34375 905.9375 920.78125 934.84375 921.09375 906.25 855.46875 869.375 874.84375 859.84375 826.25 797.65625 836.5625 1267.8125 1565.3125 1597.5 1445.3125 1472.03125 1529.53125 1896.25 1889.0625 1857.1875 1845.625 1880.78125 1867.96875 1894.84375 2011.40625 2209.375 2297.96875 2311.5625 2309.21875 2309.21875 2337.8125 2301.5625 2266.71875
2341.875 2355.46875 2358.28125 2365.78125 2384.53125 2386.875 2384.6875 2393.90625 2411.25 2409.21875 2424.84375 2420.9375 2426.09375 2428.75 2427.03125 2427.8125 2432.65625 2432.65625 2301.71875 1932.8125 1915.15625 1956.5625 1881.5625 1717.5 1203.90625 922.34375 882.34375 907.1875 931.40625 912.03125 906.25 884.0625 858.28125 850.15625 849.84375 863.90625 1251.5625 2037.65625 2245.3125 2311.09375 2220.625 2221.25 2099.0625 2070.46875 1947.03125 1893.75 1864.6875 1895.46875 1866.71875 1892.96875 1961.875 2062.34375 2190.3125 2243.90625 2262.8125 2268.90625 2268.4375 2303.59375 2278.4375 2248.4375
2349.53125 2358.59375 2365 2369.21875 2377.5 2387.8125 2383.75 2376.40625 2383.28125 2375.46875 2382.96875 2384.0625 2382.34375 2387.96875 2400 2407.65625 2404.21875 2426.71875 2106.5625 2015.9375 1880.78125 1898.28125 1878.90625 1919.0625 1821.40625 1798.28125 1427.5 1128.28125 995.625 901.25 881.40625 839.84375 802.34375 814.375 949.375 1180.9375 2326.09375 2351.71875 2332.03125 2325.15625 2304.21875 2294.84375 2286.25 2220.46875 2192.96875 1974.84375 1936.25 1929.0625 1897.03125 1953.75 2021.71875 2067.96875 2089.21875 2215.78125 2243.125 2210 2199.53125 2246.40625 2268.125 2236.5625
2293.125 2312.8125 2329.375 2353.125 2367.96875 2375.46875 2383.59375 2383.125 2374.6875 2365 2359.84375 2378.4375 2382.1875 2377.8125 2347.96875 2360.46875 2366.71875 2318.4375 2004.84375 1896.875 1942.96875 1918.90625 1851.71875 1873.59375 1922.5 1925.78125 1902.34375 1897.03125 1724.6875 1259.375 1253.75 1352.1875 1432.1875 1610.78125 1898.125 1944.0625 2293.90625 2323.59375 2321.25 2307.8125 2287.1875 2273.75 2289.53125 2279.84375 2253.75 2210.15625 2066.5625 2011.71875 1918.59375 1926.25 1998.125 2095.46875 2180.3125 2167.65625 2140.46875 2089.6875 2165.15625 2208.90625 2232.8125 2221.875
2292.8125 2263.125 2282.96875 2320.15625 2333.75 2346.09375 2370.15625 2380 2379.21875 2374.21875 2362.65625 2358.75 2358.28125 2334.6875 2322.34375 2343.75 2360.3125 2376.40625 2208.75 1874.84375 1840.625 1845.9375 1853.75 1888.125 1902.34375 1919.375 1915.625 1892.96875 1883.75 1872.5 2039.84375 2237.34375 2214.53125 2289.0625 2251.40625 2264.375 2286.5625 2288.90625 2282.1875 2274.21875 2257.1875 2271.71875 2281.71875 2265.9375 2237.1875 2228.90625 2221.40625 2201.71875 2055.78125 1942.5 2016.25 2092.03125 2093.90625 2065.46875 2010 2070.46875 2153.90625 2153.4375 2183.4375 2193.90625
2335.3125 2325.15625 2292.96875 2302.96875 2330.15625 2338.4375 2331.09375 2357.8125 2369.21875 2369.0625 2367.5 2355.15625 2352.8125 2332.65625 2315 2330.9375 2346.71875 2339.84375 2035.9375 2004.53125 1869.375 1814.84375 1796.5625 1794.53125 1835.3125 1876.71875 1887.5 1885.15625 1878.125 1880.9375 1981.71875 2238.4375 2226.40625 2238.125 2253.4375 2254.0625 2264.21875 2264.375 2233.125 2242.96875 2255.3125 2261.40625 2236.5625 2235.46875 2234.6875 2237.8125 2231.875 2194.84375 2189.375 2052.34375 1943.90625 1999.375 1957.34375 2015.15625 2033.75 2086.25 2131.25 2162.03125 2169.84375 2174.375
2341.71875 2308.28125 2275.78125 2305.15625 2319.375 2313.90625 2304.84375 2302.1875 2339.21875 2343.28125 2342.8125 2362.34375 2347.5 2329.84375 2301.25 2317.96875 2312.65625 2310.46875 2235.9375 2099.0625 2028.59375 1879.84375 1862.1875 1791.875 1782.8125 1817.8125 1845.15625 1857.65625 1836.40625 1862.65625 2165.625 2214.84375 1994.6875 1974.84375 2211.40625 2192.65625 2193.59375 2196.25 2203.125 2227.03125 2229.53125 2236.5625 2240.78125 2244.6875 2243.125 2238.59375 2234.53125 2205.78125 2139.6875 2124.21875 2141.5625 2020 1928.28125 2031.71875 2088.75 2101.5625 2121.875 2122.5 2151.875 2177.5
2347.8125 2313.125 2305.15625 2316.5625 2289.6875 2267.5 2255.3125 2266.25 2274.0625 2294.375 2339.53125 2338.90625 2358.4375 2334.53125 2303.90625 2288.90625 2299.0625 2288.59375 2216.71875 2163.4375 2010 1809.375 1804.6875 1826.875 1831.71875 1837.34375 1857.65625 1835.78125 1959.0625 1929.84375 2285.3125 2235.15625 2121.71875 2147.8125 2131.5625 2061.40625 2032.8125 2003.90625 2112.1875 2183.90625 2207.1875 2233.75 2244.84375 2243.4375 2232.34375 2235.9375 2229.53125 2197.96875 2079.21875 2095.9375 2170.15625 2080.625 2014.0625 2041.40625 2018.4375 2060.625 2100.9375 2132.5 2154.21875 2177.34375
2322.1875 2328.28125 2317.03125 2295.78125 2279.0625 2243.90625 2249.375 2270.78125 2286.875 2294.21875 2321.875 2344.0625 2347.34375 2336.40625 2321.71875 2308.75 2286.40625 2198.28125 2164.84375 2139.6875 2095.78125 1947.8125 1781.09375 1802.03125 1801.5625 1871.875 1851.875 1838.90625 1910.15625 2132.03125 2291.875 2152.34375 1983.90625 2094.6875 2026.71875 1955.9375 1861.875 1819.53125 1868.90625 2095.9375 2171.09375 2202.03125 2220.15625 2220.625 2230 2239.6875 2231.09375 2206.25 2080.9375 2080.46875 2139.0625 2161.71875 2109.0625 2050 1999.375 2046.09375 2089.0625 2123.75 2144.84375 2160
2285.625 2263.75 2264.375 2277.8125 2276.875 2260.9375 2278.125 2264.21875 2262.96875 2296.25 2316.5625 2346.40625 2360.15625 2343.4375 2339.21875 2241.5625 2233.28125 2123.125 2118.59375 2014.375 2012.34375 2063.4375 1974.21875 1963.59375 1980.46875 1927.5 2017.5 1840.9375 2114.375 2274.21875 2265.9375 2186.09375 2054.0625 1837.03125 1857.65625 1791.09375 1662.96875 1652.03125 1712.65625 1927.1875 2124.0625 2192.1875 2219.21875 2223.75 2234.84375 2241.09375 2236.09375 2215.3125 2117.34375 2036.71875 2103.90625 2158.75 2224.53125 2109.84375 2019.21875 2053.4375 2083.90625 2114.375 2133.28125 2159.6875
2231.875 2147.1875 2198.75 2236.875 2264.0625 2278.28125 2257.96875 2274.375 2301.5625 2298.75 2300.9375 2309.0625 2352.5 2353.75 2254.375 1979.21875 1857.1875 1810 2013.75 2095.46875 2002.34375 2038.75 2057.34375 2046.25 1942.03125 1905.46875 1959.84375 2007.03125 2180.3125 2252.34375 2257.96875 2177.5 2116.40625 1991.875 1750.9375 1647.65625 1545.46875 1589.21875 1720.46875 1903.90625 2134.84375 2195.625 2216.71875 2228.59375 2234.21875 2236.5625 2224.0625 2217.5 2117.96875 2027.8125 2086.875 2139.53125 2215.78125 2284.375 2230.78125 2104.21875 2053.28125 2079.84375 2102.8125 2126.71875
2200.78125 2124.84375 2207.03125 2232.34375 2255.9375 2260 2279.21875 2314.375 2327.5 2318.59375 2300.46875 2294.84375 2239.6875 2158.90625 2129.6875 1902.03125 1842.34375 1973.4375 1972.96875 1847.34375 1917.65625 1803.75 1979.53125 2023.90625 1990.625 2009.6875 2087.65625 2122.5 2190.625 2234.375 2238.90625 2198.75 2106.40625 1953.28125 1821.40625 1673.59375 1630.15625 1658.4375 1844.21875 2050.15625 2127.8125 2169.6875 2167.65625 2195 2207.65625 2213.90625 2221.5625 2211.875 2122.8125 1986.5625 2047.65625 2110.3125 2190.78125 2269.21875 2286.875 2233.90625 2190.9375 2156.875 2126.09375 2148.28125
2202.1875 2168.90625 2222.34375 2257.03125 2267.1875 2274.84375 2295.3125 2319.0625 2335.3125 2308.125 2260.625 2286.875 2254.6875 2157.96875 1969.375 1852.03125 1834.375 1830.625 1898.4375 1887.8125 1731.40625 1841.09375 1791.71875 1964.84375 1871.09375 1814.375 1946.5625 2060 2158.75 2224.0625 2221.25 2209.84375 2172.96875 2039.0625 1932.03125 1791.5625 1682.65625 1717.8125 1870.9375 2106.875 1929.84375 2163.4375 2195.78125 2207.03125 2213.28125 2218.125 2216.40625 2196.71875 2097.03125 1946.875 2011.09375 2097.8125 2167.96875 2236.71875 2301.25 2300.46875 2340.78125 2310 2307.96875 2305
2210 2242.96875 2184.21875 2242.96875 2268.75 2267.5 2232.5 2133.59375 2106.40625 1897.5 1962.1875 1912.8125 2041.25 2050 1907.5 1832.65625 1829.53125 1819.375 1784.6875 1807.1875 1798.125 1949.6875 1977.03125 2013.125 1830.9375 1738.28125 1770 1935.3125 2051.71875 2100.15625 2130.9375 2171.40625 2110.9375 2108.4375 2025.625 1836.09375 1749.0625 1789.21875 1789.53125 1935.9375 1927.1875 2135 2187.34375 2195.46875 2206.09375 2202.65625 2191.5625 2173.90625 2085.3125 1977.1875 2015.78125 2083.75 2165.3125 2252.5 2323.4375 2339.375 2374.21875 2404.53125 2428.4375 2425
2248.90625 2260.3125 2227.65625 2209.84375 2229.0625 2271.09375 2180.9375 1965.9375 1897.65625 1824.53125 1808.28125 1839.0625 1848.125 1824.53125 1836.875 1830.3125 1839.6875 1798.59375 1783.125 1783.28125 1761.09375 1827.8125 1921.09375 1946.09375 2004.0625 1827.03125 1700.625 1741.09375 1901.71875 1966.09375 1878.90625 1942.65625 2055.15625 2090.625 2040 1916.40625 1843.28125 1855 1805.3125 1834.0625 2011.5625 2035.3125 2156.5625 2175.9375 2180.15625 2164.53125 2137.65625 2140.3125 2100.9375 2047.1875 2042.1875 2083.90625 2135.46875 2195.9375 2263.59375 2300.15625 2351.40625 2402.5 2440.3125 2455.625
2130.78125 2128.59375 2236.71875 2066.25 2095 2028.4375 2031.71875 2077.1875 1989.375 1915.625 1846.25 1825.3125 1864.0625 1868.75 1843.59375 1840.78125 1857.65625 1838.4375 1833.90625 1815 1770.625 1774.21875 1756.875 1736.875 1883.28125 1936.71875 1900.15625 1835.3125 1898.4375 1848.4375 1712.1875 1823.28125 1922.1875 2016.875 2056.40625 1970.78125 1910.9375 1832.8125 1795.15625 1838.28125 1987.1875 2014.0625 2094.375 2133.125 2132.5 2101.875 1998.75 2008.125 2057.8125 2075.3125 2114.21875 2108.28125 2141.71875 2191.5625 2247.8125 2302.03125 2360.9375 2401.5625 2415 2424.375
1838.4375 1915.46875 2020.15625 1907.1875 1930.78125 1971.40625 1809.6875 1806.71875 1824.53125 1832.03125 1850.9375 1860.78125 1856.40625 1836.875 1848.75 1852.5 1845.15625 1827.96875 1791.40625 1776.5625 1778.75 1729.53125 1743.75 1752.8125 1811.40625 1924.53125 1946.875 1886.09375 1831.40625 1833.90625 1678.75 1777.03125 1881.875 1871.25 1928.75 2006.71875 1908.28125 1837.96875 1805.3125 1859.53125 1980.46875 1988.90625 1932.03125 1975.46875 2003.75 1943.90625 1886.40625 1959.0625 2059.0625 2122.96875 2189.53125 2183.4375 2188.59375 2280.46875 2310.78125 2374.53125 2411.71875 2442.34375 2430.3125 2441.71875
1825 1837.34375 1818.90625 1805.3125 1912.5 1860.9375 1757.1875 1757.34375 1827.34375 1870.46875 1835.9375 1803.4375 1813.59375 1800.46875 1787.5 1791.5625 1814.0625 1811.71875 1750.78125 1749.0625 1722.5 1781.09375 1880.3125 1864.375 1935.78125 1904.0625 2003.125 1916.40625 1784.84375 1697.8125 1599.375 1677.03125 1818.4375 1904.53125 1823.59375 1920.46875 1979.0625 1888.59375 1690.78125 1690.3125 1822.8125 1963.28125 1929.0625 1763.4375 1805.625 1792.5 1867.96875 1975.46875 2097.03125 2186.71875 2269.0625 2282.65625 2262.5 2364.21875 2417.1875 2447.8125 2456.25 2473.125 2486.40625 2501.875
1858.59375 1873.59375 1813.125 1825.46875 1837.1875 1793.90625 1763.28125 1757.8125 1841.40625 1860.625 1817.03125 1772.96875 1776.71875 1757.5 1755.46875 1770 1770.78125 1781.71875 1694.375 1858.59375 1842.8125 1846.09375 1949.375 1948.75 1959.53125 1844.53125 1914.53125 1854.84375 1727.1875 1787.8125 1608.125 1536.09375 1838.90625 1946.40625 1942.5 1978.75 1989.6875 1958.90625 1860.625 1640.46875 1644.84375 1805.9375 1929.6875 1668.4375 1599.21875 1727.1875 1864.375 1983.28125 2058.59375 2133.75 2284.0625 2345.625 2387.1875 2419.0625 2469.53125 2487.34375 2492.8125 2492.1875 2513.4375 2530.46875
1889.21875 1816.71875 1822.03125 1846.09375 1845.625 1844.0625 1816.875 1814.375 1869.6875 1836.25 1797.8125 1776.5625 1744.6875 1729.21875 1715.3125 1748.125 1733.125 1783.59375 1700 1820.625 1764.6875 1832.65625 1861.09375 1908.59375 1922.03125 1815.9375 1990.625 1992.8125 1955.78125 1891.71875 1715 1561.25 1814.21875 1908.125 1959.53125 1965.78125 1957.96875 1940.78125 1950.3125 1931.09375 1678.90625 1652.65625 1825.78125 1698.90625 1596.875 1577.65625 1797.5 1940 2031.25 2133.4375 2269.375 2349.0625 2414.21875 2445.46875 2509.6875 2518.59375 2522.03125 2506.40625 2535.15625 2552.96875
1924.0625 1855.625 1785.15625 1826.25 1872.34375 1874.84375 1840.78125 1829.0625 1852.65625 1805.625 1778.125 1756.71875 1748.125 1738.59375 1745 1723.125 1740.46875 1792.65625 1790.46875 1725.625 1724.6875 1767.1875 1776.875 1935.625 1921.25 1902.1875 1972.96875 1930.46875 1945.46875 1778.4375 1597.8125 1568.125 1816.71875 1916.40625 1947.8125 1933.75 1935 1926.40625 1900.9375 1921.71875 1853.75 1526.25 1588.125 1688.75 1733.4375 1801.40625 1887.1875 1999.21875 2089.375 2178.75 2258.125 2315.15625 2412.1875 2475.3125 2542.5 2548.4375 2553.90625 2528.4375 2551.40625 2572.1875
1891.875 1875.15625 1836.875 1827.8125 1854.6875 1883.75 1861.71875 1817.5 1796.875 1810.15625 1795 1784.6875 1765.3125 1784.53125 1767.96875 1750.46875 1745.9375 1775.3125 1821.40625 1828.59375 1797.1875 1779.0625 1770.15625 1787.34375 1927.8125 1894.84375 1855.15625 1992.8125 1909.6875 1688.75 1508.75 1581.875 1865.625 1916.5625 1930.625 1916.40625 1912.5 1903.28125 1888.75 1862.1875 1851.5625 1555 1489.53125 1729.84375 1684.84375 1556.25 1632.03125 1847.1875 1985.78125 1980 2127.5 2176.40625 2348.4375 2531.25 2566.40625 2564.84375 2569.6875 2558.59375 2564.0625 2593.59375
1785.625 1809.0625 1837.03125 1860.3125 1887.34375 1898.4375 1857.65625 1825 1835.625 1814.6875 1812.65625 1789.6875 1777.96875 1800 1788.4375 1778.75 1770.15625 1810.15625 1849.375 1830.3125 1835.15625 1794.84375 1759.84375 1773.90625 1956.71875 1864.53125 1844.375 1895.625 1980.625 1764.0625 1592.8125 1745.46875 1876.25 1907.65625 1917.65625 1922.34375 1897.1875 1870.3125 1856.5625 1821.25 1801.40625 1691.875 1474.84375 1633.90625 1586.40625 1413.4375 1583.90625 1788.59375 1790.625 1895 2089.21875 2212.96875 2294.21875 2451.5625 2564.6875 2591.71875 2598.28125 2590.3125 2598.59375 2616.71875
1820.15625 1793.59375 1780.3125 1797.65625 1892.1875 1789.53125 1871.71875 1849.84375 1822.1875 1827.96875 1832.1875 1822.03125 1817.8125 1806.875 1815.625 1803.125 1830.15625 1860.3125 1857.34375 1858.4375 1842.1875 1814.53125 1837.96875 1826.5625 1789.21875 1853.59375 1787.65625 1825.9375 2006.875 1923.4375 1663.4375 1684.6875 1831.5625 1849.53125 1891.09375 1897.8125 1862.8125 1851.40625 1846.25 1725.15625 1703.59375 1669.0625 1529.6875 1453.125 1545.9375 1465.15625 1345 1484.6875 1679.375 1787.34375 1937.1875 2209.84375 2400.625 2448.125 2557.34375 2597.65625 2621.09375 2626.875 2632.1875 2641.09375
1829.84375 1857.8125 1889.0625 1938.4375 1921.25 1857.34375 1835.625 1823.28125 1810.3125 1816.875 1759.375 1809.21875 1844.6875 1821.71875 1836.40625 1838.4375 1837.1875 1788.28125 1760.46875 1726.875 1796.875 1839.375 1817.96875 1820 1925.625 1784.375 1852.5 2075.625 2127.34375 1968.90625 1674.84375 1660.9375 1794.21875 1832.5 1851.875 1790.9375 1710.9375 1764.0625 1816.40625 1777.1875 1681.875 1570 1411.71875 1525.15625 1414.53125 1401.71875 1493.59375 1622.1875 1891.5625 2042.8125 2127.03125 2237.34375 2417.03125 2528.28125 2566.71875 2598.90625 2606.5625 2633.4375 2649.375 2662.5
1788.75 1834.0625 1866.09375 1872.8125 1855 1803.59375 1782.65625 1764.0625 1774.21875 1743.90625 1738.90625 1794.6875 1823.125 1828.125 1812.34375 1779.375 1778.28125 1758.28125 1764.84375 1717.1875 1695.46875 1733.28125 1834.21875 1904.375 1805.46875 1866.875 2000.46875 2139.84375 2183.90625 1967.34375 1721.875 1704.375 1834.21875 1831.875 1733.4375 1637.65625 1524.21875 1631.40625 1667.1875 1692.65625 1666.40625 1506.71875 1462.8125 1622.34375 1380 1473.75 1728.125 1937.8125 2043.4375 2005.15625 1993.75 2227.1875 2413.59375 2542.03125 2588.75 2606.09375 2622.1875 2634.375 2633.90625 2658.125
