Cases/SDM_Urocitellus_beldingi/westernUsClimate_hadley2080a2/BIO01.asc
NCOLS 315 
NROWS 297 
XLLCORNER -124.741664802 
YLLCORNER 29.2083311801598 
CELLSIZE 0.066666670143822 
NODATA_value -3.4e+38 
[rows 189 to 215 of 297, columns 180 to 239 of 315]
1839.375 2023.59375 1922.8125 1884.21875 1899.6875 1471.40625 1158.4375 1072.65625 984.375 980.46875 1152.34375 1432.03125 1692.03125 1632.8125 1577.5 1569.6875 1539.0625 1525.78125 1586.5625 1686.5625 1695.3125 1696.5625 1626.71875 1607.34375 1641.09375 1626.09375 1686.71875 1704.6875 1640 1567.1875 1569.6875 1616.71875 1627.96875 1629.6875 1549.0625 1551.875 1510.46875 1445.625 1402.65625 1472.03125 1485.78125 1437.03125 1401.5625 1451.25 1650.3125 1673.28125 1702.96875 1711.5625 1653.28125 1583.90625 1530.9375 1490.625 1461.875 1258.90625 1110.78125 1178.75 1349.21875 1492.96875 1545 1590
2027.5 1919.53125 1619.53125 1801.09375 1700.15625 1419.6875 1442.5 1208.59375 1047.5 1002.34375 990.3125 1244.21875 1655.3125 1657.65625 1539.21875 1564.375 1566.875 1607.03125 1629.6875 1693.28125 1711.40625 1728.28125 1653.125 1665 1667.8125 1678.75 1700.3125 1718.59375 1656.09375 1605 1630.15625 1656.25 1612.1875 1550.46875 1507.34375 1542.96875 1511.09375 1468.125 1479.21875 1498.28125 1417.65625 1389.6875 1405.15625 1394.6875 1617.03125 1654.84375 1698.59375 1697.34375 1630.9375 1549.21875 1483.59375 1430.9375 1400.78125 1321.5625 1180.46875 1057.65625 1125.78125 1418.75 1539.53125 1589.21875
1967.96875 1666.71875 1564.6875 1864.0625 1816.875 1898.59375 1942.1875 1327.8125 1353.75 1099.53125 1090.78125 1233.90625 1725 1873.125 1543.90625 1589.84375 1649.375 1696.25 1653.4375 1715.3125 1720.3125 1729.0625 1713.28125 1726.71875 1712.34375 1706.25 1740.46875 1702.03125 1653.90625 1643.90625 1677.1875 1630 1595.3125 1524.6875 1553.4375 1548.90625 1526.71875 1536.71875 1515.3125 1429.375 1426.09375 1406.25 1457.96875 1411.71875 1608.28125 1635.78125 1655.46875 1680.3125 1599.84375 1506.875 1452.03125 1385.46875 1349.21875 1318.75 1306.5625 1216.71875 1061.09375 1319.53125 1523.75 1580.3125
1810.46875 1930 1619.0625 1502.96875 1782.1875 1525.15625 2064.6875 1907.65625 1751.875 1258.125 1322.1875 1112.65625 1448.125 1957.96875 1653.125 1682.1875 1751.09375 1727.03125 1733.4375 1758.4375 1780 1738.90625 1753.125 1759.375 1774.375 1777.03125 1768.4375 1747.96875 1739.53125 1693.59375 1677.34375 1632.96875 1586.5625 1561.09375 1574.0625 1565.9375 1576.09375 1532.34375 1477.1875 1482.03125 1494.375 1493.75 1513.75 1453.125 1587.8125 1620.15625 1651.875 1674.84375 1601.5625 1508.4375 1450.625 1368.75 1343.28125 1329.53125 1342.96875 1191.40625 1103.90625 1133.59375 1393.125 1517.5
1645.78125 1787.5 1757.1875 1554.84375 1498.59375 1442.5 1652.03125 1946.09375 1598.90625 1307.1875 1238.4375 1291.09375 1760.3125 2082.03125 1570 1710 1763.28125 1781.5625 1788.28125 1807.03125 1865.9375 1847.5 1820.625 1808.90625 1761.71875 1751.5625 1745.78125 1719.21875 1687.1875 1669.0625 1641.09375 1593.59375 1589.84375 1595.625 1600.9375 1583.75 1531.40625 1540.9375 1539.21875 1530.15625 1476.71875 1509.6875 1542.1875 1583.59375 1608.90625 1632.65625 1645.15625 1658.90625 1594.53125 1502.8125 1440.3125 1366.875 1349.21875 1350.9375 1307.03125 1276.09375 1188.4375 1059.375 1206.40625 1396.09375
1609.21875 1614.375 1638.90625 1601.71875 1559.0625 1477.34375 1438.75 1430.78125 1319.375 1268.4375 1267.03125 1615.78125 1867.96875 1524.6875 1412.03125 1642.34375 1724.375 1740.46875 1794.6875 1855.15625 1893.28125 1856.09375 1770 1722.03125 1669.84375 1680.46875 1726.40625 1697.96875 1660.3125 1612.5 1606.25 1609.84375 1608.59375 1613.125 1615.78125 1564.21875 1545.46875 1552.34375 1529.375 1536.5625 1533.75 1479.375 1493.125 1555 1590 1611.25 1622.65625 1632.1875 1578.28125 1490 1434.0625 1378.75 1316.40625 1313.90625 1321.40625 1338.75 1290.9375 1116.25 1056.09375 1312.65625
1592.8125 1598.59375 1609.21875 1608.59375 1590.15625 1534.6875 1479.6875 1424.6875 1351.40625 1309.375 1253.90625 1250.9375 1293.75 1334.84375 1390 1592.03125 1697.65625 1741.875 1824.6875 1883.4375 1897.03125 1887.1875 1785.46875 1699.6875 1649.0625 1617.8125 1608.125 1637.5 1617.8125 1651.71875 1644.84375 1603.59375 1609.84375 1621.40625 1590.3125 1588.125 1572.03125 1540.15625 1554.21875 1548.28125 1516.71875 1447.34375 1406.71875 1518.75 1574.375 1598.75 1610 1613.75 1582.5 1485.78125 1368.28125 1301.25 1281.25 1252.96875 1262.96875 1336.09375 1298.125 1217.03125 1050 1172.96875
1593.125 1590.9375 1602.65625 1623.28125 1601.71875 1576.25 1527.03125 1460.46875 1376.40625 1344.84375 1290.78125 1235.78125 1247.34375 1339.53125 1360.625 1351.40625 1434.53125 1645.78125 1876.875 1909.21875 1934.0625 1898.75 1855.3125 1717.8125 1669.53125 1626.71875 1629.375 1601.09375 1640.9375 1673.90625 1596.71875 1591.875 1643.28125 1584.0625 1584.84375 1596.875 1579.21875 1574.21875 1536.40625 1480.46875 1461.25 1432.96875 1372.96875 1453.4375 1554.53125 1579.21875 1570.9375 1587.5 1558.90625 1485.46875 1373.90625 1281.40625 1240.15625 1237.03125 1277.34375 1347.1875 1272.34375 1227.5 1164.0625 1206.71875
1603.59375 1599.0625 1614.84375 1618.75 1611.5625 1586.25 1548.28125 1515.46875 1445.625 1411.25 1378.4375 1326.09375 1316.875 1305.625 1316.5625 1374.375 1440.625 1607.1875 1853.125 1893.125 1940.46875 1908.28125 1887.03125 1788.75 1709.0625 1693.125 1660.15625 1689.21875 1693.75 1630.625 1644.375 1675.46875 1633.4375 1575.9375 1635.46875 1632.34375 1609.375 1538.28125 1502.65625 1466.875 1453.75 1420.9375 1430.46875 1451.09375 1532.96875 1554.375 1540.78125 1497.96875 1507.5 1410.15625 1352.03125 1280.46875 1235.3125 1254.375 1295.78125 1360.9375 1229.375 1291.5625 1404.375 1470.625
1616.71875 1601.71875 1610.625 1616.09375 1623.59375 1574.21875 1538.59375 1540.3125 1501.25 1474.375 1448.28125 1404.6875 1372.8125 1361.5625 1383.59375 1416.09375 1513.28125 1751.875 1823.28125 1876.40625 1924.0625 1941.875 1894.21875 1873.4375 1784.21875 1702.96875 1700.9375 1720.78125 1665.9375 1633.28125 1678.28125 1695 1644.6875 1653.28125 1670.625 1622.5 1551.09375 1500.9375 1502.8125 1510.46875 1472.96875 1477.34375 1492.8125 1497.5 1477.1875 1502.03125 1498.75 1452.5 1449.6875 1428.59375 1384.21875 1317.65625 1251.5625 1237.96875 1329.0625 1376.40625 1254.375 1365.15625 1469.21875 1507.8125
1587.1875 1603.125 1612.8125 1621.875 1619.53125 1595.625 1563.90625 1556.25 1533.125 1503.28125 1457.96875 1418.125 1403.4375 1388.90625 1419.84375 1490.78125 1629.375 1731.09375 1777.34375 1789.21875 1863.90625 1944.6875 1910.9375 1879.84375 1837.1875 1758.90625 1727.1875 1723.75 1670.15625 1683.4375 1708.125 1679.375 1690 1698.90625 1664.53125 1609.53125 1581.875 1567.96875 1537.65625 1477.1875 1485.3125 1500.625 1527.8125 1510.15625 1505.15625 1492.8125 1516.25 1482.5 1454.21875 1423.59375 1377.8125 1322.1875 1275.9375 1256.5625 1364.53125 1385.46875 1336.25 1333.59375 1427.96875 1491.40625
1492.5 1540.78125 1602.1875 1617.96875 1599.6875 1595.625 1572.5 1557.96875 1533.75 1513.59375 1481.40625 1416.25 1398.28125 1405.46875 1433.28125 1549.6875 1605.78125 1675 1733.125 1775.3125 1827.34375 1937.96875 1902.65625 1836.5625 1827.65625 1782.65625 1780.625 1755.46875 1722.65625 1732.5 1706.875 1703.59375 1717.1875 1677.8125 1658.75 1650 1628.4375 1606.40625 1561.875 1522.34375 1550.625 1552.96875 1567.96875 1539.21875 1538.4375 1559.375 1528.125 1473.28125 1424.375 1394.0625 1366.25 1327.96875 1287.5 1303.59375 1414.84375 1399.21875 1371.09375 1403.90625 1412.5 1440.15625
1493.75 1531.875 1574.53125 1606.40625 1579.53125 1569.21875 1554.375 1543.90625 1521.25 1501.5625 1470.3125 1403.28125 1377.34375 1388.28125 1450.15625 1491.40625 1478.125 1580 1696.40625 1745.9375 1839.84375 1930.46875 1925.78125 1844.84375 1825.625 1829.0625 1815.9375 1774.84375 1760.3125 1755.9375 1723.75 1733.90625 1684.375 1685.15625 1665.78125 1610.46875 1567.34375 1583.75 1575.3125 1573.125 1580.3125 1604.0625 1607.1875 1596.875 1585.625 1551.875 1505 1463.28125 1446.71875 1388.90625 1348.90625 1314.21875 1300.46875 1285 1392.34375 1424.21875 1426.09375 1438.125 1446.71875 1421.09375
1515.15625 1536.5625 1575.46875 1582.5 1561.40625 1547.96875 1537.96875 1541.40625 1495.3125 1462.03125 1393.90625 1329.84375 1298.125 1260.3125 1236.25 1297.34375 1317.8125 1474.21875 1613.28125 1694.375 1794.53125 1866.09375 1904.53125 1873.125 1864.0625 1824.0625 1797.34375 1800.78125 1788.59375 1773.90625 1765.3125 1720.3125 1717.65625 1694.21875 1648.28125 1590.15625 1504.375 1509.21875 1513.59375 1567.34375 1587.34375 1618.59375 1625.625 1624.53125 1575.78125 1553.28125 1515.46875 1491.875 1497.65625 1424.84375 1359.375 1327.8125 1339.375 1346.875 1417.03125 1435.625 1458.4375 1457.65625 1452.5 1438.125
1478.125 1543.28125 1571.5625 1587.34375 1588.4375 1555.3125 1511.71875 1510.78125 1479.21875 1407.03125 1336.5625 1288.28125 1157.5 1072.8125 1115.3125 1113.125 1238.4375 1392.96875 1448.4375 1600.3125 1711.25 1761.40625 1859.6875 1868.125 1854.21875 1846.40625 1784.375 1775.625 1787.96875 1774.0625 1763.75 1745.9375 1731.40625 1645.78125 1624.53125 1545.78125 1545.625 1540.15625 1518.59375 1582.96875 1608.125 1597.8125 1647.96875 1638.125 1610.15625 1576.09375 1541.25 1530.625 1531.09375 1470 1411.09375 1367.1875 1372.03125 1374.0625 1419.53125 1416.40625 1469.21875 1447.8125 1419.84375 1401.875
1470.625 1547.5 1608.90625 1630.15625 1557.34375 1544.53125 1482.1875 1480.78125 1426.875 1372.5 1263.28125 1201.71875 1170.78125 1065.46875 1035.625 926.09375 928.125 1189.84375 1253.28125 1384.0625 1584.84375 1701.875 1781.09375 1821.875 1836.5625 1847.65625 1832.65625 1786.875 1789.375 1768.125 1754.53125 1734.0625 1726.40625 1685.46875 1655.625 1624.375 1589.21875 1561.25 1583.4375 1630.46875 1655.46875 1624.21875 1643.90625 1656.40625 1626.09375 1597.8125 1573.59375 1583.4375 1571.71875 1513.75 1462.65625 1419.0625 1446.09375 1440.15625 1407.03125 1485.78125 1446.5625 1392.5 1354.21875 1334.21875
1556.09375 1607.5 1654.375 1658.90625 1565 1536.5625 1463.75 1418.90625 1407.8125 1362.03125 1286.09375 1182.65625 1189.53125 1142.5 1075.625 942.1875 875.78125 1208.59375 1350.625 1352.65625 1530.15625 1627.8125 1656.5625 1729.84375 1780.625 1819.0625 1831.875 1822.1875 1816.40625 1808.75 1780 1715.3125 1698.59375 1701.40625 1663.90625 1622.5 1567.5 1601.71875 1674.375 1679.53125 1676.5625 1672.65625 1663.125 1665.625 1647.5 1631.5625 1624.375 1585.78125 1534.53125 1544.21875 1525.625 1497.5 1527.5 1530.3125 1519.84375 1457.1875 1382.96875 1380.9375 1355.625 1333.4375
1582.1875 1666.25 1691.875 1684.375 1663.4375 1575.3125 1445.78125 1349.84375 1320.3125 1325.3125 1332.96875 1312.96875 1240.46875 1224.6875 1144.0625 1138.75 1142.5 1229.6875 1379.21875 1455.3125 1508.28125 1584.53125 1651.5625 1714.21875 1730 1777.5 1812.34375 1821.40625 1814.6875 1809.6875 1796.71875 1773.125 1724.53125 1688.4375 1660.3125 1622.1875 1608.90625 1658.4375 1727.5 1698.4375 1658.90625 1677.65625 1689.21875 1688.4375 1682.5 1659.84375 1617.96875 1571.5625 1561.09375 1589.84375 1573.4375 1577.1875 1554.0625 1520.625 1487.34375 1440.9375 1401.5625 1381.875 1357.34375 1328.4375
1683.59375 1683.28125 1692.5 1695.15625 1690.15625 1615.46875 1454.21875 1353.75 1281.09375 1320.9375 1373.4375 1373.75 1303.59375 1237.65625 1181.875 1220.46875 1282.5 1301.5625 1360.625 1435.3125 1496.71875 1558.90625 1620.3125 1665.625 1698.28125 1732.8125 1776.40625 1803.90625 1797.96875 1800.3125 1798.75 1792.96875 1777.8125 1741.875 1679.375 1675.3125 1692.8125 1734.6875 1734.53125 1710.625 1710.625 1715 1679.375 1673.28125 1666.5625 1657.8125 1638.125 1622.03125 1617.96875 1617.1875 1593.90625 1575.46875 1543.125 1516.875 1444.53125 1411.40625 1401.09375 1403.125 1408.59375 1366.875
1745.625 1655 1609.53125 1655 1709.53125 1681.5625 1528.75 1449.53125 1367.5 1329.0625 1402.5 1456.25 1333.75 1231.25 1197.8125 1292.65625 1284.6875 1291.71875 1270.46875 1352.5 1450 1513.90625 1575.625 1615.9375 1660.46875 1682.1875 1732.5 1764.6875 1762.5 1772.34375 1785.78125 1786.25 1753.90625 1723.4375 1721.40625 1740.9375 1748.90625 1720 1720.15625 1742.34375 1731.5625 1699.375 1688.75 1697.5 1682.03125 1671.875 1664.21875 1663.75 1653.59375 1625.46875 1590.78125 1551.875 1491.875 1448.59375 1446.09375 1427.03125 1454.84375 1458.28125 1459.375 1448.75
1749.0625 1764.6875 1630.46875 1598.90625 1703.125 1775.625 1748.4375 1658.4375 1524.21875 1456.25 1507.34375 1625.625 1349.375 1324.21875 1300.46875 1389.375 1248.125 1255 1290.46875 1294.0625 1345.3125 1455.3125 1517.96875 1577.8125 1633.90625 1653.125 1680.78125 1723.75 1744.0625 1756.5625 1771.40625 1772.8125 1750.9375 1757.5 1763.4375 1755.625 1716.09375 1694.21875 1734.21875 1752.34375 1710.9375 1693.59375 1707.96875 1709.84375 1690.3125 1701.09375 1688.59375 1652.8125 1608.4375 1573.90625 1574.53125 1548.75 1492.1875 1478.125 1452.65625 1474.21875 1512.65625 1510.15625 1482.03125 1430
1719.84375 1776.875 1789.21875 1727.1875 1740 1823.125 1874.375 1850.15625 1813.125 1707.34375 1804.0625 1719.6875 1540.15625 1479.6875 1539.375 1422.1875 1331.40625 1242.65625 1197.8125 1271.25 1274.53125 1324.6875 1465.3125 1531.09375 1597.1875 1619.21875 1648.75 1686.25 1708.28125 1716.09375 1734.6875 1758.75 1761.71875 1758.4375 1767.8125 1768.59375 1759.21875 1760.625 1769.21875 1752.1875 1746.40625 1751.875 1746.25 1731.09375 1722.65625 1710.9375 1680.9375 1629.375 1552.5 1487.5 1491.875 1471.71875 1495.625 1477.1875 1470.625 1500.625 1519.84375 1454.0625 1370.15625 1335.46875
1712.03125 1769.21875 1806.5625 1829.53125 1813.4375 1849.375 1905.625 1945.3125 1948.125 1931.875 1884.375 1909.6875 1892.34375 1890.15625 1774.53125 1627.65625 1435.78125 1315.78125 1219.0625 1248.75 1257.03125 1305.3125 1417.34375 1508.125 1565 1588.59375 1575.3125 1642.1875 1664.0625 1681.5625 1692.8125 1700.46875 1721.71875 1748.4375 1751.5625 1756.71875 1767.65625 1766.25 1771.25 1768.125 1761.25 1738.90625 1712.8125 1707.34375 1704.0625 1673.75 1639.53125 1607.1875 1562.96875 1502.5 1499.375 1522.8125 1527.1875 1489.0625 1490.3125 1534.0625 1509.0625 1451.5625 1398.4375 1332.65625
1717.34375 1771.40625 1722.03125 1778.75 1835 1812.8125 1829.53125 1875.625 1913.4375 1952.03125 2045.15625 1999.0625 2018.59375 2005.9375 1977.96875 1670.78125 1526.25 1398.75 1260.3125 1211.875 1216.71875 1301.40625 1355.625 1453.75 1523.4375 1552.8125 1568.4375 1554.21875 1614.84375 1640.15625 1659.21875 1656.875 1668.90625 1685.3125 1685.3125 1699.21875 1712.03125 1719.6875 1722.5 1736.5625 1741.5625 1719.21875 1699.84375 1675.78125 1669.21875 1663.75 1654.84375 1635.15625 1574.6875 1534.375 1561.09375 1572.5 1532.8125 1522.65625 1540 1530.78125 1499.6875 1457.65625 1400 1364.375
1730.46875 1762.65625 1726.875 1752.65625 1800.15625 1804.21875 1788.75 1763.4375 1631.5625 1913.4375 2089.6875 2068.59375 2078.90625 1971.71875 1996.09375 1875.625 1703.28125 1503.90625 1326.09375 1235 1207.96875 1312.65625 1372.34375 1392.96875 1465.3125 1507.96875 1528.4375 1523.28125 1566.25 1592.8125 1608.90625 1613.4375 1614.84375 1617.65625 1611.875 1637.96875 1650.15625 1667.96875 1676.875 1706.875 1733.125 1712.34375 1711.40625 1699.21875 1687.5 1670.625 1657.5 1638.4375 1590.625 1572.1875 1601.875 1569.53125 1583.90625 1561.09375 1510 1483.28125 1485.78125 1469.53125 1423.90625 1403.75
1692.96875 1730.3125 1704.6875 1729.6875 1764.21875 1796.71875 1811.09375 1758.28125 1464.21875 1588.28125 2044.84375 2119.84375 2113.59375 2072.5 2058.75 1942.34375 1750.9375 1551.09375 1444.375 1339.6875 1319.21875 1339.53125 1354.0625 1392.65625 1429.53125 1461.25 1479.375 1486.40625 1505.3125 1532.65625 1543.90625 1562.65625 1577.1875 1561.5625 1556.875 1573.4375 1588.59375 1620.625 1648.4375 1670.78125 1706.40625 1706.71875 1712.34375 1708.59375 1677.96875 1661.875 1672.1875 1631.40625 1613.4375 1618.125 1628.59375 1616.71875 1604.21875 1564.21875 1490.3125 1424.21875 1404.84375 1432.5 1428.90625 1387.65625
1694.53125 1701.71875 1588.4375 1680 1738.28125 1771.875 1812.03125 1800.625 1592.34375 1585.15625 1896.5625 2093.28125 2125 2108.59375 2093.59375 2000.15625 1746.25 1564.84375 1493.75 1370.3125 1375 1351.71875 1374.53125 1383.28125 1389.6875 1414.53125 1425.15625 1426.09375 1455.3125 1476.25 1493.125 1510.3125 1538.59375 1549.0625 1548.59375 1557.5 1552.65625 1575.9375 1601.25 1633.90625 1663.28125 1653.59375 1677.5 1690 1685.625 1674.84375 1675.625 1653.28125 1646.71875 1646.5625 1638.4375 1616.875 1580.46875 1548.28125 1505.78125 1461.5625 1432.5 1365.78125 1338.59375 1313.28125
