Cases/SDM_Urocitellus_beldingi/westernUsClimate_hadley2080a2/BIO09.asc
NCOLS 315 
NROWS 297 
XLLCORNER -124.741664802 
YLLCORNER 29.2083311801598 
CELLSIZE 0.066666670143822 
NODATA_value -3.4e+38 
[rows 27 to 53 of 297, columns 180 to 239 of 315]
1964.53125 1949.84375 1736.5625 1556.71875 1545.625 1755.3125 1764.6875 1216.71875 621.5625 135.9375 1.09375 -10.625 18.28125 -22.5 -7.8125 -47.8125 -4.84375 -7.5 45.3125 3.28125 -12.96875 -36.875 -62.34375 -76.40625 -91.5625 -87.65625 -30.3125 -76.09375 -117.1875 -79.84375 -65 -83.90625 -0.3125 -52.5 -53.90625 -22.34375 31.71875 -39.84375 -53.28125 -65.46875 -81.71875 -69.0625 -66.40625 -66.71875 -98.4375 -77.1875 -49.0625 165.3125 328.75 360.3125 397.34375 353.28125 313.75 356.09375 315 99.0625 378.90625 17.1875 -67.34375 -86.5625
1888.90625 1960.46875 1747.03125 1607.96875 1585.46875 1685.625 1753.90625 1777.03125 1210.46875 727.96875 80.625 32.5 24.375 -40 155.46875 160.78125 79.53125 -58.90625 -42.03125 -73.4375 -69.0625 -50.15625 -9.6875 -18.59375 177.03125 193.28125 -10 -30.9375 -105 81.40625 628.4375 565.15625 608.90625 244.53125 115.78125 -33.28125 -9.375 -24.21875 -45.9375 -50.9375 -61.25 -75.15625 -82.03125 -29.21875 -29.84375 -31.71875 -54.84375 42.65625 201.875 344.6875 393.59375 369.375 332.65625 403.59375 174.0625 30.78125 327.8125 184.6875 -68.75 -63.75
1971.25 1964.53125 1783.125 1711.25 1706.25 1643.125 1625.46875 1758.75 1649.21875 524.6875 111.875 120.46875 103.125 -46.25 78.28125 183.4375 13.4375 -49.375 -74.53125 -104.0625 -105.78125 -62.03125 -105 84.53125 524.84375 417.03125 403.75 1077.03125 70.15625 118.59375 451.40625 708.4375 958.28125 511.25 260.46875 159.6875 88.28125 -10.78125 -48.4375 -51.09375 -53.90625 -57.1875 -59.375 -34.6875 -52.34375 -47.96875 5.625 131.71875 301.40625 396.25 400 371.71875 365.46875 355.9375 98.90625 100.625 226.09375 188.4375 12.96875 1.25
2279.0625 2167.03125 1785.46875 1709.53125 1644.375 1637.1875 1578.90625 1733.125 1650.15625 872.5 629.84375 113.75 253.28125 140 290 272.65625 -68.125 -121.875 -123.125 -0.9375 -108.125 -87.34375 -84.84375 -57.96875 380 418.4375 1009.6875 1306.40625 885.3125 375.78125 954.375 1207.34375 1151.40625 792.8125 630.9375 333.28125 322.96875 239.375 2.65625 -7.65625 -33.4375 -39.375 -49.21875 -60.46875 -38.59375 34.375 187.8125 209.6875 368.90625 403.125 390.9375 366.40625 377.8125 314.0625 178.28125 88.125 8.75 24.53125 4.375 42.03125
2141.25 1921.25 1698.28125 1592.8125 1596.5625 1720.9375 1719.375 1721.09375 1497.65625 1096.875 1293.75 595.9375 7.8125 471.40625 887.8125 1096.09375 1089.375 642.65625 468.28125 -65.3125 -133.75 -142.5 -137.8125 161.40625 339.84375 555.625 1208.4375 1436.71875 1462.65625 1368.90625 924.0625 1155 1253.28125 1123.75 640.15625 402.03125 230.46875 135.46875 160.78125 47.34375 43.59375 30.15625 24.0625 0.3125 -2.34375 100.15625 372.8125 352.5 370.78125 345.78125 338.90625 350.625 333.28125 319.84375 325.78125 317.03125 279.6875 130.3125 -47.8125 50.78125
1824.84375 1631.5625 1624.375 1558.4375 1593.75 1772.5 1853.90625 1789.6875 1671.875 1508.75 737.03125 117.8125 71.71875 415.3125 374.0625 655.9375 808.90625 761.875 383.90625 -106.25 -147.5 -159.0625 -142.5 -119.84375 -151.09375 -158.59375 55.46875 654.0625 1101.71875 1421.71875 1471.875 1371.25 891.5625 620.78125 441.71875 238.59375 112.8125 70.3125 348.59375 303.4375 163.75 71.25 35.78125 89.6875 136.71875 343.28125 367.96875 301.09375 291.71875 255 234.21875 262.65625 278.59375 306.5625 300.9375 230.9375 50.9375 -2.1875 -41.40625 28.125
1745.78125 1670.46875 1588.90625 1578.125 1712.65625 1734.6875 1740.46875 1704.84375 1266.09375 1410 620.625 92.03125 -32.8125 -86.40625 -54.0625 99.53125 368.28125 534.6875 940.625 219.53125 -132.34375 -131.25 -147.5 -106.40625 -154.0625 -146.71875 50.625 103.75 333.28125 626.5625 1123.75 1386.25 1281.875 833.90625 554.84375 333.75 274.375 354.375 371.5625 333.28125 359.21875 322.03125 247.03125 278.4375 387.03125 367.34375 359.21875 249.84375 255 302.34375 292.1875 254.0625 199.84375 277.65625 305.15625 204.53125 124.6875 39.21875 -11.71875 6.875
1704.6875 1718.59375 1615.3125 1573.90625 1578.125 1623.90625 1605 1764.375 1435.9375 932.96875 70.78125 -62.34375 -70.9375 -69.375 -102.96875 -115.15625 76.875 143.28125 -38.75 231.875 -181.25 -190.625 -135.3125 -130 -145.9375 -194.0625 -3.28125 192.5 186.5625 611.71875 660.3125 636.09375 829.84375 1061.25 440.15625 279.6875 455.3125 976.09375 658.125 319.6875 272.1875 334.84375 357.96875 408.90625 435.78125 404.84375 392.34375 344.53125 292.65625 265.3125 247.8125 217.8125 185 258.75 104.375 -30.46875 -43.4375 -3.4375 12.5 11.09375
1618.125 1755.46875 1747.34375 1751.09375 1686.71875 1643.90625 1706.25 1805 1536.25 552.8125 -47.5 -99.0625 -90.9375 -86.25 -85.3125 -81.40625 -97.03125 -109.375 57.8125 179.375 91.09375 -35.15625 -191.875 -154.84375 -147.34375 -170.78125 -176.875 -5.625 72.34375 -45.15625 -28.59375 42.8125 29.375 148.90625 224.84375 287.5 292.8125 418.90625 294.53125 219.21875 271.5625 301.09375 298.28125 262.5 315.78125 335.46875 247.5 342.34375 243.4375 134.375 174.84375 115.9375 46.25 -72.96875 -108.125 -60.3125 -5.625 9.21875 -0.9375 8.125
1716.09375 1747.96875 1775.46875 1760.46875 1757.65625 1715.78125 1638.4375 1546.5625 1020.9375 882.5 403.4375 -16.40625 -118.4375 -120.78125 -107.34375 -116.875 -65.15625 -64.53125 -114.84375 -190.3125 975.3125 1305.625 264.21875 -216.09375 -198.125 -171.875 -181.5625 -93.4375 -194.375 57.5 357.1875 183.4375 -117.03125 -155.3125 -40.3125 -80.625 -125.3125 -97.5 -112.1875 -108.4375 -55.46875 -1.71875 166.25 260.3125 270.3125 189.84375 59.0625 -51.25 -35.15625 -80.78125 -146.5625 -96.09375 -105.9375 -93.90625 -67.65625 -30.3125 -22.65625 -12.1875 42.34375 61.71875
1380.78125 1601.5625 1655.3125 1629.0625 1640.625 1674.6875 1609.84375 1519.53125 1511.875 1149.53125 811.875 118.28125 3.75 40 177.1875 -122.03125 -94.84375 -59.21875 -64.53125 -135.9375 390.78125 748.59375 1375.15625 511.5625 -155.15625 -196.40625 -187.34375 -192.34375 180.625 1193.4375 1226.09375 997.5 186.25 73.59375 -53.4375 -89.0625 -76.09375 -75 -76.875 -75.78125 -64.53125 -57.03125 -36.25 0 20.46875 15.15625 -40 -84.21875 -114.53125 -139.84375 -158.59375 -144.0625 -121.40625 -100.78125 -62.65625 -65 -33.75 1.09375 51.09375 77.8125
479.21875 809.6875 1600 1561.875 1581.25 1565.625 1515.9375 1485.78125 1536.71875 582.1875 345.9375 83.28125 290.78125 826.25 1225.15625 125.46875 -127.65625 -58.59375 -49.0625 -75.15625 -163.75 -10.78125 1412.03125 1441.09375 1225.625 -33.90625 -220.46875 -208.75 286.71875 1377.5 1153.28125 211.5625 -165.46875 -153.4375 -107.8125 -114.84375 -83.59375 -60 -47.34375 -40.9375 -37.96875 -36.875 -18.28125 14.0625 -15.3125 -36.40625 -77.34375 -94.6875 -97.65625 -97.34375 -106.40625 -113.125 -97.5 -84.53125 -68.59375 -51.875 23.75 45.9375 75.46875 90.78125
271.09375 402.65625 1426.71875 1511.875 1478.75 1506.09375 1475.625 1441.71875 1500.78125 426.40625 281.40625 284.53125 1286.5625 1445.625 1333.4375 1515.3125 3.4375 -64.53125 -43.125 -63.75 -129.375 -198.4375 131.71875 671.5625 454.84375 448.59375 -254.375 -158.59375 -191.875 106.71875 97.8125 -210.625 -33.125 -105.9375 -153.59375 -150.78125 -141.71875 -99.84375 -114.53125 -82.1875 -67.03125 -81.71875 -68.125 -46.09375 -40 -52.5 -58.28125 -65.15625 -89.53125 -88.28125 -77.96875 -65.9375 -55.3125 -62.03125 -56.5625 -24.53125 35.9375 73.59375 79.84375 93.125
56.5625 544.84375 1491.5625 1490.3125 1485.15625 1341.5625 1077.1875 1089.84375 1067.1875 364.53125 473.75 1430.78125 1407.03125 1442.34375 480.46875 105.9375 -169.21875 -126.5625 -49.6875 -82.5 -124.0625 -175.3125 -135.9375 235.3125 1701.40625 7.34375 -249.53125 -202.96875 -169.375 -211.40625 -218.4375 -27.8125 640.78125 1238.125 148.75 -85.78125 151.875 -65 -139.375 -106.5625 -90.625 -91.40625 -67.03125 -64.6875 -80.46875 -74.21875 -65.625 -57.03125 -52.96875 -58.90625 -50.46875 -47.5 -15.9375 -3.59375 13.75 53.90625 82.8125 89.0625 92.1875 101.40625
-90.78125 594.21875 1509.375 1465.78125 779.0625 691.71875 769.375 774.84375 186.09375 350.625 250.625 503.75 933.75 1325.46875 966.5625 -206.40625 -149.375 -132.65625 -69.6875 -76.71875 -130.46875 -142.65625 498.4375 929.53125 617.5 161.5625 -203.4375 -90.625 -227.65625 -220.9375 -213.90625 -186.25 548.4375 1067.65625 1209.0625 1343.59375 1300 142.5 -176.5625 -147.03125 -130.3125 -102.96875 -78.125 -68.125 -61.5625 -53.90625 -46.25 -48.90625 -59.0625 -55.15625 -50.3125 -49.6875 -49.53125 -47.03125 -23.125 19.84375 43.125 86.5625 81.25 74.0625
-182.96875 745.625 1233.28125 1342.34375 949.375 599.53125 1366.40625 1254.21875 514.0625 -30.15625 133.75 -126.875 -191.09375 -84.21875 -191.71875 -186.25 -115.15625 -82.34375 -67.34375 -77.5 -152.96875 -195.625 1199.0625 1197.5 757.03125 632.96875 1276.71875 1863.125 1351.25 693.28125 -133.28125 161.71875 120.78125 136.25 525.15625 1084.53125 1345.78125 132.34375 -199.6875 -157.5 -133.28125 -105.15625 -100 -104.0625 -82.96875 -72.03125 -56.40625 -54.375 -67.8125 -87.8125 -73.90625 -52.34375 -42.65625 -58.75 -30.9375 -6.875 9.6875 21.09375 48.4375 57.03125
-234.53125 -145.625 32.03125 979.0625 535.78125 550.625 1444.0625 1356.71875 -46.875 -33.4375 899.53125 -171.40625 -134.84375 -164.375 -183.59375 -146.09375 -105.15625 -81.71875 -88.28125 -107.65625 -113.28125 -179.375 412.65625 -196.09375 -197.34375 159.0625 1660.46875 1745.78125 2069.53125 865.15625 -173.90625 -176.25 -161.09375 -142.1875 1377.96875 1291.71875 1270.15625 827.5 187.8125 -171.5625 -115.15625 -87.5 -79.6875 -91.5625 -95.3125 -105.78125 -88.59375 -68.4375 -75.3125 -70.46875 -60.15625 -62.03125 -81.5625 -70.9375 -59.0625 -25.9375 -6.5625 37.03125 76.5625 74.21875
-297.03125 -320.625 -358.125 -337.8125 304.6875 1298.28125 1419.21875 711.09375 -130.78125 -181.25 900.3125 1.25 -131.09375 -153.75 -168.90625 -126.5625 -105.3125 -106.875 -154.6875 -117.1875 -125.46875 228.90625 1397.5 -225.9375 1073.59375 1679.6875 2063.125 2055.625 1953.125 147.65625 -147.34375 -133.4375 -141.71875 -193.75 1391.09375 1292.8125 1172.65625 1178.59375 211.40625 -152.5 -107.5 -64.84375 -46.71875 -47.96875 -60.78125 -90.46875 -101.5625 -78.59375 -69.21875 -69.6875 -77.5 -72.03125 -60.15625 -44.84375 -45.46875 -52.34375 -0.3125 25.46875 73.75 88.4375
-292.8125 -304.21875 -343.125 -337.96875 442.1875 -134.375 -121.09375 -205.78125 -238.75 -159.84375 436.71875 -104.375 -102.96875 -146.40625 -166.25 -123.90625 -98.75 -114.53125 -132.1875 -107.96875 -167.96875 295.15625 -81.71875 -210.15625 159.21875 2044.21875 2052.65625 2170.625 1640.15625 684.53125 111.71875 -104.21875 -119.84375 -123.28125 493.4375 1227.1875 1194.6875 1270.9375 -175.46875 -111.5625 -64.53125 -25.15625 -15 -38.28125 -41.5625 -57.03125 -84.21875 -100.625 -94.53125 -75.78125 -51.40625 -39.84375 -32.03125 -30.3125 -33.75 -28.75 32.5 47.96875 39.21875 60.46875
-333.4375 -353.90625 -374.53125 -353.4375 -375.78125 -387.65625 -292.65625 -182.5 -152.65625 -124.53125 -162.34375 -131.09375 -127.5 -167.5 -119.375 -100.46875 -90.9375 -64.84375 -67.96875 -103.4375 -144.0625 -169.53125 -196.25 -202.65625 -61.09375 1588.28125 1824.0625 2083.4375 2109.21875 2042.03125 308.125 -90.3125 -88.59375 -108.125 -165.3125 -75.625 465.625 116.09375 -117.5 -71.5625 -35 -4.84375 9.21875 -25.78125 -18.90625 -29.53125 -63.125 -90.46875 -106.5625 -83.59375 -66.09375 -40 -26.875 -18.28125 -5.9375 -20.78125 23.59375 66.875 68.90625 84.0625
-315.46875 -395.9375 -431.71875 -175.46875 -127.1875 -359.84375 -259.84375 -159.21875 -121.25 -96.09375 -87.65625 -48.59375 -119.53125 -150.78125 -128.59375 -77.1875 -52.34375 -63.125 -77.65625 -113.4375 -132.03125 -140.9375 -168.28125 -191.71875 -199.84375 76.5625 1822.5 2051.875 2100.15625 1984.0625 1222.03125 -95.3125 -42.1875 -47.5 -77.8125 -114.0625 -67.03125 -42.65625 -37.96875 -8.28125 16.71875 28.90625 28.90625 13.125 4.53125 -27.96875 -67.8125 -60 -70.9375 -53.59375 -60.46875 -79.6875 -63.75 -32.5 -7.8125 16.25 54.53125 71.25 68.59375 82.96875
-302.65625 -279.375 -313.75 593.28125 753.125 -95.9375 -252.1875 -151.09375 -102.03125 -172.1875 -165.9375 -186.875 -125.46875 -110.9375 -72.34375 -68.125 -56.875 -91.25 -74.53125 -127.96875 -143.4375 -150.625 -179.6875 -210.15625 -203.90625 48.125 1974.53125 2098.125 2066.71875 1970.625 2083.90625 169.84375 -48.59375 8.59375 -6.71875 -92.03125 -33.125 26.71875 35 35.9375 18.28125 8.75 7.1875 21.09375 21.5625 -8.125 -29.21875 -20.15625 -19.0625 -28.90625 -49.84375 -62.96875 -65 -69.21875 -44.375 -26.875 1.09375 43.28125 106.09375 119.21875
-275.625 -314.21875 -263.4375 94.375 515.625 -272.03125 -197.5 -106.875 -107.1875 -75.625 982.5 263.59375 -160.46875 -100.3125 -79.0625 -78.90625 -87.03125 -104.6875 -66.875 -136.09375 -140.78125 -157.8125 -174.0625 -182.03125 -173.28125 -161.25 1180.9375 1620.625 2167.65625 2072.1875 1838.125 690.46875 -45.625 20.46875 38.75 41.40625 28.125 16.71875 -9.53125 -41.71875 -23.4375 -20.3125 -11.875 -18.28125 -6.25 6.40625 5.3125 -3.90625 -6.25 -18.125 -19.53125 -37.03125 -48.125 -52.03125 -43.75 21.40625 51.09375 41.40625 99.375 127.8125
-235.78125 -263.75 -363.28125 -339.53125 -372.03125 -282.1875 -136.71875 -149.0625 123.59375 1382.5 1380.15625 1776.875 197.8125 -152.1875 -90.78125 -96.71875 -102.8125 -103.59375 -77.1875 -119.84375 -145.78125 -21.5625 -137.96875 -163.90625 -164.0625 -83.125 500.15625 1851.875 2237.34375 2009.21875 785.625 205 -10.78125 65.625 233.28125 -85.625 88.28125 -62.65625 -106.875 -47.03125 -92.03125 -91.5625 -73.59375 -62.8125 -29.84375 -29.0625 -25.46875 -37.03125 -31.40625 -31.5625 -25.46875 -24.21875 -20.625 -1.5625 -25.3125 23.59375 44.375 41.875 83.125 142.65625
-218.90625 -276.71875 -307.5 -253.4375 -207.65625 -136.40625 -112.1875 -192.65625 933.28125 1645 1679.21875 1758.90625 1374.53125 534.21875 -139.375 -71.875 -112.8125 38.125 -45.625 461.71875 1041.40625 866.875 -181.25 58.75 925 1659.6875 2121.09375 2072.34375 2122.34375 2141.875 1792.8125 821.09375 234.0625 950.15625 1758.75 1099.6875 89.375 32.96875 64.375 -111.5625 296.25 429.53125 -30.9375 -120.9375 -70.9375 -53.59375 -40.78125 -40.46875 -41.875 -40.625 -36.875 -37.1875 -42.1875 -17.5 8.28125 12.65625 38.125 50.3125 106.875 102.5
-186.09375 -313.125 -350.9375 -221.25 -133.28125 -104.6875 -102.34375 -136.40625 -221.5625 614.375 1588.125 1706.875 1843.75 389.53125 -159.0625 -151.40625 179.0625 1598.28125 1842.03125 1476.5625 1989.21875 1677.34375 1224.375 1795.46875 2038.90625 2031.09375 2021.5625 1881.25 1872.96875 2021.40625 629.6875 79.0625 -36.40625 1279.84375 1613.125 1595.9375 1123.59375 861.40625 983.90625 908.59375 1260.78125 1379.53125 295.46875 -146.5625 -72.8125 -46.71875 -34.0625 -28.28125 -31.09375 -31.875 -50 -57.1875 -72.03125 -83.59375 -66.5625 -20.625 -4.0625 75.78125 68.4375 60.46875
-189.375 -157.34375 -164.375 -155.9375 -122.8125 -109.84375 -116.71875 -100.9375 -124.84375 -167.65625 495 1806.875 1843.28125 815.46875 -109.84375 -51.09375 136.875 1894.21875 1865.9375 1995 2102.96875 1969.0625 1764.84375 2052.1875 1938.28125 1812.03125 1779.0625 1769.0625 1909.375 1705.625 -97.65625 -45.9375 612.34375 1740.46875 1587.1875 1513.90625 1119.0625 1306.40625 822.65625 1215.3125 1221.71875 1198.90625 -5.625 -63.28125 -40.15625 -68.75 -60.3125 -47.5 -45.9375 -50.9375 -65 -72.5 -70.46875 -62.8125 -2.1875 49.375 55.9375 51.25 30.15625 62.1875
