Cases/SDM_Urocitellus_beldingi/westernUsClimate_hadley2080a2/BIO17.asc
NCOLS 315 
NROWS 297 
XLLCORNER -124.741664802 
YLLCORNER 29.2083311801598 
CELLSIZE 0.066666670143822 
NODATA_value -3.4e+38 
[rows 112 to 139 of 297, columns 192 to 255 of 315]
9056.25 8756.25 8670.3125 9053.125 8964.0625 8423.4375 9903.125 9543.75 8679.6875 7828.125 6979.6875 5946.875 5245.3125 5175 5325 6007.8125 6484.375 5995.3125 5423.4375 4512.5 4765.625 4315.625 3759.375 3510.9375 3318.75 3178.125 2957.8125 2945.3125 2959.375 2882.8125 2817.1875 2762.5 2767.1875 2748.4375 2935.9375 3184.375 3296.875 3168.75 3392.1875 3425 3490.625 3670.3125 3590.625 3603.125 3454.6875 4345.3125 3975 4003.125 3528.125 3335.9375 3309.375 3393.75 3528.125 3896.875 3818.75 3607.8125 3420.3125 3320.3125 3171.875 3081.25 3253.125 3593.75 4020.3125 4242.1875
9484.375 9292.1875 9050 9979.6875 9218.75 9123.4375 10232.8125 9471.875 8789.0625 8151.5625 7173.4375 6284.375 5623.4375 5390.625 5817.1875 6526.5625 6445.3125 5917.1875 5270.3125 4645.3125 4584.375 4160.9375 3753.125 3637.5 3423.4375 3253.125 3040.625 3153.125 3167.1875 3037.5 2907.8125 2821.875 2835.9375 2878.125 2918.75 3225 3643.75 3446.875 3392.1875 3668.75 3729.6875 4681.25 5621.875 4642.1875 3804.6875 4025 4146.875 4101.5625 3978.125 4098.4375 3960.9375 3723.4375 3642.1875 3845.3125 3670.3125 3815.625 3870.3125 3562.5 3475 3331.25 3437.5 3864.0625 4103.125 4485.9375
9404.6875 9270.3125 10339.0625 9932.8125 9428.125 8973.4375 9671.875 9887.5 9457.8125 8406.25 7195.3125 6643.75 6117.1875 5831.25 5934.375 6832.8125 6568.75 6159.375 5192.1875 5014.0625 4559.375 4451.5625 4317.1875 3945.3125 3476.5625 3301.5625 3195.3125 3410.9375 3525 3295.3125 3060.9375 2865.625 2823.4375 2895.3125 2993.75 3118.75 3487.5 3251.5625 3723.4375 3885.9375 3935.9375 5023.4375 5062.5 4750 3921.875 4290.625 4287.5 4334.375 4670.3125 5595.3125 4900 4348.4375 3956.25 3821.875 4001.5625 3904.6875 3667.1875 3753.125 3839.0625 3904.6875 3726.5625 3906.25 4265.625 4614.0625
9564.0625 8998.4375 9037.5 9129.6875 8646.875 8460.9375 9107.8125 9534.375 8854.6875 8353.125 7403.125 6937.5 6732.8125 6375 5946.875 6215.625 6437.5 6115.625 5539.0625 5184.375 5100 5370.3125 4485.9375 3956.25 3720.3125 3446.875 3396.875 3506.25 3440.625 3153.125 3031.25 2989.0625 2929.6875 3007.8125 3071.875 3056.25 3193.75 3428.125 4087.5 4248.4375 4571.875 5006.25 5171.875 4431.25 4245.3125 4179.6875 4107.8125 4415.625 5135.9375 5984.375 4925 4634.375 4189.0625 4135.9375 3945.3125 3784.375 3720.3125 3857.8125 4189.0625 4392.1875 4360.9375 4340.625 4531.25 4734.375
9307.8125 9217.1875 8770.3125 8592.1875 9164.0625 9687.5 9412.5 9125 8328.125 8328.125 7809.375 7234.375 6798.4375 6479.6875 6257.8125 6148.4375 6257.8125 6245.3125 5982.8125 5518.75 5785.9375 5706.25 4943.75 4531.25 3903.125 3681.25 3831.25 3687.5 3593.75 3542.1875 3717.1875 3187.5 3146.875 3140.625 3078.125 3059.375 3376.5625 3779.6875 4614.0625 4696.875 4568.75 5564.0625 5718.75 4678.125 4957.8125 4679.6875 4368.75 4698.4375 5232.8125 5553.125 4909.375 4507.8125 4315.625 4281.25 4090.625 3993.75 3910.9375 4187.5 4320.3125 4779.6875 5170.3125 5242.1875 4984.375 5075
9571.875 9654.6875 8801.5625 9051.5625 9387.5 10020.3125 8992.1875 8267.1875 8125 8250 7973.4375 7248.4375 6885.9375 6754.6875 6570.3125 6367.1875 6270.3125 6293.75 6096.875 5995.3125 6185.9375 6007.8125 5648.4375 5406.25 5060.9375 4659.375 4442.1875 4551.5625 4254.6875 5267.1875 4407.8125 3618.75 3823.4375 3915.625 3285.9375 3165.625 3395.3125 3964.0625 4876.5625 5993.75 5523.4375 5768.75 6090.625 5560.9375 5778.125 5442.1875 4876.5625 5407.8125 5351.5625 4790.625 5526.5625 4800 4579.6875 4607.8125 4642.1875 4398.4375 4270.3125 4350 4485.9375 4757.8125 5178.125 5746.875 5692.1875 5550
8743.75 10115.625 8710.9375 9093.75 9985.9375 9000 8234.375 8478.125 8914.0625 8268.75 7742.1875 7082.8125 7253.125 7001.5625 6764.0625 6587.5 6442.1875 6329.6875 6498.4375 6756.25 6821.875 6578.125 6264.0625 6400 6271.875 6014.0625 5423.4375 5735.9375 6131.25 6139.0625 4360.9375 3631.25 3790.625 3640.625 3328.125 3300 3475 4201.5625 5131.25 6879.6875 6490.625 5145.3125 5287.5 5937.5 6157.8125 6065.625 5492.1875 5217.1875 5059.375 4851.5625 5231.25 5431.25 4734.375 4742.1875 4651.5625 4650 4825 4932.8125 5168.75 4990.625 5092.1875 5559.375 5657.8125 5925
8596.875 10817.1875 9156.25 8359.375 8603.125 8637.5 7882.8125 8764.0625 8462.5 8009.375 7959.375 7743.75 8179.6875 7196.875 7017.1875 6882.8125 6873.4375 7256.25 7473.4375 7534.375 7498.4375 7415.625 7376.5625 7189.0625 7239.0625 6409.375 5815.625 5510.9375 5012.5 4334.375 4068.75 3781.25 3504.6875 3425 3429.6875 3368.75 3820.3125 4375 4687.5 5796.875 4854.6875 4948.4375 5432.8125 6650 7134.375 6440.625 5734.375 5076.5625 4900 4817.1875 5270.3125 5107.8125 5059.375 5259.375 5292.1875 5662.5 5789.0625 5704.6875 5584.375 5500 5362.5 5592.1875 5979.6875 6226.5625
7821.875 10203.125 10043.75 8903.125 8853.125 9226.5625 8357.8125 8131.25 8095.3125 8434.375 7809.375 8034.375 7845.3125 7334.375 7470.3125 7809.375 7337.5 8096.875 9070.3125 8737.5 8001.5625 8287.5 8198.4375 7968.75 7454.6875 6929.6875 6375 6587.5 6170.3125 5884.375 6767.1875 4901.5625 4078.125 3421.875 3475 3542.1875 3832.8125 4175 4710.9375 5445.3125 4628.125 5035.9375 6309.375 7153.125 7048.4375 6945.3125 6307.8125 5114.0625 5025 4937.5 5056.25 5039.0625 5267.1875 5540.625 5148.4375 5228.125 5178.125 5339.0625 5376.5625 5526.5625 5807.8125 6184.375 6328.125 6528.125
7514.0625 9242.1875 10420.3125 9875 9273.4375 8765.625 9176.5625 8498.4375 7817.1875 8148.4375 7837.5 7723.4375 8054.6875 8815.625 9387.5 8585.9375 7948.4375 8331.25 9200 8850 8546.875 8879.6875 8826.5625 8751.5625 8528.125 8212.5 8185.9375 7889.0625 7764.0625 7493.75 6925 6654.6875 5839.0625 4890.625 4504.6875 4659.375 4393.75 4306.25 4601.5625 4459.375 4373.4375 4075 4532.8125 5575 6250 6898.4375 6676.5625 5757.8125 4976.5625 4809.375 5004.6875 5157.8125 5885.9375 6064.0625 6106.25 6050 5493.75 5257.8125 5814.0625 6309.375 6415.625 6678.125 6907.8125 7026.5625
7917.1875 9460.9375 10706.25 10564.0625 9960.9375 9090.625 10146.875 9259.375 8159.375 9259.375 9207.8125 8814.0625 10065.625 9798.4375 9979.6875 9335.9375 8623.4375 9167.1875 9839.0625 9970.3125 9654.6875 10064.0625 9900 10020.3125 10353.125 10040.625 10190.625 9379.6875 9265.625 8829.6875 8135.9375 7196.875 6895.3125 6817.1875 6654.6875 6892.1875 7042.1875 6560.9375 6920.3125 6509.375 6135.9375 5056.25 4096.875 3956.25 3825 4476.5625 6268.75 6690.625 4932.8125 4709.375 5426.5625 5807.8125 6067.1875 5773.4375 6135.9375 6478.125 5643.75 5701.5625 6246.875 6670.3125 6790.625 7057.8125 7201.5625 7273.4375
7487.5 8615.625 9571.875 9329.6875 9725 9323.4375 9475 8795.3125 8276.5625 9095.3125 9090.625 8625 9026.5625 9601.5625 9232.8125 10034.375 10270.3125 10162.5 10395.3125 10517.1875 10607.8125 10581.25 10635.9375 10912.5 10140.625 9342.1875 9296.875 9989.0625 9412.5 9296.875 9612.5 9071.875 8514.0625 8160.9375 7925 7729.6875 7428.125 7093.75 6934.375 6560.9375 6575 6223.4375 5834.375 6103.125 4821.875 3942.1875 4309.375 4823.4375 4817.1875 5525 5440.625 5239.0625 5323.4375 5435.9375 5882.8125 6039.0625 5671.875 6156.25 6553.125 6821.875 7139.0625 7334.375 7556.25 7571.875
6975 7348.4375 9192.1875 10195.3125 10684.375 9990.625 8865.625 8798.4375 8603.125 7800 8809.375 10251.5625 10225 10617.1875 10293.75 10264.0625 10100 10400 9950 10512.5 9548.4375 10279.6875 9470.3125 10103.125 10578.125 9253.125 8550 9632.8125 8339.0625 9140.625 8751.5625 9181.25 8392.1875 7762.5 7490.625 7314.0625 7004.6875 6728.125 6793.75 6735.9375 6607.8125 6204.6875 6081.25 6435.9375 6173.4375 5271.875 4259.375 4348.4375 4632.8125 5315.625 6137.5 5687.5 5248.4375 5309.375 5804.6875 6045.3125 5995.3125 6514.0625 6731.25 6992.1875 7145.3125 7398.4375 7589.0625 7828.125
6804.6875 7062.5 9531.25 11101.5625 11504.6875 11721.875 10239.0625 8748.4375 8725 7753.125 8440.625 9017.1875 9559.375 9740.625 9885.9375 9423.4375 9798.4375 9579.6875 9085.9375 9881.25 8879.6875 9607.8125 8862.5 8525 9334.375 8943.75 7559.375 7678.125 7965.625 7275 7675 7321.875 6890.625 7212.5 6701.5625 6642.1875 5878.125 5632.8125 5546.875 6168.75 6228.125 6248.4375 6278.125 6342.1875 5665.625 5815.625 6023.4375 4950 5107.8125 5270.3125 5698.4375 5814.0625 5621.875 5479.6875 5825 6231.25 6459.375 6489.0625 6709.375 6892.1875 7196.875 7281.25 7550 7718.75
6625 7275 9787.5 11925 12537.5 12073.4375 10378.125 8385.9375 8478.125 8117.1875 7987.5 8254.6875 8132.8125 8845.3125 9379.6875 8718.75 9804.6875 9837.5 8243.75 9101.5625 9040.625 7356.25 8321.875 7803.125 6834.375 6917.1875 7114.0625 5653.125 6593.75 5903.125 6135.9375 6214.0625 5879.6875 5926.5625 5390.625 5079.6875 4365.625 4331.25 4415.625 5226.5625 5343.75 4837.5 4881.25 5767.1875 5548.4375 6435.9375 6710.9375 6560.9375 6273.4375 6135.9375 5910.9375 5682.8125 5512.5 5515.625 5975 6314.0625 6320.3125 6515.625 6693.75 7003.125 7289.0625 7354.6875 7623.4375 7746.875
6490.625 7793.75 10648.4375 12173.4375 10923.4375 11256.25 8695.3125 7351.5625 7351.5625 7957.8125 8982.8125 8962.5 9182.8125 9278.125 9285.9375 8818.75 7671.875 8993.75 8817.1875 8129.6875 6546.875 7326.5625 5867.1875 5800 5812.5 5439.0625 5126.5625 4989.0625 4706.25 4546.875 4579.6875 4693.75 4801.5625 5757.8125 4632.8125 4142.1875 4096.875 4351.5625 4231.25 4500 4648.4375 4457.8125 5185.9375 5539.0625 4495.3125 4945.3125 5562.5 5668.75 6159.375 6398.4375 6501.5625 6378.125 5653.125 6468.75 6037.5 6237.5 6435.9375 6476.5625 6607.8125 6929.6875 7196.875 7464.0625 7628.125 7848.4375
6796.875 7635.9375 7545.3125 10475 10598.4375 9540.625 8043.75 7725 7912.5 8231.25 9754.6875 10206.25 9598.4375 9092.1875 7915.625 6835.9375 6210.9375 6001.5625 6198.4375 7521.875 6043.75 5303.125 5210.9375 4887.5 4826.5625 4639.0625 4431.25 4053.125 4090.625 4012.5 3887.5 3781.25 4148.4375 4289.0625 4290.625 4117.1875 3935.9375 3925 3993.75 4115.625 4270.3125 5101.5625 6325 6337.5 6201.5625 5807.8125 5928.125 6270.3125 6250 6003.125 5792.1875 5348.4375 5517.1875 6139.0625 6334.375 6414.0625 6543.75 6618.75 7203.125 7089.0625 7139.0625 7467.1875 7612.5 7895.3125
6254.6875 6267.1875 6545.3125 8434.375 11107.8125 8801.5625 9009.375 8042.1875 8129.6875 8845.3125 9456.25 10032.8125 8795.3125 8487.5 8646.875 7468.75 7262.5 6471.875 4937.5 5846.875 5800 4681.25 4625 4376.5625 4129.6875 4001.5625 4040.625 3689.0625 3540.625 3506.25 3498.4375 3478.125 3620.3125 3703.125 3690.625 4025 3968.75 3623.4375 3642.1875 3781.25 4225 5392.1875 6107.8125 6404.6875 6514.0625 6456.25 6665.625 6753.125 6681.25 6343.75 6117.1875 6042.1875 6171.875 6554.6875 6714.0625 6914.0625 6928.125 7187.5 7343.75 7206.25 7253.125 7475 7821.875 8062.5
7084.375 6212.5 6346.875 6828.125 7839.0625 10381.25 9182.8125 9157.8125 8704.6875 9659.375 8381.25 8720.3125 9181.25 7679.6875 7457.8125 7098.4375 6137.5 6353.125 4970.3125 4803.125 4692.1875 4353.125 4331.25 4134.375 3970.3125 3775 3693.75 3487.5 3267.1875 3218.75 3237.5 3195.3125 3331.25 3404.6875 3389.0625 3467.1875 3464.0625 3492.1875 3551.5625 3809.375 4078.125 4253.125 4520.3125 4923.4375 5865.625 6662.5 6415.625 6329.6875 6087.5 6043.75 5564.0625 5564.0625 5928.125 6485.9375 6393.75 6685.9375 7451.5625 7559.375 7904.6875 7864.0625 7715.625 7746.875 7817.1875 7992.1875
8232.8125 6342.1875 6448.4375 6623.4375 7276.5625 10153.125 9106.25 7898.4375 8073.4375 8692.1875 8546.875 7348.4375 7768.75 7532.8125 6160.9375 5598.4375 5121.875 4912.5 4750 4559.375 4515.625 4215.625 3917.1875 3843.75 3800 3550 3412.5 3290.625 3200 3159.375 3071.875 3093.75 3189.0625 3210.9375 3284.375 3285.9375 3404.6875 3548.4375 3728.125 3900 4237.5 4403.125 4670.3125 4823.4375 5085.9375 5162.5 5109.375 5062.5 4931.25 5242.1875 5360.9375 5373.4375 5898.4375 6312.5 6215.625 6468.75 6950 7500 7800 8100 8179.6875 8159.375 8057.8125 8162.5
6332.8125 6267.1875 6417.1875 6535.9375 6721.875 7992.1875 7865.625 7600 7539.0625 7271.875 7985.9375 7059.375 6657.8125 6514.0625 6390.625 5982.8125 5376.5625 4956.25 4875 4520.3125 4184.375 3990.625 3817.1875 3735.9375 3629.6875 3500 3309.375 3221.875 3146.875 3110.9375 3110.9375 3153.125 3078.125 3067.1875 3115.625 3179.6875 3471.875 3693.75 3918.75 4142.1875 4293.75 4507.8125 4692.1875 4834.375 4881.25 4646.875 4812.5 5365.625 4929.6875 4926.5625 5301.5625 5779.6875 5968.75 6015.625 6209.375 6681.25 7167.1875 7559.375 7665.625 7723.4375 8264.0625 8231.25 8326.5625 8237.5
5925 6735.9375 6395.3125 6510.9375 6787.5 7309.375 8448.4375 7387.5 7084.375 6790.625 7468.75 6923.4375 7123.4375 6809.375 6925 6320.3125 5595.3125 5117.1875 4800 4675 4579.6875 4356.25 4059.375 3920.3125 3764.0625 3551.5625 3440.625 3325 3201.5625 3157.8125 3114.0625 3114.0625 3065.625 3054.6875 3106.25 3170.3125 3329.6875 3440.625 3620.3125 3828.125 3953.125 4181.25 4375 4514.0625 4846.875 4564.0625 4415.625 4595.3125 5103.125 5593.75 6218.75 6910.9375 6473.4375 6312.5 6456.25 6414.0625 6567.1875 7114.0625 7507.8125 7340.625 7876.5625 8003.125 8159.375 8473.4375
5803.125 6706.25 6420.3125 6623.4375 7193.75 7625 7360.9375 7048.4375 6979.6875 6773.4375 7168.75 7560.9375 7656.25 7557.8125 7679.6875 6729.6875 6082.8125 5003.125 5465.625 5235.9375 4909.375 4790.625 4521.875 4176.5625 3904.6875 3832.8125 3701.5625 3512.5 3264.0625 3109.375 3067.1875 3001.5625 3007.8125 3068.75 3118.75 3220.3125 3303.125 3364.0625 3540.625 3717.1875 3914.0625 4206.25 4525 4481.25 4540.625 4604.6875 4754.6875 4962.5 5529.6875 6090.625 6885.9375 7001.5625 6634.375 6531.25 6604.6875 6717.1875 6939.0625 6987.5 6948.4375 7098.4375 7381.25 7476.5625 7678.125 7953.125
5576.5625 6223.4375 6857.8125 7703.125 8504.6875 7815.625 6940.625 6637.5 6451.5625 6082.8125 6026.5625 6139.0625 6542.1875 6300 6759.375 5839.0625 5204.6875 5670.3125 5823.4375 5510.9375 5770.3125 5304.6875 4940.625 4690.625 4428.125 4393.75 4065.625 3773.4375 3528.125 3321.875 3129.6875 3039.0625 3076.5625 3178.125 3254.6875 3335.9375 3489.0625 3559.375 3668.75 3859.375 4000 4110.9375 4381.25 4965.625 4729.6875 4923.4375 5170.3125 5184.375 5878.125 6812.5 7109.375 6617.1875 6509.375 6459.375 6662.5 6714.0625 7089.0625 7203.125 7551.5625 7300 7576.5625 7754.6875 7778.125 7973.4375
5884.375 6412.5 7715.625 8198.4375 7854.6875 6754.6875 6795.3125 6767.1875 6523.4375 6468.75 6271.875 5756.25 6187.5 5540.625 6523.4375 6660.9375 6071.875 5865.625 6089.0625 5846.875 5537.5 5642.1875 5825 5306.25 4882.8125 4501.5625 4304.6875 4134.375 3848.4375 3479.6875 3295.3125 3107.8125 3300 3332.8125 3365.625 3584.375 3681.25 3723.4375 3868.75 3859.375 4012.5 4250 4618.75 5106.25 5293.75 5206.25 5379.6875 5426.5625 5629.6875 6700 7150 6709.375 6498.4375 6514.0625 6521.875 7003.125 7425 7512.5 7768.75 7693.75 7765.625 8156.25 7860.9375 8081.25
6209.375 6142.1875 8571.875 8281.25 7150 6604.6875 6065.625 6359.375 7045.3125 7539.0625 6906.25 5792.1875 6112.5 5206.25 5125 5554.6875 5793.75 5445.3125 6004.6875 5940.625 5718.75 5325 4815.625 4673.4375 4314.0625 4204.6875 4193.75 3793.75 3587.5 3401.5625 3121.875 3212.5 3440.625 3453.125 3506.25 3734.375 3910.9375 3942.1875 4160.9375 4215.625 4234.375 4471.875 4581.25 5118.75 5251.5625 5476.5625 5795.3125 5510.9375 5562.5 6195.3125 7250 6840.625 6685.9375 6550 6514.0625 6709.375 7048.4375 7532.8125 7600 7656.25 8078.125 8578.125 8509.375 8546.875
5990.625 5993.75 7951.5625 6884.375 7075 6954.6875 5760.9375 5715.625 6709.375 6967.1875 6509.375 5648.4375 5850 5801.5625 5976.5625 4845.3125 4907.8125 4954.6875 5048.4375 5151.5625 5034.375 4832.8125 4810.9375 4720.3125 4768.75 4390.625 3987.5 3793.75 3743.75 3407.8125 3121.875 3348.4375 3495.3125 3739.0625 3596.875 3950 4137.5 4217.1875 4032.8125 4371.875 4526.5625 4751.5625 4798.4375 4742.1875 4960.9375 5456.25 6139.0625 5692.1875 6184.375 6045.3125 6729.6875 7285.9375 6993.75 6900 6968.75 7015.625 7121.875 7257.8125 7404.6875 7623.4375 7990.625 8618.75 8676.5625 8307.8125
5728.125 5759.375 6285.9375 6214.0625 6268.75 6154.6875 5720.3125 5298.4375 6514.0625 6853.125 7081.25 6089.0625 6492.1875 5675 5126.5625 4539.0625 4293.75 4829.6875 4678.125 4610.9375 4907.8125 5370.3125 5564.0625 6017.1875 5312.5 4860.9375 4531.25 4315.625 3745.3125 3298.4375 3815.625 3881.25 3873.4375 3865.625 3857.8125 3754.6875 4026.5625 4375 4285.9375 4368.75 4660.9375 5225 5546.875 4998.4375 5257.8125 6023.4375 6098.4375 6145.3125 6496.875 7079.6875 7375 7678.125 7531.25 7326.5625 7237.5 7385.9375 7389.0625 7528.125 7659.375 7601.5625 7609.375 7804.6875 7687.5 7690.625
