Cases/SDM_Urocitellus_beldingi/westernUsClimate_hadley2080a2/BIO15.asc
NCOLS 315 
NROWS 297 
XLLCORNER -124.741664802 
YLLCORNER 29.2083311801598 
CELLSIZE 0.066666670143822 
NODATA_value -3.4e+38 
[rows 56 to 83 of 297, columns 192 to 255 of 315]
21.921875 25.796875 37.75 36.90625 31.390625 21.1875 21.578125 21.421875 21.0625 21 20.953125 21.3125 21.625 20.5 19.375 22.84375 25.140625 19.21875 17.96875 18.640625 16.828125 16.296875 16.75 17.234375 17.109375 16.125 16.53125 16.84375 16.03125 16.890625 16.390625 16.203125 16.140625 18.046875 20.421875 24.484375 26.625 31.421875 34.578125 38.125 38.921875 40.578125 46.28125 46.828125 45.578125 44.375 43.9375 42.1875 40.734375 38.640625 34.171875 31.3125 29.15625 31.765625 36.09375 36.34375 36.421875 34.90625 34.21875 33.1875 32.75 34.078125 34.78125 34.453125
18.765625 20.96875 29.84375 33.234375 28.5625 22.4375 21.59375 22.375 22.359375 22.0625 20.890625 21.46875 22.109375 20.921875 18.734375 21.375 20.578125 18.109375 18.625 19.421875 17.875 18.4375 17.765625 16.25 17.125 17 16.296875 16.203125 15.953125 15.171875 16.40625 16.203125 16.578125 15.828125 17.828125 15.84375 16.21875 17.546875 20.546875 29.703125 36.078125 41.21875 46.640625 47.71875 47 46.078125 45.421875 43.640625 42.8125 36.53125 27.890625 24.96875 27.265625 25.28125 29.484375 35.953125 36.765625 32.921875 29.90625 27.515625 30.3125 30.546875 32.65625 33.390625
19.265625 19.015625 21.625 26.640625 25.75 21.671875 22.21875 22.78125 23.03125 22.734375 22.1875 21.796875 21.921875 21.015625 20.90625 18.984375 18.421875 20.09375 19.4375 17.203125 17.75 18.125 16.234375 14.703125 17.421875 16.15625 15.09375 14.359375 15.140625 15.453125 16.078125 15.9375 15.6875 15.5625 15.96875 15.609375 15.546875 15.75 19.15625 24.453125 28.015625 42.640625 48.125 49.59375 49.328125 47.5625 47.03125 45.40625 45.359375 43.078125 36.765625 30.734375 28.0625 30.171875 28.578125 38.921875 38.40625 34.015625 26.6875 23.265625 25.359375 26.484375 29.984375 30.265625
19.734375 19.734375 19.703125 21.28125 22.34375 21.734375 23.25 23.640625 23.828125 23.65625 23.390625 22.515625 21.640625 21.9375 21.9375 20.375 18.953125 20.46875 20.65625 17.609375 17.015625 17.40625 15.34375 15.90625 15.734375 16.40625 14.109375 14.890625 15.28125 15.0625 14.625 14.25 14.484375 14.921875 14.90625 15.34375 15.140625 16.109375 16.046875 17.671875 27.734375 42.390625 50.125 51.15625 48.796875 48.53125 46.203125 47.40625 47.9375 47.984375 44.734375 40.96875 39 39.34375 36.859375 39.546875 36.546875 33.828125 29.5 22.703125 20.453125 22.296875 26.09375 29.796875
18.984375 20.6875 21.578125 21.578125 20.453125 22.484375 24.171875 24.109375 24.8125 24.625 24.5 24.234375 23.375 22.1875 21.640625 22.375 22.046875 19.203125 16.65625 14.859375 14.953125 14.8125 15.21875 15.109375 13.90625 13.4375 14.734375 14.96875 14.3125 15 14.96875 13.4375 13.328125 13.59375 14.109375 14.390625 14.75 14.90625 14.796875 23.734375 37.296875 47.125 52.515625 53.203125 50.40625 49.921875 47.859375 48.28125 49.28125 52.03125 51.921875 49.09375 45.625 45.234375 44.34375 41.875 35.4375 32.359375 30.390625 26.0625 20.359375 19.984375 21.921875 25.53125
20 21.515625 22.328125 23.390625 23.40625 23.34375 25.34375 24.890625 26.203125 26.046875 25.375 25.078125 24.59375 22.546875 22.453125 22.921875 22.359375 18.4375 16.3125 15.359375 15.578125 17.03125 13.84375 13.78125 13.375 12.921875 14.734375 13.515625 14.140625 14.109375 14.5625 13.84375 13.5 14.609375 15.296875 14.125 14.234375 14.25 15.4375 28.796875 46.0625 51.3125 52.890625 53.71875 54.015625 51.5 48.15625 48.5 53.3125 57 57.0625 53.8125 51.265625 47.96875 45.671875 44.421875 40.328125 32.28125 27.453125 24.078125 20.34375 18.546875 20.109375 22.4375
20.875 22.15625 23.125 24.515625 26.125 25.359375 25.890625 27.203125 27.71875 28.234375 26.84375 26.15625 24.890625 23.453125 23.578125 23.46875 22.609375 19.65625 18.65625 18.53125 19.703125 17.578125 15.359375 13.234375 15.078125 15.0625 12.484375 13.234375 13.359375 14.390625 14.328125 13.296875 12.921875 14.03125 17.375 17.921875 18.59375 19.4375 19.3125 34.765625 48.78125 50.96875 51.609375 52.828125 54.984375 52.921875 48.671875 53.046875 56.140625 57.96875 57.4375 54.765625 52.28125 50.78125 48.015625 44.78125 43.578125 38.6875 28.40625 20.4375 19.125 18.40625 19.203125 18.984375
21.671875 23.3125 24.640625 26.59375 28.015625 29.25 29.59375 29.703125 26.90625 29.09375 28.109375 25.921875 24 22.640625 22.484375 23.359375 23.140625 20.96875 19.453125 19.40625 19.625 18.90625 17.515625 15.265625 15.515625 15.8125 15.75 12.875 12.96875 13.40625 13.40625 13.109375 12.09375 12.453125 12.6875 15.203125 16.734375 23.9375 26.171875 29.84375 44.96875 47.953125 48.53125 49.046875 51.9375 51.234375 54.046875 59.453125 59.703125 58.1875 58.90625 56.859375 51.40625 49.984375 46.890625 42.546875 43.46875 39.703125 34.515625 28.96875 22.640625 18.765625 17.96875 17.921875
22.59375 25.46875 27.90625 29.34375 30.015625 31.59375 32.109375 31.125 28.109375 29.5625 29.390625 26.796875 24.4375 22.859375 22.265625 23.546875 23.546875 21.828125 20.5625 19.921875 19.359375 17.328125 15.90625 16.921875 16.9375 15.5625 15.53125 13.046875 13.109375 13.59375 13.453125 14.015625 13.265625 12.84375 13.453125 15.84375 15.5625 18.328125 16.53125 29.15625 40.296875 38.4375 39 45.4375 51.03125 55.53125 58.296875 60.0625 60.375 58.9375 57.984375 54.84375 51.640625 47.34375 44.96875 44.125 43.8125 41.34375 36.625 32.265625 29.5 26.8125 20.328125 17.671875
23.90625 27.671875 30.375 31.5 32.765625 32.1875 31.8125 33.4375 33.140625 32.15625 30.5 28.8125 26.4375 25.3125 25.078125 24.6875 22.953125 21.953125 21.546875 21.484375 19.65625 17.4375 16.359375 16.828125 16.546875 14.859375 14.9375 13.921875 13.171875 13.6875 13.578125 12.875 12.875 12.21875 12.640625 12.71875 12.734375 13.890625 14.703125 19.78125 30.390625 35.953125 35.703125 44.09375 53.578125 52.578125 54.609375 56.25 58.25 58.265625 57.15625 55.15625 50.015625 46.96875 45.125 43.65625 42.609375 41.21875 37.796875 34.40625 32.015625 31.34375 25.671875 20.140625
24.40625 26.578125 30.515625 29.765625 31.671875 32.03125 31.046875 31.890625 34.59375 33.640625 31.921875 30.71875 29.671875 28.34375 27.671875 26.59375 24.453125 23.828125 22.40625 22.09375 20.84375 19.765625 18.546875 15.484375 15.125 14.375 14.796875 15.03125 13.75 11.734375 12.53125 12.28125 13.203125 11.59375 12.09375 12.53125 12.8125 14.921875 22.359375 21.640625 23.90625 36.546875 44.546875 48.5625 53 48.21875 42.96875 48.90625 56.125 56.359375 55.0625 54 49.625 48.015625 45.828125 45.40625 43.578125 41.203125 39.015625 36.546875 34.9375 33.5625 31.796875 29.09375
26.203125 28.375 30.578125 32.4375 33.515625 34.765625 32.9375 34.109375 36.03125 35.046875 33.234375 31.546875 30.203125 28.890625 28.15625 27.765625 26.484375 25.578125 24.296875 23.34375 21.890625 20.546875 18.109375 15.65625 15.03125 15.234375 15.8125 14.84375 12.90625 10.71875 10.578125 11.578125 11.03125 12.625 16.859375 14.71875 19.578125 22.125 31.234375 34.125 36.3125 33.796875 45.625 49.078125 50.53125 49.34375 48.5625 49.453125 50.578125 51.015625 51.65625 51.5 49.828125 48.453125 46.203125 45.8125 44.453125 41.9375 41.140625 39.28125 37.5 35.125 33 30.34375
25.4375 28.484375 31.28125 33.125 34.21875 35.296875 36.21875 37.03125 37.46875 36.234375 34.296875 32.53125 30.953125 29.625 28.75 28.328125 27.75 26.8125 25.46875 24.265625 22.6875 21.03125 19.203125 17.453125 15.96875 15.75 15.875 14.8125 13.46875 12.53125 10.5 11.0625 12.40625 14.5 19.734375 20.625 23.4375 26.703125 29.40625 30.390625 42.125 44.140625 45.3125 46.265625 47.703125 50.75 51.171875 51.484375 51.4375 50.78125 49.875 51.46875 51 48.671875 47.28125 45.859375 44.78125 43.78125 43.25 38.5 37.421875 36.09375 32.546875 30.390625
24.78125 27.28125 30.46875 32.578125 33.984375 34.984375 35.859375 36.234375 37.09375 36.421875 34.71875 32.65625 31.296875 30.03125 29.453125 28.78125 28.5 27.8125 26.765625 25.5 24.28125 22.609375 20.75 18.8125 17.296875 15.84375 15.875 15.375 14.078125 11.109375 12.15625 11.046875 11.734375 12.265625 11.8125 11.828125 12.09375 16.25 29.40625 37.515625 36.859375 37.140625 41.6875 44.4375 46.109375 48.1875 50.234375 51 48.328125 49.578125 50.265625 50.984375 50.140625 49.46875 48.234375 46.96875 46.03125 44.9375 44.5625 40.953125 38 36.40625 34.859375 32.03125
24.625 26.859375 29.703125 32.03125 33.234375 34.046875 34.65625 34.625 34.890625 34.53125 33.71875 32.671875 31.890625 31.265625 29.890625 29.75 28.5625 27.921875 27.125 27.015625 25.28125 23.921875 21.953125 20.140625 18.21875 16.34375 14.640625 15.046875 14.546875 13.9375 11.765625 12.0625 11.125 10.59375 11.328125 12.046875 21.046875 30.4375 30.859375 23.4375 17.6875 21.40625 36.546875 41.25 42.75 47.453125 47.78125 48.203125 49.984375 49.078125 45.1875 44.703125 46.390625 48.4375 48.515625 48.53125 47.15625 47.171875 46.171875 43.765625 40.453125 38.921875 37.125 35.03125
23.4375 25.84375 27.625 28.703125 30.5 32.28125 33.125 32.828125 32.90625 32.09375 31.6875 32.21875 31.640625 30.96875 30.90625 30.40625 29.15625 27.53125 27.734375 27.84375 25.140625 25.265625 23.609375 20.96875 19.375 17.8125 15.9375 13.109375 13.015625 12.40625 12.984375 12.875 11.5 11.078125 11.171875 16.9375 28.328125 17.46875 14.390625 11.9375 11.53125 19.203125 31.21875 36.171875 40.515625 44.65625 47.21875 47.078125 49.25 49.5625 48.4375 49.484375 48.96875 48.109375 46.734375 43.90625 44.546875 45.625 46.109375 45.84375 43.890625 40.59375 38.953125 37.203125
21.59375 23.09375 24.328125 25.109375 25.9375 27.9375 30.125 30.84375 30.296875 29.015625 28.609375 29.546875 29.625 29.109375 29.34375 30.765625 31.4375 31.140625 31.4375 30.921875 28.46875 27.28125 23.671875 21.390625 19.71875 18.234375 16.90625 13.453125 14.671875 13.265625 11.03125 11.546875 11.484375 10.75 12.65625 22.078125 13.859375 11.46875 11.484375 14.515625 20.171875 29.21875 36.140625 40.40625 44.03125 46 45.296875 44.4375 49.171875 50.0625 50.515625 49.90625 49.890625 49.25 48.859375 46.015625 44.609375 44.109375 45.390625 45.5625 45.96875 40.84375 38.875 38.40625
19.75 20.171875 21.1875 22.234375 23.171875 24.703125 26.125 26.625 26.390625 25.703125 25.015625 25.09375 26.234375 27.0625 28.1875 31.109375 31.59375 31.5625 33.3125 30.171875 25.765625 27.53125 24.546875 21.671875 19.96875 18.28125 17.09375 13.640625 12.078125 12.015625 10.453125 10.140625 11.796875 10.625 15.625 10.84375 10.515625 11.5 15.046875 20.671875 29.15625 35.703125 39.625 42.765625 45.078125 44.859375 45.0625 46.453125 47.5625 46.21875 45.890625 45.828125 47.78125 48.296875 47.90625 47.375 47.28125 46.390625 46.328125 46.921875 46.578125 40.109375 39.25 38.3125
19.109375 19.46875 19.03125 20.203125 21.203125 22.171875 23.40625 24.21875 23.703125 23.3125 22.65625 22.8125 24.125 25.59375 27.71875 30.515625 29.5 30.46875 32.890625 30.890625 26.5625 25.71875 23.625 22.609375 20.484375 18.46875 16.453125 15.15625 13.21875 13.4375 13.328125 11.71875 11.921875 12.078125 13.34375 11.640625 10.984375 12.453125 10.953125 11.515625 20.28125 27.234375 37.21875 40.765625 43.375 41.125 44.59375 46.171875 47.578125 46.890625 46.515625 46.4375 46.265625 46.375 46.09375 45.78125 45.328125 46.546875 46.4375 47.078125 45.921875 40.921875 39.03125 37.0625
16.984375 17.15625 17.515625 18.421875 19.53125 20.484375 21.71875 21.734375 20.96875 20.09375 19.359375 19.71875 22.015625 25.828125 27.671875 29.3125 27.765625 28.453125 31.765625 32.78125 29.84375 27.359375 25.265625 23.921875 20.921875 18.65625 16.65625 15.59375 14.859375 13.359375 12.765625 12.859375 10.875 11.609375 10.78125 11.421875 11.84375 11.5 11.21875 11.984375 12.46875 18.265625 28.5 37.328125 38.59375 41 42.640625 45.09375 46.5 46.859375 47.09375 46.03125 44.125 43.71875 44.5 44.171875 45.234375 45.390625 45.71875 46.984375 43.921875 41 39.4375 37.234375
15.703125 15.71875 16.234375 16.765625 17.859375 18.46875 19.21875 19.046875 18.078125 16.796875 15.96875 16.3125 19.484375 25.296875 28.265625 28.640625 26.84375 26.671875 31.1875 32.796875 32.15625 30.140625 27.28125 23.09375 21 18.484375 16.3125 14.671875 13.1875 12.25 12.9375 12.6875 10.5 10.734375 11.28125 11.53125 11.15625 11.46875 11.421875 11.796875 13.484375 21.375 26.21875 27.46875 31.125 34.90625 40.53125 42.140625 43.265625 45.90625 46.125 46.28125 45.3125 43.015625 42.625 43.390625 44.75 45.40625 45.515625 45.015625 43.28125 40.96875 40.171875 38.75
14.703125 14.703125 15.109375 15.515625 16.359375 16.6875 16.625 16.140625 17.015625 15.71875 13.296875 13.71875 15.234375 20.328125 26.03125 27.609375 26.734375 27.546875 31.296875 32.140625 32.0625 30.03125 27.578125 24.375 21.609375 18.34375 16.203125 14.40625 12.75 12.953125 12.8125 12.71875 11.15625 11.484375 11.65625 12.375 11.96875 11.609375 11.203125 11.234375 12.09375 17.4375 15.953125 17.328125 28.171875 33.9375 38.296875 41.671875 45.65625 46.90625 47.25 46.75 45.953125 44.8125 43.6875 42.78125 44.546875 41.75 41.109375 41.625 41.875 39.984375 38.765625 37.734375
14.03125 13.96875 14.390625 14.265625 15.171875 15.1875 14.8125 14.84375 21.703125 17.578125 12.203125 12.015625 12.4375 15.65625 24.421875 26.703125 25.78125 26.609375 30.1875 31 30.171875 28.40625 25.984375 22.96875 20.671875 18.28125 16.34375 14.9375 14.171875 13.28125 11.34375 10.4375 11.96875 10.96875 11.265625 14.796875 14.625 11.453125 11.234375 11.65625 11.515625 11.84375 12.53125 19.171875 26.109375 34.75 41.8125 44.421875 46.3125 46.234375 46.296875 45.671875 45.390625 44.984375 43.953125 43.359375 43.125 41.234375 40.9375 40.453125 40.359375 40.109375 39.28125 38.15625
13.625 13.828125 13.921875 13.40625 13.640625 13.734375 13.734375 16.03125 20.875 18.53125 12.6875 10.578125 10.875 16.328125 25.328125 25.71875 24.796875 26.34375 27.90625 28.703125 27.84375 24.609375 23.046875 21.15625 19.65625 17.71875 16.234375 14.859375 13.546875 10.71875 10.578125 11.8125 11.125 10.5625 15 18.28125 14.015625 14.546875 14.6875 12.515625 11.671875 13.6875 16.359375 22.328125 34.375 38.46875 44.40625 46.078125 46.171875 46.375 46.453125 46.890625 46.125 45.171875 42.734375 42.78125 42.96875 41.90625 40.671875 40.421875 40.46875 39.8125 39.140625 38.1875
12.578125 12.46875 12.234375 12.203125 12.59375 12.75 13.921875 15.265625 19.390625 19.734375 17.375 10.25 10.5625 19.9375 24.8125 25.203125 25.171875 23.609375 25.59375 27 26.9375 25.34375 23.578125 22.265625 19 17.359375 15.296875 13.375 13.625 11.15625 10.1875 12.78125 16.734375 15.890625 20.59375 21.1875 28.390625 27.3125 27.5625 16.84375 13.046875 13.4375 18.265625 21.546875 27.234375 32.671875 34.578125 35.203125 35.234375 37.078125 42.15625 44.421875 45.234375 44.140625 42.921875 42.4375 42.15625 40.5 38.28125 38.53125 39.453125 39.125 38.046875 36.625
12.171875 11.609375 11.46875 11.125 11.21875 11.15625 11.078125 11.78125 15.796875 13.8125 14.015625 12.796875 13.390625 19.140625 24.125 24.75 19.796875 18.609375 21.9375 25.21875 24.578125 22.234375 22.859375 21.484375 19.65625 17.234375 15.15625 13.359375 13.46875 12.265625 10.78125 11.34375 16.828125 26.15625 32.53125 30.6875 33.234375 38.34375 33.203125 23.1875 16.390625 23.234375 30.875 30.953125 37.453125 41.21875 39.078125 28.859375 25.34375 25.953125 32.9375 41.234375 43.90625 44.609375 41.328125 42.453125 42.078125 40.609375 38.421875 35.78125 36.234375 37.453125 35.53125 31.8125
11.859375 10.84375 10.84375 10.3125 10.6875 11.796875 11.078125 11.125 11.421875 13.8125 15.84375 16.328125 21.0625 22.203125 23.59375 20.90625 14.609375 17.796875 20.375 24.265625 23.296875 21.640625 20.734375 20.09375 18.734375 16.984375 15.3125 14.203125 12.5 12.140625 11.421875 11.515625 11.734375 14.03125 28.125 36.828125 38.796875 41.75 36.828125 39.546875 33.640625 34.4375 42.640625 41.171875 43.1875 46.5 46.78125 46.875 44.5625 41.0625 38.1875 36.3125 41.328125 41.5625 39.328125 36.75 38.953125 34.59375 33.5 30.375 30.734375 34.1875 34.5625 31.015625
11.109375 10.109375 10.25 9.796875 10.015625 12.265625 12.875 11.140625 11.3125 11.671875 13.90625 18.5625 19.21875 22.734375 21.640625 18.890625 14.25 17.953125 23.1875 23.21875 22.078125 21.5 20.8125 19.78125 18.484375 17.0625 15.125 14.5625 12.984375 12.25 11.984375 12.765625 13.515625 12.609375 13.046875 20.90625 32.75 43.953125 46.578125 48.09375 46.09375 43.53125 46.703125 46.28125 45.671875 47.359375 48 48.171875 50.109375 49.34375 48.578125 45.796875 46.53125 44.625 39.75 39.171875 41.328125 35.296875 32.1875 27.84375 28.484375 31.3125 36.0625 36.5625
