Cases/SDM_Urocitellus_beldingi/westernUsClimate_hadley2080a2/BIO18.asc
NCOLS 315 
NROWS 297 
XLLCORNER -124.741664802 
YLLCORNER 29.2083311801598 
CELLSIZE 0.066666670143822 
NODATA_value -3.4e+38 
[rows 28 to 55 of 297, columns 186 to 247 of 315]
8281.25 8203.125 7785.9375 7818.75 7506.25 7307.8125 7396.875 8125 8921.875 9179.6875 9396.875 8757.8125 8212.5 8690.625 8970.3125 8823.4375 9237.5 10198.4375 10800 10857.8125 10410.9375 10529.6875 10681.25 11162.5 11976.5625 12278.125 12492.1875 12035.9375 11428.125 10940.625 10764.0625 10646.875 10496.875 10353.125 10456.25 10692.1875 10714.0625 10579.6875 10545.3125 10443.75 10520.3125 10728.125 11075 11190.625 11992.1875 12800 13290.625 12545.3125 15306.25 16120.3125 15942.1875 15623.4375 15364.0625 15181.25 14989.0625 14795.3125 14585.9375 14439.0625 14220.3125 13971.875 13964.0625 13948.4375
9043.75 8356.25 7856.25 7445.3125 7275 7520.3125 7907.8125 8160.9375 8996.875 9448.4375 9226.5625 8875 8617.1875 9192.1875 9129.6875 8640.625 9323.4375 10106.25 11075 11206.25 11206.25 12379.6875 11023.4375 11232.8125 11723.4375 12160.9375 12784.375 12351.5625 11714.0625 11468.75 11137.5 10804.6875 10495.3125 10445.3125 10543.75 10642.1875 10592.1875 10489.0625 10418.75 10514.0625 10706.25 11018.75 11354.6875 11453.125 11643.75 12179.6875 12585.9375 12842.1875 15107.8125 15601.5625 15937.5 15703.125 15500 15375 15143.75 14776.5625 14614.0625 14387.5 14226.5625 14173.4375 14034.375 13746.875
9282.8125 8418.75 8112.5 7556.25 7662.5 7395.3125 8237.5 8631.25 9318.75 9473.4375 8981.25 8964.0625 9329.6875 9882.8125 9300 8628.125 9375 9723.4375 10665.625 11000 11821.875 12331.25 11956.25 11484.375 12426.5625 13518.75 13520.3125 12850 12984.375 12478.125 11893.75 11421.875 10857.8125 10537.5 10423.4375 10478.125 10467.1875 10359.375 10393.75 10701.5625 11104.6875 11400 11932.8125 12337.5 12629.6875 12504.6875 12579.6875 12565.625 13720.3125 14081.25 15653.125 15968.75 15989.0625 15860.9375 15673.4375 15017.1875 14629.6875 14260.9375 13956.25 13921.875 13868.75 13678.125
8364.0625 8529.6875 7609.375 7562.5 8476.5625 7992.1875 7596.875 8870.3125 9773.4375 10329.6875 10426.5625 10273.4375 10400 9740.625 9196.875 9165.625 9196.875 10303.125 10615.625 11037.5 11826.5625 12398.4375 12767.1875 12479.6875 12215.625 13067.1875 13650 13492.1875 12846.875 12412.5 11350 11131.25 11109.375 10859.375 10664.0625 10739.0625 10710.9375 10567.1875 10464.0625 10795.3125 11404.6875 12198.4375 12717.1875 13093.75 13375 13095.3125 13221.875 13018.75 13209.375 12882.8125 12896.875 14721.875 16123.4375 15842.1875 15789.0625 15253.125 14368.75 14010.9375 13914.0625 13831.25 13675 13585.9375
7484.375 7618.75 7854.6875 8035.9375 7598.4375 7332.8125 7775 8651.5625 8987.5 9775 10117.1875 10326.5625 10120.3125 9400 9060.9375 9115.625 9350 8756.25 9375 9906.25 10487.5 11251.5625 12020.3125 12710.9375 12889.0625 13310.9375 12646.875 12425 12278.125 11760.9375 11173.4375 10971.875 11692.1875 11370.3125 11075 10901.5625 10728.125 10537.5 10523.4375 11137.5 12421.875 13353.125 13532.8125 13956.25 14284.375 13935.9375 13757.8125 13431.25 13354.6875 12940.625 14339.0625 15709.375 15962.5 15879.6875 15270.3125 14956.25 14554.6875 14175 14064.0625 13985.9375 13732.8125 13878.125
8195.3125 7450 7282.8125 7703.125 7412.5 7457.8125 7335.9375 7651.5625 8103.125 9171.875 9437.5 10046.875 10685.9375 10035.9375 9665.625 9520.3125 9107.8125 8350 8981.25 9784.375 10342.1875 10484.375 10910.9375 11507.8125 12260.9375 13279.6875 13407.8125 12784.375 12425 12401.5625 11714.0625 12612.5 12667.1875 12289.0625 12267.1875 11675 10962.5 10682.8125 10604.6875 11060.9375 12329.6875 14057.8125 14909.375 15517.1875 15500 15612.5 14629.6875 13642.1875 13375 12832.8125 13689.0625 14840.625 15600 15403.125 15054.6875 14889.0625 14559.375 14339.0625 14235.9375 14153.125 13882.8125 13637.5
9029.6875 8235.9375 7273.4375 7128.125 6701.5625 6767.1875 6904.6875 7071.875 7617.1875 8300 9275 9631.25 9420.3125 10248.4375 9595.3125 9209.375 8490.625 8400 8629.6875 9257.8125 10190.625 10523.4375 10534.375 11314.0625 11264.0625 11620.3125 12225 12709.375 12315.625 12339.0625 12918.75 14085.9375 13873.4375 13415.625 12685.9375 12159.375 11910.9375 11287.5 10775 11015.625 11642.1875 12354.6875 13126.5625 13510.9375 13831.25 14528.125 14818.75 13329.6875 12612.5 14204.6875 15667.1875 15250 15051.5625 14978.125 14985.9375 14668.75 14504.6875 14278.125 13957.8125 13881.25 13879.6875 13635.9375
8379.6875 7937.5 7481.25 6876.5625 6601.5625 6595.3125 6765.625 6965.625 7175 7401.5625 7698.4375 8176.5625 9264.0625 9853.125 10065.625 9732.8125 8962.5 8518.75 8398.4375 8671.875 9248.4375 9864.0625 10054.6875 9951.5625 10068.75 10425 10629.6875 11137.5 11523.4375 12159.375 12310.9375 12643.75 12326.5625 11728.125 11435.9375 11200 11050 10851.5625 10726.5625 10646.875 10975 11378.125 11900 12270.3125 12448.4375 13265.625 13906.25 14395.3125 15050 15496.875 14968.75 14753.125 14535.9375 14304.6875 14323.4375 14315.625 13906.25 13756.25 13701.5625 13607.8125 13471.875 13421.875
8756.25 7706.25 7265.625 7482.8125 7392.1875 7031.25 6918.75 7120.3125 7240.625 7884.375 7314.0625 7393.75 7945.3125 8882.8125 11206.25 11926.5625 10035.9375 9129.6875 8839.0625 8520.3125 8639.0625 9267.1875 9175 9995.3125 10609.375 10753.125 10131.25 10071.875 10445.3125 10365.625 10360.9375 10617.1875 10689.0625 10726.5625 10851.5625 10579.6875 10471.875 10426.5625 10473.4375 11079.6875 12062.5 12575 13378.125 14696.875 14765.625 15398.4375 15232.8125 15039.0625 14773.4375 14589.0625 14596.875 14259.375 13976.5625 13890.625 13765.625 13889.0625 13846.875 13646.875 13553.125 13504.6875 13439.0625 13470.3125
8854.6875 8423.4375 8567.1875 8287.5 8084.375 7301.5625 7756.25 8273.4375 8503.125 7689.0625 7451.5625 7318.75 7464.0625 8134.375 10000 10892.1875 11435.9375 10310.9375 9343.75 8715.625 8564.0625 8739.0625 9929.6875 12214.0625 12164.0625 11790.625 10989.0625 10996.875 10357.8125 9582.8125 9618.75 9793.75 9940.625 10007.8125 10132.8125 9934.375 9992.1875 9945.3125 10342.1875 12768.75 14148.4375 14128.125 14195.3125 14148.4375 14179.6875 14256.25 14207.8125 14128.125 14231.25 13965.625 13928.125 13884.375 13646.875 13493.75 13501.5625 13503.125 13295.3125 13176.5625 13179.6875 13118.75 12981.25 13051.5625
9503.125 9815.625 9220.3125 8154.6875 7765.625 7421.875 8523.4375 9704.6875 10490.625 8985.9375 7762.5 7223.4375 7223.4375 7539.0625 8354.6875 9457.8125 12442.1875 12575 11278.125 9546.875 8960.9375 8835.9375 10268.75 12592.1875 12075 10776.5625 10089.0625 9870.3125 10154.6875 9857.8125 9651.5625 9565.625 9498.4375 9454.6875 9518.75 9582.8125 9567.1875 10148.4375 11589.0625 12757.8125 13965.625 13892.1875 13657.8125 13448.4375 13500 13617.1875 13500 13546.875 13607.8125 13612.5 13364.0625 13337.5 13265.625 13092.1875 13070.3125 12968.75 12850 12887.5 12901.5625 12995.3125 13245.3125 13148.4375
9753.125 10193.75 9795.3125 8292.1875 7770.3125 8303.125 10062.5 10656.25 10971.875 10884.375 8503.125 7196.875 7076.5625 7425 7925 8670.3125 9856.25 10473.4375 10343.75 10309.375 9570.3125 9428.125 9401.5625 10096.875 10392.1875 10131.25 10601.5625 10468.75 10107.8125 10345.3125 10423.4375 10042.1875 10418.75 10126.5625 9867.1875 10156.25 10035.9375 9987.5 12064.0625 13328.125 13457.8125 13151.5625 13342.1875 13262.5 13043.75 12939.0625 12907.8125 13140.625 13170.3125 12964.0625 12996.875 12946.875 12923.4375 12837.5 12696.875 12612.5 13014.0625 13162.5 13403.125 13420.3125 13639.0625 13403.125
9067.1875 9121.875 9281.25 8081.25 8446.875 10268.75 11343.75 11051.5625 9520.3125 9271.875 8754.6875 7821.875 7165.625 7506.25 7834.375 8431.25 9195.3125 9764.0625 11104.6875 9989.0625 9596.875 9893.75 9804.6875 9539.0625 9884.375 10793.75 11693.75 13192.1875 11664.0625 11487.5 12101.5625 11659.375 10726.5625 10318.75 10143.75 10332.8125 9946.875 9932.8125 10107.8125 12165.625 13373.4375 13004.6875 12768.75 12857.8125 12710.9375 12623.4375 12584.375 12628.125 12543.75 12546.875 12426.5625 12495.3125 12570.3125 12542.1875 12582.8125 12779.6875 13078.125 13304.6875 13501.5625 14020.3125 13710.9375 13912.5
8734.375 8823.4375 8100 7323.4375 8295.3125 9064.0625 9745.3125 10134.375 10095.3125 8695.3125 7939.0625 7820.3125 7282.8125 7373.4375 7885.9375 8903.125 10221.875 10387.5 10331.25 9793.75 9518.75 9978.125 9751.5625 9912.5 10050 10900 11720.3125 12792.1875 13192.1875 13878.125 14667.1875 12570.3125 11279.6875 10964.0625 10715.625 10475 10121.875 10084.375 10771.875 12934.375 13032.8125 12887.5 12892.1875 12796.875 12731.25 12643.75 12618.75 12632.8125 12528.125 12451.5625 12362.5 12343.75 12401.5625 12604.6875 12664.0625 13025 13273.4375 13400 13260.9375 13895.3125 13840.625 13393.75
9903.125 9542.1875 8764.0625 8018.75 8003.125 7504.6875 7903.125 8825 9092.1875 8246.875 7485.9375 7235.9375 7157.8125 7296.875 8134.375 8645.3125 10600 10453.125 10117.1875 9867.1875 10739.0625 11217.1875 11021.875 10717.1875 10276.5625 11256.25 11203.125 11607.8125 12503.125 13162.5 14078.125 12609.375 11645.3125 11409.375 10929.6875 10525 10487.5 10579.6875 10342.1875 11954.6875 12465.625 12785.9375 13015.625 12915.625 13031.25 12640.625 12507.8125 12850 12837.5 12537.5 12395.3125 12356.25 12526.5625 12917.1875 12812.5 12984.375 13056.25 12803.125 12610.9375 12951.5625 12942.1875 12956.25
9981.25 9968.75 8464.0625 8162.5 9775 7545.3125 7114.0625 7753.125 8171.875 7767.1875 7379.6875 7270.3125 7340.625 7553.125 7598.4375 8451.5625 9504.6875 8632.8125 8720.3125 9473.4375 11260.9375 11014.0625 12060.9375 10782.8125 10107.8125 10387.5 10446.875 11278.125 13773.4375 15114.0625 15090.625 13729.6875 12909.375 11432.8125 10610.9375 10303.125 10267.1875 10493.75 10531.25 10710.9375 10676.5625 11540.625 12145.3125 12725 12734.375 12753.125 12953.125 13117.1875 12978.125 12673.4375 12654.6875 12478.125 12290.625 12515.625 12771.875 12687.5 12712.5 12373.4375 12267.1875 12339.0625 12512.5 12376.5625
9946.875 9428.125 8526.5625 7146.875 9767.1875 8676.5625 7129.6875 7692.1875 8051.5625 7590.625 7437.5 7540.625 8221.875 7721.875 7660.9375 9260.9375 10545.3125 9139.0625 10651.5625 11407.8125 11431.25 12221.875 11273.4375 10443.75 9921.875 10017.1875 10482.8125 11450 13584.375 15193.75 16146.875 15148.4375 12678.125 11220.3125 10653.125 10084.375 9815.625 9795.3125 10001.5625 10610.9375 10968.75 10600 11642.1875 13056.25 12737.5 12557.8125 12309.375 12467.1875 12650 12659.375 12526.5625 12264.0625 12048.4375 12268.75 12437.5 12245.3125 11900 11871.875 12029.6875 12010.9375 12260.9375 12207.8125
8446.875 8317.1875 7578.125 6889.0625 9375 8192.1875 6806.25 7631.25 8156.25 7671.875 7379.6875 7720.3125 7967.1875 7614.0625 8278.125 9645.3125 9393.75 8637.5 9506.25 12160.9375 12301.5625 11585.9375 10809.375 10720.3125 10306.25 9757.8125 10375 11198.4375 12473.4375 14170.3125 15442.1875 14704.6875 12103.125 10773.4375 10200 9515.625 9442.1875 9812.5 10545.3125 10759.375 10609.375 10865.625 11054.6875 11870.3125 12453.125 12342.1875 12221.875 12104.6875 12192.1875 12410.9375 12401.5625 12190.625 11901.5625 11925 12075 12226.5625 11943.75 11718.75 11604.6875 11712.5 11801.5625 11790.625
7637.5 6729.6875 6568.75 6400 7601.5625 6964.0625 7135.9375 8084.375 7615.625 7503.125 7501.5625 7153.125 7260.9375 7543.75 7960.9375 8123.4375 8389.0625 8239.0625 9135.9375 11614.0625 13650 12404.6875 12301.5625 12003.125 10510.9375 9721.875 10037.5 10565.625 11450 12229.6875 12789.0625 12254.6875 11012.5 10390.625 9810.9375 9242.1875 10118.75 9815.625 11173.4375 10664.0625 10417.1875 10795.3125 11081.25 10592.1875 11156.25 12168.75 12037.5 11895.3125 11917.1875 11929.6875 12035.9375 12217.1875 12156.25 12101.5625 11976.5625 11748.4375 11523.4375 11562.5 11518.75 11521.875 11490.625 11709.375
7367.1875 6543.75 6254.6875 6070.3125 6257.8125 6457.8125 7195.3125 7946.875 7912.5 7342.1875 7057.8125 7267.1875 7415.625 7785.9375 7814.0625 7642.1875 7700 7804.6875 8146.875 9039.0625 12115.625 12743.75 12492.1875 11934.375 11215.625 10014.0625 9406.25 9750 10345.3125 10898.4375 10376.5625 10009.375 9975 9475 9435.9375 10445.3125 11445.3125 11756.25 11740.625 10592.1875 10584.375 10612.5 10567.1875 10792.1875 10725 10762.5 11598.4375 12075 11965.625 11889.0625 11779.6875 11901.5625 12035.9375 12084.375 11684.375 11570.3125 11445.3125 11209.375 11196.875 11529.6875 11657.8125 12031.25
7425 6610.9375 6157.8125 7329.6875 8535.9375 8176.5625 7665.625 7668.75 7326.5625 7471.875 7429.6875 7975 7521.875 8265.625 8218.75 7951.5625 8004.6875 8035.9375 8156.25 9092.1875 12575 12412.5 12790.625 13370.3125 12253.125 10750 9685.9375 8939.0625 9425 10642.1875 9925 8896.875 8731.25 8723.4375 9250 9628.125 9882.8125 11318.75 11551.5625 10640.625 10504.6875 11220.3125 11340.625 11404.6875 11556.25 11200 11693.75 12056.25 11918.75 11814.0625 11618.75 11587.5 11296.875 11292.1875 11037.5 10968.75 10982.8125 10931.25 11303.125 11873.4375 11596.875 12001.5625
7040.625 6212.5 6421.875 8754.6875 10229.6875 9423.4375 8739.0625 7862.5 7820.3125 8042.1875 8185.9375 8453.125 7728.125 8703.125 8540.625 8510.9375 8425 8401.5625 8584.375 8856.25 10723.4375 10962.5 12121.875 12778.125 11982.8125 10951.5625 9715.625 8903.125 8840.625 8821.875 8995.3125 9140.625 9610.9375 10185.9375 9929.6875 9926.5625 9767.1875 9873.4375 10340.625 10485.9375 11120.3125 11304.6875 11406.25 11318.75 11207.8125 11623.4375 11734.375 11728.125 11582.8125 11229.6875 11037.5 11356.25 11093.75 10835.9375 10643.75 10592.1875 10828.125 11100 11475 11664.0625 11509.375 11989.0625
6498.4375 6896.875 8709.375 11015.625 10884.375 10939.0625 9575 8671.875 8200 8476.5625 8651.5625 8620.3125 8229.6875 8685.9375 8878.125 9395.3125 9271.875 9004.6875 9362.5 9564.0625 10012.5 11353.125 11567.1875 11832.8125 10910.9375 10181.25 9114.0625 9864.0625 10656.25 10560.9375 11512.5 11309.375 11026.5625 10246.875 11089.0625 11240.625 11034.375 10967.1875 10256.25 10217.1875 10265.625 10482.8125 11453.125 11310.9375 11309.375 10968.75 10775 10915.625 11193.75 10910.9375 10523.4375 10446.875 10232.8125 10229.6875 10432.8125 10964.0625 11410.9375 11518.75 11550 11525 11870.3125 11707.8125
6392.1875 7481.25 10253.125 11478.125 11901.5625 11442.1875 10385.9375 9818.75 8801.5625 8368.75 8801.5625 8896.875 8934.375 9884.375 10332.8125 10326.5625 9506.25 9687.5 10545.3125 11371.875 12210.9375 12543.75 12348.4375 12207.8125 12231.25 11212.5 9837.5 11740.625 14182.8125 13270.3125 11937.5 11737.5 11006.25 11210.9375 13021.875 13375 12728.125 12209.375 11420.3125 10993.75 10542.1875 10487.5 11200 11362.5 11395.3125 11104.6875 11170.3125 10600 10484.375 10590.625 10564.0625 10420.3125 10150 10479.6875 11100 11618.75 11868.75 11742.1875 11318.75 11460.9375 12001.5625 11734.375
6395.3125 7007.8125 8339.0625 9973.4375 11206.25 11865.625 11135.9375 9725 8914.0625 8990.625 9553.125 10776.5625 10796.875 10362.5 10629.6875 10832.8125 10621.875 11720.3125 12325 12468.75 12612.5 13404.6875 13548.4375 12604.6875 10851.5625 9607.8125 9345.3125 12768.75 15139.0625 13984.375 13798.4375 12879.6875 13956.25 13914.0625 14717.1875 14709.375 13170.3125 12789.0625 11545.3125 10809.375 10417.1875 10565.625 11401.5625 11454.6875 11418.75 11354.6875 11454.6875 11567.1875 11184.375 10696.875 10596.875 10143.75 9953.125 10409.375 10982.8125 11598.4375 11687.5 11315.625 11184.375 11350 11887.5 11796.875
6631.25 6682.8125 7273.4375 8689.0625 9821.875 10987.5 11285.9375 9910.9375 8435.9375 8176.5625 8937.5 11603.125 12098.4375 11682.8125 11376.5625 12101.5625 11067.1875 12001.5625 12657.8125 13415.625 13648.4375 13826.5625 13245.3125 11932.8125 9621.875 9096.875 10796.875 14606.25 15395.3125 14409.375 16157.8125 15001.5625 13843.75 16050 16150 14398.4375 12229.6875 11115.625 10639.0625 11606.25 11270.3125 10670.3125 10579.6875 11160.9375 11118.75 11110.9375 11203.125 10995.3125 10635.9375 10368.75 10107.8125 9739.0625 9792.1875 10093.75 11026.5625 11378.125 11196.875 11090.625 11232.8125 11378.125 11412.5 11645.3125
7356.25 8528.125 7331.25 7454.6875 8568.75 9423.4375 9714.0625 9495.3125 8596.875 8025 8606.25 10389.0625 11793.75 12509.375 13323.4375 12893.75 12584.375 11557.8125 12318.75 13221.875 14017.1875 13179.6875 12187.5 10353.125 9262.5 9540.625 12492.1875 14867.1875 15179.6875 15595.3125 15843.75 14554.6875 14421.875 15862.5 15710.9375 15410.9375 13651.5625 14200 14167.1875 12496.875 11543.75 11025 10756.25 10875 10912.5 11098.4375 11189.0625 11023.4375 10754.6875 10389.0625 9957.8125 9318.75 9715.625 10339.0625 11100 11353.125 10929.6875 11425 12210.9375 11654.6875 11673.4375 11400
8278.125 10015.625 8785.9375 7395.3125 8062.5 8696.875 9640.625 9300 8267.1875 8253.125 8890.625 10632.8125 11465.625 11954.6875 12370.3125 12862.5 12284.375 11759.375 13235.9375 13479.6875 12340.625 11450 9756.25 9276.5625 11264.0625 13454.6875 12150 12626.5625 13928.125 15398.4375 14951.5625 14017.1875 16106.25 16525 16789.0625 15768.75 14826.5625 17250 17467.1875 16242.1875 13348.4375 11906.25 11250 10640.625 10725 10732.8125 10992.1875 11215.625 10954.6875 10100 9187.5 8957.8125 9517.1875 10193.75 11673.4375 12384.375 11876.5625 12889.0625 13650 12400 12484.375 12212.5
