Cases/SDM_Urocitellus_beldingi/westernUsClimate_hadley2080a2/BIO10.asc
NCOLS 315 
NROWS 297 
XLLCORNER -124.741664802 
YLLCORNER 29.2083311801598 
CELLSIZE 0.066666670143822 
NODATA_value -3.4e+38 
[rows 0 to 25 of 297, columns 0 to 59 of 315]
-3.4e+38 -3.4e+38 -3.4e+38 -3.4e+38 -3.4e+38 -3.4e+38 -3.4e+38 -3.4e+38 -3.4e+38 -3.4e+38 -3.4e+38 -3.4e+38 -3.4e+38 -3.4e+38 -3.4e+38 -3.4e+38 -3.4e+38 -3.4e+38 -3.4e+38 -3.4e+38 -3.4e+38 -3.4e+38 -3.4e+38 -3.4e+38 1966.66666666667 1961.11111111111 -3.4e+38 -3.4e+38 1952.5 1950.96774193548 1962.72727272727 1972.5 1991.78571428571 2012.32142857143 2026.07142857143 2033.03571428571 2042.85714285714 2039.46428571429 2000.71428571429 1966.07142857143 1800.35714285714 1679.64285714286 1662.32142857143 1608.92857142857 1633.39285714286 1584.10714285714 1544.82142857143 1691.07142857143 1538.21428571429 1644.46428571429 1755.53571428571 1533.92857142857 1388.21428571429 1642.14285714286 1965.71428571429 1908.39285714286 1764.46428571429 1578.03571428571 1571.07142857143 1566.96428571429
-3.4e+38 -3.4e+38 -3.4e+38 -3.4e+38 -3.4e+38 -3.4e+38 -3.4e+38 -3.4e+38 -3.4e+38 -3.4e+38 -3.4e+38 -3.4e+38 -3.4e+38 -3.4e+38 -3.4e+38 -3.4e+38 -3.4e+38 -3.4e+38 -3.4e+38 -3.4e+38 -3.4e+38 -3.4e+38 -3.4e+38 -3.4e+38 -3.4e+38 -3.4e+38 -3.4e+38 -3.4e+38 -3.4e+38 1953.33333333333 1958.90625 1973.90625 1998.125 2014.0625 2026.40625 2029.53125 2035.15625 1874.6875 1897.96875 1976.09375 1877.96875 1892.5 1821.71875 1709.0625 1711.5625 1710.15625 1700 1560.3125 1634.6875 1692.03125 1609.375 1581.5625 1694.53125 1778.28125 1850.46875 2012.5 1879.21875 1737.03125 1722.8125 1563.90625
-3.4e+38 -3.4e+38 -3.4e+38 -3.4e+38 -3.4e+38 -3.4e+38 -3.4e+38 -3.4e+38 -3.4e+38 -3.4e+38 -3.4e+38 -3.4e+38 -3.4e+38 -3.4e+38 -3.4e+38 -3.4e+38 -3.4e+38 -3.4e+38 -3.4e+38 -3.4e+38 -3.4e+38 -3.4e+38 -3.4e+38 -3.4e+38 -3.4e+38 -3.4e+38 -3.4e+38 -3.4e+38 -3.4e+38 1950 1949.52380952381 1969.0625 2000.3125 2008.90625 2005.9375 2015.46875 2010.9375 1951.40625 1968.59375 1884.375 1662.34375 1686.09375 1713.125 1463.90625 1581.5625 1597.65625 1610.46875 1538.59375 1613.4375 1706.40625 1583.75 1524.84375 1740 1707.5 1651.875 2042.8125 1775.15625 1666.71875 1638.125 1584.375
-3.4e+38 -3.4e+38 -3.4e+38 -3.4e+38 -3.4e+38 -3.4e+38 -3.4e+38 -3.4e+38 -3.4e+38 -3.4e+38 -3.4e+38 -3.4e+38 -3.4e+38 -3.4e+38 -3.4e+38 -3.4e+38 -3.4e+38 -3.4e+38 -3.4e+38 -3.4e+38 -3.4e+38 -3.4e+38 -3.4e+38 -3.4e+38 -3.4e+38 -3.4e+38 1950 1940 1930 -3.4e+38 1965.71428571429 1976.8085106383 1999.35483870968 2008.08510638298 2001.71875 1970.46875 1884.0625 1883.59375 1965.15625 1929.375 1807.34375 1749.21875 1566.25 1223.59375 1432.65625 1782.03125 1860.625 1850.9375 1793.90625 1723.59375 1660.15625 1605.9375 1686.5625 1788.28125 1860.15625 2111.40625 1633.4375 1711.09375 1616.5625 1746.71875
-3.4e+38 -3.4e+38 -3.4e+38 -3.4e+38 -3.4e+38 -3.4e+38 -3.4e+38 -3.4e+38 -3.4e+38 -3.4e+38 -3.4e+38 -3.4e+38 -3.4e+38 -3.4e+38 -3.4e+38 -3.4e+38 -3.4e+38 -3.4e+38 -3.4e+38 -3.4e+38 -3.4e+38 -3.4e+38 1908 1924 -3.4e+38 1923.33333333333 1911.25 1917.5 1835.6 1900 1951.17647058824 1950 -3.4e+38 1990 1940.78125 1907.34375 1960 1859.0625 2008.59375 1900.78125 1732.34375 1588.125 1734.21875 1602.1875 1752.03125 1979.53125 1996.09375 1843.90625 1588.28125 1752.5 1681.25 1903.28125 1844.21875 1890.15625 2027.65625 1854.53125 1892.8125 1817.03125 1752.8125 1657.03125
-3.4e+38 -3.4e+38 -3.4e+38 -3.4e+38 -3.4e+38 -3.4e+38 -3.4e+38 -3.4e+38 -3.4e+38 -3.4e+38 -3.4e+38 -3.4e+38 -3.4e+38 -3.4e+38 -3.4e+38 -3.4e+38 -3.4e+38 -3.4e+38 -3.4e+38 -3.4e+38 -3.4e+38 -3.4e+38 1900 1916.66666666667 1910 1905 1892.60869565217 1885.57692307692 1853.2 1880.66666666667 1957.5 1912.94117647059 1975 1967.77777777778 1907.27272727273 1950.46875 1961.5625 1907.34375 1869.21875 1943.125 1737.5 1734.0625 1767.03125 1730.78125 1851.25 2079.21875 1829.6875 1689.6875 1645.15625 1921.875 1872.8125 1992.5 1920.78125 1631.5625 1720.15625 1940.9375 1683.75 1611.40625 1776.25 1586.71875
-3.4e+38 -3.4e+38 -3.4e+38 -3.4e+38 -3.4e+38 -3.4e+38 -3.4e+38 -3.4e+38 -3.4e+38 -3.4e+38 -3.4e+38 -3.4e+38 -3.4e+38 -3.4e+38 -3.4e+38 -3.4e+38 -3.4e+38 -3.4e+38 -3.4e+38 -3.4e+38 -3.4e+38 -3.4e+38 -3.4e+38 1905.18518518519 1884.66666666667 1902.1875 1905.48387096774 1900.28571428571 1895.33333333333 1885 1900.48780487805 1968.26086956522 1988 2013.57142857143 2025.89743589744 2007.1875 2023.90625 2023.28125 1836.25 1835.625 1979.375 1945.46875 1945.3125 1898.90625 2021.875 2030.46875 1780.78125 1746.875 1768.4375 2040.78125 2004.6875 1694.53125 1769.375 1622.03125 1471.875 1855.3125 1606.5625 1604.53125 1583.90625 1711.5625
-3.4e+38 -3.4e+38 -3.4e+38 -3.4e+38 -3.4e+38 -3.4e+38 -3.4e+38 -3.4e+38 -3.4e+38 -3.4e+38 -3.4e+38 -3.4e+38 -3.4e+38 -3.4e+38 -3.4e+38 -3.4e+38 -3.4e+38 -3.4e+38 -3.4e+38 -3.4e+38 -3.4e+38 -3.4e+38 -3.4e+38 1875 1885.95744680851 1904.21052631579 1912.5 1898.54545454545 1904.44444444444 1907.77777777778 1935 1953.18181818182 1985.90909090909 2013.33333333333 2015.39682539683 2038.90625 2054.21875 2059.0625 2074.21875 2086.40625 2090 1975.625 1992.8125 2060.3125 2072.8125 2125 2036.71875 1932.65625 2107.03125 2118.125 2011.40625 1886.71875 1963.4375 1670.625 1646.5625 1515.78125 1479.84375 1572.5 1649.0625 1601.71875
-3.4e+38 -3.4e+38 -3.4e+38 -3.4e+38 -3.4e+38 -3.4e+38 -3.4e+38 -3.4e+38 -3.4e+38 -3.4e+38 -3.4e+38 -3.4e+38 -3.4e+38 -3.4e+38 -3.4e+38 -3.4e+38 -3.4e+38 -3.4e+38 -3.4e+38 -3.4e+38 -3.4e+38 -3.4e+38 -3.4e+38 -3.4e+38 -3.4e+38 1902.5 1911.25 1907.5 1908.23529411765 1920 1943.33333333333 1927.8 1964.63414634146 1993.33333333333 2021.26984126984 2039.0625 2046.09375 2062.65625 1931.5625 1767.96875 1835 1800.15625 1742.8125 1737.96875 1802.65625 1895.78125 1995.15625 2157.96875 1952.5 1848.4375 1749.21875 1612.34375 1840.9375 1901.71875 1763.4375 1603.90625 1789.6875 1859.0625 1873.125 1766.40625
1584.61538461538 1623.57142857143 1656.92307692308 1692.5 -3.4e+38 -3.4e+38 -3.4e+38 -3.4e+38 -3.4e+38 -3.4e+38 -3.4e+38 -3.4e+38 -3.4e+38 -3.4e+38 -3.4e+38 -3.4e+38 -3.4e+38 -3.4e+38 -3.4e+38 -3.4e+38 -3.4e+38 -3.4e+38 -3.4e+38 -3.4e+38 -3.4e+38 -3.4e+38 -3.4e+38 -3.4e+38 -3.4e+38 -3.4e+38 1920 1936.18181818182 1953 1990.32258064516 2023.27868852459 2045.46875 2028.4375 2004.6875 2000.46875 1841.09375 1860.46875 1904.375 1859.375 1848.28125 1791.40625 1753.90625 1925.3125 2106.875 2028.28125 1881.25 1745.3125 1635.9375 1630.625 1690.625 1674.53125 1536.71875 1728.75 1755.9375 1999.0625 1948.90625
1615 1619.44444444444 1619.0625 1670.48387096774 1715.26315789474 1766.66666666667 -3.4e+38 -3.4e+38 -3.4e+38 -3.4e+38 -3.4e+38 -3.4e+38 -3.4e+38 -3.4e+38 -3.4e+38 -3.4e+38 -3.4e+38 -3.4e+38 -3.4e+38 -3.4e+38 -3.4e+38 -3.4e+38 -3.4e+38 -3.4e+38 -3.4e+38 -3.4e+38 -3.4e+38 -3.4e+38 -3.4e+38 -3.4e+38 1928.97435897436 1944.54545454545 1951.06382978723 1971.42857142857 2037.5 2051.875 2038.4375 2005.15625 2034.53125 1959.84375 1974.21875 2012.8125 1973.59375 1946.5625 1893.125 1950.625 2019.84375 2085.78125 2128.4375 2061.25 1835 1794.0625 1695.78125 1767.65625 1705.9375 1555.3125 1687.65625 1853.90625 1612.96875 1702.1875
1620 1638.59375 1655.78125 1647.65625 1699.21875 1747.65625 1765.25423728814 1804.2 1804.24242424242 1836 -3.4e+38 -3.4e+38 -3.4e+38 -3.4e+38 -3.4e+38 -3.4e+38 -3.4e+38 -3.4e+38 -3.4e+38 -3.4e+38 -3.4e+38 -3.4e+38 -3.4e+38 -3.4e+38 -3.4e+38 -3.4e+38 -3.4e+38 -3.4e+38 -3.4e+38 1942 1945.2 1961.2 -3.4e+38 1986.82926829268 2029.52380952381 2061.27659574468 2063.4375 2060 2083.59375 2089.53125 2078.59375 2068.125 1974.84375 1951.25 1935.78125 1913.90625 2069.375 2097.8125 1952.5 1759.53125 1929.21875 1919.0625 1873.4375 1907.96875 1720.78125 1647.1875 1564.84375 1603.90625 1599.21875 1570.9375
1634.86486486486 1641.09375 1673.28125 1687.03125 1723.90625 1723.28125 1708.90625 1782.96875 1817.1875 1827.1186440678 1835.40540540541 1825.76923076923 1832.17391304348 1841.17647058824 1839.47368421053 1837.39130434783 1838.18181818182 1870 1870 -3.4e+38 -3.4e+38 -3.4e+38 -3.4e+38 1936.25 1945.71428571429 -3.4e+38 -3.4e+38 -3.4e+38 -3.4e+38 1990 1966.84210526316 1982.32558139535 1994.58333333333 2005.6 2042.5 2059.5 2049.53125 2083.28125 2110.3125 2101.71875 2103.59375 1991.40625 1935.3125 1877.34375 1845 1721.09375 1800.78125 1891.40625 1973.4375 2013.75 1852.34375 1812.34375 1751.5625 1676.71875 1665.15625 1824.84375 1641.40625 1546.875 1572.34375 1675.15625
1653.5 1680.15625 1696.40625 1721.71875 1703.125 1740.46875 1732.96875 1759.53125 1743.90625 1715.78125 1726.40625 1723.75 1726.71875 1765.9375 1793.28125 1810.46875 1834.6875 1853.4375 1844.91525423729 1863.46153846154 1877.07317073171 1889.76744186047 1910.90909090909 1934.21875 1951.14754098361 1970.90909090909 1958.09523809524 1973.07692307692 1973.81818181818 1985.58823529412 2009.28571428571 -3.4e+38 2017 2041.36363636364 2051.42857142857 2062.63157894737 2060.70175438596 2069.0625 2122.65625 2098.28125 2109.6875 2093.125 2079.6875 2017.8125 1940.78125 1898.75 1838.59375 1824.6875 1791.5625 1876.71875 1920.625 1792.65625 1676.5625 1674.375 1325.46875 1637.1875 1567.8125 1645.3125 1741.875 1549.21875
1663.75 1682.65625 1701.5625 1733.28125 1752.03125 1769.0625 1776.40625 1786.09375 1795.3125 1764.0625 1678.28125 1707.5 1679.21875 1627.65625 1618.59375 1550.15625 1647.1875 1799.375 1696.40625 1660.625 1796.40625 1846.40625 1858.90625 1878.4375 1881.25 1930 1959.01639344262 1948.03921568627 1995.83333333333 2009.79591836735 2027.07317073171 2045 2041.56862745098 2057.60869565217 2070 2082.72727272727 2117.77777777778 2107.14285714286 2143.80952380952 2120 2131.40625 2115.46875 2098.28125 1995.78125 1869.6875 1898.4375 1924.0625 1870.15625 1829.21875 1825 1766.25 1815.78125 1742.34375 1650.625 1548.75 1664.53125 1650.9375 1641.40625 1920.3125 1742.65625
-3.4e+38 1681.83333333333 1723.90625 1751.875 1775.3125 1793.59375 1757.34375 1764.21875 1723.75 1661.875 1613.90625 1575.78125 1610.9375 1574.84375 1447.96875 1436.71875 1621.25 1722.8125 1502.34375 1431.5625 1595.625 1633.4375 1602.65625 1756.875 1829.375 1801.09375 1872.03125 1967.34375 1996.06557377049 2028.75 2041.08695652174 -3.4e+38 2095 2082.8 2096.08695652174 2091.66666666667 2138.57142857143 2124.13793103448 2160 2146.25 2149.21875 2134.21875 2115 2063.28125 2037.65625 1987.8125 1937.65625 1908.59375 1826.09375 1770.3125 1662.65625 1748.75 1748.28125 1667.1875 1712.5 1704.0625 1836.5625 1816.71875 1790.46875 1983.90625
-3.4e+38 1711.2 1735.3125 1758.59375 1761.40625 1791.09375 1762.96875 1751.25 1760.46875 1685.3125 1674.375 1644.21875 1568.75 1498.59375 1496.40625 1476.5625 1369.21875 1550.9375 1623.90625 1485.3125 1317.8125 1393.75 1551.40625 1485.15625 1641.5625 1642.8125 1782.03125 2000.15625 2034.53125 2035.78125 2066.45161290323 2086.66666666667 2108.06451612903 2112.85714285714 2101.81818181818 2121.875 2110 2105 2154.0625 2186.71875 2183.59375 2150 2160.46875 2150.3125 2142.03125 2091.09375 1872.1875 1836.25 1839.21875 1950.9375 1915.625 1922.5 1815.9375 1741.09375 1847.96875 1822.03125 1811.875 2044.21875 1918.75 2026.5625
-3.4e+38 -3.4e+38 1747.77777777778 1754.79166666667 1754.0625 1763.4375 1784.53125 1793.28125 1751.09375 1709.21875 1687.96875 1732.5 1689.0625 1670.625 1540.3125 1417.34375 1443.28125 1386.25 1539.6875 1612.03125 1313.90625 1324.375 1294.53125 1439.53125 1376.71875 1538.90625 1750.78125 2047.1875 2075.35714285714 2071.69491525424 2091.91489361702 2117.69230769231 2122.34042553192 2128.29268292683 -3.4e+38 2165.33333333333 2136.55737704918 2147.5 2153.4375 2162.8125 2192.03125 2208.75 2150.625 2187.65625 2163.90625 2123.4375 2145.9375 1978.28125 2021.40625 1845.15625 1753.28125 1952.96875 1848.59375 1795.78125 1794.0625 1798.59375 1936.875 1991.25 2094.0625 2113.59375
-3.4e+38 -3.4e+38 -3.4e+38 1775 1761.17647058824 1771.40625 1802.03125 1809.6875 1775.625 1794.6875 1705.3125 1697.5 1679.6875 1596.09375 1459.6875 1318.75 1413.59375 1424.375 1479.6875 1592.1875 1396.25 1387.34375 1481.5625 1420.46875 1417.5 1682.8125 1797.34375 1948.59375 2106.53846153846 2101.86046511628 2121.92307692308 2125 2140.95238095238 2157.45098039216 2190 2166.22222222222 2172.34375 2205.78125 2207.65625 2179.0625 2172.96875 2210 2131.40625 2129.0625 1957.5 1876.40625 1931.09375 1917.34375 2078.59375 1932.96875 1809.21875 2029.21875 1810 1789.21875 1771.5625 1833.59375 1828.125 1881.71875 1939.6875 2130.46875
-3.4e+38 -3.4e+38 -3.4e+38 -3.4e+38 1790 1788.4126984127 1777.96875 1767.96875 1774.21875 1759.21875 1736.09375 1688.125 1693.125 1669.6875 1629.6875 1603.28125 1461.40625 1480.15625 1496.25 1497.1875 1402.34375 1390 1502.8125 1641.5625 1759.375 1830.15625 1942.34375 2029.03846153846 2142.5 2132.96296296296 2136.8253968254 2155.57692307692 2163.09523809524 2180 -3.4e+38 2195.77777777778 2215.9375 2241.40625 2230.15625 2221.5625 2184.6875 2219.21875 2194.53125 2156.40625 2098.75 2007.8125 1895.3125 1843.90625 1823.90625 1966.09375 2099.6875 2082.03125 1965.46875 1913.59375 1799.0625 1749.53125 1737.8125 1597.34375 1797.5 2050
-3.4e+38 -3.4e+38 -3.4e+38 -3.4e+38 -3.4e+38 1770.95238095238 1776.25 1804.0625 1791.09375 1769.0625 1774.84375 1788.90625 1772.1875 1657.1875 1605.15625 1548.125 1707.8125 1591.5625 1543.90625 1595.9375 1500.46875 1517.8125 1517.96875 1573.90625 1638.75 1791.25 2044.36363636364 2134.28571428571 2148.94736842105 2146.60377358491 2157.08333333333 2170.96774193548 2177.77777777778 2186.92307692308 2213.33333333333 2232.5 2253.90625 2274.84375 2232.34375 2242.34375 2209.21875 2201.875 2232.8125 2168.59375 2123.4375 2045.15625 1946.5625 1913.90625 1820.78125 1795.46875 1893.28125 1921.71875 1820.78125 1762.5 1678.4375 1792.65625 1852.65625 1710.3125 1686.09375 1769.6875
-3.4e+38 -3.4e+38 -3.4e+38 -3.4e+38 -3.4e+38 1788.09523809524 1793.90625 1803.28125 1817.03125 1836.25 1800.15625 1735.78125 1702.03125 1685 1668.75 1749.6875 1816.09375 1728.59375 1631.71875 1606.09375 1661.5625 1476.5625 1607.96875 1816.09375 1943.59375 2040.35087719298 2127.24137931034 2127.33333333333 2119.21875 2095.625 2171.80327868852 2188.77551020408 2186.13636363636 2194.09090909091 2250 2241.81818181818 2265.15625 2274.375 2253.75 2220.46875 2222.34375 2185.15625 2223.125 2169.0625 2150.46875 2050.3125 1828.59375 1888.28125 1925.46875 1842.34375 1805.3125 1727.1875 1684.21875 1613.90625 1712.34375 1713.4375 1708.59375 1817.34375 1757.96875 1935.625
-3.4e+38 -3.4e+38 -3.4e+38 -3.4e+38 -3.4e+38 1795 1798.59375 1803.75 1811.09375 1813.75 1776.5625 1727.65625 1738.125 1839.6875 1805.9375 1724.375 1691.25 1591.09375 1621.25 1636.71875 1706.25 1774.375 1760.9375 1908.125 2035.55555555556 2117.83783783784 2126.40625 2133.59375 2146.5625 2162.1875 2178.4375 2182.85714285714 2179.375 2194.51612903226 2207.5 2228.05555555556 2261.71875 2275.15625 2247.96875 2174.375 2186.5625 2057.96875 2122.03125 2129.84375 2197.34375 1978.28125 2043.90625 2007.8125 1864.0625 1931.09375 1859.375 1690.625 1760.78125 1823.75 1795.15625 1782.96875 1709.21875 1614.0625 1709.53125 1635.46875
-3.4e+38 -3.4e+38 -3.4e+38 -3.4e+38 -3.4e+38 -3.4e+38 1790.49180327869 1795.3125 1806.25 1821.40625 1846.09375 1862.8125 1881.40625 1790.78125 1749.0625 1752.34375 1716.25 1810.78125 1704.21875 1815.9375 1836.09375 1851.5625 1979.21875 2008.90625 2115.26315789474 2129.83870967742 2137.65625 2153.75 2173.75 2173.75 2176.09375 2184.0625 2180.46875 2191.5 2207.17948717949 2245.33333333333 2256.09375 2278.90625 2237.03125 2215 2207.03125 2154.21875 2054.0625 2032.1875 2110.78125 2079.375 1978.28125 1861.5625 1838.125 1812.1875 1817.34375 1746.09375 1888.90625 1861.25 1936.25 1840.46875 1702.8125 1701.5625 1699.53125 1739.53125
-3.4e+38 -3.4e+38 -3.4e+38 -3.4e+38 -3.4e+38 -3.4e+38 1786.51162790698 1788.4375 1808.28125 1832.8125 1859.21875 1865 1851.40625 1788.28125 1824.21875 1817.5 1875.625 1836.40625 1818.59375 1834.6875 1872.1875 1993.90625 2067.8125 2108.30508474576 2143.79310344828 2147.19298245614 2155 2162.34375 2172.5 2179.21875 2187.8125 2196.25 2188.10344827586 2195.64102564103 2222.8125 2235 2249.59183673469 2270.3125 2233.59375 2218.28125 2205.46875 2180.78125 2163.28125 2103.75 1952.65625 1985.3125 1953.28125 1958.4375 1919.21875 1872.03125 1941.09375 1838.4375 1978.59375 1818.4375 2027.5 1810.46875 1865.46875 1952.96875 1965.15625 1951.875
-3.4e+38 -3.4e+38 -3.4e+38 -3.4e+38 -3.4e+38 -3.4e+38 1790 1792.24489795918 1797.5 1822.5 1834.0625 1853.75 1857.8125 1865.78125 1854.0625 1857.1875 1900.625 1885.46875 1920.46875 1935.9375 1917.96875 2042.96875 2118.59375 2147.5 2151.40625 2152.03125 2160.625 2162.1875 2175.15625 2180 2202.5 2193.59375 2195.4347826087 2203.46153846154 2222.5 2219.64912280702 2227.96875 2257.96875 2247.5 2232.03125 2216.5625 2184.0625 2167.65625 2017.03125 2062.8125 1927.8125 1899.0625 1867.96875 1912.8125 1874.21875 1950.78125 2029.6875 2048.125 1862.8125 2110.9375 1994.375 2033.4375 2127.34375 2188.75 1977.5
