Cases/SDM_Urocitellus_beldingi/westernUsClimate_hadley2080a2/BIO15.asc
NCOLS 315 
NROWS 297 
XLLCORNER -124.741664802 
YLLCORNER 29.2083311801598 
CELLSIZE 0.066666670143822 
NODATA_value -3.4e+38 
[rows 0 to 27 of 297, columns 128 to 191 of 315]
41.21875 40.171875 39.625 38.328125 38.546875 38.921875 38.4375 37.984375 37.125 36.640625 36.125 35.390625 35.015625 34.1875 29.6875 26.9375 26.25 27.28125 31.265625 30.078125 30.09375 29.359375 28.765625 27.953125 27.390625 27.234375 26.71875 26.140625 25.328125 24.40625 23.796875 23.078125 22.71875 22.671875 22.640625 22.6875 22.78125 24 24.5625 25.921875 28.375 33.890625 39.0625 39.953125 41.9375 42.71875 43.1875 45.203125 46.5 48.1875 52.078125 54.46875 54.8125 56.25 56.25 56.578125 57 57.3125 58.34375 59.09375 59.765625 60.140625 59.828125 60.046875
48.03125 46.703125 45.40625 44.625 44.359375 45.09375 44.75 44.15625 43.171875 42.625 41.828125 41.359375 40.46875 39.828125 34.484375 30.578125 29.65625 29.328125 31.96875 34.578125 34.6875 34.125 33.5 32.453125 32.046875 31.46875 31.421875 31.046875 29.890625 28.609375 27.6875 27.171875 26.609375 26.125 26.015625 25.984375 26.09375 26.546875 26.109375 26.71875 29.734375 36.859375 37.203125 36.671875 40.53125 43.65625 45.578125 48.515625 51.359375 55.015625 58.375 60.59375 62.234375 63.078125 64.078125 64.953125 66.71875 66.9375 67.71875 68.921875 68.5 68.5625 68 68.953125
49.21875 48.828125 46.765625 46.4375 46.578125 46.828125 46.15625 45.0625 44.046875 43.3125 42.234375 41.734375 41.078125 39 33.78125 34.046875 33.203125 30.640625 29.09375 30.234375 33.75 34.5625 33.828125 33.25 32.484375 32.21875 32.296875 32.328125 32.0625 30.328125 29.390625 28.140625 27.15625 26.78125 26.53125 26.1875 26.015625 26.0625 26.09375 27 28.109375 33.078125 32.40625 32.515625 35.953125 38.4375 42.1875 46.4375 49.421875 51.65625 54.765625 58.375 61.046875 62.3125 63.890625 65.734375 67.421875 67.515625 68.171875 68.6875 68.609375 67.734375 67.265625 68.59375
50.515625 50.46875 47.515625 47.78125 48.9375 46.75 46.1875 45.640625 44.90625 43.65625 43.078125 41.828125 40.421875 36.234375 38.78125 38.671875 36.453125 34.921875 30.1875 29.5 32.40625 35.09375 34.578125 33.625 32.703125 32.5 32.4375 32.546875 33.1875 32.359375 30.828125 29.78125 28.640625 27.5 27.015625 26.75 26.375 26.34375 26.375 26.375 26.453125 29.53125 28.75 29.75 32.3125 35.046875 37.75 40.28125 46.25 50.28125 52.5625 56.109375 58.21875 60.8125 63.703125 66.296875 67.0625 69.15625 68.984375 69.015625 69.96875 70.640625 70.171875 71.296875
51.703125 51.625 50.90625 48.390625 48.890625 49.078125 46.640625 46.015625 45.5625 44.421875 43.484375 42.921875 41.828125 37.453125 40.53125 39.765625 38.609375 37.28125 34.21875 31.34375 30.921875 33.59375 34.71875 34.546875 34.015625 33.25 32.640625 32.78125 33.09375 33.65625 33.046875 31.4375 30.265625 28.765625 28.109375 27.4375 27.203125 26.53125 26.4375 26.421875 26.828125 27.515625 26.953125 27.640625 29.484375 30.6875 33.578125 39.65625 44.453125 48.25 50.828125 54.296875 57.234375 60.09375 63.28125 65.515625 68.671875 70.203125 70.359375 70.65625 70.953125 73 72.640625 71.71875
50.546875 51.84375 51.953125 51.234375 50.640625 49.125 47.875 47.453125 46.171875 45.328125 44.375 43.5625 41.96875 38.171875 39.84375 40.234375 39.5625 37.84375 35.453125 32.9375 35.4375 34.390625 33.875 34.453125 34.9375 34.171875 33.4375 33.1875 33.515625 33.40625 33.4375 32.953125 32.296875 30.953125 30.0625 29.078125 27.421875 27.234375 27.03125 26.796875 26.765625 26.5625 26.75 26.96875 27.375 28.546875 32.125 36.703125 41.875 45.5 48.640625 52.015625 55.546875 58.515625 61.203125 64.375 67.546875 70.859375 71.75 72 72.359375 73.28125 73.609375 71.390625
50.859375 52.015625 52.015625 51.828125 51.25 49.4375 47.953125 47.359375 46.796875 45.640625 44.875 44.171875 42.859375 40.8125 35.90625 38.5 39.484375 37.40625 36.0625 36.46875 37.09375 36.71875 35.796875 34.390625 35 35.125 34.4375 34.078125 34 33.3125 33.75 32.359375 32.5625 32.671875 31.84375 30.21875 28.65625 27.828125 27.59375 27.5625 27.03125 26.953125 26.875 27.09375 27.25 27.671875 29.40625 33.46875 38.015625 42.265625 45.703125 48.96875 52.453125 56.328125 59.421875 63.015625 66.953125 70.3125 71.6875 71.0625 72.4375 74.625 73.09375 71.3125
51.265625 50.578125 51.046875 52.21875 51.421875 50.515625 48.375 48.15625 47.578125 45.953125 44.328125 44.734375 42.34375 38.40625 36.484375 38.15625 38.828125 39.453125 37.6875 37.921875 38.046875 37.4375 36.640625 35.328125 34.625 34.75 34.375 34.4375 33.796875 33.78125 34.15625 33.734375 33.5 33.765625 32.09375 31.828125 30.46875 29.515625 28.921875 28.109375 28.09375 27.046875 27.578125 27.78125 27.890625 27.78125 27.890625 29.328125 32.90625 37.109375 41.296875 46.453125 51.421875 54.921875 58.96875 61.59375 65.234375 68.484375 70.734375 71.9375 71.984375 71.78125 71.5 70.03125
51.328125 51.75 52.515625 52.609375 51.859375 50.625 49.796875 48.703125 47.25 44.46875 44.609375 43.734375 43.703125 38.984375 39.375 40.21875 40.59375 39.90625 38.625 37.953125 38.25 37.65625 37.28125 35.828125 34.671875 33.9375 33.75 33.234375 33.40625 33.671875 33.75 34.1875 34.28125 33.703125 31.625 31.890625 32.234375 30.96875 30.265625 28.9375 28.59375 28.140625 27.5 27.796875 29.96875 29.21875 27.96875 28.46875 30.6875 35.03125 39.546875 44.0625 49.25 53.125 56.671875 60.484375 64.421875 67.796875 70.0625 71.78125 71.3125 72.3125 71.59375 69.828125
51.921875 51.609375 51.9375 52.234375 52.59375 51.46875 48.703125 48.375 48.921875 45.421875 44 43.6875 43.171875 40.15625 41.671875 41.8125 40.15625 36.78125 36.84375 38.078125 38.4375 37.984375 36.515625 36.3125 36.015625 34.359375 32.421875 32.515625 31.421875 30.875 31.234375 33.140625 33.96875 34.203125 33.90625 32.78125 31.890625 32.03125 31.859375 30.6875 29.59375 28.9375 28.46875 29.546875 30.078125 28.84375 28.296875 28.109375 29.640625 32.484375 36.921875 41.71875 45.734375 49.0625 54.71875 59.453125 63.140625 66.03125 69.15625 70.75 71.640625 70.703125 68.609375 68.921875
53.5625 52.171875 52.171875 52.703125 53.125 52.4375 49.640625 48.34375 48.8125 47.578125 45.1875 46.4375 45.421875 41.8125 43.578125 42.65625 40.109375 36.90625 37.375 38.046875 39.171875 37.90625 38.078125 36.90625 36.765625 34.3125 32.203125 31.203125 30.6875 29.90625 30.046875 33.234375 34.171875 34.46875 34.265625 34.3125 32.359375 32.359375 32.578125 32.015625 31.125 31.015625 30.703125 29.578125 28.828125 27.65625 27.390625 28.03125 28.953125 31.359375 35.109375 38.734375 43.78125 49.3125 53.96875 58.671875 62.171875 65.453125 68.171875 69.640625 69.25 68.34375 68.109375 67.125
53.359375 54.375 52.359375 52.546875 52.890625 52.875 50.515625 48.609375 48.84375 49.3125 47.28125 46.984375 46.390625 42.875 42.46875 41.90625 41.03125 40.203125 38.3125 38.5625 38.84375 38.765625 38.53125 36.953125 35.8125 34.671875 32.25 30.71875 29.890625 29.5625 29.03125 30.5625 34.546875 34.8125 34.734375 34.359375 34.15625 32.34375 32.796875 32.96875 31.546875 31.4375 30.359375 29.8125 28.15625 27.9375 27.671875 27.90625 27.9375 29.40625 32.921875 36.71875 41.359375 46.796875 51.578125 56.296875 59.671875 62.09375 64.609375 66.65625 67.390625 67.84375 67.671875 66.109375
55.078125 54.359375 52.640625 52.5 53.46875 53.234375 52.234375 49.34375 49.78125 50.25 49.109375 48.0625 47.296875 44.28125 43.9375 43.984375 42.5 40.921875 38.4375 38.15625 37.15625 37.328125 37.53125 36.421875 35.234375 34.640625 31.5625 31.21875 29.796875 29.3125 28.578125 28.21875 31.15625 34.328125 34.453125 35.09375 34.609375 34.578125 32.859375 33.75 32.640625 31.78125 31.03125 30.0625 28.71875 28.015625 27.796875 27.421875 27.6875 28.9375 32.03125 35.953125 39.734375 44.734375 48.671875 53.34375 57.609375 60.046875 63.46875 64.640625 65.296875 65.484375 65.984375 65.28125
54.953125 55.171875 55.40625 54.359375 53.40625 53.4375 53.3125 51.78125 49.421875 50.28125 50.046875 48.796875 47.171875 46.546875 45.46875 43.84375 42.609375 42.8125 41.140625 38.640625 37.21875 37.1875 35.6875 35.875 33.890625 33.265625 31.578125 34.375 31.703125 29.53125 28.546875 28.28125 29.078125 31.46875 35.34375 35.046875 35.484375 34.734375 33.5625 33.6875 33.046875 31.578125 31.328125 30.75 30.0625 28.90625 28.015625 27.765625 27.34375 28.484375 29.328125 31.953125 37.734375 41.6875 46.8125 50.984375 55.328125 56.671875 59.140625 61.546875 64.921875 65.21875 65.078125 64.09375
55.03125 55.25 55.375 55.1875 54.734375 53.953125 53.15625 52.578125 50.140625 49.46875 50.6875 49.46875 48.234375 47.15625 45.828125 44.953125 42.59375 41.359375 41.421875 40.3125 38.375 37.28125 36.09375 35.875 36.484375 33.828125 34.5 36.25 34.34375 29.578125 28.703125 28.515625 30.578125 30.46875 35.046875 35.34375 35.703125 35.59375 35.15625 34.1875 33.515625 32.875 31.484375 30.296875 30 28.8125 28.328125 27.796875 27.359375 27.90625 28.421875 30.046875 34.8125 40.40625 46.046875 51 54.125 57.5 60.171875 62.328125 64.171875 65.546875 64.5 63.921875
55.34375 55.65625 55.25 55.296875 54.65625 54.4375 54.234375 53.75 52.34375 51 50.484375 50.484375 49.03125 48.484375 47.015625 45.828125 44.5 42.875 40.375 41.46875 40.75 38.421875 35.6875 36.15625 36.5 35.46875 36.421875 35.625 34.328125 32.0625 28.84375 28.875 30.578125 35.46875 34.203125 35.984375 35.8125 36.328125 35.84375 35.25 34.9375 33.640625 31.640625 30.375 29.4375 28.625 27.921875 27.984375 27.96875 27.5 28.59375 29.171875 30.96875 40.1875 46.625 51.578125 56.21875 59.03125 62.140625 64.796875 66.578125 66.609375 65.109375 63.46875
55.71875 55.375 55.390625 54.421875 54.625 54.78125 54.59375 54.140625 53.765625 52.234375 51.1875 50.625 49.5625 48.734375 47.578125 46.453125 44.5 42.3125 41.4375 41.984375 41.34375 37.6875 34.28125 33.453125 32.953125 32.90625 33.453125 31.09375 31 31.515625 29.046875 28.96875 30 36.921875 35.859375 33.90625 36.40625 35.890625 35.078125 35.21875 34.84375 33.765625 32.78125 31.125 30.375 28.96875 27.75 27.59375 28.28125 27.6875 27.90625 30.046875 31.921875 38.765625 45.265625 50.234375 54.953125 58.75 61.4375 65.109375 67.96875 67.515625 66.703125 64.65625
55.78125 55.53125 55.140625 55.75 55.015625 54.984375 55.046875 54.734375 54.078125 53.078125 52.234375 51.203125 49.515625 49.203125 47.28125 46.6875 45.265625 42.890625 41.59375 42.0625 41.328125 39.078125 34.421875 31.4375 30.4375 31.984375 32.734375 30.734375 29.90625 29.796875 29.21875 29.140625 29.96875 36.96875 36.765625 33.453125 36.09375 36.15625 35.0625 35.140625 34.53125 34.53125 33.234375 30.8125 29.921875 29.390625 28.484375 27.46875 28.421875 28.828125 27.765625 29.140625 30.46875 37.359375 45.359375 49.8125 53.59375 57.34375 60.84375 65.78125 68.71875 67.53125 66.359375 64.875
55.890625 55.84375 55.46875 55.890625 55.984375 55.265625 55.34375 54.21875 54.4375 53.828125 51.859375 51.328125 49.53125 48.390625 46.78125 46.5625 45.34375 42.453125 40.53125 41.921875 41.484375 39.09375 34.453125 30.421875 30.515625 33.859375 33.59375 30.734375 30.4375 30.28125 29.59375 29.03125 29.109375 36.4375 37 33.40625 35.734375 36.53125 34.28125 34.25 35.1875 33.484375 33.359375 31.46875 29.078125 28.875 28.078125 27.390625 28.71875 29.703125 28.265625 27.953125 29.0625 37.421875 44.109375 49.875 54.8125 58.53125 61.21875 65.234375 67.390625 67.625 66.5625 64.0625
55.46875 55.78125 56.234375 56 56 55.921875 54.890625 53.9375 54.609375 54.171875 52.9375 50.4375 50.46875 47.828125 47.546875 46.609375 44.90625 42.234375 40.21875 41.3125 40.65625 38.984375 35.203125 30.34375 30.953125 32.171875 30.59375 29.46875 30.234375 29.3125 30 29.359375 30.4375 36.546875 37.390625 33.984375 35.453125 36.140625 33.921875 33.5 33.46875 32.890625 34 31.6875 29.453125 28.859375 28.21875 27.875 28.265625 30.5 28.578125 28.484375 29.921875 39.21875 44.59375 49.34375 53.796875 58 60.21875 60.859375 63.140625 66.796875 66.609375 63.671875
55.046875 55.515625 55.5 55.6875 56.03125 55.9375 55.5 54.15625 53.328125 53.8125 53.75 52.375 49.296875 49.359375 47.96875 46.859375 45.390625 44.453125 41.84375 40.953125 41.0625 39.625 33.65625 30.15625 29.625 30.171875 31.828125 30.40625 30.484375 29.953125 29.125 29 30.984375 36.53125 37.21875 36.0625 34.65625 36.953125 33.859375 34.765625 33.546875 33.140625 33.921875 32.796875 30.328125 28.953125 28.09375 27.703125 27.578125 29.953125 30.984375 31.859375 34.421875 42.375 46.890625 50.46875 51.84375 52.734375 54.90625 57.6875 60.984375 63.625 64.21875 63.296875
54.953125 55.890625 56.203125 56.640625 56.421875 55.046875 54.96875 53.890625 54.453125 53.734375 54.09375 53.03125 50.515625 48.21875 47.734375 46.296875 44.734375 44 41.421875 38.921875 38.203125 39.640625 34.875 31.140625 30.265625 30.03125 29.484375 30.390625 30.703125 29.65625 29.515625 29.546875 30.734375 36.609375 36.3125 37.65625 34.9375 36.46875 34.421875 32.890625 34.546875 33.625 33.046875 33.578125 31.15625 29.640625 28.09375 28.28125 28.125 29.4375 29.109375 32.1875 32.46875 37.75 44.640625 48.96875 52.859375 55.5 56.53125 57.359375 59.390625 60.5625 62.0625 61.921875
55.921875 55.359375 55.6875 56.03125 56.796875 55.53125 54.75 53.34375 53.890625 54.046875 53.109375 52.359375 51.546875 50.53125 49.453125 46.203125 45.03125 42.1875 38.4375 36.046875 36.171875 37.59375 34.109375 30.34375 30.171875 30.8125 29.8125 30.28125 30.546875 30.4375 30.140625 29.796875 29.640625 36.015625 35.78125 37.875 36.953125 36.421875 38.703125 32.9375 33.5625 31.453125 31.671875 32.96875 32.03125 29.28125 28.1875 27.71875 27.75 28.890625 28.109375 28.59375 29.859375 35.046875 42.59375 46.390625 50.890625 54.765625 56.859375 58.609375 59.515625 59.96875 60.28125 60.53125
56.375 56.046875 55.828125 55.84375 56.359375 55.703125 54.765625 54.625 54.234375 53.875 53.875 52.640625 51.53125 49.21875 49.046875 46.84375 45.171875 43.546875 40.609375 35.84375 34.71875 37.234375 34.6875 30.265625 30 32.953125 30.453125 30 30.71875 30.84375 30.921875 30.046875 29.8125 34.75 35.671875 35.734375 39.375 39.046875 39.328125 37.234375 32.625 33.203125 31.90625 31.046875 30.703125 30.5625 29.484375 28.328125 27.515625 28.09375 28.453125 28.203125 31.640625 36.78125 40.390625 43.734375 48.125 51.296875 53.890625 55.59375 56.109375 58.15625 58.390625 58.015625
56.703125 56.703125 56.28125 55.921875 56.78125 55.625 56.1875 55.75 54.6875 52.90625 53.5 53.859375 53.1875 51.65625 49.515625 47.15625 45.328125 42.9375 41.15625 39 38.40625 33.140625 35.09375 32.390625 29.65625 29.9375 31.625 30.765625 31.1875 31.109375 31.6875 31.5625 29.890625 35.625 34.171875 35.375 37.921875 39.9375 39.84375 39.65625 32.90625 31.515625 31.296875 31.359375 31.21875 29.328125 29.25 29.234375 28 27.203125 27.65625 27.859375 30.734375 31.671875 34.546875 39.71875 43.125 45.28125 47.890625 49.96875 52.515625 53.8125 55.46875 55.6875
56.75 56.453125 56.765625 56.46875 56.6875 55.9375 56.609375 54.4375 54.375 53.609375 51.625 50.78125 49.765625 49.75 48.90625 46.953125 44.0625 41.515625 40.703125 38.359375 36.578125 34.9375 36.4375 33 34.03125 31.203125 30.390625 30.34375 30.78125 30.671875 30.703125 31 29.953125 34.0625 33.6875 34.15625 36.25 34.875 38.3125 39.859375 35.15625 32.125 30.40625 31.046875 29.0625 28.59375 27.90625 29.09375 28.0625 26.8125 26.765625 27.421875 28.859375 29.140625 31.125 33.75 38.71875 41.828125 44.734375 47.796875 49.953125 52.15625 52.375 51.015625
56.59375 56.296875 56.65625 56.984375 56.875 56.921875 56.53125 55.953125 55.265625 54.703125 52.84375 50.546875 49.125 48.03125 47.609375 46.109375 44.09375 40.890625 38.59375 38.171875 37.328125 38.234375 36.140625 34.53125 35.9375 35.75 34.578125 33.671875 32.125 29.734375 30.671875 31.296875 33.703125 34.984375 35.203125 35.421875 35.234375 34.09375 36.296875 39.859375 37.453125 36.265625 31.015625 29.53125 29.203125 29.625 27.796875 27.75 28.46875 27.90625 27.375 27.015625 27.875 28.9375 29.96875 31.75 32.046875 37.953125 42.484375 46 48.65625 50.984375 51.9375 50.546875
56.59375 56.6875 55.453125 54.8125 56.375 56.078125 55.09375 55.234375 52.453125 52.921875 53.109375 51.609375 50.359375 47.75 46.1875 44.78125 43.609375 41.90625 38.90625 35.21875 33.71875 34.921875 35.25 35.328125 30.4375 31.515625 34 35.78125 34.515625 30.390625 30.890625 30.375 31.078125 32.984375 34.265625 34.875 35.75 35.421875 37.625 38.65625 38.984375 37.828125 32.625 31.3125 30.125 30.9375 28.390625 27.96875 27.421875 27.96875 27.953125 27.3125 27.59375 27.84375 27.71875 29.203125 30.34375 35.0625 39.375 42.921875 46.0625 49.25 50.515625 52.640625
