Cases/SDM_Urocitellus_beldingi/westernUsClimate_hadley2080a2/BIO11.asc
NCOLS 315 
NROWS 297 
XLLCORNER -124.741664802 
YLLCORNER 29.2083311801598 
CELLSIZE 0.066666670143822 
NODATA_value -3.4e+38 
[rows 27 to 53 of 297, columns 248 to 309 of 315]
-156.71875 -155.15625 -156.875 -149.6875 -153.28125 -170.625 -187.65625 -207.5 -226.71875 -243.59375 -262.34375 -280 -285.46875 -292.03125 -299.375 -306.5625 -315.78125 -318.59375 -325.9375 -332.8125 -333.4375 -333.59375 -340.15625 -336.71875 -338.125 -335.3125 -334.375 -332.5 -336.71875 -331.875 -342.34375 -349.6875 -358.90625 -369.6875 -370.625 -375.3125 -379.6875 -380.78125 -380.625 -380.15625 -386.25 -402.1875 -403.59375 -400.78125 -408.125 -410.3125 -410.3125 -410.3125 -410.46875 -415.9375 -407.34375 -402.03125 -388.28125 -391.875 -416.5625 -425.46875 -428.90625 -442.5 -457.1875 -462.8125 -478.90625 -495
-136.5625 -132.8125 -127.1875 -123.125 -129.84375 -145.625 -158.125 -183.4375 -206.5625 -229.84375 -247.1875 -265 -268.90625 -283.75 -298.125 -303.125 -306.09375 -310.78125 -323.125 -330.46875 -336.5625 -334.21875 -330.15625 -327.1875 -324.6875 -321.875 -327.1875 -325.46875 -329.0625 -326.5625 -336.25 -344.84375 -354.53125 -367.03125 -370.3125 -370.78125 -377.65625 -379.84375 -388.75 -393.4375 -392.5 -393.59375 -396.09375 -398.90625 -403.125 -407.5 -410.625 -415.9375 -408.90625 -398.75 -394.84375 -379.375 -369.375 -385.9375 -402.65625 -418.125 -433.4375 -434.84375 -445.625 -464.53125 -477.96875 -482.03125
-109.0625 -112.8125 -108.4375 -105 -97.96875 -118.75 -141.40625 -156.875 -177.96875 -200.625 -223.28125 -250.9375 -266.5625 -282.1875 -285.625 -289.84375 -297.65625 -307.34375 -319.21875 -322.65625 -322.03125 -319.0625 -315.15625 -311.25 -313.90625 -313.4375 -314.375 -318.4375 -321.40625 -324.53125 -331.25 -339.84375 -352.03125 -359.0625 -363.28125 -372.65625 -377.8125 -387.03125 -377.8125 -374.0625 -379.6875 -385.46875 -392.03125 -396.5625 -398.90625 -405.15625 -409.375 -402.96875 -397.03125 -392.5 -382.5 -363.28125 -374.84375 -388.125 -386.09375 -400.78125 -419.6875 -432.65625 -445.78125 -463.125 -468.90625 -482.5
-92.34375 -88.125 -92.96875 -92.8125 -78.125 -87.1875 -113.28125 -144.84375 -167.8125 -182.96875 -207.1875 -237.8125 -262.65625 -269.21875 -279.84375 -295.9375 -301.5625 -301.40625 -305.3125 -305.3125 -302.03125 -302.1875 -300.9375 -301.71875 -311.5625 -311.25 -309.21875 -320.15625 -320.625 -322.34375 -325.78125 -332.65625 -342.1875 -353.4375 -364.53125 -368.125 -366.09375 -364.53125 -367.34375 -368.4375 -372.03125 -380.46875 -387.65625 -397.8125 -400.9375 -403.125 -397.5 -396.40625 -386.875 -378.28125 -363.90625 -361.25 -374.0625 -384.0625 -391.09375 -392.03125 -403.125 -418.75 -435.9375 -451.71875 -461.40625 -481.25
-88.90625 -92.96875 -79.6875 -71.09375 -72.34375 -90.46875 -111.5625 -132.34375 -154.53125 -175 -191.71875 -211.71875 -231.25 -247.65625 -263.28125 -276.40625 -288.28125 -292.96875 -297.34375 -299.6875 -299.21875 -298.59375 -297.96875 -297.65625 -302.03125 -302.03125 -307.8125 -314.53125 -319.53125 -320.78125 -323.90625 -326.5625 -329.21875 -339.84375 -348.90625 -360.78125 -359.6875 -354.84375 -357.5 -361.5625 -369.375 -377.5 -387.1875 -398.28125 -400.78125 -398.75 -393.59375 -378.90625 -370.9375 -363.4375 -360.78125 -366.71875 -368.90625 -378.4375 -388.4375 -393.125 -395.46875 -404.84375 -422.96875 -437.65625 -449.21875 -471.25
-83.75 -77.96875 -70.46875 -68.4375 -60.78125 -72.03125 -88.59375 -109.84375 -129.0625 -154.6875 -178.90625 -193.59375 -208.59375 -231.5625 -246.71875 -258.75 -269.6875 -280.15625 -279.21875 -277.65625 -277.65625 -289.6875 -291.09375 -294.0625 -298.28125 -295.78125 -304.84375 -310.46875 -318.125 -321.5625 -323.4375 -325 -325.9375 -330.9375 -340 -342.65625 -349.21875 -348.59375 -353.125 -360.46875 -367.34375 -375.3125 -388.59375 -399.21875 -395 -387.65625 -378.75 -375.3125 -373.4375 -370.15625 -364.84375 -368.125 -375 -374.21875 -375.78125 -385.625 -395.3125 -396.875 -409.6875 -422.03125 -436.5625 -455.9375
-63.90625 -62.03125 -60 -53.125 -59.21875 -63.28125 -84.21875 -107.1875 -124.6875 -150.15625 -166.875 -184.375 -193.125 -215.15625 -232.8125 -238.75 -252.8125 -257.8125 -261.875 -263.90625 -262.1875 -267.65625 -272.03125 -278.4375 -288.90625 -291.5625 -298.90625 -298.125 -301.71875 -307.5 -312.65625 -319.375 -324.53125 -327.96875 -331.875 -329.53125 -330.625 -335.78125 -340.15625 -351.25 -360.3125 -368.28125 -384.375 -396.5625 -395.9375 -389.84375 -381.40625 -378.90625 -373.75 -369.375 -365.9375 -361.875 -369.53125 -377.5 -375.46875 -378.125 -385.3125 -390.625 -399.6875 -404.6875 -429.84375 -447.65625
-55 -55.46875 -50.78125 -49.84375 -63.90625 -64.0625 -74.84375 -100 -120 -148.59375 -165.625 -172.96875 -185.78125 -200.625 -216.875 -226.25 -235.9375 -233.90625 -240.625 -247.03125 -249.84375 -250.3125 -251.25 -257.8125 -272.34375 -271.25 -275.78125 -283.75 -291.5625 -289.21875 -290.15625 -300.3125 -305.625 -308.90625 -305.625 -315.9375 -320.15625 -326.09375 -337.8125 -339.375 -348.90625 -361.5625 -375.625 -388.4375 -390.9375 -387.96875 -378.125 -371.40625 -367.03125 -372.34375 -372.1875 -368.125 -365 -368.4375 -374.53125 -377.03125 -380.625 -391.40625 -402.34375 -404.53125 -426.40625 -446.875
-41.25 -41.71875 -43.75 -45.78125 -58.125 -55.9375 -68.90625 -92.8125 -115.15625 -134.21875 -153.59375 -169.53125 -174.53125 -184.21875 -202.1875 -204.21875 -211.25 -217.5 -226.40625 -227.8125 -230.46875 -236.5625 -236.40625 -240.15625 -255.3125 -262.96875 -260 -261.25 -268.59375 -276.25 -276.25 -277.8125 -285.15625 -294.375 -291.71875 -289.84375 -299.375 -310 -318.75 -326.09375 -339.21875 -358.28125 -368.125 -372.96875 -381.09375 -383.125 -376.875 -372.8125 -367.34375 -364.84375 -368.59375 -372.8125 -375.46875 -374.0625 -375.3125 -377.34375 -378.28125 -387.96875 -402.96875 -412.65625 -420.9375 -439.375
-39.84375 -42.1875 -40.3125 -41.40625 -43.4375 -54.84375 -74.21875 -99.21875 -119.21875 -123.90625 -135.9375 -148.59375 -158.125 -169.6875 -177.03125 -188.90625 -190 -199.21875 -210.78125 -214.6875 -213.75 -217.96875 -220.78125 -223.28125 -238.75 -250.78125 -253.28125 -250 -249.6875 -251.71875 -259.53125 -256.5625 -261.5625 -267.65625 -275.3125 -273.4375 -278.28125 -287.03125 -301.09375 -316.71875 -334.6875 -355 -356.40625 -363.59375 -372.96875 -377.65625 -378.4375 -372.1875 -371.40625 -365.625 -361.25 -364.84375 -368.4375 -371.71875 -379.0625 -385 -386.09375 -384.0625 -396.40625 -416.71875 -426.40625 -434.0625
-31.875 -36.40625 -48.28125 -52.8125 -59.375 -71.40625 -90 -111.40625 -117.34375 -115.78125 -127.5 -131.09375 -133.125 -152.03125 -161.71875 -167.34375 -177.03125 -182.03125 -184.21875 -193.28125 -206.71875 -204.53125 -204.84375 -210.15625 -228.125 -234.53125 -234.6875 -237.8125 -241.5625 -240.9375 -242.03125 -241.25 -246.25 -246.40625 -255.15625 -256.25 -263.4375 -276.71875 -299.375 -315.625 -330.78125 -348.4375 -348.125 -352.34375 -367.34375 -371.09375 -371.875 -375.46875 -370.625 -365.78125 -360.78125 -360.625 -365.78125 -372.03125 -377.34375 -380.9375 -386.25 -391.25 -400.3125 -414.21875 -428.75 -429.0625
-48.59375 -53.28125 -58.28125 -67.1875 -81.40625 -83.28125 -82.5 -90.15625 -104.6875 -117.1875 -112.03125 -118.125 -123.4375 -123.75 -133.59375 -147.03125 -159.0625 -170.15625 -176.71875 -172.8125 -190.625 -197.1875 -192.1875 -193.28125 -207.03125 -212.03125 -218.125 -217.1875 -226.875 -227.5 -226.40625 -228.59375 -229.84375 -232.8125 -233.75 -239.6875 -251.875 -273.4375 -298.28125 -316.40625 -325.46875 -340.9375 -342.03125 -341.25 -355 -363.125 -369.21875 -370.3125 -372.8125 -369.375 -361.875 -357.5 -361.71875 -369.21875 -372.96875 -381.71875 -386.71875 -393.28125 -399.53125 -407.5 -419.21875 -423.125
-63.90625 -75.46875 -72.96875 -72.65625 -87.5 -89.0625 -90 -88.75 -93.75 -104.6875 -108.59375 -106.71875 -113.59375 -111.40625 -115.78125 -124.21875 -135.625 -151.09375 -164.84375 -162.8125 -177.65625 -185.46875 -183.4375 -182.1875 -184.21875 -190.78125 -202.34375 -195.3125 -207.1875 -206.71875 -205.15625 -206.5625 -208.125 -216.25 -220.78125 -230.625 -245.625 -271.875 -293.125 -310.3125 -322.96875 -334.84375 -331.875 -333.125 -348.125 -361.25 -364.6875 -364.6875 -367.34375 -364.84375 -359.53125 -356.40625 -359.84375 -365.15625 -372.65625 -376.875 -381.40625 -382.65625 -393.75 -402.03125 -412.03125 -422.03125
-84.375 -81.25 -77.8125 -74.53125 -76.25 -82.34375 -89.53125 -99.0625 -94.6875 -94.0625 -94.375 -100.46875 -99.375 -98.75 -97.1875 -104.6875 -120.15625 -138.28125 -150.15625 -153.90625 -154.21875 -160.3125 -172.8125 -165.46875 -165 -169.0625 -174.375 -175.9375 -182.96875 -188.125 -187.65625 -196.71875 -206.25 -210.46875 -218.125 -225.15625 -233.125 -253.28125 -270 -290.46875 -310.9375 -317.34375 -322.65625 -325.15625 -336.40625 -343.125 -356.25 -361.5625 -360.625 -354.53125 -353.4375 -351.71875 -356.5625 -363.4375 -366.71875 -373.59375 -375.78125 -383.90625 -391.5625 -398.90625 -408.59375 -413.28125
-70.15625 -75.9375 -86.25 -88.59375 -85.9375 -80.46875 -78.75 -85.46875 -103.4375 -99.21875 -93.4375 -93.125 -97.5 -110.78125 -117.03125 -122.5 -135.15625 -152.03125 -155.9375 -153.125 -153.75 -157.96875 -157.5 -163.125 -168.90625 -161.71875 -167.96875 -175.78125 -173.4375 -178.28125 -187.03125 -202.8125 -205.46875 -208.90625 -215 -223.75 -225.46875 -240.15625 -255.625 -273.59375 -291.875 -305.625 -309.375 -314.0625 -320.9375 -330.78125 -337.65625 -342.1875 -347.03125 -348.59375 -346.5625 -346.09375 -349.84375 -357.03125 -364.6875 -372.5 -377.5 -382.03125 -390.46875 -394.0625 -399.53125 -404.6875
-68.90625 -74.0625 -80.15625 -86.40625 -87.65625 -81.25 -80.15625 -74.53125 -85.625 -92.1875 -89.84375 -88.75 -119.21875 -148.59375 -157.34375 -146.5625 -144.6875 -174.0625 -168.75 -168.125 -157.8125 -162.65625 -167.96875 -171.875 -165.9375 -152.65625 -163.59375 -173.28125 -170.3125 -182.8125 -191.09375 -194.0625 -202.5 -207.03125 -209.84375 -211.875 -217.65625 -236.5625 -247.65625 -256.875 -275 -292.8125 -299.84375 -302.34375 -310.625 -310.9375 -322.1875 -330.78125 -335 -342.65625 -339.84375 -339.6875 -341.40625 -345.9375 -352.03125 -362.34375 -372.8125 -376.25 -379.21875 -381.25 -384.6875 -392.5
-72.65625 -80.9375 -80.15625 -77.65625 -78.125 -78.4375 -75.78125 -69.21875 -72.5 -83.59375 -85.46875 -100.78125 -126.71875 -160.625 -173.90625 -160.3125 -155.625 -181.25 -192.8125 -184.375 -170.3125 -150.78125 -163.4375 -171.25 -159.84375 -150.625 -148.4375 -160.78125 -169.53125 -171.25 -184.21875 -188.4375 -192.5 -193.28125 -194.84375 -201.25 -213.4375 -232.1875 -246.71875 -249.53125 -262.96875 -280.3125 -285.78125 -290.9375 -302.03125 -300.625 -305.15625 -312.03125 -321.25 -330.46875 -333.75 -330 -333.59375 -339.375 -341.71875 -349.375 -360.15625 -364.6875 -365 -369.375 -377.34375 -381.25
-77.03125 -85.15625 -84.0625 -78.90625 -68.59375 -64.375 -68.90625 -78.125 -90.9375 -88.125 -88.90625 -121.09375 -125.625 -149.21875 -180.625 -178.59375 -171.09375 -185.9375 -197.1875 -196.09375 -169.0625 -155.15625 -148.90625 -150.46875 -147.5 -141.25 -140 -144.21875 -158.28125 -170.9375 -172.5 -170.625 -173.28125 -176.71875 -186.5625 -201.09375 -214.21875 -222.34375 -237.34375 -242.03125 -255.15625 -269.21875 -270.78125 -282.5 -293.90625 -293.90625 -294.6875 -298.28125 -308.75 -318.59375 -322.96875 -322.65625 -323.75 -330.46875 -338.4375 -342.03125 -347.1875 -350.3125 -357.8125 -364.375 -368.28125 -369.53125
-76.875 -87.96875 -77.96875 -69.53125 -68.90625 -73.75 -92.8125 -99.6875 -91.09375 -80.625 -94.6875 -128.59375 -146.5625 -150 -182.5 -188.4375 -190 -197.96875 -199.53125 -179.6875 -161.40625 -160.15625 -152.1875 -138.125 -135.9375 -131.875 -131.5625 -133.90625 -150.625 -160.46875 -154.53125 -156.09375 -160.46875 -172.65625 -182.34375 -196.71875 -213.90625 -219.21875 -223.75 -233.75 -249.84375 -256.25 -260.15625 -271.71875 -285.78125 -289.53125 -289.375 -286.875 -293.90625 -304.375 -315.9375 -319.0625 -320.78125 -323.59375 -328.125 -333.28125 -339.53125 -349.0625 -357.1875 -358.59375 -356.25 -356.875
-67.8125 -76.5625 -72.96875 -62.96875 -73.75 -83.75 -92.96875 -79.84375 -63.75 -70.78125 -105.9375 -140 -158.59375 -160.9375 -184.0625 -197.8125 -202.5 -207.34375 -203.90625 -188.59375 -172.1875 -166.40625 -153.28125 -136.875 -133.75 -129.53125 -126.875 -127.34375 -141.09375 -140.78125 -139.6875 -148.28125 -159.6875 -172.1875 -177.34375 -189.84375 -204.6875 -211.09375 -215 -231.71875 -239.6875 -244.0625 -249.84375 -264.84375 -277.96875 -282.8125 -283.4375 -282.1875 -282.8125 -293.75 -307.03125 -318.28125 -320.46875 -320.15625 -320.3125 -329.84375 -339.0625 -342.5 -342.5 -338.90625 -340.625 -341.09375
-49.53125 -59.53125 -56.09375 -44.6875 -52.34375 -75.625 -60.46875 -51.40625 -47.1875 -66.40625 -102.5 -138.90625 -155.3125 -168.4375 -193.28125 -206.25 -205.625 -206.40625 -207.34375 -214.21875 -198.4375 -171.5625 -153.90625 -140.78125 -126.40625 -122.03125 -120.3125 -126.09375 -132.5 -127.1875 -140 -149.6875 -163.125 -168.90625 -178.75 -185 -196.875 -200.3125 -213.125 -225.9375 -233.4375 -235 -239.6875 -252.96875 -263.75 -274.0625 -273.59375 -268.28125 -274.53125 -282.34375 -290.15625 -305.78125 -319.21875 -314.375 -330 -335 -340.15625 -331.25 -327.65625 -326.40625 -327.8125 -330.15625
-35.78125 -40.46875 -29.375 -20.78125 -24.6875 -29.84375 -29.6875 -30.9375 -32.96875 -57.1875 -99.21875 -130.625 -161.5625 -171.5625 -191.09375 -205 -203.90625 -207.5 -202.65625 -206.25 -199.0625 -166.5625 -145.9375 -130.625 -120.46875 -120 -125 -129.0625 -127.5 -125.46875 -139.6875 -149.6875 -163.90625 -181.25 -180.9375 -183.59375 -185.78125 -191.09375 -206.875 -220.15625 -222.03125 -226.875 -232.1875 -246.5625 -255.625 -257.96875 -255 -259.84375 -267.65625 -275.9375 -281.875 -291.09375 -299.53125 -313.125 -315.625 -321.09375 -319.0625 -318.125 -318.75 -326.25 -329.0625 -320.78125
-22.65625 -9.375 2.1875 4.6875 2.1875 -0.625 -8.125 -15 -24.53125 -53.59375 -96.5625 -135.15625 -160.78125 -172.34375 -187.1875 -197.96875 -204.84375 -208.28125 -212.1875 -203.4375 -183.90625 -161.875 -140.3125 -135 -141.25 -135 -135.3125 -126.5625 -120.78125 -129.21875 -142.8125 -149.53125 -155 -179.6875 -174.21875 -182.34375 -181.09375 -187.65625 -201.40625 -214.53125 -215 -214.6875 -226.71875 -236.09375 -235.46875 -240.46875 -246.71875 -254.21875 -262.03125 -270.78125 -280.625 -293.90625 -308.75 -305 -302.96875 -308.28125 -312.03125 -310.9375 -315 -329.375 -323.4375 -308.28125
14.375 23.75 29.0625 32.8125 26.5625 20.625 11.5625 -0.15625 -18.59375 -70 -102.65625 -135.78125 -156.40625 -173.28125 -181.40625 -193.28125 -199.84375 -205.9375 -205.9375 -190.78125 -177.5 -160.78125 -145.625 -149.0625 -168.28125 -173.59375 -152.5 -126.09375 -119.84375 -127.03125 -149.84375 -156.5625 -159.6875 -174.84375 -179.375 -179.375 -174.6875 -185.625 -197.03125 -201.71875 -203.75 -206.09375 -217.65625 -222.8125 -223.90625 -236.40625 -240.46875 -248.125 -253.75 -263.28125 -275.78125 -289.53125 -292.5 -298.4375 -304.6875 -309.0625 -311.875 -312.03125 -312.65625 -319.21875 -321.5625 -303.90625
27.1875 45.625 55.3125 62.1875 59.21875 44.84375 34.375 19.53125 -14.84375 -64.21875 -99.84375 -131.875 -147.03125 -164.0625 -178.90625 -185.9375 -194.0625 -198.59375 -197.34375 -186.40625 -176.5625 -169.84375 -165.625 -155.625 -166.5625 -167.34375 -148.75 -128.4375 -117.03125 -119.6875 -125.9375 -129.375 -142.34375 -157.8125 -176.71875 -168.28125 -166.40625 -178.4375 -186.09375 -190.625 -194.53125 -201.875 -206.71875 -205.9375 -214.375 -229.53125 -237.1875 -240.46875 -246.875 -253.90625 -262.03125 -276.71875 -287.1875 -291.25 -300.3125 -307.5 -310.625 -310.15625 -311.5625 -308.4375 -300.625 -300.3125
30.15625 59.6875 75 91.09375 89.0625 74.84375 62.34375 37.5 -7.8125 -54.21875 -82.8125 -111.5625 -128.59375 -147.03125 -164.0625 -178.75 -187.8125 -189.21875 -188.90625 -192.5 -189.84375 -180 -171.25 -172.1875 -166.5625 -160.46875 -143.75 -125.78125 -119.0625 -123.59375 -118.75 -124.84375 -138.125 -149.84375 -163.4375 -158.75 -166.25 -166.875 -172.34375 -178.4375 -188.75 -195.9375 -192.65625 -198.125 -210.3125 -219.6875 -231.5625 -232.96875 -236.875 -249.21875 -257.5 -265.3125 -277.96875 -284.375 -293.75 -302.5 -308.59375 -308.59375 -304.375 -294.6875 -279.84375 -266.71875
32.5 60 91.71875 103.90625 96.40625 102.96875 86.25 51.71875 -6.875 -51.25 -70.625 -91.875 -111.875 -136.09375 -152.1875 -171.5625 -187.1875 -183.75 -184.375 -193.59375 -195.46875 -184.84375 -174.21875 -164.0625 -156.40625 -142.96875 -131.875 -125.625 -126.09375 -128.28125 -114.0625 -119.84375 -131.5625 -140.46875 -155.625 -157.65625 -161.5625 -162.96875 -165.78125 -173.90625 -178.90625 -175.78125 -183.4375 -188.4375 -200.625 -210 -218.125 -225.9375 -229.0625 -241.09375 -251.875 -262.34375 -268.75 -277.34375 -283.125 -290.3125 -294.84375 -291.875 -284.84375 -274.6875 -264.21875 -252.1875
