Cases/SDM_Urocitellus_beldingi/westernUsClimate_hadley2080a2/BIO12.asc
NCOLS 315 
NROWS 297 
XLLCORNER -124.741664802 
YLLCORNER 29.2083311801598 
CELLSIZE 0.066666670143822 
NODATA_value -3.4e+38 
[rows 162 to 188 of 297, columns 118 to 176 of 315]
19879.6875 20115.625 19098.4375 18243.75 18464.0625 19745.3125 23054.6875 20590.625 19348.4375 20360.9375 21479.6875 20687.5 20118.75 20567.1875 22123.4375 23835.9375 29810.9375 37339.0625 39209.375 38668.75 32879.6875 28251.5625 28417.1875 28643.75 29226.5625 29964.0625 28626.5625 30237.5 32656.25 35459.375 30756.25 31979.6875 36323.4375 37039.0625 34928.125 35157.8125 38145.3125 45057.8125 45740.625 39742.1875 37835.9375 43023.4375 44248.4375 39089.0625 44834.375 53917.1875 43406.25 39370.3125 38607.8125 41754.6875 40028.125 36848.4375 35554.6875 31032.8125 31442.1875 31892.1875 32942.1875 34020.3125 35559.375
17187.5 19020.3125 19095.3125 17973.4375 18493.75 20323.4375 24454.6875 22293.75 19996.875 22845.3125 25053.125 21539.0625 20182.8125 20959.375 25114.0625 29164.0625 38417.1875 42623.4375 36075 32804.6875 28753.125 27046.875 28748.4375 27539.0625 28517.1875 33260.9375 32245.3125 29204.6875 29748.4375 31570.3125 29350 29809.375 32065.625 36879.6875 36095.3125 34664.0625 35979.6875 39493.75 45535.9375 41321.875 36470.3125 41139.0625 46712.5 40339.0625 41420.3125 47892.1875 46764.0625 40989.0625 38498.4375 40025 39757.8125 34906.25 32665.625 31798.4375 32529.6875 36884.375 38917.1875 41579.6875 42392.1875
16050 17578.125 18090.625 17571.875 19145.3125 24242.1875 27306.25 23054.6875 20945.3125 24409.375 26335.9375 21840.625 20017.1875 21206.25 26453.125 32773.4375 39340.625 35184.375 31646.875 28978.125 27225 26557.8125 27781.25 26521.875 27415.625 31015.625 39321.875 35039.0625 28926.5625 31425 29429.6875 28409.375 30693.75 38282.8125 43293.75 34815.625 34790.625 36700 39296.875 41576.5625 38101.5625 43017.1875 49748.4375 42400 40712.5 43823.4375 44493.75 40881.25 37185.9375 36343.75 37642.1875 33273.4375 32617.1875 33068.75 33825 37282.8125 39645.3125 43971.875 42771.875
15559.375 15915.625 16440.625 17825 21614.0625 27446.875 31842.1875 23328.125 21917.1875 24376.5625 28473.4375 22654.6875 19854.6875 21275 27496.875 32478.125 30995.3125 29985.9375 30015.625 28734.375 27275 28634.375 28256.25 26334.375 27509.375 31764.0625 38701.5625 36987.5 29054.6875 33212.5 29292.1875 27914.0625 29523.4375 36476.5625 44760.9375 37401.5625 34815.625 35042.1875 37020.3125 36532.8125 39376.5625 46582.8125 51404.6875 44443.75 43367.1875 45040.625 38073.4375 36445.3125 35203.125 34117.1875 33890.625 33217.1875 33628.125 34056.25 34603.125 35934.375 39137.5 39889.0625 39893.75
15126.5625 15590.625 16253.125 17817.1875 21340.625 24712.5 28562.5 27110.9375 23470.3125 23682.8125 27621.875 25014.0625 20565.625 22251.5625 28629.6875 27601.5625 25226.5625 25581.25 31895.3125 32248.4375 29031.25 34485.9375 29004.6875 26279.6875 27525 33665.625 33279.6875 32457.8125 29412.5 31929.6875 28446.875 27398.4375 29534.375 37598.4375 49335.9375 39420.3125 37676.5625 35220.3125 34146.875 35579.6875 38906.25 43817.1875 47403.125 44800 40498.4375 35453.125 33582.8125 33504.6875 33623.4375 33956.25 34104.6875 34693.75 35100 35492.1875 35943.75 36862.5 37178.125 37623.4375 39495.3125
15434.375 15678.125 15957.8125 17107.8125 18881.25 20596.875 23035.9375 28131.25 25171.875 23309.375 25512.5 26248.4375 21456.25 23575 25959.375 24087.5 23110.9375 23514.0625 28004.6875 33048.4375 32084.375 36014.0625 27768.75 26642.1875 27403.125 31778.125 30048.4375 27373.4375 31050 31778.125 27945.3125 27535.9375 29312.5 34812.5 42010.9375 34695.3125 32382.8125 33478.125 34048.4375 37546.875 41514.0625 43790.625 40342.1875 41864.0625 36432.8125 34101.5625 33843.75 33940.625 34257.8125 34732.8125 35345.3125 36204.6875 36787.5 37120.3125 38028.125 38754.6875 37676.5625 37712.5 40660.9375
17676.5625 16456.25 16068.75 16915.625 17970.3125 19139.0625 20807.8125 25207.8125 28006.25 23753.125 22762.5 22310.9375 22285.9375 24435.9375 26379.6875 23381.25 22475 22684.375 25276.5625 31710.9375 34218.75 32589.0625 29050 28232.8125 29231.25 27032.8125 25514.0625 27965.625 32814.0625 32917.1875 28025 27682.8125 30625 33615.625 36535.9375 32607.8125 30226.5625 31207.8125 34842.1875 40020.3125 45515.625 42876.5625 38400 36706.25 36020.3125 34984.375 35185.9375 35137.5 35454.6875 36353.125 37225 40646.875 40415.625 39646.875 39531.25 40382.8125 38428.125 38648.4375 44818.75
18596.875 17703.125 16378.125 16757.8125 17685.9375 18620.3125 19540.625 23345.3125 27482.8125 24165.625 22706.25 24564.0625 24007.8125 26337.5 23520.3125 21989.0625 21451.5625 22610.9375 26143.75 30857.8125 35112.5 34856.25 34134.375 30917.1875 27651.5625 26001.5625 26414.0625 29259.375 35107.8125 32967.1875 28459.375 27865.625 32907.8125 36196.875 39781.25 34420.3125 30032.8125 32850 36864.0625 41500 42057.8125 40000 39132.8125 40221.875 38193.75 37068.75 38075 37493.75 37570.3125 38421.875 40923.4375 49057.8125 45176.5625 42275 42982.8125 40273.4375 39396.875 43520.3125 61918.75
15429.6875 19853.125 17920.3125 16735.9375 17768.75 17982.8125 18350 21632.8125 24562.5 22671.875 22004.6875 24723.4375 24087.5 23803.125 22309.375 21732.8125 22023.4375 23856.25 30748.4375 34378.125 35581.25 35340.625 37834.375 29253.125 23971.875 26062.5 25726.5625 27670.3125 31270.3125 31064.0625 29273.4375 30353.125 36089.0625 37323.4375 33903.125 31478.125 31415.625 35096.875 41084.375 43050 41964.0625 41401.5625 42978.125 42976.5625 43468.75 43315.625 41235.9375 40109.375 40292.1875 42678.125 44073.4375 46056.25 49057.8125 46917.1875 43795.3125 42078.125 43545.3125 55354.6875 57853.125
15123.4375 17871.875 18270.3125 17482.8125 18423.4375 17868.75 17698.4375 19850 22864.0625 21126.5625 21501.5625 26548.4375 25831.25 23245.3125 22809.375 24129.6875 27648.4375 27145.3125 27453.125 28181.25 29151.5625 33037.5 32162.5 24535.9375 21743.75 24140.625 25621.875 30771.875 29378.125 29170.3125 30712.5 36062.5 40915.625 37457.8125 31865.625 33918.75 35287.5 35104.6875 39934.375 40284.375 40395.3125 41979.6875 43217.1875 44700 44290.625 42850 43704.6875 42878.125 44632.8125 49173.4375 48823.4375 49593.75 52279.6875 55710.9375 48520.3125 45298.4375 54785.9375 69345.3125 68648.4375
15328.125 17362.5 18065.625 17389.0625 17595.3125 17056.25 17243.75 18182.8125 22498.4375 20079.6875 21203.125 27850 29231.25 24132.8125 24982.8125 26256.25 33048.4375 28856.25 24607.8125 23484.375 24262.5 30887.5 28271.875 23948.4375 21418.75 24023.4375 28445.3125 39031.25 31362.5 29250 30760.9375 38042.1875 44282.8125 36904.6875 31346.875 40639.0625 40576.5625 39631.25 39307.8125 39090.625 40246.875 41348.4375 40846.875 47557.8125 47375 46801.5625 47809.375 47920.3125 48603.125 51126.5625 52184.375 57662.5 56031.25 50292.1875 48712.5 51603.125 61878.125 70193.75 65581.25
15795.3125 16860.9375 16684.375 16606.25 16785.9375 17000 17562.5 19509.375 22185.9375 20121.875 21456.25 29015.625 26851.5625 22915.625 21770.3125 24667.1875 31545.3125 34356.25 26309.375 22565.625 22018.75 25087.5 28671.875 28178.125 22121.875 20998.4375 28048.4375 34871.875 31682.8125 28029.6875 29917.1875 36939.0625 41265.625 38021.875 32262.5 40020.3125 42375 40665.625 41537.5 42192.1875 41509.375 42881.25 37771.875 42360.9375 47635.9375 45826.5625 45382.8125 46496.875 47204.6875 51604.6875 55520.3125 60610.9375 65470.3125 51796.875 47793.75 52096.875 55626.5625 63459.375 59071.875
15431.25 16489.0625 16614.0625 17387.5 17756.25 17704.6875 18610.9375 22843.75 25081.25 21175 25631.25 27434.375 23523.4375 20575 20390.625 22093.75 28403.125 30918.75 26037.5 22937.5 21485.9375 22173.4375 31175 34040.625 24621.875 20262.5 25262.5 26395.3125 28723.4375 27621.875 29817.1875 36518.75 43367.1875 35831.25 29975 32215.625 36600 36065.625 43267.1875 46593.75 39940.625 37414.0625 35375 35112.5 40884.375 45560.9375 42223.4375 40209.375 44768.75 54370.3125 60128.125 67943.75 60760.9375 49481.25 47656.25 49503.125 55890.625 59467.1875 52068.75
15806.25 17553.125 18198.4375 19529.6875 19248.4375 20514.0625 22082.8125 24779.6875 26328.125 24514.0625 27543.75 25310.9375 21276.5625 19735.9375 19593.75 19857.8125 21357.8125 22985.9375 25014.0625 23507.8125 21918.75 21178.125 27912.5 32978.125 28837.5 21801.5625 21356.25 24287.5 27528.125 28985.9375 31342.1875 39193.75 38400 32901.5625 29817.1875 29320.3125 28567.1875 33451.5625 40271.875 38009.375 34570.3125 33765.625 32562.5 31881.25 37123.4375 38107.8125 36431.25 39271.875 44787.5 51906.25 61835.9375 56859.375 49428.125 41823.4375 45371.875 48628.125 49454.6875 51087.5 52545.3125
14328.125 16796.875 18267.1875 17776.5625 19100 21292.1875 22870.3125 25200 27651.5625 28304.6875 26475 25748.4375 22303.125 19825 19248.4375 20075 20073.4375 21675 25046.875 26945.3125 22321.875 20412.5 22368.75 27795.3125 26940.625 23929.6875 19698.4375 22537.5 27548.4375 32885.9375 34125 34701.5625 27296.875 26868.75 30239.0625 25984.375 25178.125 32746.875 35723.4375 32326.5625 32121.875 30248.4375 29870.3125 29371.875 34750 35290.625 34676.5625 41992.1875 40225 45896.875 45704.6875 42418.75 37190.625 35973.4375 40771.875 44073.4375 44714.0625 47310.9375 47264.0625
11989.0625 13581.25 15523.4375 15504.6875 16582.8125 18957.8125 20250 21923.4375 23864.0625 25509.375 23846.875 18718.75 17962.5 20554.6875 20931.25 22623.4375 20756.25 21778.125 24242.1875 26762.5 22682.8125 19787.5 21721.875 24028.125 24173.4375 23087.5 21164.0625 20765.625 24609.375 33835.9375 31150 25329.6875 22875 26798.4375 25459.375 23143.75 23456.25 28135.9375 28410.9375 28651.5625 30234.375 28429.6875 27187.5 29882.8125 42679.6875 43001.5625 31570.3125 29957.8125 31278.125 34309.375 33009.375 32365.625 30795.3125 34548.4375 39070.3125 40992.1875 41481.25 42492.1875 43107.8125
12171.875 12460.9375 13351.5625 14112.5 15992.1875 19881.25 21481.25 19293.75 18920.3125 21751.5625 20676.5625 17382.8125 17225 20037.5 21839.0625 20301.5625 21268.75 23332.8125 26431.25 29879.6875 27087.5 20940.625 20387.5 20365.625 22682.8125 24084.375 24573.4375 20429.6875 20575 27587.5 24715.625 21312.5 26346.875 24692.1875 22545.3125 21356.25 23735.9375 25017.1875 24720.3125 26995.3125 28860.9375 28104.6875 24853.125 28946.875 40926.5625 42464.0625 38353.125 29962.5 26534.375 27231.25 26948.4375 29826.5625 32465.625 37757.8125 43689.0625 46329.6875 45156.25 46387.5 48162.5
12432.8125 12431.25 12339.0625 13932.8125 15968.75 19243.75 22492.1875 19415.625 17428.125 20746.875 19040.625 16945.3125 16370.3125 18135.9375 20095.3125 20559.375 22364.0625 25912.5 25784.375 28420.3125 22065.625 22328.125 21470.3125 18068.75 17860.9375 22565.625 28837.5 18978.125 17737.5 20590.625 20687.5 25273.4375 22590.625 20757.8125 20695.3125 25832.8125 31907.8125 28839.0625 24006.25 25053.125 25387.5 24553.125 23187.5 24434.375 28284.375 39381.25 39992.1875 30250 25259.375 25871.875 27101.5625 31392.1875 35195.3125 37671.875 47110.9375 46343.75 44243.75 46270.3125 51410.9375
13942.1875 12651.5625 11776.5625 13573.4375 15376.5625 17096.875 18400 17681.25 21028.125 22264.0625 18987.5 17543.75 16179.6875 17126.5625 18595.3125 20603.125 23784.375 22484.375 19485.9375 24503.125 19700 19201.5625 22195.3125 16982.8125 17229.6875 20584.375 32882.8125 18643.75 16375 17400 23446.875 24460.9375 19662.5 18246.875 23671.875 36859.375 39789.0625 29062.5 24717.1875 22315.625 22129.6875 22345.3125 21953.125 21376.5625 22159.375 28876.5625 28037.5 29501.5625 27381.25 27317.1875 28471.875 30540.625 32262.5 38546.875 41535.9375 43285.9375 44290.625 42637.5 43059.375
12456.25 11026.5625 12503.125 13595.3125 13300 16757.8125 16950 15584.375 19828.125 21093.75 18396.875 17710.9375 15893.75 17046.875 16384.375 19509.375 24448.4375 21121.875 16507.8125 22275 19625 17198.4375 23118.75 21237.5 21114.0625 20537.5 32235.9375 20071.875 16553.125 16259.375 22303.125 22600 18534.375 17379.6875 22081.25 30114.0625 36106.25 28432.8125 26967.1875 21345.3125 20462.5 20845.3125 20909.375 20635.9375 20135.9375 29264.0625 35973.4375 37350 36648.4375 34254.6875 37489.0625 37617.1875 38626.5625 43503.125 42076.5625 42245.3125 43460.9375 43018.75 41967.1875
10420.3125 10140.625 13040.625 13934.375 11628.125 13589.0625 14289.0625 13248.4375 14973.4375 15676.5625 18348.4375 16710.9375 14884.375 13931.25 14081.25 16887.5 20721.875 24006.25 16167.1875 21751.5625 19885.9375 17062.5 24129.6875 26942.1875 28031.25 24792.1875 35154.6875 22392.1875 17096.875 15326.5625 19281.25 20171.875 17982.8125 16437.5 19332.8125 23362.5 26112.5 22873.4375 22003.125 20017.1875 19128.125 19082.8125 19040.625 19517.1875 24509.375 44073.4375 46657.8125 46182.8125 43060.9375 43560.9375 46773.4375 41031.25 38507.8125 43614.0625 43203.125 42090.625 42393.75 42615.625 42367.1875
10631.25 9806.25 9776.5625 10840.625 10453.125 11468.75 12514.0625 11781.25 12915.625 14545.3125 18504.6875 17215.625 14989.0625 13825 15246.875 18489.0625 20026.5625 20146.875 14796.875 17756.25 19884.375 17271.875 20470.3125 22732.8125 30365.625 32240.625 36843.75 23332.8125 17829.6875 15376.5625 15612.5 16770.3125 16187.5 15364.0625 17145.3125 19412.5 18887.5 19018.75 19281.25 18673.4375 17532.8125 17821.875 19001.5625 21200 36614.0625 51870.3125 49984.375 46056.25 46381.25 46154.6875 44976.5625 41546.875 38887.5 40496.875 44785.9375 42800 41723.4375 42385.9375 43578.125
13014.0625 10407.8125 9579.6875 9629.6875 9790.625 10518.75 10803.125 11182.8125 13090.625 14089.0625 14965.625 15389.0625 15767.1875 16496.875 18087.5 19170.3125 19303.125 15521.875 14085.9375 20070.3125 17654.6875 18018.75 22757.8125 23392.1875 34462.5 45953.125 36454.6875 25746.875 18789.0625 17582.8125 18418.75 16678.125 14915.625 14996.875 15404.6875 17362.5 17742.1875 17798.4375 16875 17007.8125 20481.25 23287.5 24803.125 29510.9375 38626.5625 41378.125 38728.125 41301.5625 43973.4375 43475 44359.375 42970.3125 39901.5625 39003.125 44251.5625 44339.0625 41882.8125 41671.875 42467.1875
9748.4375 10601.5625 9551.5625 9715.625 9284.375 9465.625 10057.8125 10657.8125 11945.3125 13120.3125 15553.125 14953.125 14904.6875 17042.1875 20428.125 19629.6875 16682.8125 14509.375 14464.0625 17042.1875 14760.9375 16607.8125 23710.9375 27493.75 43831.25 50253.125 39387.5 27410.9375 18828.125 20062.5 20256.25 16600 15004.6875 14679.6875 15429.6875 15357.8125 16564.0625 17353.125 15968.75 20420.3125 27235.9375 40245.3125 40278.125 35525 34535.9375 37406.25 36135.9375 39209.375 43510.9375 44593.75 44731.25 43729.6875 41976.5625 40295.3125 43615.625 45504.6875 43454.6875 42198.4375 41995.3125
6204.6875 9532.8125 11767.1875 10371.875 9148.4375 9300 9773.4375 10129.6875 10751.5625 11031.25 12300 13448.4375 14768.75 16739.0625 16426.5625 16264.0625 15901.5625 15010.9375 15004.6875 14656.25 14262.5 16184.375 20506.25 31898.4375 48659.375 38306.25 37117.1875 31139.0625 18750 18103.125 17381.25 15756.25 15065.625 16007.8125 17810.9375 15831.25 15053.125 16806.25 16701.5625 20578.125 26859.375 42864.0625 37221.875 31432.8125 30815.625 32995.3125 33818.75 42031.25 44750 45596.875 45407.8125 43990.625 43278.125 44364.0625 48531.25 47014.0625 46448.4375 44362.5 43264.0625
5781.25 9854.6875 13468.75 14309.375 9420.3125 9250 9487.5 9746.875 9985.9375 10301.5625 10678.125 11978.125 17295.3125 23140.625 20481.25 19278.125 18856.25 19984.375 18970.3125 16751.5625 15100 14806.25 16967.1875 27221.875 36779.6875 30368.75 35834.375 27612.5 17835.9375 15550 14728.125 15312.5 15418.75 17445.3125 18039.0625 16451.5625 14789.0625 15273.4375 16182.8125 19176.5625 22234.375 27376.5625 32160.9375 27781.25 26898.4375 26954.6875 31868.75 39431.25 45109.375 46998.4375 46376.5625 44748.4375 43240.625 48910.9375 50385.9375 49512.5 48507.8125 46853.125 46448.4375
5256.25 7421.875 12176.5625 14526.5625 11346.875 9331.25 9303.125 9415.625 9996.875 10750 10860.9375 13048.4375 16700 26932.8125 32831.25 30098.4375 27943.75 26218.75 26039.0625 24934.375 19931.25 15281.25 13864.0625 17932.8125 22740.625 27987.5 30175 22973.4375 17304.6875 14009.375 14721.875 15701.5625 16609.375 19106.25 19243.75 17471.875 15965.625 14679.6875 15346.875 18517.1875 20464.0625 22360.9375 23810.9375 24004.6875 23498.4375 24870.3125 34887.5 48760.9375 47578.125 47782.8125 47737.5 45876.5625 43820.3125 47304.6875 51048.4375 53129.6875 50195.3125 47109.375 48193.75
