Cases/SDM_Urocitellus_beldingi/westernUsClimate_hadley2080a2/BIO12.asc
NCOLS 315 
NROWS 297 
XLLCORNER -124.741664802 
YLLCORNER 29.2083311801598 
CELLSIZE 0.066666670143822 
NODATA_value -3.4e+38 
[rows 0 to 26 of 297, columns 177 to 235 of 315]
40025 38228.5714285714 36923.2142857143 36194.6428571429 35619.6428571429 35258.9285714286 35473.2142857143 35414.2857142857 35241.0714285714 34417.8571428571 33432.1428571429 33308.9285714286 33326.7857142857 33176.7857142857 32976.7857142857 32683.9285714286 32355.3571428571 32348.2142857143 33657.1428571429 34526.7857142857 38939.2857142857 37592.8571428571 34337.5 34073.2142857143 33850 34264.2857142857 35414.2857142857 34944.6428571429 33689.2857142857 32941.0714285714 32314.2857142857 31916.0714285714 31725 31053.5714285714 29919.6428571429 29535.7142857143 29566.0714285714 29144.6428571429 29119.6428571429 29148.2142857143 29092.8571428571 29598.2142857143 29851.7857142857 30255.3571428571 30607.1428571429 31101.7857142857 31439.2857142857 31455.3571428571 31444.6428571429 31730.3571428571 32019.6428571429 32542.8571428571 32807.1428571429 33853.5714285714 34450 34837.5 35171.4285714286 35517.8571428571 36328.5714285714
39389.0625 37750 36854.6875 36520.3125 36309.375 35423.4375 34984.375 34360.9375 34231.25 33750 33401.5625 33485.9375 33470.3125 33312.5 32196.875 31684.375 31607.8125 32042.1875 33348.4375 34471.875 36621.875 37112.5 34818.75 36093.75 35370.3125 35635.9375 38476.5625 38701.5625 35107.8125 32889.0625 31818.75 30795.3125 30051.5625 29821.875 29639.0625 29301.5625 29470.3125 29139.0625 28842.1875 28400 28675 29135.9375 29673.4375 30342.1875 31006.25 31096.875 31310.9375 31671.875 31806.25 31740.625 31978.125 32346.875 32662.5 33301.5625 33840.625 34334.375 34726.5625 35650 36673.4375
40260.9375 38906.25 37264.0625 36020.3125 35473.4375 34818.75 34079.6875 33457.8125 33515.625 33537.5 33393.75 33442.1875 33645.3125 33628.125 31781.25 31145.3125 31432.8125 31900 32904.6875 32560.9375 32904.6875 33164.0625 34501.5625 38242.1875 36298.4375 36610.9375 40762.5 41665.625 36596.875 33523.4375 31451.5625 30568.75 29896.875 29101.5625 28734.375 28732.8125 28865.625 28893.75 28464.0625 28387.5 28440.625 28500 29212.5 30050 31253.125 32070.3125 31615.625 31264.0625 31509.375 32070.3125 32200 32296.875 32767.1875 33037.5 33603.125 34282.8125 34843.75 35726.5625 36621.875
39764.0625 38928.125 37670.3125 36926.5625 35426.5625 34135.9375 33295.3125 32876.5625 32375 32495.3125 32781.25 32165.625 31445.3125 31275 30200 30292.1875 30857.8125 31256.25 31400 31648.4375 31660.9375 31532.8125 32112.5 33104.6875 34221.875 34701.5625 34556.25 34190.625 33353.125 32895.3125 30995.3125 30045.3125 29407.8125 29050 28703.125 28631.25 28568.75 28592.1875 28734.375 28626.5625 28735.9375 28587.5 28990.625 29959.375 30643.75 31439.0625 31584.375 31578.125 31579.6875 31839.0625 32387.5 32831.25 33081.25 33243.75 33514.0625 34175 35123.4375 35871.875 35923.4375
39446.875 38326.5625 37245.3125 36246.875 35056.25 33714.0625 32706.25 32151.5625 31400 31237.5 31400 30639.0625 29612.5 29392.1875 29617.1875 29843.75 30418.75 30693.75 30760.9375 30979.6875 30732.8125 30709.375 30912.5 31826.5625 32526.5625 32545.3125 32582.8125 31909.375 30781.25 30712.5 30250 29657.8125 29164.0625 28948.4375 28843.75 28731.25 28926.5625 29003.125 29087.5 29190.625 28910.9375 28839.0625 28906.25 29650 30453.125 31364.0625 31565.625 31417.1875 31565.625 31689.0625 32262.5 33070.3125 33801.5625 33828.125 33610.9375 33929.6875 34992.1875 35764.0625 35571.875
39846.875 38501.5625 37128.125 36009.375 34956.25 34126.5625 33115.625 32162.5 31034.375 30643.75 30721.875 30095.3125 28775 28573.4375 29089.0625 29607.8125 30060.9375 30239.0625 30404.6875 30835.9375 30673.4375 30304.6875 30151.5625 30762.5 31404.6875 31809.375 31534.375 31120.3125 29981.25 30267.1875 30826.5625 30021.875 29534.375 29081.25 29215.625 29092.1875 29262.5 29592.1875 29165.625 29615.625 29512.5 29478.125 29460.9375 29712.5 29864.0625 30768.75 31575 32146.875 32268.75 32412.5 32498.4375 32731.25 33053.125 33585.9375 33940.625 33742.1875 34582.8125 34745.3125 34912.5
41045.3125 39490.625 38300 37017.1875 35535.9375 34471.875 33120.3125 31862.5 30851.5625 30257.8125 30704.6875 29582.8125 28603.125 28743.75 28848.4375 29118.75 29959.375 29940.625 30068.75 30075 30100 30195.3125 29970.3125 30485.9375 30878.125 31440.625 30757.8125 30537.5 29870.3125 29371.875 29628.125 29925 29220.3125 29412.5 29901.5625 29718.75 29789.0625 30134.375 29939.0625 29804.6875 30140.625 30506.25 30640.625 30703.125 30590.625 30815.625 30954.6875 31132.8125 31778.125 31971.875 32360.9375 32712.5 33298.4375 33757.8125 33793.75 33953.125 33945.3125 33742.1875 33637.5
44268.75 41846.875 39076.5625 36878.125 35651.5625 34059.375 33382.8125 32275 31185.9375 30017.1875 29465.625 29404.6875 29448.4375 29317.1875 29184.375 29157.8125 29440.625 29851.5625 29726.5625 29806.25 29831.25 30032.8125 29989.0625 29964.0625 30498.4375 31081.25 30528.125 30062.5 29567.1875 29053.125 29443.75 30062.5 29867.1875 29796.875 30096.875 30301.5625 30545.3125 30723.4375 30493.75 30437.5 30585.9375 30729.6875 31260.9375 31840.625 31660.9375 31464.0625 31525 32135.9375 33021.875 33517.1875 34498.4375 34959.375 35918.75 36046.875 36062.5 36350 36323.4375 35767.1875 34989.0625
44993.75 42153.125 39814.0625 37492.1875 36115.625 35040.625 33431.25 32037.5 31071.875 30098.4375 29371.875 29056.25 28504.6875 28342.1875 28575 28915.625 29082.8125 29629.6875 29909.375 30046.875 30231.25 30339.0625 30432.8125 30162.5 29979.6875 30309.375 30353.125 29982.8125 29493.75 29328.125 29871.875 29868.75 29946.875 30264.0625 30570.3125 31121.875 31046.875 31189.0625 31859.375 31515.625 31512.5 31478.125 31654.6875 32412.5 32396.875 31926.5625 32879.6875 34792.1875 36242.1875 36837.5 38856.25 37914.0625 37901.5625 38885.9375 38815.625 38659.375 37932.8125 37657.8125 36718.75
47504.6875 43845.3125 41007.8125 39078.125 38525 35707.8125 33684.375 32212.5 31398.4375 30546.875 29945.3125 29492.1875 29285.9375 29025 29034.375 29418.75 29320.3125 28948.4375 29276.5625 29476.5625 29889.0625 30410.9375 30489.0625 30592.1875 30425 29931.25 29860.9375 30128.125 29859.375 29578.125 29621.875 29993.75 30473.4375 30706.25 30776.5625 31257.8125 31798.4375 32078.125 32209.375 32367.1875 32493.75 32920.3125 32795.3125 32498.4375 32434.375 33306.25 35170.3125 38257.8125 40245.3125 40765.625 42539.0625 41381.25 41042.1875 41893.75 41009.375 39871.875 39932.8125 40250 39562.5
49326.5625 45290.625 42884.375 40281.25 37526.5625 35643.75 33843.75 32568.75 31582.8125 30978.125 30701.5625 30446.875 30235.9375 29948.4375 29854.6875 30014.0625 29728.125 29432.8125 30770.3125 31090.625 31137.5 31376.5625 31396.875 31476.5625 31020.3125 30532.8125 30015.625 29704.6875 30085.9375 30454.6875 30528.125 30362.5 30729.6875 31021.875 31396.875 31659.375 32185.9375 32578.125 32706.25 32887.5 33423.4375 33621.875 33329.6875 32917.1875 34306.25 36660.9375 38803.125 42481.25 44759.375 43690.625 45123.4375 43860.9375 44851.5625 44990.625 44454.6875 43584.375 42403.125 42596.875 42267.1875
54540.625 48470.3125 44764.0625 41798.4375 39056.25 36871.875 34906.25 33814.0625 33020.3125 32251.5625 31237.5 30723.4375 30156.25 29682.8125 29582.8125 29493.75 29528.125 29887.5 30423.4375 31009.375 31220.3125 31810.9375 32070.3125 32028.125 31428.125 30878.125 31265.625 31037.5 30760.9375 30528.125 30890.625 31175 31643.75 32162.5 32107.8125 32835.9375 33320.3125 33470.3125 33671.875 33801.5625 34165.625 34485.9375 34606.25 34293.75 35684.375 38865.625 43889.0625 45492.1875 47078.125 48517.1875 49457.8125 47907.8125 51745.3125 49154.6875 48745.3125 46995.3125 45503.125 47142.1875 45551.5625
57195.3125 50298.4375 45932.8125 43121.875 40517.1875 38612.5 36467.1875 34842.1875 33503.125 32231.25 32026.5625 31595.3125 30987.5 30154.6875 29598.4375 29598.4375 30064.0625 30251.5625 30298.4375 30781.25 31001.5625 31484.375 31753.125 31748.4375 31829.6875 31946.875 31943.75 32310.9375 32420.3125 32156.25 33117.1875 33234.375 34085.9375 34471.875 33637.5 34456.25 34604.6875 34842.1875 35145.3125 35679.6875 35753.125 35498.4375 35064.0625 35621.875 38257.8125 41385.9375 46353.125 49654.6875 55378.125 53823.4375 53093.75 49885.9375 50990.625 50407.8125 48068.75 45990.625 48482.8125 48925 44310.9375
59514.0625 58126.5625 53785.9375 45340.625 43148.4375 40254.6875 37895.3125 35934.375 35743.75 34478.125 33325 31535.9375 30648.4375 30364.0625 30535.9375 30551.5625 30301.5625 30068.75 30264.0625 30360.9375 30887.5 31650 31767.1875 32165.625 32625 33303.125 34223.4375 33548.4375 33560.9375 34085.9375 35184.375 35515.625 36007.8125 35137.5 35915.625 36312.5 36512.5 36468.75 36465.625 36412.5 35948.4375 35292.1875 35523.4375 37064.0625 39292.1875 41715.625 46339.0625 48959.375 50045.3125 50310.9375 49573.4375 52493.75 50535.9375 47803.125 46068.75 44226.5625 43482.8125 43717.1875 42435.9375
62734.375 61398.4375 57759.375 49959.375 44098.4375 40503.125 37789.0625 36510.9375 35065.625 33367.1875 32342.1875 31651.5625 30939.0625 30525 30379.6875 29825 29814.0625 30206.25 30267.1875 30409.375 31295.3125 31845.3125 32239.0625 33076.5625 33445.3125 34639.0625 34796.875 34646.875 35785.9375 36695.3125 36820.3125 37532.8125 37312.5 36370.3125 36506.25 37415.625 37439.0625 37579.6875 36920.3125 35967.1875 35445.3125 35506.25 36015.625 38320.3125 39887.5 41535.9375 42331.25 43254.6875 43992.1875 45515.625 45706.25 47093.75 47779.6875 47796.875 46310.9375 43931.25 42860.9375 41404.6875 41109.375
64492.1875 60618.75 59450 56359.375 44585.9375 40106.25 37137.5 34834.375 33864.0625 32153.125 30876.5625 30051.5625 29814.0625 29959.375 30059.375 29696.875 29834.375 30095.3125 30353.125 30765.625 31276.5625 31595.3125 31971.875 32868.75 33789.0625 34214.0625 35028.125 36060.9375 37189.0625 36862.5 36551.5625 37185.9375 38057.8125 37753.125 37015.625 36940.625 37493.75 37384.375 36482.8125 36492.1875 36996.875 37354.6875 36445.3125 37479.6875 38831.25 39448.4375 39351.5625 40365.625 41028.125 41989.0625 41646.875 43485.9375 43864.0625 44659.375 44737.5 42676.5625 42362.5 41628.125 39693.75
63085.9375 62800 56385.9375 54435.9375 46217.1875 41151.5625 38189.0625 35554.6875 34100 32803.125 31003.125 29864.0625 29514.0625 29431.25 29743.75 29757.8125 29700 29918.75 30226.5625 30639.0625 31193.75 31807.8125 32501.5625 33003.125 33735.9375 34226.5625 34621.875 35254.6875 35793.75 36387.5 36746.875 37125 37804.6875 38482.8125 38637.5 37850 37190.625 37740.625 38437.5 38606.25 39785.9375 39751.5625 38964.0625 36670.3125 37232.8125 37335.9375 38604.6875 39579.6875 40421.875 40178.125 39909.375 41564.0625 41878.125 42809.375 42078.125 41440.625 40773.4375 41698.4375 39521.875
58246.875 63306.25 59176.5625 57435.9375 47548.4375 41073.4375 38457.8125 36645.3125 34804.6875 32989.0625 30715.625 29639.0625 29139.0625 29026.5625 29757.8125 30256.25 30629.6875 30810.9375 31132.8125 31373.4375 32196.875 33132.8125 33895.3125 34500 35156.25 35696.875 36054.6875 36282.8125 36521.875 37043.75 38100 38670.3125 38745.3125 38570.3125 38359.375 38829.6875 39789.0625 41492.1875 42054.6875 41660.9375 41615.625 41568.75 39523.4375 37203.125 38889.0625 38165.625 37270.3125 37678.125 38401.5625 38632.8125 39340.625 40240.625 40256.25 42035.9375 42256.25 40785.9375 39853.125 39610.9375 38850
55009.375 61170.3125 62818.75 59481.25 47420.3125 41876.5625 38351.5625 35779.6875 33953.125 32510.9375 30920.3125 29754.6875 29107.8125 29632.8125 30603.125 30596.875 30506.25 30821.875 31334.375 31714.0625 32820.3125 34178.125 35151.5625 36015.625 36759.375 37181.25 37314.0625 37439.0625 38198.4375 38707.8125 38275 38598.4375 39306.25 40096.875 41250 43190.625 44639.0625 44810.9375 44484.375 43114.0625 42484.375 41081.25 39631.25 38992.1875 37804.6875 37034.375 38512.5 37126.5625 35825 35860.9375 37739.0625 38296.875 40351.5625 39025 38504.6875 39045.3125 39251.5625 38642.1875 38276.5625
53328.125 59439.0625 60634.375 57242.1875 45231.25 41303.125 38178.125 35948.4375 34025 32965.625 32839.0625 31603.125 29632.8125 29537.5 30290.625 30665.625 30546.875 30642.1875 30790.625 31590.625 32478.125 33625 34987.5 36187.5 37414.0625 37993.75 38348.4375 38701.5625 38448.4375 37914.0625 40123.4375 42064.0625 43290.625 44540.625 43246.875 45900 46882.8125 45234.375 44750 43075 41853.125 40571.875 39704.6875 39818.75 39250 38309.375 36098.4375 38490.625 37131.25 35935.9375 37323.4375 38354.6875 39173.4375 39581.25 41064.0625 41785.9375 41470.3125 40504.6875 40154.6875
55203.125 53670.3125 52656.25 50350 41950 38604.6875 36737.5 36956.25 36718.75 35846.875 34506.25 32620.3125 30965.625 30223.4375 30754.6875 31084.375 31253.125 31456.25 31342.1875 31370.3125 32685.9375 34282.8125 35537.5 36907.8125 37745.3125 38382.8125 38684.375 38467.1875 37554.6875 39509.375 42114.0625 44595.3125 46323.4375 46989.0625 46045.3125 45500 49831.25 47256.25 44540.625 43006.25 41834.375 40807.8125 40279.6875 39600 39615.625 39045.3125 36607.8125 39668.75 38648.4375 36903.125 39910.9375 40803.125 40601.5625 40632.8125 41051.5625 41685.9375 42018.75 41218.75 39868.75
55432.8125 56929.6875 52175 51695.3125 45876.5625 39735.9375 37070.3125 35196.875 34415.625 34368.75 34035.9375 33012.5 31939.0625 31310.9375 30901.5625 31203.125 31682.8125 31721.875 31887.5 31782.8125 32276.5625 33317.1875 34682.8125 35976.5625 37420.3125 37895.3125 38295.3125 38414.0625 38704.6875 40898.4375 42598.4375 46095.3125 48725 51782.8125 53001.5625 55148.4375 55246.875 47101.5625 45328.125 45492.1875 42132.8125 41785.9375 41120.3125 40675 40737.5 40354.6875 37398.4375 41964.0625 40718.75 38268.75 38478.125 41698.4375 42035.9375 41450 41542.1875 41701.5625 41839.0625 40725 39603.125
56209.375 59614.0625 58226.5625 55287.5 47835.9375 40278.125 37942.1875 35748.4375 34134.375 33015.625 32360.9375 31710.9375 31609.375 31267.1875 31010.9375 30818.75 31287.5 31228.125 32004.6875 32520.3125 33528.125 34110.9375 35260.9375 36435.9375 36682.8125 37887.5 38612.5 39660.9375 41265.625 42156.25 43653.125 46757.8125 51454.6875 56368.75 60585.9375 61648.4375 60832.8125 58718.75 52050 48229.6875 46575 42051.5625 41737.5 40562.5 39734.375 38932.8125 38840.625 41582.8125 39812.5 40360.9375 38854.6875 41385.9375 42598.4375 42701.5625 42343.75 42604.6875 42217.1875 40050 39115.625
58771.875 57201.5625 57900 51060.9375 44054.6875 41023.4375 38867.1875 36545.3125 35270.3125 34220.3125 33356.25 33164.0625 32231.25 31995.3125 32323.4375 32298.4375 33264.0625 33009.375 33328.125 33442.1875 33468.75 34275 35837.5 36870.3125 36889.0625 38109.375 38982.8125 40570.3125 42303.125 44034.375 44635.9375 47498.4375 53665.625 59123.4375 61625 61307.8125 62054.6875 58906.25 53306.25 50040.625 48292.1875 42626.5625 40126.5625 40506.25 41137.5 40492.1875 41867.1875 40904.6875 40168.75 40357.8125 40056.25 42706.25 43075 43904.6875 43537.5 44509.375 42882.8125 40564.0625 40278.125
61562.5 59512.5 59220.3125 51687.5 50443.75 46376.5625 41201.5625 38921.875 37756.25 36703.125 35932.8125 34779.6875 34548.4375 33612.5 33729.6875 32934.375 32634.375 32628.125 33107.8125 33548.4375 33992.1875 34726.5625 35914.0625 37887.5 38681.25 40235.9375 40387.5 42207.8125 44007.8125 45256.25 45554.6875 48526.5625 52235.9375 56118.75 59996.875 58895.3125 57757.8125 54221.875 49679.6875 46179.6875 43028.125 43560.9375 43320.3125 42064.0625 41468.75 41706.25 41129.6875 40228.125 40335.9375 40676.5625 42610.9375 44301.5625 45800 45601.5625 44834.375 45173.4375 44010.9375 43815.625 43348.4375
62421.875 62112.5 58650 54900 54881.25 51460.9375 46985.9375 41295.3125 39039.0625 37828.125 36164.0625 35176.5625 34471.875 35365.625 36725 35814.0625 35381.25 34593.75 34365.625 34081.25 34651.5625 35657.8125 36034.375 38342.1875 40067.1875 41990.625 42007.8125 43501.5625 45551.5625 46803.125 46382.8125 47806.25 50096.875 53518.75 54790.625 54242.1875 52179.6875 49646.875 47812.5 45920.3125 44831.25 44490.625 42867.1875 41990.625 41362.5 40831.25 40257.8125 40760.9375 39415.625 42579.6875 44457.8125 51096.875 50045.3125 46835.9375 46962.5 47760.9375 46714.0625 47185.9375 45617.1875
56643.75 57985.9375 59025 57137.5 53825 52221.875 48892.1875 48889.0625 41601.5625 37764.0625 35923.4375 34971.875 34182.8125 34415.625 36459.375 40571.875 38382.8125 35198.4375 34568.75 34673.4375 35254.6875 36032.8125 36343.75 37056.25 39682.8125 41423.4375 43243.75 44662.5 46279.6875 48020.3125 47598.4375 50953.125 51706.25 51734.375 52367.1875 51718.75 49989.0625 49175 48367.1875 46545.3125 45179.6875 43750 42871.875 42473.4375 41510.9375 40675 40421.875 40967.1875 40059.375 41214.0625 43551.5625 47409.375 48254.6875 48421.875 51348.4375 55342.1875 55320.3125 53595.3125 51862.5
