Cases/SDM_Urocitellus_beldingi/westernUsClimate_hadley2080a2/BIO14.asc
NCOLS 315 
NROWS 297 
XLLCORNER -124.741664802 
YLLCORNER 29.2083311801598 
CELLSIZE 0.066666670143822 
NODATA_value -3.4e+38 
[rows 90 to 119 of 297, columns 207 to 275 of 315]
3079.6875 3078.125 2864.0625 2828.125 2976.5625 3059.375 2998.4375 2773.4375 2587.5 2503.125 2417.1875 2370.3125 2339.0625 2332.8125 2271.875 2201.5625 2209.375 2293.75 2831.25 2943.75 3217.1875 3390.625 3510.9375 3550 3351.5625 3173.4375 2884.375 2332.8125 1560.9375 984.375 856.25 829.6875 829.6875 770.3125 696.875 659.375 604.6875 612.5 637.5 720.3125 715.625 798.4375 790.625 801.5625 793.75 806.25 821.875 842.1875 856.25 907.8125 979.6875 1064.0625 1187.5 1150 1106.25 1140.625 1153.125 1190.625 1201.5625 1221.875 1310.9375 1342.1875 1300 1300 1328.125 1393.75 1400 1404.6875 1423.4375
2940.625 2998.4375 2954.6875 2742.1875 2912.5 2971.875 2778.125 2589.0625 2475 2371.875 2337.5 2278.125 2240.625 2226.5625 2110.9375 1950 1918.75 1910.9375 2046.875 2550 2860.9375 2951.5625 3154.6875 3353.125 3489.0625 3465.625 2996.875 2893.75 2592.1875 1829.6875 1137.5 987.5 932.8125 926.5625 823.4375 770.3125 767.1875 735.9375 725 801.5625 795.3125 826.5625 865.625 851.5625 820.3125 870.3125 906.25 914.0625 900 923.4375 996.875 1171.875 1193.75 1098.4375 1062.5 1046.875 1112.5 1145.3125 1200 1210.9375 1231.25 1270.3125 1293.75 1300 1325 1348.4375 1357.8125 1392.1875 1395.3125
2865.625 2895.3125 2915.625 2679.6875 2785.9375 2800 2700 2496.875 2401.5625 2287.5 2254.6875 2198.4375 2125 2093.75 1965.625 1907.8125 1698.4375 1621.875 1657.8125 1776.5625 2109.375 2742.1875 2940.625 3115.625 3310.9375 3239.0625 3365.625 3203.125 2817.1875 2396.875 1789.0625 1212.5 1029.6875 954.6875 914.0625 910.9375 981.25 950 857.8125 801.5625 864.0625 964.0625 979.6875 940.625 920.3125 975 982.8125 956.25 932.8125 989.0625 1067.1875 1259.375 1482.8125 1525 1175 1110.9375 1109.375 1123.4375 1162.5 1162.5 1165.625 1212.5 1225 1259.375 1300 1304.6875 1335.9375 1304.6875 1320.3125
2754.6875 2814.0625 2945.3125 2643.75 2848.4375 2831.25 2603.125 2434.375 2340.625 2239.0625 2185.9375 2114.0625 2029.6875 1953.125 1853.125 1915.625 1725 1523.4375 1489.0625 1496.875 1571.875 2367.1875 2764.0625 2914.0625 2926.5625 3201.5625 3290.625 2975 2929.6875 2956.25 2565.625 1942.1875 1367.1875 1254.6875 1026.5625 1051.5625 1100 1081.25 917.1875 887.5 945.3125 1040.625 1354.6875 1346.875 1100 1162.5 1135.9375 1057.8125 1035.9375 1192.1875 1321.875 1448.4375 1625 1585.9375 1693.75 1493.75 1321.875 1225 1146.875 1167.1875 1154.6875 1192.1875 1245.3125 1253.125 1237.5 1276.5625 1279.6875 1429.6875 1554.6875
2707.8125 2776.5625 2906.25 2643.75 2812.5 2829.6875 2610.9375 2448.4375 2306.25 2218.75 2120.3125 2043.75 1928.125 1829.6875 1715.625 1773.4375 1634.375 1468.75 1410.9375 1476.5625 1440.625 1645.3125 2245.3125 2490.625 2642.1875 2762.5 3143.75 3256.25 2846.875 2782.8125 2585.9375 2337.5 2010.9375 1432.8125 1156.25 1151.5625 1176.5625 1123.4375 993.75 940.625 1006.25 1346.875 1554.6875 1468.75 1460.9375 1507.8125 1479.6875 1189.0625 1226.5625 1350 1376.5625 1415.625 1432.8125 1479.6875 1409.375 1434.375 1470.3125 1389.0625 1309.375 1360.9375 1359.375 1337.5 1256.25 1210.9375 1115.625 1151.5625 1321.875 1473.4375 1740.625
2603.125 2720.3125 2840.625 2640.625 2751.5625 2753.125 2506.25 2385.9375 2235.9375 2090.625 1985.9375 1920.3125 1840.625 1673.4375 1596.875 1601.5625 1440.625 1401.5625 1439.0625 1514.0625 1492.1875 1493.75 1660.9375 2010.9375 2425 2485.9375 2743.75 2939.0625 3034.375 3129.6875 2790.625 2542.1875 2314.0625 2001.5625 1495.3125 1392.1875 1406.25 1390.625 1125 1050 1354.6875 1456.25 1481.25 1412.5 1379.6875 1465.625 1285.9375 1256.25 1221.875 1162.5 1173.4375 1260.9375 1203.125 1332.8125 1184.375 1114.0625 1189.0625 1171.875 1103.125 1106.25 1154.6875 1210.9375 1292.1875 1164.0625 1103.125 1100 1262.5 1307.8125 1557.8125
2526.5625 2607.8125 2760.9375 2615.625 2701.5625 2712.5 2465.625 2290.625 2153.125 2026.5625 1892.1875 1784.375 1609.375 1504.6875 1426.5625 1446.875 1426.5625 1437.5 1515.625 1523.4375 1503.125 1501.5625 1504.6875 1625 2026.5625 2184.375 2314.0625 2395.3125 2471.875 2748.4375 2667.1875 2479.6875 2389.0625 2303.125 2054.6875 1709.375 1568.75 1512.5 1381.25 1459.375 1425 1384.375 1328.125 1303.125 1200 1242.1875 1175 1137.5 1090.625 1073.4375 1110.9375 1173.4375 1198.4375 1196.875 1101.5625 1073.4375 1040.625 1023.4375 1003.125 1012.5 1103.125 1165.625 1104.6875 1043.75 1082.8125 1115.625 1289.0625 1340.625 1453.125
2460.9375 2485.9375 2521.875 2565.625 2523.4375 2500 2362.5 2254.6875 2051.5625 1950 1835.9375 1709.375 1468.75 1364.0625 1348.4375 1360.9375 1393.75 1409.375 1489.0625 1500 1478.125 1473.4375 1490.625 1535.9375 1675 1959.375 2114.0625 2137.5 2156.25 2235.9375 2335.9375 2290.625 2242.1875 2165.625 2112.5 2046.875 1889.0625 1653.125 1526.5625 1509.375 1434.375 1389.0625 1317.1875 1231.25 1150 1120.3125 1112.5 1076.5625 1010.9375 1018.75 1126.5625 1200 1100 1075 1195.3125 1085.9375 1003.125 1007.8125 1015.625 1017.1875 1054.6875 1176.5625 1090.625 1167.1875 1220.3125 1298.4375 1390.625 1442.1875 1639.0625
2398.4375 2354.6875 2435.9375 2523.4375 2534.375 2298.4375 2434.375 2387.5 2096.875 1934.375 1800 1573.4375 1381.25 1343.75 1403.125 1323.4375 1303.125 1310.9375 1396.875 1387.5 1381.25 1387.5 1429.6875 1532.8125 1643.75 1620.3125 1768.75 1987.5 1989.0625 2023.4375 2064.0625 2046.875 2017.1875 1989.0625 1992.1875 2007.8125 1906.25 1767.1875 1659.375 1501.5625 1468.75 1539.0625 1443.75 1350 1339.0625 1275 1137.5 1185.9375 1126.5625 1100 1064.0625 1075 1059.375 1000 1021.875 1054.6875 1068.75 1146.875 1103.125 1089.0625 1029.6875 1114.0625 1332.8125 1518.75 1606.25 1598.4375 1562.5 1485.9375 1640.625
2218.75 2237.5 2278.125 2367.1875 2518.75 2260.9375 2273.4375 2392.1875 2051.5625 1856.25 1767.1875 1479.6875 1328.125 1376.5625 1387.5 1335.9375 1296.875 1254.6875 1226.5625 1198.4375 1228.125 1270.3125 1410.9375 1490.625 1556.25 1559.375 1668.75 1718.75 1821.875 1870.3125 1896.875 1900 1900 1900 1900 1898.4375 1892.1875 1806.25 1746.875 1576.5625 1428.125 1462.5 1471.875 1557.8125 1721.875 1634.375 1332.8125 1775 1785.9375 1585.9375 1301.5625 1176.5625 1096.875 1095.3125 1137.5 1148.4375 1182.8125 1189.0625 1140.625 1104.6875 1159.375 1451.5625 1542.1875 1592.1875 1706.25 1800 1845.3125 1643.75 1646.875
2162.5 2175 2328.125 2343.75 2454.6875 2171.875 2081.25 2084.375 2023.4375 1870.3125 1504.6875 1178.125 1281.25 1382.8125 1367.1875 1300 1192.1875 1117.1875 1098.4375 1082.8125 1065.625 1135.9375 1237.5 1310.9375 1437.5 1517.1875 1564.0625 1634.375 1707.8125 1746.875 1809.375 1840.625 1826.5625 1887.5 1856.25 1828.125 1729.6875 1684.375 1587.5 1500 1504.6875 1487.5 1459.375 1426.5625 1409.375 1371.875 1351.5625 1542.1875 1920.3125 1935.9375 1765.625 1264.0625 1196.875 1692.1875 1760.9375 1579.6875 1410.9375 1270.3125 1181.25 1165.625 1242.1875 1670.3125 1610.9375 1639.0625 1753.125 1775 1800 1798.4375 1793.75
2082.8125 2084.375 2237.5 2203.125 2343.75 2114.0625 2048.4375 2040.625 1775 1651.5625 1254.6875 1123.4375 1271.875 1268.75 1204.6875 1150 1071.875 1050 1017.1875 1000 1000 1032.8125 1148.4375 1228.125 1331.25 1367.1875 1460.9375 1554.6875 1607.8125 1704.6875 1781.25 1800 1740.625 1750 1700 1637.5 1568.75 1526.5625 1512.5 1498.4375 1450 1390.625 1353.125 1303.125 1317.1875 1403.125 1462.5 1481.25 1601.5625 1573.4375 1340.625 1243.75 1232.8125 1428.125 1760.9375 2051.5625 1782.8125 1406.25 1406.25 1354.6875 1248.4375 1357.8125 1520.3125 1706.25 1882.8125 2032.8125 1784.375 1746.875 1734.375
1967.1875 2026.5625 2125 2092.1875 2176.5625 1984.375 1915.625 1935.9375 1721.875 1487.5 1275 1046.875 1098.4375 1078.125 998.4375 1003.125 1020.3125 987.5 1010.9375 1001.5625 1000 1001.5625 1040.625 1157.8125 1279.6875 1303.125 1410.9375 1614.0625 1728.125 1715.625 1739.0625 1737.5 1646.875 1592.1875 1525 1470.3125 1409.375 1364.0625 1325 1301.5625 1225 1193.75 1200 1253.125 1281.25 1300 1339.0625 1382.8125 1548.4375 1587.5 1345.3125 1203.125 1200 1254.6875 1356.25 1421.875 1415.625 1560.9375 1925 1879.6875 1595.3125 1642.1875 1735.9375 1968.75 2198.4375 2490.625 2092.1875 1837.5 1850
1876.5625 1965.625 2078.125 1932.8125 1959.375 2048.4375 1820.3125 1809.375 1590.625 1304.6875 1132.8125 976.5625 929.6875 928.125 879.6875 865.625 875 909.375 978.125 990.625 971.875 979.6875 996.875 1057.8125 1151.5625 1301.5625 1479.6875 1553.125 1620.3125 1623.4375 1665.625 1665.625 1603.125 1534.375 1476.5625 1393.75 1353.125 1218.75 1181.25 1129.6875 1101.5625 1100 1084.375 1098.4375 1145.3125 1175 1187.5 1234.375 1264.0625 1267.1875 1339.0625 1214.0625 1200 1212.5 1245.3125 1326.5625 1462.5 1607.8125 1621.875 1614.0625 1509.375 1478.125 1704.6875 1807.8125 2101.5625 1953.125 1981.25 1767.1875 1750
1804.6875 1921.875 1995.3125 1834.375 1825 1971.875 1790.625 1779.6875 1582.8125 1250 1117.1875 1017.1875 843.75 773.4375 764.0625 776.5625 787.5 801.5625 868.75 909.375 900 900 993.75 1031.25 1215.625 1320.3125 1498.4375 1532.8125 1662.5 1645.3125 1648.4375 1606.25 1514.0625 1473.4375 1350 1225 1198.4375 1193.75 1137.5 1100 1078.125 1035.9375 1001.5625 1001.5625 1009.375 1046.875 1073.4375 1092.1875 1115.625 1153.125 1239.0625 1257.8125 1201.5625 1200 1207.8125 1293.75 1365.625 1521.875 1432.8125 1412.5 1439.0625 1418.75 1507.8125 1567.1875 1671.875 1620.3125 1589.0625 1595.3125 1639.0625
1751.5625 1882.8125 1960.9375 1829.6875 1796.875 1815.625 1710.9375 1651.5625 1468.75 1185.9375 1009.375 884.375 812.5 740.625 701.5625 701.5625 712.5 775 800 843.75 890.625 935.9375 996.875 1101.5625 1275 1268.75 1235.9375 1346.875 1535.9375 1635.9375 1503.125 1384.375 1285.9375 1231.25 1157.8125 1143.75 1117.1875 1085.9375 1034.375 1035.9375 995.3125 912.5 926.5625 953.125 993.75 1000 1001.5625 1025 1085.9375 1100 1132.8125 1165.625 1207.8125 1243.75 1431.25 1271.875 1375 1621.875 1515.625 1464.0625 1435.9375 1400 1492.1875 1485.9375 1596.875 1620.3125 1632.8125 1598.4375 1564.0625
1718.75 1804.6875 1859.375 1748.4375 1715.625 1667.1875 1656.25 1621.875 1442.1875 1165.625 995.3125 876.5625 800 789.0625 771.875 700 700 742.1875 800 820.3125 903.125 965.625 1037.5 1167.1875 1428.125 1260.9375 1165.625 1353.125 1496.875 1396.875 1320.3125 1248.4375 1198.4375 1135.9375 1100 1095.3125 1056.25 1014.0625 1000 989.0625 967.1875 937.5 946.875 937.5 956.25 948.4375 1007.8125 1067.1875 1100 1123.4375 1121.875 1184.375 1285.9375 1364.0625 1525 1412.5 1343.75 1589.0625 1414.0625 1404.6875 1401.5625 1434.375 1478.125 1537.5 1654.6875 1710.9375 1676.5625 1635.9375 1600
1678.125 1698.4375 1668.75 1632.8125 1665.625 1612.5 1607.8125 1557.8125 1350 1109.375 1003.125 901.5625 859.375 803.125 795.3125 756.25 715.625 743.75 800 862.5 979.6875 1000 1060.9375 1126.5625 1304.6875 1121.875 1160.9375 1312.5 1454.6875 1439.0625 1323.4375 1271.875 1257.8125 1254.6875 1173.4375 1115.625 1029.6875 1000 954.6875 900 903.125 907.8125 896.875 906.25 867.1875 895.3125 953.125 1142.1875 1170.3125 1200 1200 1206.25 1257.8125 1428.125 1493.75 1440.625 1429.6875 1370.3125 1404.6875 1467.1875 1456.25 1507.8125 1557.8125 1579.6875 1592.1875 1626.5625 1639.0625 1673.4375 1610.9375
1693.75 1717.1875 1675 1634.375 1628.125 1529.6875 1531.25 1375 1215.625 1084.375 1026.5625 912.5 871.875 800 800 807.8125 798.4375 779.6875 800 853.125 978.125 995.3125 1082.8125 1192.1875 1223.4375 1071.875 1182.8125 1173.4375 1310.9375 1400 1403.125 1221.875 1156.25 1228.125 1270.3125 1193.75 1076.5625 1012.5 964.0625 900 839.0625 820.3125 807.8125 823.4375 857.8125 892.1875 1050 1189.0625 1185.9375 1214.0625 1220.3125 1214.0625 1267.1875 1342.1875 1367.1875 1393.75 1387.5 1398.4375 1400 1410.9375 1473.4375 1520.3125 1546.875 1670.3125 1628.125 1623.4375 1670.3125 1732.8125 1676.5625
1709.375 1737.5 1701.5625 1645.3125 1618.75 1460.9375 1457.8125 1307.8125 1139.0625 1082.8125 1039.0625 945.3125 846.875 800 800 800 804.6875 801.5625 801.5625 851.5625 965.625 1015.625 1135.9375 1292.1875 1293.75 1032.8125 1143.75 1057.8125 1067.1875 1162.5 1129.6875 1148.4375 1106.25 1095.3125 1090.625 1139.0625 1082.8125 975 929.6875 942.1875 864.0625 817.1875 800 800 807.8125 862.5 1028.125 1181.25 1209.375 1240.625 1250 1287.5 1356.25 1396.875 1465.625 1521.875 1493.75 1478.125 1437.5 1426.5625 1454.6875 1482.8125 1498.4375 1537.5 1690.625 1834.375 1773.4375 1706.25 1681.25
1776.5625 1700 1632.8125 1573.4375 1553.125 1406.25 1423.4375 1246.875 1095.3125 1014.0625 948.4375 909.375 846.875 820.3125 803.125 800 800 800 865.625 865.625 898.4375 1035.9375 1168.75 1367.1875 1387.5 1009.375 1128.125 1021.875 1015.625 1031.25 1100 1210.9375 1079.6875 1056.25 1104.6875 1154.6875 1009.375 945.3125 968.75 993.75 1000 873.4375 851.5625 848.4375 804.6875 885.9375 1042.1875 1235.9375 1250 1310.9375 1309.375 1378.125 1426.5625 1556.25 1467.1875 1464.0625 1451.5625 1492.1875 1503.125 1496.875 1485.9375 1521.875 1500 1540.625 1829.6875 2360.9375 2417.1875 1848.4375 1893.75
1757.8125 1681.25 1615.625 1556.25 1450 1357.8125 1265.625 1167.1875 1076.5625 1001.5625 929.6875 898.4375 825 800 800 807.8125 804.6875 809.375 809.375 910.9375 934.375 968.75 1148.4375 1321.875 1178.125 1015.625 1089.0625 1057.8125 1092.1875 1064.0625 1176.5625 1203.125 1196.875 1017.1875 1062.5 1020.3125 931.25 1017.1875 1100 1139.0625 1134.375 1078.125 1007.8125 898.4375 884.375 893.75 1090.625 1250 1303.125 1334.375 1381.25 1431.25 1559.375 1485.9375 1423.4375 1400 1400 1410.9375 1428.125 1431.25 1509.375 1531.25 1521.875 1568.75 1745.3125 2093.75 2090.625 2145.3125 2340.625
1614.0625 1665.625 1579.6875 1514.0625 1406.25 1454.6875 1346.875 1179.6875 1095.3125 1026.5625 981.25 907.8125 903.125 907.8125 867.1875 823.4375 804.6875 829.6875 821.875 887.5 984.375 1031.25 968.75 1054.6875 1070.3125 1096.875 1168.75 1146.875 1145.3125 1092.1875 1334.375 1235.9375 1245.3125 1078.125 1009.375 995.3125 1026.5625 1054.6875 1181.25 1179.6875 1101.5625 1031.25 1025 976.5625 934.375 1034.375 1148.4375 1240.625 1284.375 1346.875 1360.9375 1459.375 1468.75 1634.375 1589.0625 1432.8125 1412.5 1454.6875 1535.9375 1525 1495.3125 1465.625 1473.4375 1593.75 1973.4375 2353.125 2203.125 2379.6875 2554.6875
1637.5 1623.4375 1560.9375 1506.25 1450 1415.625 1306.25 1178.125 1143.75 1084.375 1000 926.5625 990.625 1004.6875 946.875 892.1875 821.875 837.5 857.8125 865.625 981.25 1135.9375 1059.375 1045.3125 1137.5 1165.625 1387.5 1500 1375 1165.625 1229.6875 1285.9375 1256.25 1200 1225 1184.375 1101.5625 1081.25 1148.4375 1100 1125 1143.75 1050 1029.6875 1004.6875 1054.6875 1184.375 1212.5 1270.3125 1300 1318.75 1421.875 1428.125 1590.625 1626.5625 1579.6875 1606.25 1639.0625 1614.0625 1596.875 1517.1875 1526.5625 1535.9375 1667.1875 1915.625 2210.9375 2639.0625 2679.6875 2821.875
1671.875 1610.9375 1567.1875 1426.5625 1415.625 1387.5 1371.875 1345.3125 1251.5625 1093.75 1004.6875 996.875 1057.8125 1100 1034.375 932.8125 856.25 823.4375 846.875 873.4375 921.875 1062.5 968.75 1131.25 1193.75 1207.8125 1476.5625 1445.3125 1396.875 1185.9375 1300 1335.9375 1335.9375 1389.0625 1462.5 1378.125 1282.8125 1165.625 1118.75 1181.25 1164.0625 1090.625 1107.8125 1121.875 1131.25 1084.375 1132.8125 1200 1215.625 1203.125 1309.375 1426.5625 1493.75 1553.125 1596.875 1665.625 1671.875 1610.9375 1640.625 1603.125 1590.625 1603.125 1675 1718.75 1914.0625 2071.875 2357.8125 2814.0625 3067.1875
1532.8125 1557.8125 1509.375 1445.3125 1420.3125 1420.3125 1431.25 1370.3125 1251.5625 1168.75 1075 1057.8125 1101.5625 1070.3125 975 906.25 900 879.6875 882.8125 895.3125 885.9375 932.8125 996.875 1223.4375 1270.3125 1342.1875 1417.1875 1418.75 1334.375 1245.3125 1229.6875 1206.25 1287.5 1373.4375 1448.4375 1335.9375 1298.4375 1218.75 1200 1134.375 1095.3125 1090.625 1106.25 1182.8125 1204.6875 1195.3125 1200 1201.5625 1200 1207.8125 1340.625 1407.8125 1482.8125 1506.25 1548.4375 1637.5 1832.8125 1900 1914.0625 1814.0625 1671.875 1693.75 1701.5625 1767.1875 1871.875 2110.9375 2434.375 2685.9375 2979.6875
1500 1507.8125 1512.5 1485.9375 1428.125 1470.3125 1464.0625 1400 1384.375 1228.125 1146.875 1209.375 1156.25 1121.875 1095.3125 1139.0625 943.75 915.625 914.0625 878.125 848.4375 959.375 1098.4375 1350 1343.75 1334.375 1467.1875 1470.3125 1353.125 1343.75 1359.375 1276.5625 1325 1385.9375 1396.875 1326.5625 1273.4375 1201.5625 1204.6875 1153.125 1131.25 1103.125 1168.75 1195.3125 1245.3125 1281.25 1271.875 1206.25 1212.5 1259.375 1314.0625 1429.6875 1485.9375 1495.3125 1582.8125 1606.25 1910.9375 2075 2239.0625 2070.3125 1926.5625 1801.5625 1721.875 1809.375 1879.6875 2004.6875 2309.375 2551.5625 2798.4375
1507.8125 1510.9375 1520.3125 1496.875 1487.5 1529.6875 1501.5625 1443.75 1440.625 1415.625 1387.5 1371.875 1362.5 1303.125 1443.75 1307.8125 1095.3125 1154.6875 1165.625 926.5625 893.75 945.3125 1126.5625 1401.5625 1520.3125 1479.6875 1503.125 1525 1451.5625 1457.8125 1412.5 1371.875 1404.6875 1390.625 1315.625 1376.5625 1312.5 1293.75 1296.875 1282.8125 1214.0625 1173.4375 1187.5 1187.5 1196.875 1268.75 1315.625 1296.875 1273.4375 1289.0625 1314.0625 1401.5625 1512.5 1554.6875 1654.6875 1684.375 1829.6875 2134.375 2318.75 2315.625 2128.125 1998.4375 1989.0625 1990.625 1971.875 2159.375 2237.5 2454.6875 2762.5
1525 1521.875 1523.4375 1559.375 1617.1875 1634.375 1598.4375 1539.0625 1560.9375 1531.25 1518.75 1451.5625 1489.0625 1510.9375 1509.375 1282.8125 1076.5625 1118.75 1057.8125 918.75 900 943.75 1171.875 1437.5 1610.9375 1568.75 1378.125 1434.375 1492.1875 1492.1875 1476.5625 1403.125 1393.75 1365.625 1307.8125 1340.625 1350 1290.625 1287.5 1232.8125 1209.375 1225 1225 1256.25 1207.8125 1212.5 1273.4375 1289.0625 1300 1301.5625 1346.875 1406.25 1450 1439.0625 1570.3125 1679.6875 1729.6875 1876.5625 2171.875 2367.1875 2384.375 2242.1875 2206.25 2406.25 2367.1875 2293.75 2309.375 2479.6875 2728.125
1587.5 1589.0625 1660.9375 1695.3125 1721.875 1731.25 1726.5625 1728.125 1706.25 1696.875 1531.25 1428.125 1429.6875 1401.5625 1317.1875 1225 1117.1875 1006.25 962.5 942.1875 903.125 1032.8125 1204.6875 1312.5 1500 1314.0625 1307.8125 1428.125 1560.9375 1614.0625 1506.25 1432.8125 1389.0625 1318.75 1292.1875 1339.0625 1298.4375 1257.8125 1279.6875 1262.5 1287.5 1287.5 1254.6875 1232.8125 1262.5 1217.1875 1228.125 1298.4375 1300 1304.6875 1325 1360.9375 1403.125 1465.625 1570.3125 1601.5625 1679.6875 1770.3125 1885.9375 2126.5625 2265.625 2251.5625 2378.125 2557.8125 2548.4375 2525 2490.625 2542.1875 2709.375
