Cases/SDM_Urocitellus_beldingi/westernUsClimate_hadley2080a2/BIO14.asc
NCOLS 315 
NROWS 297 
XLLCORNER -124.741664802 
YLLCORNER 29.2083311801598 
CELLSIZE 0.066666670143822 
NODATA_value -3.4e+38 
[rows 60 to 89 of 297, columns 138 to 206 of 315]
2100 2145.3125 2251.5625 2393.75 2509.375 2334.375 2435.9375 2439.0625 2353.125 2639.0625 2385.9375 2085.9375 2018.75 2634.375 2365.625 2440.625 2565.625 2368.75 2303.125 2621.875 2717.1875 2631.25 2379.6875 1773.4375 2000 2262.5 2048.4375 1434.375 1012.5 1146.875 1445.3125 1848.4375 1489.0625 1092.1875 1029.6875 1217.1875 981.25 843.75 890.625 828.125 837.5 1529.6875 2456.25 2495.3125 2896.875 2132.8125 1318.75 1343.75 1950 2468.75 2545.3125 2723.4375 3375 2785.9375 3259.375 3706.25 3678.125 3195.3125 2831.25 3142.1875 3970.3125 4300 3935.9375 4057.8125 3973.4375 4196.875 4021.875 3956.25 4042.1875
2160.9375 2318.75 2401.5625 2378.125 2490.625 2470.3125 2331.25 2334.375 2485.9375 2562.5 2420.3125 2139.0625 1950 2239.0625 2290.625 2635.9375 2470.3125 2307.8125 2442.1875 2771.875 2728.125 2173.4375 1865.625 1456.25 2003.125 2395.3125 2032.8125 1432.8125 1032.8125 1543.75 1937.5 2178.125 1935.9375 1298.4375 1279.6875 1989.0625 1785.9375 975 1512.5 1601.5625 864.0625 1339.0625 2598.4375 2123.4375 2004.6875 2493.75 2684.375 1701.5625 2076.5625 2554.6875 3159.375 3354.6875 3114.0625 2884.375 3393.75 3779.6875 3742.1875 3364.0625 2982.8125 2973.4375 3659.375 4184.375 3739.0625 3798.4375 4076.5625 4170.3125 4014.0625 3846.875 4028.125
2118.75 2343.75 2471.875 2376.5625 2321.875 2401.5625 2290.625 2232.8125 2189.0625 2390.625 2176.5625 1939.0625 2514.0625 2618.75 2492.1875 2135.9375 2204.6875 2565.625 2721.875 2621.875 2543.75 2020.3125 1915.625 1489.0625 2290.625 2675 1737.5 1379.6875 1018.75 1137.5 1629.6875 2479.6875 2279.6875 1828.125 1551.5625 2207.8125 2496.875 1226.5625 1431.25 2282.8125 1431.25 862.5 1629.6875 2140.625 1548.4375 1864.0625 2425 2504.6875 2460.9375 2996.875 3254.6875 3554.6875 3031.25 2878.125 3406.25 3626.5625 3584.375 3410.9375 3067.1875 2851.5625 3046.875 3540.625 3596.875 3548.4375 3814.0625 3873.4375 3814.0625 3807.8125 4017.1875
2093.75 2387.5 2395.3125 2359.375 2448.4375 2314.0625 1998.4375 2215.625 2165.625 2071.875 2012.5 2340.625 2732.8125 2693.75 2479.6875 2359.375 2351.5625 2821.875 2509.375 2237.5 2159.375 1748.4375 1503.125 1445.3125 2457.8125 2932.8125 2143.75 1556.25 1587.5 996.875 998.4375 1484.375 2342.1875 2296.875 1596.875 2320.3125 2615.625 1782.8125 1835.9375 2434.375 2037.5 982.8125 935.9375 1520.3125 1434.375 1503.125 2356.25 2884.375 2867.1875 3123.4375 3401.5625 3331.25 2803.125 2875 3053.125 3145.3125 3235.9375 2937.5 2810.9375 2900 2931.25 3264.0625 3954.6875 3570.3125 3368.75 3409.375 3445.3125 3503.125 3709.375
2192.1875 2404.6875 2384.375 2346.875 2170.3125 2131.25 2325 2100 2106.25 2106.25 2309.375 2134.375 2296.875 2546.875 2553.125 2315.625 2657.8125 2668.75 2221.875 1979.6875 1935.9375 1512.5 1292.1875 1656.25 2054.6875 2948.4375 2417.1875 2182.8125 2443.75 1495.3125 1068.75 971.875 1203.125 1404.6875 2034.375 2221.875 2321.875 1896.875 2342.1875 2351.5625 1981.25 1910.9375 954.6875 1031.25 1471.875 1768.75 2087.5 2571.875 2870.3125 2745.3125 2651.5625 2573.4375 2709.375 2620.3125 2445.3125 2462.5 2401.5625 2646.875 2870.3125 2851.5625 2970.3125 3287.5 3815.625 3642.1875 3457.8125 3400 3429.6875 3492.1875 3573.4375
2148.4375 2373.4375 2425 2360.9375 2270.3125 2175 2267.1875 2284.375 2531.25 2328.125 2529.6875 2204.6875 2248.4375 2284.375 2439.0625 2767.1875 2729.6875 2575 2295.3125 1881.25 1529.6875 1420.3125 1215.625 1100 1204.6875 2053.125 2259.375 2532.8125 2823.4375 2189.0625 1718.75 1210.9375 1060.9375 1000 1128.125 1959.375 2321.875 2560.9375 2123.4375 2350 1731.25 1893.75 1962.5 1206.25 1293.75 1425 1982.8125 2270.3125 2243.75 2312.5 2407.8125 2360.9375 2325 2207.8125 2120.3125 2048.4375 2092.1875 2271.875 2473.4375 2918.75 3150 3021.875 3093.75 3376.5625 3575 3515.625 3509.375 3539.0625 3676.5625
2193.75 2243.75 2300 2134.375 2356.25 2412.5 2364.0625 2359.375 2464.0625 2687.5 2221.875 2431.25 2603.125 2579.6875 2437.5 2832.8125 2656.25 2142.1875 1734.375 1467.1875 1340.625 2015.625 1621.875 1065.625 900 957.8125 1298.4375 2584.375 2512.5 2804.6875 2731.25 1900 1596.875 1179.6875 1229.6875 1526.5625 2442.1875 2820.3125 2107.8125 1781.25 1985.9375 1909.375 2206.25 2196.875 2457.8125 2054.6875 2057.8125 2218.75 2268.75 2417.1875 2650 2462.5 2485.9375 2468.75 2873.4375 2948.4375 2454.6875 2893.75 2859.375 3032.8125 3351.5625 3346.875 3109.375 3195.3125 3440.625 3540.625 3676.5625 3787.5 3857.8125
2240.625 2153.125 2195.3125 2115.625 2265.625 2498.4375 2525 2470.3125 2553.125 2450 2490.625 2642.1875 2712.5 2742.1875 2687.5 2671.875 2459.375 2451.5625 1887.5 1415.625 1226.5625 1640.625 2021.875 1495.3125 1037.5 935.9375 962.5 1229.6875 2450 2646.875 2742.1875 2215.625 2475 1606.25 1514.0625 1575 1929.6875 2759.375 2400 1978.125 1943.75 2220.3125 2453.125 2807.8125 2903.125 2481.25 2382.8125 2420.3125 2389.0625 2300 2682.8125 2707.8125 2787.5 2770.3125 2373.4375 2512.5 2542.1875 2570.3125 2625 2726.5625 3140.625 3148.4375 3079.6875 3165.625 3317.1875 3584.375 3742.1875 3915.625 3929.6875
2134.375 2045.3125 2160.9375 2103.125 2301.5625 2401.5625 2259.375 2314.0625 2517.1875 2698.4375 2654.6875 2675 2665.625 2565.625 2645.3125 2695.3125 2754.6875 2739.0625 2323.4375 1542.1875 1264.0625 1339.0625 1853.125 2370.3125 1685.9375 1290.625 1015.625 1046.875 1457.8125 2196.875 2543.75 2442.1875 2509.375 2642.1875 1768.75 1739.0625 1831.25 2603.125 2870.3125 2520.3125 2509.375 2265.625 1978.125 2092.1875 2379.6875 2573.4375 2657.8125 2889.0625 2723.4375 2312.5 2228.125 2553.125 2542.1875 2221.875 2071.875 2064.0625 2098.4375 2171.875 2323.4375 2512.5 2692.1875 2812.5 2981.25 3126.5625 3253.125 3487.5 3679.6875 3851.5625 3920.3125
2065.625 2118.75 2143.75 2226.5625 2428.125 2118.75 2079.6875 2298.4375 2529.6875 2550 2496.875 2367.1875 2356.25 2545.3125 2662.5 2237.5 2460.9375 2773.4375 2089.0625 1675 1851.5625 1495.3125 1615.625 2642.1875 2715.625 1881.25 1321.875 1168.75 1250 1921.875 2490.625 2365.625 1945.3125 2525 2189.0625 1606.25 1653.125 1776.5625 2354.6875 2885.9375 3089.0625 2615.625 2228.125 1801.5625 1903.125 1995.3125 2139.0625 2475 2681.25 2414.0625 2087.5 2109.375 2156.25 2145.3125 2001.5625 2075 2178.125 2293.75 2392.1875 2570.3125 2692.1875 2825 2971.875 3035.9375 3234.375 3490.625 3684.375 3842.1875 3864.0625
2123.4375 2067.1875 2232.8125 2231.25 2235.9375 2376.5625 2159.375 2120.3125 2310.9375 2246.875 2339.0625 2476.5625 2264.0625 2562.5 2323.4375 2264.0625 2253.125 2628.125 1731.25 1837.5 2184.375 1720.3125 1496.875 2143.75 2990.625 2451.5625 1817.1875 1495.3125 1554.6875 1732.8125 1642.1875 1751.5625 1562.5 2009.375 2696.875 1918.75 1692.1875 1628.125 1704.6875 2320.3125 2732.8125 2496.875 2343.75 2107.8125 1775 1687.5 1532.8125 1493.75 1475 1603.125 1753.125 1893.75 1912.5 2001.5625 2000 2073.4375 2206.25 2365.625 2562.5 2695.3125 2620.3125 2742.1875 2901.5625 3025 3217.1875 3437.5 3579.6875 3643.75 3803.125
2032.8125 2117.1875 2185.9375 2071.875 2187.5 2382.8125 2268.75 2114.0625 1982.8125 2079.6875 2151.5625 2401.5625 2256.25 2250 2117.1875 2018.75 2051.5625 2154.6875 1709.375 1901.5625 1968.75 2218.75 1982.8125 1870.3125 2418.75 2514.0625 2370.3125 1812.5 1682.8125 2123.4375 1992.1875 1443.75 1331.25 1389.0625 2214.0625 2789.0625 2292.1875 1860.9375 1567.1875 1900 2660.9375 2081.25 1675 1657.8125 1626.5625 1545.3125 1306.25 1204.6875 1203.125 1284.375 1490.625 1776.5625 1884.375 1953.125 1995.3125 2050 2148.4375 2207.8125 2368.75 2560.9375 2679.6875 2750 2893.75 2903.125 3065.625 3348.4375 3407.8125 3379.6875 3489.0625
1962.5 2025 1931.25 1865.625 1893.75 2062.5 2395.3125 2556.25 2171.875 2060.9375 2578.125 2729.6875 2479.6875 2726.5625 2600 2512.5 2340.625 2198.4375 1943.75 1945.3125 1837.5 2104.6875 2323.4375 1840.625 1520.3125 2209.375 2990.625 2168.75 2170.3125 2078.125 1842.1875 1612.5 1385.9375 1301.5625 1387.5 2323.4375 2987.5 2228.125 1589.0625 1642.1875 2468.75 2260.9375 1629.6875 1339.0625 1335.9375 1235.9375 1200 1217.1875 1245.3125 1300 1440.625 1682.8125 1779.6875 1860.9375 1921.875 1973.4375 2051.5625 2125 2204.6875 2320.3125 2571.875 2745.3125 2846.875 2821.875 2934.375 3176.5625 3264.0625 3204.6875 3248.4375
1782.8125 1732.8125 1767.1875 1968.75 2276.5625 1996.875 2095.3125 2632.8125 2501.5625 2117.1875 2232.8125 2564.0625 2609.375 3067.1875 3010.9375 2589.0625 2157.8125 2348.4375 2203.125 2025 2321.875 2518.75 2185.9375 1578.125 1393.75 1771.875 3323.4375 2860.9375 2964.0625 2434.375 2243.75 1598.4375 1590.625 1639.0625 1264.0625 1718.75 2732.8125 2526.5625 1887.5 1414.0625 1528.125 1992.1875 1621.875 1267.1875 1220.3125 1231.25 1281.25 1334.375 1373.4375 1451.5625 1557.8125 1626.5625 1717.1875 1806.25 1892.1875 1948.4375 2021.875 2110.9375 2182.8125 2218.75 2285.9375 2384.375 2570.3125 2693.75 2810.9375 2978.125 3142.1875 3132.8125 3200
1748.4375 1976.5625 2098.4375 2054.6875 2115.625 2235.9375 2293.75 2648.4375 2787.5 2356.25 2093.75 2378.125 2740.625 3012.5 2982.8125 2539.0625 2350 2929.6875 2517.1875 2275 2570.3125 2740.625 2029.6875 1557.8125 1484.375 1329.6875 1814.0625 2584.375 2970.3125 3182.8125 2568.75 1845.3125 2059.375 1568.75 1245.3125 1320.3125 2118.75 2589.0625 2265.625 1410.9375 1271.875 1309.375 1301.5625 1203.125 1200 1253.125 1321.875 1400 1492.1875 1567.1875 1600 1601.5625 1685.9375 1817.1875 1901.5625 1914.0625 1937.5 2043.75 2107.8125 2187.5 2281.25 2423.4375 2575 2662.5 2810.9375 2968.75 3135.9375 3218.75 3315.625
1704.6875 1743.75 2125 2031.25 1925 2312.5 2590.625 2582.8125 2798.4375 2529.6875 2121.875 2387.5 2821.875 2812.5 2815.625 2498.4375 2726.5625 3007.8125 2887.5 2704.6875 2601.5625 2162.5 1985.9375 2240.625 2084.375 1459.375 1331.25 1392.1875 1703.125 2387.5 2826.5625 1884.375 2485.9375 2276.5625 1368.75 1200 1275 1739.0625 2637.5 1656.25 1228.125 1185.9375 1146.875 1131.25 1200 1242.1875 1312.5 1432.8125 1500 1565.625 1673.4375 1687.5 1721.875 1793.75 1806.25 1823.4375 1876.5625 1979.6875 2071.875 2176.5625 2337.5 2503.125 2639.0625 2796.875 2942.1875 3082.8125 3246.875 3406.25 3453.125
1576.5625 1598.4375 1771.875 1975 2039.0625 2229.6875 2471.875 2454.6875 2731.25 2546.875 2235.9375 2232.8125 2584.375 2834.375 2821.875 3173.4375 2946.875 3054.6875 2746.875 2825 2331.25 2248.4375 2420.3125 2359.375 2385.9375 2315.625 2200 2260.9375 1518.75 1326.5625 1423.4375 1365.625 1875 2734.375 1626.5625 1245.3125 1210.9375 1387.5 2078.125 1867.1875 1215.625 1101.5625 1100 1103.125 1200 1248.4375 1318.75 1401.5625 1500 1587.5 1625 1692.1875 1700 1746.875 1776.5625 1810.9375 1898.4375 2009.375 2104.6875 2254.6875 2445.3125 2612.5 2784.375 2967.1875 3059.375 3145.3125 3320.3125 3498.4375 3657.8125
1521.875 1678.125 1665.625 1723.4375 1765.625 1790.625 2118.75 2201.5625 2582.8125 2632.8125 2654.6875 2523.4375 2776.5625 2431.25 2818.75 2978.125 2539.0625 2753.125 2868.75 2735.9375 2720.3125 2662.5 2923.4375 2875 2185.9375 2304.6875 2920.3125 2850 1818.75 1520.3125 1387.5 1315.625 1367.1875 2114.0625 1978.125 1328.125 1243.75 1200 1203.125 1228.125 1181.25 1100 1100 1112.5 1200 1270.3125 1345.3125 1426.5625 1514.0625 1600 1600 1646.875 1700 1710.9375 1785.9375 1825 1926.5625 2045.3125 2168.75 2371.875 2603.125 2746.875 3035.9375 3148.4375 3095.3125 3139.0625 3257.8125 3404.6875 3570.3125
1479.6875 1514.0625 1679.6875 2114.0625 2092.1875 1884.375 1964.0625 2448.4375 2328.125 2296.875 2707.8125 2601.5625 2668.75 2729.6875 2262.5 2245.3125 2082.8125 2193.75 2471.875 2554.6875 3167.1875 3101.5625 3432.8125 2993.75 2387.5 2685.9375 2600 2003.125 2064.0625 2028.125 1667.1875 1467.1875 1321.875 1725 2296.875 1665.625 2059.375 1282.8125 1200 1175 1109.375 1100 1112.5 1164.0625 1220.3125 1303.125 1398.4375 1473.4375 1500 1521.875 1584.375 1600 1645.3125 1715.625 1754.6875 1812.5 1970.3125 2118.75 2260.9375 2537.5 2743.75 2895.3125 3357.8125 3245.3125 3048.4375 3073.4375 3145.3125 3264.0625 3532.8125
1781.25 1751.5625 1950 1798.4375 1854.6875 2160.9375 2351.5625 2525 2573.4375 2073.4375 2554.6875 2273.4375 2560.9375 2660.9375 2589.0625 2550 2254.6875 1853.125 2087.5 2443.75 2645.3125 3043.75 2692.1875 2742.1875 2823.4375 3260.9375 2731.25 1951.5625 1698.4375 1645.3125 1678.125 1767.1875 1375 1615.625 1504.6875 1626.5625 1962.5 1314.0625 1200 1200 1200 1187.5 1198.4375 1240.625 1301.5625 1376.5625 1435.9375 1500 1500 1500 1534.375 1598.4375 1603.125 1696.875 1743.75 1812.5 1917.1875 2142.1875 2381.25 2721.875 2885.9375 3104.6875 3404.6875 3350 3104.6875 3000 3043.75 3270.3125 3865.625
2082.8125 2143.75 1809.375 1567.1875 1484.375 1610.9375 1732.8125 2245.3125 2057.8125 1823.4375 1915.625 2179.6875 2556.25 2593.75 2312.5 2212.5 2200 2014.0625 1943.75 2195.3125 2285.9375 2531.25 2123.4375 2351.5625 2778.125 3012.5 2357.8125 1929.6875 1885.9375 1776.5625 1660.9375 1440.625 1400 1453.125 1456.25 1557.8125 1382.8125 1276.5625 1203.125 1200 1200 1239.0625 1282.8125 1345.3125 1410.9375 1462.5 1553.125 1587.5 1587.5 1595.3125 1584.375 1587.5 1600 1729.6875 1818.75 1896.875 1996.875 2153.125 2507.8125 2687.5 2881.25 3087.5 3395.3125 3482.8125 3371.875 3093.75 3106.25 3479.6875 3929.6875
1748.4375 1964.0625 2021.875 1503.125 1406.25 1729.6875 1795.3125 1906.25 1976.5625 2057.8125 1921.875 1942.1875 2276.5625 2345.3125 2409.375 2350 1973.4375 1768.75 1725 2168.75 2143.75 2000 2035.9375 2185.9375 2040.625 2385.9375 2290.625 2125 2125 1751.5625 1587.5 1493.75 1451.5625 1410.9375 1400 1400 1334.375 1300 1234.375 1226.5625 1284.375 1315.625 1378.125 1434.375 1523.4375 1581.25 1589.0625 1610.9375 1600 1603.125 1592.1875 1593.75 1660.9375 1725 1831.25 1965.625 2075 2196.875 2382.8125 2471.875 2589.0625 2775 3275 3239.0625 3287.5 3253.125 3256.25 3465.625 3857.8125
1420.3125 1512.5 1596.875 1354.6875 1632.8125 1815.625 1932.8125 2251.5625 2446.875 2560.9375 1970.3125 2123.4375 2053.125 1925 2232.8125 2187.5 2148.4375 1770.3125 1620.3125 2007.8125 2159.375 1946.875 1775 1837.5 1882.8125 1907.8125 1848.4375 2253.125 2215.625 1785.9375 1629.6875 1584.375 1532.8125 1504.6875 1471.875 1409.375 1382.8125 1323.4375 1303.125 1300 1329.6875 1412.5 1498.4375 1570.3125 1584.375 1585.9375 1600 1598.4375 1600 1600 1600 1600 1676.5625 1720.3125 1835.9375 2042.1875 2128.125 2251.5625 2540.625 2764.0625 2754.6875 2739.0625 2943.75 3223.4375 3385.9375 3401.5625 3615.625 3631.25 3745.3125
1504.6875 1520.3125 1273.4375 1187.5 1482.8125 1600 1606.25 1764.0625 1807.8125 1750 1631.25 1687.5 1984.375 1801.5625 1721.875 1928.125 1717.1875 1635.9375 1671.875 1515.625 1887.5 2107.8125 1706.25 1859.375 1896.875 1826.5625 1853.125 1884.375 1960.9375 1818.75 1750 1687.5 1604.6875 1573.4375 1550 1482.8125 1420.3125 1434.375 1396.875 1395.3125 1406.25 1437.5 1453.125 1487.5 1482.8125 1531.25 1535.9375 1528.125 1565.625 1581.25 1600 1600 1665.625 1717.1875 1912.5 2134.375 2148.4375 2309.375 2592.1875 2926.5625 3050 2871.875 2895.3125 2946.875 3217.1875 3518.75 3503.125 3642.1875 3532.8125
1306.25 1207.8125 1181.25 1385.9375 1440.625 1507.8125 1575 1525 1417.1875 1378.125 1406.25 1400 1393.75 1378.125 1409.375 1470.3125 1510.9375 1418.75 1353.125 1345.3125 1431.25 1796.875 1771.875 1600 1721.875 1575 1656.25 1665.625 1771.875 1800 1782.8125 1701.5625 1642.1875 1600 1601.5625 1556.25 1500 1609.375 1514.0625 1506.25 1457.8125 1404.6875 1400 1407.8125 1400 1457.8125 1500 1500 1503.125 1562.5 1600 1600 1701.5625 1862.5 2132.8125 2365.625 2253.125 2473.4375 2660.9375 2853.125 2890.625 3023.4375 3248.4375 3212.5 3118.75 3385.9375 3631.25 3440.625 3487.5
1146.875 1237.5 1331.25 1389.0625 1381.25 1342.1875 1315.625 1301.5625 1303.125 1307.8125 1303.125 1317.1875 1300 1300 1350 1290.625 1210.9375 1262.5 1315.625 1370.3125 1417.1875 1414.0625 1425 1389.0625 1340.625 1403.125 1439.0625 1528.125 1642.1875 1729.6875 1739.0625 1700 1685.9375 1612.5 1600 1600 1592.1875 1615.625 1614.0625 1496.875 1409.375 1400 1400 1400 1400 1400 1435.9375 1500 1500 1537.5 1600 1640.625 1895.3125 2201.5625 2501.5625 2603.125 2390.625 2603.125 2792.1875 2970.3125 3073.4375 3135.9375 3367.1875 3281.25 3250 3129.6875 3193.75 3439.0625 3515.625
1165.625 1578.125 1648.4375 1520.3125 1445.3125 1420.3125 1373.4375 1362.5 1420.3125 1428.125 1375 1335.9375 1490.625 1423.4375 1501.5625 1521.875 1375 1171.875 1245.3125 1253.125 1271.875 1315.625 1251.5625 1265.625 1300 1337.5 1370.3125 1451.5625 1539.0625 1571.875 1615.625 1681.25 1698.4375 1667.1875 1637.5 1653.125 1659.375 1662.5 1595.3125 1496.875 1415.625 1400 1400 1400 1400 1400 1468.75 1562.5 1567.1875 1645.3125 1679.6875 1839.0625 1929.6875 2118.75 2670.3125 2717.1875 2553.125 2762.5 2754.6875 2881.25 3037.5 3125 3203.125 3325 3284.375 3259.375 3068.75 3229.6875 3396.875
931.25 1145.3125 1337.5 1379.6875 1378.125 1348.4375 1325 1370.3125 1360.9375 1395.3125 1410.9375 1393.75 1479.6875 1448.4375 1515.625 1428.125 1309.375 1150 1110.9375 1139.0625 1115.625 1142.1875 1178.125 1207.8125 1275 1310.9375 1300 1343.75 1395.3125 1426.5625 1512.5 1553.125 1645.3125 1662.5 1700 1742.1875 1770.3125 1710.9375 1559.375 1526.5625 1437.5 1437.5 1437.5 1451.5625 1506.25 1565.625 1600 1606.25 1684.375 1734.375 1851.5625 2248.4375 2242.1875 2231.25 2476.5625 2745.3125 2739.0625 2831.25 2889.0625 2875 2932.8125 3050 3125 3154.6875 3203.125 3167.1875 3117.1875 3028.125 3129.6875
753.125 792.1875 868.75 942.1875 985.9375 1010.9375 1039.0625 1057.8125 1018.75 965.625 928.125 975 1004.6875 948.4375 950 989.0625 1035.9375 1050 1021.875 1068.75 1101.5625 1081.25 1103.125 1167.1875 1207.8125 1259.375 1281.25 1285.9375 1300 1321.875 1406.25 1554.6875 1603.125 1610.9375 1684.375 1714.0625 1785.9375 1721.875 1612.5 1596.875 1506.25 1500 1520.3125 1585.9375 1600 1623.4375 1656.25 1746.875 1850 1970.3125 2028.125 2217.1875 2426.5625 2432.8125 2428.125 2587.5 2818.75 2800 2825 2923.4375 2943.75 2917.1875 3053.125 3239.0625 3157.8125 3184.375 3206.25 3015.625 3082.8125
692.1875 700 717.1875 751.5625 706.25 706.25 714.0625 704.6875 693.75 701.5625 726.5625 668.75 659.375 645.3125 668.75 723.4375 764.0625 839.0625 914.0625 950 985.9375 1001.5625 1062.5 1103.125 1139.0625 1196.875 1237.5 1209.375 1250 1300 1431.25 1540.625 1604.6875 1632.8125 1715.625 1796.875 1817.1875 1731.25 1639.0625 1600 1556.25 1562.5 1587.5 1600 1614.0625 1685.9375 1726.5625 1785.9375 1875 2100 2287.5 2370.3125 2437.5 2375 2512.5 2651.5625 2762.5 2735.9375 2804.6875 2854.6875 2890.625 2900 2920.3125 3087.5 3117.1875 3062.5 2993.75 2909.375 3017.1875
