Cases/SDM_Urocitellus_beldingi/westernUsClimate_hadley2080a2/BIO17.asc
NCOLS 315 
NROWS 297 
XLLCORNER -124.741664802 
YLLCORNER 29.2083311801598 
CELLSIZE 0.066666670143822 
NODATA_value -3.4e+38 
[rows 112 to 139 of 297, columns 64 to 127 of 315]
2418.75 2928.125 3846.875 3567.1875 2623.4375 2390.625 2526.5625 2926.5625 3985.9375 3353.125 3268.75 3384.375 3856.25 3973.4375 3725 3490.625 3417.1875 3553.125 3920.3125 4039.0625 3801.5625 3984.375 5157.8125 4556.25 3520.3125 3007.8125 3040.625 3645.3125 2956.25 2912.5 3125 2975 3021.875 2990.625 2940.625 2951.5625 3498.4375 3135.9375 3092.1875 3103.125 3367.1875 5089.0625 5621.875 3629.6875 3364.0625 3520.3125 4109.375 4537.5 4346.875 4112.5 4109.375 4170.3125 4325 4398.4375 4596.875 4637.5 4728.125 4935.9375 4895.3125 5240.625 5550 5414.0625 5803.125 5632.8125
2592.1875 2968.75 3521.875 4043.75 3168.75 2543.75 2523.4375 2973.4375 3651.5625 3490.625 3425 3440.625 3795.3125 3673.4375 3570.3125 3484.375 3518.75 3715.625 3790.625 3484.375 3331.25 4014.0625 4928.125 4070.3125 3003.125 2835.9375 2912.5 2901.5625 2939.0625 2981.25 3615.625 3148.4375 3082.8125 3000 3000 3000 3098.4375 3021.875 3034.375 3100 3692.1875 5932.8125 4731.25 3529.6875 3373.4375 3420.3125 3596.875 3807.8125 3750 3762.5 3834.375 4353.125 4731.25 4609.375 4921.875 4865.625 4948.4375 5223.4375 5615.625 6282.8125 6539.0625 6029.6875 6284.375 5884.375
2782.8125 3282.8125 3829.6875 4867.1875 4037.5 2687.5 2606.25 3245.3125 3815.625 3556.25 3606.25 3632.8125 3645.3125 3823.4375 3740.625 3592.1875 3504.6875 3860.9375 3254.6875 2950 3954.6875 4096.875 4496.875 3407.8125 2935.9375 2962.5 2895.3125 2853.125 2857.8125 3381.25 4607.8125 4070.3125 3439.0625 3007.8125 3000 3000 3046.875 3293.75 3200 3226.5625 3579.6875 4806.25 4339.0625 3384.375 3309.375 3792.1875 3798.4375 3439.0625 3556.25 3704.6875 3995.3125 4903.125 5660.9375 5220.3125 5310.9375 5206.25 5270.3125 5817.1875 5906.25 5871.875 6342.1875 6971.875 7381.25 6881.25
2900 3385.9375 3746.875 4592.1875 4700 2901.5625 2723.4375 3423.4375 4337.5 4114.0625 4067.1875 3562.5 3807.8125 3931.25 3978.125 3854.6875 3709.375 3384.375 3176.5625 2962.5 3946.875 4531.25 3689.0625 3125 2921.875 2940.625 2810.9375 2876.5625 2923.4375 3959.375 5325 5114.0625 3393.75 3087.5 3120.3125 3175 3426.5625 3879.6875 3176.5625 3165.625 4043.75 3643.75 3364.0625 3250 3303.125 3887.5 3810.9375 3575 3820.3125 4264.0625 4195.3125 4979.6875 6428.125 6215.625 5982.8125 6135.9375 5526.5625 4998.4375 5104.6875 5457.8125 6020.3125 7157.8125 6932.8125 6281.25
2914.0625 3325 3375 4106.25 4770.3125 3759.375 2725 3171.875 4264.0625 3864.0625 3639.0625 3634.375 3804.6875 3618.75 3457.8125 3545.3125 3814.0625 3401.5625 3689.0625 3003.125 3070.3125 4062.5 3379.6875 3007.8125 2851.5625 2862.5 2862.5 2895.3125 3800 4460.9375 4289.0625 3915.625 3200 3162.5 3176.5625 3200 3567.1875 3864.0625 3162.5 3218.75 4506.25 3704.6875 3257.8125 3301.5625 3432.8125 4365.625 3679.6875 4278.125 4304.6875 3956.25 3989.0625 4525 5701.5625 6748.4375 6037.5 5268.75 4760.9375 4778.125 5078.125 5198.4375 5453.125 6209.375 6542.1875 5795.3125
3354.6875 3239.0625 3743.75 4340.625 4712.5 4153.125 3010.9375 2921.875 3776.5625 3337.5 3632.8125 3989.0625 3728.125 3570.3125 3487.5 3870.3125 3887.5 3684.375 4448.4375 3376.5625 2890.625 3028.125 3234.375 2890.625 2875 2937.5 2937.5 2978.125 4457.8125 3801.5625 3221.875 3204.6875 3200 3200 3200 3204.6875 3710.9375 4029.6875 3240.625 3253.125 4498.4375 3709.375 3329.6875 3376.5625 3692.1875 4371.875 4248.4375 5832.8125 4259.375 3667.1875 3815.625 4156.25 4643.75 4453.125 4659.375 4582.8125 4657.8125 5079.6875 5506.25 5385.9375 5479.6875 5835.9375 6779.6875 6795.3125
3629.6875 3462.5 3921.875 4253.125 4945.3125 4214.0625 3882.8125 3507.8125 2967.1875 3217.1875 3767.1875 3859.375 3768.75 3696.875 3803.125 4573.4375 3818.75 4079.6875 4721.875 3348.4375 2775 2737.5 3075 2943.75 2860.9375 2939.0625 2965.625 3179.6875 3945.3125 3662.5 3209.375 3200 3221.875 3150 3098.4375 3181.25 3410.9375 3578.125 3232.8125 3268.75 3689.0625 3492.1875 3390.625 3276.5625 3429.6875 3651.5625 4814.0625 4496.875 3653.125 3553.125 3607.8125 3768.75 4004.6875 4654.6875 4901.5625 4981.25 5015.625 5346.875 5292.1875 5375 5268.75 5951.5625 7103.125 7054.6875
3376.5625 3728.125 3814.0625 3953.125 4010.9375 3915.625 3560.9375 3342.1875 2865.625 3084.375 3304.6875 3390.625 3682.8125 4298.4375 4371.875 4040.625 3568.75 3568.75 4126.5625 3409.375 2743.75 2904.6875 3300 2985.9375 2900 2900 3059.375 3404.6875 3770.3125 4042.1875 3376.5625 3265.625 3325 3140.625 3037.5 3357.8125 3589.0625 3526.5625 3404.6875 3529.6875 3925 3331.25 3271.875 3281.25 3304.6875 4114.0625 3843.75 3443.75 3401.5625 3514.0625 3703.125 3871.875 3996.875 4656.25 5662.5 4746.875 4451.5625 4760.9375 4700 5012.5 5232.8125 5529.6875 6806.25 6725
3682.8125 3968.75 3745.3125 3415.625 3706.25 3879.6875 3932.8125 3462.5 3140.625 3101.5625 3057.8125 3140.625 3559.375 4068.75 4312.5 3468.75 3053.125 2884.375 3414.0625 3137.5 2878.125 2900 2967.1875 2912.5 2900 2900 3037.5 3281.25 3617.1875 3635.9375 3573.4375 3281.25 3221.875 3203.125 3179.6875 3775 3810.9375 3414.0625 3489.0625 3385.9375 3562.5 3454.6875 3895.3125 4007.8125 3390.625 3660.9375 3615.625 3489.0625 3400 3443.75 3662.5 3829.6875 3976.5625 4679.6875 4770.3125 4373.4375 4300 4468.75 4692.1875 5020.3125 4781.25 5098.4375 6042.1875 5595.3125
3459.375 3407.8125 3185.9375 3204.6875 3265.625 3701.5625 3921.875 3926.5625 3765.625 3550 3257.8125 3546.875 3718.75 3734.375 4018.75 3498.4375 2860.9375 2754.6875 2865.625 2807.8125 2837.5 2837.5 2892.1875 2900 2900 2900 2970.3125 3128.125 3184.375 3325 3356.25 3239.0625 3203.125 3234.375 3403.125 3501.5625 3215.625 3210.9375 3364.0625 3271.875 3295.3125 4040.625 5559.375 4996.875 3873.4375 3885.9375 4076.5625 3656.25 3462.5 3500 3642.1875 3767.1875 3865.625 3954.6875 4518.75 4442.1875 4434.375 5206.25 4917.1875 4756.25 4470.3125 4885.9375 5848.4375 5150
3004.6875 3012.5 3095.3125 3123.4375 3192.1875 3384.375 3654.6875 3890.625 3754.6875 3631.25 3298.4375 3825 3809.375 3209.375 3470.3125 4587.5 3218.75 2782.8125 2792.1875 2762.5 2762.5 2762.5 2850 2887.5 2900 2915.625 3251.5625 3584.375 3492.1875 3754.6875 3310.9375 3210.9375 3365.625 3798.4375 4596.875 3810.9375 3300 3418.75 4118.75 3785.9375 3454.6875 4348.4375 5748.4375 5489.0625 4256.25 4170.3125 3642.1875 3560.9375 3593.75 3584.375 3631.25 3687.5 3801.5625 4065.625 4685.9375 4793.75 4832.8125 4903.125 4471.875 4142.1875 4189.0625 4435.9375 5414.0625 4914.0625
3482.8125 3081.25 3132.8125 3540.625 3707.8125 3368.75 3478.125 3514.0625 3382.8125 3167.1875 3432.8125 3854.6875 3885.9375 3334.375 2806.25 4229.6875 3762.5 2842.1875 2703.125 2706.25 2726.5625 2868.75 2864.0625 2912.5 2904.6875 2993.75 3295.3125 3564.0625 3539.0625 3807.8125 3645.3125 3315.625 3378.125 3803.125 4048.4375 3510.9375 3315.625 3817.1875 4646.875 4004.6875 3589.0625 3809.375 4896.875 5431.25 4451.5625 3835.9375 4293.75 4650 4268.75 3943.75 3771.875 3650 3790.625 4148.4375 5559.375 5384.375 5162.5 4376.5625 4089.0625 4078.125 4118.75 4556.25 5607.8125 5485.9375
3260.9375 3089.0625 3131.25 3657.8125 3575 3040.625 3378.125 3482.8125 3337.5 2903.125 3153.125 3684.375 3531.25 2743.75 2500 2701.5625 3198.4375 2739.0625 2832.8125 2796.875 3148.4375 3375 3023.4375 3401.5625 3060.9375 3337.5 3239.0625 3390.625 3770.3125 3865.625 3498.4375 3254.6875 3185.9375 3370.3125 3331.25 3300 3390.625 3603.125 3946.875 4276.5625 3615.625 3601.5625 4323.4375 4976.5625 4035.9375 4298.4375 4651.5625 4245.3125 4275 4635.9375 4581.25 3892.1875 3800 3854.6875 4832.8125 4693.75 3982.8125 3979.6875 4082.8125 4106.25 4379.6875 4918.75 5903.125 5601.5625
2856.25 3146.875 3040.625 2914.0625 3190.625 3062.5 3012.5 2951.5625 3251.5625 2878.125 2625 2759.375 2718.75 2500 2546.875 2595.3125 2614.0625 2760.9375 3300 2962.5 3378.125 3240.625 3389.0625 3253.125 3175 3357.8125 3335.9375 3298.4375 3534.375 4081.25 3726.5625 3229.6875 3204.6875 3245.3125 3381.25 3443.75 3412.5 3453.125 4029.6875 4560.9375 3709.375 3600 3895.3125 4515.625 4195.3125 4621.875 4401.5625 4073.4375 4690.625 5821.875 5865.625 4415.625 3820.3125 3800 3806.25 4050 4918.75 5103.125 4921.875 4239.0625 4375 4682.8125 5331.25 5345.3125
2581.25 2564.0625 2501.5625 2495.3125 2726.5625 3101.5625 2895.3125 2568.75 2820.3125 2753.125 2503.125 2496.875 2468.75 2568.75 2882.8125 2612.5 2600 2975 3340.625 3007.8125 3118.75 3292.1875 3701.5625 3212.5 3423.4375 4132.8125 3600 3471.875 3448.4375 3353.125 3514.0625 3209.375 3204.6875 3553.125 4893.75 4104.6875 3473.4375 3875 4823.4375 4620.3125 3931.25 3770.3125 3825 4276.5625 4726.5625 5857.8125 4390.625 3981.25 4678.125 5281.25 5334.375 4310.9375 3890.625 3868.75 3937.5 4131.25 5167.1875 4678.125 4382.8125 4260.9375 4287.5 4367.1875 4575 4923.4375
2410.9375 2414.0625 2400 2417.1875 2556.25 2803.125 2890.625 3096.875 2732.8125 2521.875 2443.75 2406.25 2465.625 3359.375 3039.0625 2575 2693.75 3179.6875 3378.125 2903.125 2926.5625 3025 3382.8125 3129.6875 3865.625 3834.375 3101.5625 3039.0625 3329.6875 3264.0625 3265.625 3239.0625 3168.75 3754.6875 5273.4375 3800 3404.6875 3793.75 4631.25 4357.8125 4707.8125 4354.6875 3989.0625 4017.1875 5068.75 4840.625 4028.125 3848.4375 3985.9375 4167.1875 4285.9375 3953.125 3937.5 4001.5625 4206.25 4429.6875 5154.6875 5017.1875 4445.3125 4226.5625 4259.375 4728.125 5106.25 5314.0625
2209.375 2868.75 2573.4375 2442.1875 2589.0625 2903.125 2964.0625 3084.375 2950 2415.625 2335.9375 2393.75 2682.8125 3587.5 3028.125 2510.9375 2848.4375 3142.1875 3443.75 2856.25 2760.9375 2753.125 2840.625 2790.625 3326.5625 3048.4375 2804.6875 2918.75 3365.625 3543.75 3246.875 3115.625 3089.0625 3704.6875 5151.5625 3668.75 3282.8125 3325 3576.5625 4154.6875 5068.75 4192.1875 3828.125 4064.0625 5675 4259.375 3796.875 3800 3892.1875 3954.6875 3964.0625 4000 4146.875 5182.8125 5832.8125 5565.625 5764.0625 4843.75 4245.3125 4218.75 4517.1875 4651.5625 4601.5625 5556.25
2120.3125 2210.9375 2146.875 2281.25 2890.625 3706.25 3296.875 2909.375 3034.375 2490.625 2300 2379.6875 3243.75 3718.75 2867.1875 2500 2762.5 3018.75 3189.0625 2732.8125 2700 2932.8125 2939.0625 2571.875 2834.375 2629.6875 2821.875 3170.3125 3892.1875 3654.6875 3209.375 3104.6875 3092.1875 3648.4375 5043.75 3646.875 3206.25 3192.1875 3285.9375 3756.25 4776.5625 3918.75 3575 4557.8125 5909.375 3956.25 3762.5 3823.4375 4254.6875 3937.5 3934.375 4040.625 4715.625 6396.875 6454.6875 5803.125 5217.1875 4451.5625 4187.5 4145.3125 4306.25 4585.9375 5634.375 5812.5
2162.5 2100 2176.5625 2250 2454.6875 2764.0625 2698.4375 2765.625 2710.9375 2598.4375 2290.625 2435.9375 2710.9375 2965.625 2890.625 2709.375 2729.6875 2609.375 2798.4375 2790.625 2806.25 2912.5 2407.8125 2346.875 2482.8125 2800 3076.5625 3260.9375 3529.6875 3157.8125 2850 2785.9375 3034.375 3446.875 4192.1875 3787.5 3164.0625 3100 3201.5625 3992.1875 4751.5625 3920.3125 3662.5 4468.75 4825 3890.625 3876.5625 4542.1875 4746.875 4032.8125 3865.625 4357.8125 5250 5859.375 6046.875 5135.9375 4753.125 4293.75 4135.9375 4229.6875 4960.9375 6279.6875 6303.125 5326.5625
2262.5 2187.5 2271.875 2306.25 2331.25 2367.1875 2432.8125 2457.8125 2662.5 2646.875 2629.6875 2726.5625 2582.8125 2459.375 2970.3125 3415.625 2582.8125 2503.125 2775 3103.125 3273.4375 3293.75 2306.25 2300 2439.0625 3120.3125 3473.4375 2876.5625 2712.5 2553.125 2534.375 2776.5625 3335.9375 3576.5625 3804.6875 4242.1875 3131.25 3035.9375 3154.6875 3881.25 4265.625 3467.1875 3796.875 4475 3714.0625 4093.75 4760.9375 4762.5 4862.5 4470.3125 3996.875 4657.8125 5459.375 5109.375 4832.8125 4796.875 4353.125 4159.375 4346.875 5564.0625 5907.8125 6160.9375 5275 4931.25
3243.75 2543.75 2406.25 2423.4375 2460.9375 2496.875 2431.25 2400 2396.875 2410.9375 2564.0625 2403.125 2362.5 2375 2645.3125 3565.625 2500 2417.1875 3168.75 3331.25 3326.5625 2657.8125 2312.5 2300 2432.8125 2906.25 3207.8125 2756.25 2484.375 2428.125 2490.625 2992.1875 3392.1875 3025 3428.125 3500 2868.75 2934.375 3095.3125 3806.25 3760.9375 3303.125 3432.8125 3667.1875 3434.375 4850 5532.8125 5023.4375 4471.875 4101.5625 4017.1875 4796.875 5467.1875 4664.0625 4345.3125 4326.5625 4398.4375 4693.75 6112.5 6246.875 5481.25 5321.875 4918.75 4903.125
3359.375 3304.6875 3389.0625 2973.4375 2539.0625 2521.875 2512.5 2382.8125 2328.125 2600 3032.8125 2385.9375 2300 2300 2521.875 3400 2500 2467.1875 3165.625 3026.5625 3287.5 2653.125 2343.75 2290.625 2460.9375 3095.3125 2946.875 2426.5625 2371.875 2293.75 2350 2806.25 3009.375 2634.375 2784.375 2767.1875 2771.875 2965.625 3232.8125 4107.8125 3268.75 3050 2887.5 3073.4375 3692.1875 4598.4375 4623.4375 4495.3125 4240.625 3992.1875 4159.375 5629.6875 5093.75 4384.375 4868.75 4734.375 5246.875 5254.6875 5587.5 5496.875 5054.6875 4951.5625 5000 5042.1875
3407.8125 3598.4375 3768.75 3604.6875 3075 2639.0625 3089.0625 3259.375 2975 3598.4375 3906.25 3032.8125 2350 2300 2343.75 2868.75 2395.3125 2417.1875 3170.3125 2910.9375 3131.25 2757.8125 2407.8125 2271.875 2400 2950 2593.75 2131.25 2100 2160.9375 2454.6875 2942.1875 2575 2570.3125 2703.125 2806.25 3107.8125 3860.9375 3954.6875 3918.75 2717.1875 2737.5 2853.125 3734.375 4471.875 3856.25 3853.125 3923.4375 3900 4000 4775 5085.9375 4284.375 4593.75 5292.1875 5476.5625 6101.5625 4957.8125 4937.5 5395.3125 5804.6875 5403.125 5157.8125 5120.3125
3115.625 3412.5 4107.8125 3640.625 3726.5625 3053.125 2720.3125 2871.875 2754.6875 3143.75 3582.8125 3904.6875 2651.5625 2354.6875 2414.0625 2765.625 2373.4375 2334.375 2825 2832.8125 2725 2587.5 2439.0625 2451.5625 2442.1875 2529.6875 2328.125 2100 2148.4375 2346.875 2300 2285.9375 2445.3125 2503.125 2657.8125 3054.6875 4000 3987.5 3296.875 2718.75 2606.25 2675 3079.6875 4023.4375 4268.75 3800 3860.9375 3993.75 4068.75 4251.5625 4690.625 4287.5 4250 4559.375 5250 5057.8125 5173.4375 4770.3125 4932.8125 5820.3125 5885.9375 5262.5 5260.9375 5457.8125
3559.375 3493.75 3854.6875 3565.625 3406.25 3850 2914.0625 2801.5625 2685.9375 3150 2995.3125 2878.125 2714.0625 2406.25 2253.125 2253.125 2281.25 2421.875 2739.0625 2629.6875 2556.25 2440.625 2537.5 2510.9375 2204.6875 2200 2184.375 2278.125 2148.4375 2125 2200 2242.1875 2360.9375 2476.5625 2853.125 3728.125 3656.25 2573.4375 2496.875 2537.5 2579.6875 2854.6875 3184.375 3398.4375 3768.75 3881.25 3878.125 4154.6875 4621.875 4450 4318.75 4512.5 4518.75 4935.9375 5498.4375 4914.0625 4812.5 4800 5384.375 5987.5 5971.875 6150 6906.25 6429.6875
3092.1875 3010.9375 3200 3090.625 2993.75 2992.1875 2693.75 3160.9375 2900 2687.5 2818.75 2353.125 2460.9375 3012.5 2881.25 2393.75 2206.25 2357.8125 2528.125 2759.375 2645.3125 2218.75 2276.5625 2242.1875 2160.9375 2198.4375 2142.1875 2100 2100 2107.8125 2200 2259.375 2337.5 2493.75 3651.5625 3901.5625 2939.0625 2317.1875 2400 2501.5625 2845.3125 3279.6875 3601.5625 3785.9375 3881.25 3934.375 3967.1875 4453.125 5092.1875 5210.9375 4429.6875 4871.875 5245.3125 5587.5 5692.1875 4929.6875 4800 4806.25 5753.125 6012.5 5990.625 6707.8125 7126.5625 6729.6875
3298.4375 2873.4375 2810.9375 2920.3125 2900 2867.1875 2682.8125 3564.0625 3112.5 2934.375 2751.5625 2367.1875 2442.1875 2545.3125 3462.5 3417.1875 2404.6875 2387.5 2435.9375 3089.0625 2582.8125 2204.6875 2317.1875 2414.0625 2293.75 2196.875 2100 2100 2100 2100 2203.125 2290.625 2329.6875 2917.1875 3332.8125 2479.6875 2262.5 2362.5 2445.3125 2867.1875 3570.3125 4154.6875 3882.8125 4396.875 4332.8125 4117.1875 4034.375 4478.125 5134.375 4604.6875 4487.5 5170.3125 5735.9375 6331.25 5943.75 5146.875 4771.875 5179.6875 6467.1875 5717.1875 5689.0625 6335.9375 6056.25 6017.1875
3060.9375 2879.6875 2871.875 2873.4375 3435.9375 3382.8125 2728.125 2971.875 2609.375 2612.5 2495.3125 2460.9375 2726.5625 2659.375 3084.375 3496.875 2521.875 2243.75 2453.125 2862.5 2220.3125 2262.5 2281.25 2215.625 2210.9375 2179.6875 2100 2100 2100 2100 2243.75 2300 2393.75 3548.4375 2495.3125 2109.375 2232.8125 2409.375 2782.8125 3753.125 4596.875 4562.5 3764.0625 3704.6875 4306.25 4585.9375 4360.9375 4671.875 5073.4375 4270.3125 4700 5323.4375 6745.3125 5992.1875 5048.4375 4793.75 4732.8125 5806.25 6028.125 5398.4375 5410.9375 5467.1875 5539.0625 5604.6875
