Cases/SDM_Urocitellus_beldingi/westernUsClimate_hadley2080a2/BIO14.asc
NCOLS 315 
NROWS 297 
XLLCORNER -124.741664802 
YLLCORNER 29.2083311801598 
CELLSIZE 0.066666670143822 
NODATA_value -3.4e+38 
[rows 180 to 209 of 297, columns 69 to 137 of 315]
0 0 0 0 0 0 0 0 0 0 6.25 17.1875 50 67.1875 142.1875 165.625 335.9375 303.125 551.5625 565.625 567.1875 689.0625 448.4375 676.5625 1006.25 1037.5 845.3125 273.4375 200 295.3125 639.0625 796.875 565.625 321.875 317.1875 348.4375 357.8125 353.125 462.5 267.1875 245.3125 200 245.3125 407.8125 571.875 578.125 425 400 400 400 362.5 306.25 379.6875 401.5625 406.25 410.9375 407.8125 464.0625 484.375 403.125 365.625 301.5625 309.375 350 406.25 490.625 437.5 340.625 470.3125
0 0 0 0 0 0 0 0 0 0 0 0 6.25 15.625 71.875 71.875 139.0625 225 407.8125 389.0625 303.125 617.1875 704.6875 910.9375 835.9375 1003.125 975 418.75 200 212.5 417.1875 637.5 404.6875 225 225 285.9375 293.75 379.6875 542.1875 351.5625 451.5625 237.5 200 245.3125 431.25 514.0625 484.375 398.4375 364.0625 346.875 300 329.6875 348.4375 334.375 396.875 392.1875 339.0625 426.5625 460.9375 390.625 348.4375 262.5 292.1875 259.375 356.25 490.625 378.125 245.3125 393.75
0 0 0 0 0 0 0 0 0 0 0 0 0 6.25 65.625 42.1875 64.0625 114.0625 126.5625 131.25 332.8125 400 628.125 657.8125 618.75 907.8125 1093.75 451.5625 203.125 200 248.4375 504.6875 403.125 195.3125 160.9375 198.4375 212.5 350 412.5 403.125 515.625 346.875 178.125 126.5625 189.0625 329.6875 404.6875 378.125 301.5625 300 281.25 328.125 342.1875 250 310.9375 326.5625 253.125 281.25 303.125 370.3125 292.1875 201.5625 201.5625 200 250 370.3125 459.375 256.25 379.6875
0 0 0 0 0 0 0 0 0 0 0 0 1.5625 0 15.625 81.25 101.5625 193.75 193.75 250 240.625 326.5625 310.9375 425 650 876.5625 1054.6875 523.4375 223.4375 201.5625 200 417.1875 600 234.375 100 106.25 203.125 282.8125 287.5 362.5 485.9375 315.625 159.375 100 101.5625 196.875 270.3125 343.75 314.0625 300 206.25 201.5625 226.5625 200 209.375 229.6875 200 200 225 362.5 300 207.8125 200 220.3125 282.8125 329.6875 342.1875 300 325
0 0 0 0 0 0 0 0 0 0 0 0 0 0 0 26.5625 98.4375 134.375 240.625 375 487.5 546.875 445.3125 546.875 1031.25 1064.0625 1212.5 781.25 343.75 243.75 200 275 637.5 443.75 146.875 100 121.875 200 242.1875 326.5625 393.75 275 143.75 100 100 100 121.875 154.6875 265.625 326.5625 234.375 200 200 200 200 200 200 209.375 209.375 214.0625 200 207.8125 226.5625 282.8125 303.125 317.1875 301.5625 300 351.5625
0 0 0 0 0 0 0 0 0 0 0 0 0 0 0 7.8125 54.6875 95.3125 129.6875 220.3125 393.75 590.625 826.5625 850 1017.1875 1079.6875 1107.8125 1176.5625 540.625 298.4375 254.6875 201.5625 409.375 606.25 376.5625 185.9375 179.6875 200 239.0625 342.1875 321.875 262.5 148.4375 100 100 100 100 100 110.9375 206.25 221.875 200 200 200 200 200 200 200 200 217.1875 200 212.5 284.375 356.25 332.8125 300 276.5625 296.875 301.5625
0 0 0 0 0 0 0 0 0 0 0 0 0 0 0 0 14.0625 67.1875 75 115.625 204.6875 334.375 512.5 757.8125 1096.875 892.1875 887.5 1231.25 932.8125 400 278.125 200 221.875 398.4375 534.375 426.5625 381.25 292.1875 289.0625 417.1875 362.5 239.0625 171.875 100 109.375 139.0625 100 20.3125 48.4375 100 175 220.3125 209.375 200 200 200 200 200 200 200 201.5625 223.4375 287.5 300 300 300 281.25 300 300
0 0 0 0 0 0 0 0 0 0 0 0 0 0 0 0 0 18.75 12.5 68.75 107.8125 237.5 364.0625 784.375 932.8125 943.75 762.5 1028.125 1128.125 856.25 435.9375 214.0625 200 204.6875 282.8125 467.1875 404.6875 375 385.9375 314.0625 300 240.625 229.6875 120.3125 209.375 339.0625 154.6875 15.625 0 78.125 178.125 256.25 276.5625 200 200 200 200 200 200 200 200 290.625 406.25 331.25 309.375 301.5625 304.6875 307.8125 300
0 0 0 0 0 0 0 0 0 0 0 0 0 0 0 0 0 0 0 54.6875 104.6875 218.75 501.5625 812.5 892.1875 592.1875 812.5 904.6875 889.0625 828.125 610.9375 246.875 200 200 200 351.5625 401.5625 310.9375 278.125 182.8125 121.875 245.3125 381.25 242.1875 264.0625 334.375 129.6875 76.5625 0 48.4375 114.0625 218.75 262.5 214.0625 200 200 200 200 200 200 207.8125 282.8125 478.125 601.5625 546.875 498.4375 454.6875 432.8125 404.6875
32.8125 0 0 0 0 0 0 0 0 0 0 0 0 0 0 0 0 0 0 56.25 139.0625 328.125 612.5 842.1875 884.375 690.625 592.1875 690.625 692.1875 735.9375 679.6875 295.3125 200 200 200 240.625 332.8125 296.875 220.3125 151.5625 100 107.8125 221.875 417.1875 362.5 312.5 237.5 87.5 0 26.5625 110.9375 129.6875 229.6875 242.1875 203.125 185.9375 139.0625 171.875 200 201.5625 225 209.375 295.3125 548.4375 634.375 771.875 748.4375 673.4375 565.625
85.9375 0 0 0 0 0 0 0 0 0 0 0 0 0 0 0 0 0 10.9375 100 145.3125 292.1875 609.375 581.25 446.875 656.25 592.1875 792.1875 732.8125 662.5 725 275 200 204.6875 331.25 282.8125 256.25 298.4375 237.5 196.875 117.1875 100 145.3125 290.625 289.0625 426.5625 287.5 125 20.3125 1.5625 96.875 212.5 200 200 200 134.375 100 170.3125 200 201.5625 225 200 214.0625 335.9375 512.5 673.4375 956.25 951.5625 715.625
87.5 0 0 0 0 0 0 0 0 0 0 0 0 0 0 0 0 0 0 35.9375 50 187.5 309.375 432.8125 318.75 423.4375 392.1875 510.9375 685.9375 612.5 715.625 290.625 200 228.125 429.6875 435.9375 384.375 276.5625 200 267.1875 175 100 100 159.375 289.0625 485.9375 426.5625 148.4375 40.625 0 45.3125 251.5625 204.6875 209.375 200 134.375 104.6875 160.9375 220.3125 200 201.5625 200 200 278.125 362.5 550 931.25 882.8125 657.8125
53.125 0 0 0 0 0 0 0 0 0 0 0 0 0 0 0 0 0 0 0 26.5625 98.4375 162.5 415.625 325 285.9375 290.625 603.125 625 548.4375 596.875 445.3125 221.875 235.9375 315.625 439.0625 465.625 314.0625 250 332.8125 221.875 101.5625 100 101.5625 262.5 609.375 393.75 154.6875 39.0625 0 28.125 198.4375 284.375 214.0625 214.0625 190.625 125 109.375 223.4375 218.75 200 200 200 204.6875 279.6875 375 498.4375 628.125 607.8125
0 0 0 0 0 0 0 0 0 0 0 0 0 0 0 0 0 0 0 0 34.375 160.9375 168.75 342.1875 321.875 254.6875 345.3125 500 590.625 598.4375 551.5625 489.0625 248.4375 278.125 300 292.1875 328.125 304.6875 301.5625 393.75 312.5 104.6875 100 100 204.6875 473.4375 398.4375 157.8125 71.875 0 1.5625 123.4375 293.75 245.3125 231.25 203.125 203.125 100 175 214.0625 218.75 200 200 200 210.9375 289.0625 350 454.6875 454.6875
17.1875 6.25 0 0 0 0 0 0 0 0 0 0 0 0 0 0 0 0 0 0 14.0625 84.375 175 392.1875 193.75 287.5 612.5 559.375 557.8125 492.1875 481.25 503.125 242.1875 200 235.9375 221.875 248.4375 301.5625 314.0625 314.0625 309.375 112.5 100 100 154.6875 375 428.125 212.5 82.8125 0 1.5625 153.125 232.8125 223.4375 200 198.4375 187.5 100 165.625 110.9375 239.0625 215.625 200 200 200 201.5625 273.4375 328.125 395.3125
0 14.0625 0 0 0 0 0 0 0 0 0 0 0 0 0 0 0 0 0 0 35.9375 117.1875 218.75 214.0625 195.3125 257.8125 596.875 573.4375 428.125 395.3125 432.8125 493.75 325 200 232.8125 159.375 134.375 209.375 287.5 300 278.125 137.5 100 100 179.6875 312.5 242.1875 168.75 109.375 32.8125 0 46.875 182.8125 176.5625 184.375 156.25 125 101.5625 104.6875 107.8125 182.8125 273.4375 200 200 200 200 221.875 295.3125 384.375
4.6875 0 0 0 0 0 0 0 0 0 0 0 0 0 0 0 0 0 0 0 4.6875 67.1875 128.125 279.6875 203.125 281.25 545.3125 626.5625 476.5625 376.5625 489.0625 481.25 365.625 179.6875 148.4375 109.375 100 100 206.25 295.3125 270.3125 132.8125 100 100 128.125 246.875 193.75 126.5625 110.9375 81.25 4.6875 0 18.75 71.875 98.4375 178.125 121.875 100 100 100 120.3125 198.4375 195.3125 200 200 200 200 256.25 345.3125
0 0 0 0 0 0 0 0 0 0 0 0 0 0 0 0 0 0 0 0 6.25 50 114.0625 295.3125 245.3125 200 484.375 531.25 412.5 339.0625 398.4375 370.3125 314.0625 153.125 100 100 87.5 71.875 121.875 181.25 200 103.125 100 131.25 100 131.25 175 126.5625 114.0625 98.4375 95.3125 95.3125 20.3125 0 57.8125 128.125 139.0625 100 96.875 98.4375 137.5 115.625 184.375 254.6875 253.125 218.75 200 200 253.125
15.625 0 0 0 0 0 0 0 0 0 0 0 0 0 0 0 0 0 0 0 28.125 71.875 126.5625 242.1875 207.8125 201.5625 270.3125 387.5 410.9375 264.0625 251.5625 317.1875 279.6875 162.5 100 64.0625 1.5625 0 31.25 98.4375 120.3125 100 100 106.25 135.9375 100 100 100 103.125 100 129.6875 100 82.8125 1.5625 0 23.4375 60.9375 78.125 64.0625 79.6875 103.125 115.625 284.375 375 292.1875 200 200 170.3125 190.625
26.5625 0 0 0 0 0 0 0 0 0 0 0 0 0 0 0 0 0 0 0 3.125 46.875 106.25 215.625 157.8125 134.375 196.875 195.3125 207.8125 164.0625 260.9375 292.1875 335.9375 140.625 65.625 4.6875 0 0 1.5625 42.1875 78.125 100 100 100 129.6875 100 117.1875 103.125 114.0625 101.5625 100 100 100 14.0625 0 0 9.375 3.125 0 17.1875 76.5625 103.125 218.75 340.625 259.375 237.5 270.3125 182.8125 112.5
26.5625 3.125 0 0 0 0 0 0 0 0 0 0 0 0 0 0 0 0 0 0 0 54.6875 125 185.9375 103.125 123.4375 134.375 160.9375 151.5625 268.75 389.0625 350 246.875 143.75 21.875 0 0 0 3.125 0 14.0625 89.0625 100 106.25 151.5625 103.125 101.5625 125 170.3125 129.6875 100 100 93.75 14.0625 0 0 0 0 0 0 17.1875 73.4375 101.5625 140.625 182.8125 204.6875 231.25 289.0625 235.9375
100 50 26.5625 0 0 0 0 0 0 0 0 0 0 0 0 0 0 0 0 0 0 51.5625 89.0625 93.75 109.375 170.3125 231.25 292.1875 168.75 256.25 337.5 218.75 131.25 89.0625 20.3125 0 1.5625 23.4375 75 54.6875 1.5625 26.5625 100 106.25 103.125 100 100 100 107.8125 110.9375 104.6875 100 100 101.5625 100 95.3125 112.5 59.375 3.125 0 1.5625 57.8125 101.5625 179.6875 200 200 200 295.3125 385.9375
100 100 100 85.9375 0 0 0 0 0 0 0 0 0 0 0 0 0 0 0 0 0 39.0625 92.1875 146.875 114.0625 309.375 373.4375 371.875 251.5625 248.4375 239.0625 114.0625 100 46.875 101.5625 51.5625 40.625 34.375 4.6875 0 0 0 21.875 75 100 100 100 100 125 112.5 112.5 112.5 104.6875 139.0625 143.75 185.9375 240.625 256.25 50 0 14.0625 85.9375 129.6875 196.875 209.375 200 200 339.0625 440.625
100 100 100 100 28.125 0 0 0 0 0 0 0 0 0 0 0 0 0 0 0 0 15.625 128.125 200 120.3125 228.125 420.3125 396.875 267.1875 271.875 203.125 100 87.5 73.4375 103.125 21.875 40.625 7.8125 46.875 60.9375 1.5625 0 34.375 89.0625 100 101.5625 100 100 100 100 100 107.8125 132.8125 170.3125 121.875 104.6875 117.1875 139.0625 57.8125 0 0 67.1875 142.1875 212.5 262.5 225 200 267.1875 354.6875
95.3125 100 100 100 93.75 9.375 0 0 0 0 0 0 0 0 0 0 0 0 0 0 0 0 60.9375 100 109.375 126.5625 185.9375 296.875 214.0625 204.6875 132.8125 81.25 0 7.8125 1.5625 0 4.6875 18.75 28.125 1.5625 26.5625 3.125 70.3125 101.5625 100 103.125 107.8125 100 100 100 110.9375 100 100 100 85.9375 76.5625 76.5625 73.4375 3.125 0 0 32.8125 101.5625 112.5 193.75 264.0625 251.5625 296.875 328.125
95.3125 100 59.375 20.3125 64.0625 81.25 9.375 0 0 0 0 0 0 0 0 0 0 0 0 0 0 0 14.0625 50 96.875 100 117.1875 192.1875 192.1875 117.1875 71.875 26.5625 0 0 0 0 34.375 9.375 3.125 0 0 6.25 85.9375 84.375 92.1875 39.0625 73.4375 100 100 100 104.6875 100 56.25 95.3125 76.5625 21.875 4.6875 9.375 20.3125 12.5 0 0 3.125 64.0625 135.9375 248.4375 284.375 325 393.75
65.625 10.9375 17.1875 0 0 31.25 67.1875 0 0 0 0 0 0 0 0 0 0 0 0 0 0 1.5625 65.625 76.5625 104.6875 134.375 160.9375 189.0625 212.5 129.6875 79.6875 6.25 0 0 0 0 0 0 0 0 0 0 6.25 6.25 23.4375 0 0 67.1875 100 100 100 65.625 6.25 25 1.5625 0 4.6875 12.5 71.875 35.9375 0 0 0 4.6875 95.3125 179.6875 242.1875 317.1875 346.875
39.0625 18.75 6.25 21.875 0 0 10.9375 29.6875 4.6875 0 0 0 0 0 0 0 0 0 0 0 0 48.4375 126.5625 103.125 101.5625 134.375 165.625 190.625 235.9375 125 18.75 0 0 0 0 0 0 0 0 0 3.125 0 0 0 0 3.125 9.375 76.5625 84.375 70.3125 53.125 60.9375 0 0 0 0 0 18.75 45.3125 0 0 0 0 23.4375 96.875 123.4375 218.75 221.875 185.9375
0 7.8125 0 23.4375 59.375 12.5 0 0 18.75 9.375 0 0 0 0 0 0 0 0 0 0 0 12.5 96.875 100 107.8125 110.9375 110.9375 137.5 121.875 26.5625 0 0 0 0 0 0 0 0 0 0 0 0 0 0 0 0 42.1875 95.3125 32.8125 3.125 0 0 25 39.0625 4.6875 0 0 0 0 0 0 0 0 7.8125 90.625 151.5625 159.375 101.5625 100
6.25 37.5 6.25 0 7.8125 57.8125 25 4.6875 0 4.6875 0 0 0 0 0 0 0 0 0 0 0 0 51.5625 173.4375 237.5 229.6875 120.3125 101.5625 54.6875 0 0 0 0 0 0 0 0 0 0 0 0 0 0 0 0 0 32.8125 51.5625 12.5 6.25 0 0 0 0 0 0 0 3.125 0 0 0 0 0 0 25 64.0625 73.4375 54.6875 104.6875
