Cases/SDM_Urocitellus_beldingi/westernUsClimate_hadley2080a2/BIO10.asc
NCOLS 315 
NROWS 297 
XLLCORNER -124.741664802 
YLLCORNER 29.2083311801598 
CELLSIZE 0.066666670143822 
NODATA_value -3.4e+38 
[rows 26 to 51 of 297, columns 180 to 239 of 315]
1930.46875 2015.3125 2045.9375 2121.25 2112.5 2287.8125 2379.21875 2426.71875 2454.21875 2480.3125 2477.34375 2408.28125 2282.96875 2349.375 2503.125 2574.375 2566.5625 2540.15625 2516.5625 2523.28125 2524.6875 2463.125 2431.25 2405.3125 2399.375 2387.1875 2380.15625 2425.15625 2375.9375 2386.25 2406.875 2407.8125 2425.625 2452.5 2454.6875 2456.09375 2471.25 2475 2479.21875 2477.03125 2464.375 2465.46875 2475.3125 2486.40625 2487.03125 2514.84375 2510.9375 2484.0625 2433.4375 2429.375 2434.53125 2391.5625 2314.0625 2311.25 2347.5 2381.09375 2512.65625 2580.625 2612.96875 2636.40625
1964.53125 1949.84375 1888.4375 1981.25 2032.03125 2259.0625 2358.59375 2411.875 2448.59375 2495.78125 2494.375 2521.5625 2422.8125 2494.0625 2525.46875 2428.28125 2407.03125 2474.6875 2475.46875 2505.3125 2475.625 2432.34375 2342.65625 2318.4375 2320.46875 2247.5 2320.78125 2348.125 2290 2313.4375 2336.09375 2304.21875 2320.15625 2373.4375 2394.21875 2431.25 2451.71875 2458.90625 2465.625 2459.0625 2467.03125 2474.6875 2470.625 2465 2476.875 2489.375 2514.6875 2432.1875 2370 2451.25 2400.78125 2333.125 2272.8125 2345.46875 2444.6875 2495.9375 2545.625 2588.4375 2610.9375 2622.8125
1888.90625 2070.15625 2098.4375 2055 2077.03125 2185 2256.875 2292.65625 2397.96875 2424.6875 2512.1875 2575 2565.9375 2420.625 2281.875 2244.0625 2209.6875 2334.53125 2441.5625 2370.3125 2339.6875 2380.625 2337.5 2218.59375 2156.40625 2176.09375 2265.15625 2275.625 2287.1875 2248.28125 2132.8125 2118.4375 2101.09375 2192.65625 2303.59375 2368.75 2410.3125 2428.28125 2447.1875 2459.53125 2461.40625 2447.1875 2448.75 2460 2471.25 2492.03125 2486.09375 2486.09375 2470.3125 2464.375 2408.75 2349.375 2299.84375 2412.5 2476.71875 2512.5 2547.03125 2575.78125 2597.34375 2617.1875
1971.25 2050.9375 2189.0625 2218.75 2211.5625 2140.9375 2119.375 2263.59375 2373.28125 2498.125 2574.21875 2528.75 2451.25 2408.59375 2270 2195.78125 2233.28125 2304.0625 2365.3125 2278.59375 2298.75 2396.09375 2308.59375 2214.6875 2102.1875 2113.125 2134.0625 1983.125 2216.40625 2211.25 2156.71875 2110.9375 2026.25 2113.28125 2236.5625 2276.09375 2332.34375 2389.375 2430.78125 2435.46875 2436.09375 2446.875 2456.5625 2467.1875 2481.5625 2479.6875 2464.6875 2457.5 2445.3125 2448.125 2439.53125 2409.6875 2376.09375 2416.25 2472.03125 2507.03125 2533.4375 2560 2584.21875 2594.53125
2279.0625 2263.125 2243.90625 2219.84375 2146.25 2137.96875 2073.4375 2252.5 2330.625 2474.6875 2483.90625 2553.90625 2380 2316.25 2210.9375 2184.84375 2272.03125 2277.1875 2238.90625 2171.5625 2269.84375 2379.375 2291.875 2258.28125 2145 2117.8125 2033.125 1976.875 2051.40625 2145.9375 2019.6875 1897.34375 1909.375 2025.3125 2029.6875 2117.34375 2208.59375 2293.75 2375.9375 2417.03125 2436.875 2446.40625 2452.65625 2470.46875 2479.21875 2453.125 2430 2423.59375 2398.75 2382.34375 2373.59375 2384.375 2374.84375 2401.40625 2415.3125 2439.84375 2469.21875 2508.28125 2521.40625 2531.875
2228.75 2208.59375 2168.4375 2075.625 2098.75 2233.90625 2229.84375 2229.0625 2430.625 2461.875 2302.5 2425.46875 2510.78125 2274.53125 2131.40625 2054.53125 2053.90625 2087.8125 2086.71875 2187.34375 2275.15625 2293.28125 2306.40625 2165.46875 2137.5 2101.5625 2018.4375 1954.6875 1923.4375 1979.53125 2032.5 1950.15625 1885.46875 1922.34375 2029.21875 2110.78125 2258.90625 2305 2328.90625 2364.0625 2395.46875 2407.34375 2420.3125 2443.4375 2463.4375 2438.90625 2399.375 2351.875 2326.875 2309.21875 2295.46875 2320.15625 2296.5625 2317.96875 2311.875 2337.65625 2348.75 2407.34375 2476.71875 2511.09375
2102.1875 2045.9375 2039.6875 2032.34375 2098.4375 2294.21875 2381.25 2390.3125 2376.25 2362.96875 2462.8125 2539.375 2465.625 2310.3125 2263.75 2144.21875 2100.15625 2084.375 2122.8125 2230.3125 2292.96875 2292.34375 2272.96875 2365.9375 2289.6875 2234.21875 2175.3125 2095.46875 2015.46875 1938.28125 1930.625 1907.1875 2008.90625 2054.375 2088.75 2181.71875 2262.34375 2304.375 2238.4375 2293.125 2336.875 2372.03125 2405 2434.0625 2444.53125 2397.65625 2295.78125 2211.25 2210.46875 2163.28125 2137.8125 2186.25 2214.6875 2260 2297.8125 2338.4375 2412.5 2451.71875 2465 2487.5
2256.40625 2189.53125 2036.5625 2032.34375 2232.03125 2254.6875 2257.5 2420.625 2477.8125 2423.125 2484.84375 2499.53125 2540.78125 2491.5625 2408.75 2239.53125 2206.71875 2124.0625 2044.21875 2142.65625 2200.9375 2229.21875 2292.34375 2403.125 2329.53125 2236.25 2177.03125 2180.625 2142.8125 2082.03125 2004.84375 1898.59375 1905.78125 1996.875 2053.90625 2083.125 2181.875 2092.8125 2101.25 2167.03125 2190 2271.40625 2368.28125 2408.59375 2428.59375 2390.9375 2286.5625 2097.1875 2000 1931.875 1948.28125 1940.9375 2080.625 2214.84375 2255.3125 2329.6875 2353.59375 2399.0625 2492.1875 2521.25
2231.25 2242.5 2125.625 2037.96875 2084.84375 2133.75 2110.46875 2286.25 2470.625 2515.9375 2599.6875 2619.84375 2611.09375 2596.5625 2497.1875 2386.71875 2232.34375 2182.34375 2217.65625 2116.5625 2204.21875 2267.65625 2368.90625 2383.4375 2359.84375 2289.375 2184.375 2161.71875 2173.90625 2092.96875 2112.03125 2092.5 2035.9375 1994.375 2058.125 2078.75 2024.0625 1903.75 1949.53125 2019.6875 2121.09375 2207.03125 2251.09375 2332.5 2396.25 2386.40625 2341.40625 2286.5625 2217.8125 2185.46875 2162.5 2075.625 2044.21875 2237.65625 2322.34375 2380.3125 2468.28125 2509.53125 2532.03125 2545.625
2133.4375 2285.9375 2275.9375 2279.84375 2206.09375 2157.5 2223.90625 2334.21875 2433.75 2542.1875 2604.375 2627.03125 2622.03125 2606.25 2576.40625 2560 2499.0625 2410.625 2248.75 2172.65625 2149.84375 2194.21875 2299.84375 2364.375 2380.9375 2350.46875 2285.9375 2226.5625 2213.59375 2235.78125 2234.0625 2222.8125 2212.34375 2167.65625 2141.5625 2090.3125 2084.375 2067.8125 2122.03125 2199.375 2258.59375 2291.40625 2329.6875 2366.71875 2389.375 2406.875 2381.71875 2359.21875 2334.84375 2324.375 2299.375 2304.375 2322.34375 2372.65625 2426.25 2457.03125 2512.65625 2539.84375 2563.4375 2582.34375
2244.21875 2278.90625 2310 2293.4375 2288.59375 2241.09375 2150.46875 2365.15625 2456.875 2439.84375 2472.1875 2541.71875 2576.875 2558.28125 2547.65625 2455.3125 2586.71875 2562.34375 2454.375 2308.28125 1996.09375 1906.875 2164.6875 2282.96875 2324.21875 2366.71875 2355 2290.78125 2306.875 2224.375 2167.34375 2169.84375 2252.1875 2273.59375 2247.8125 2265.78125 2285.78125 2275.9375 2282.1875 2292.96875 2307.03125 2349.21875 2376.25 2397.96875 2408.75 2424.84375 2431.71875 2420 2405 2396.875 2389.0625 2400.9375 2430.78125 2455.9375 2488.28125 2511.71875 2529.375 2565 2595.9375 2608.28125
2323.59375 2211.71875 2245 2145.15625 2170.78125 2223.28125 2134.53125 2237.1875 2239.53125 2304.0625 2349.375 2495.46875 2431.5625 2356.71875 2337.5 2475 2533.75 2578.75 2552.1875 2423.75 2162.65625 2046.40625 1993.4375 2139.0625 2264.84375 2343.75 2364.53125 2354.84375 2221.09375 1982.8125 2005.9375 2060.78125 2154.21875 2173.59375 2255.15625 2337.1875 2345.46875 2350.3125 2355.15625 2364.53125 2376.71875 2410 2416.09375 2438.4375 2441.875 2453.28125 2467.1875 2473.75 2466.875 2471.71875 2467.1875 2472.1875 2490 2509.375 2515.15625 2551.25 2569.6875 2582.65625 2610.3125 2636.5625
2361.5625 2285 2156.09375 2069.0625 2090.625 2073.90625 2015.78125 1994.84375 2114.6875 2318.75 2399.21875 2470.46875 2304.84375 2130 2023.59375 2272.96875 2471.25 2573.59375 2581.25 2527.8125 2388.90625 2239.21875 1857.96875 1855.9375 2040.46875 2245.78125 2320.625 2341.71875 2191.875 1942.96875 2020.625 2160.78125 2250.46875 2293.59375 2278.4375 2308.90625 2341.875 2375.9375 2402.65625 2419.375 2434.375 2451.71875 2467.03125 2478.90625 2474.84375 2474.84375 2472.8125 2472.8125 2488.90625 2512.1875 2512.65625 2507.65625 2528.90625 2542.8125 2558.90625 2570.15625 2602.8125 2621.71875 2639.84375 2664.84375
2353.28125 2283.90625 2135.78125 1954.84375 1976.40625 2007.96875 1972.96875 1934.375 2024.6875 2292.34375 2394.6875 2325.46875 2056.25 1976.71875 1943.90625 1993.28125 2357.03125 2560.625 2582.5 2551.40625 2458.125 2353.4375 2206.5625 2135.78125 2159.84375 2163.28125 2262.03125 2283.28125 2295 2225.78125 2198.28125 2244.6875 2207.34375 2239.53125 2289.21875 2275.78125 2273.4375 2324.84375 2309.6875 2351.09375 2389.6875 2375.78125 2406.875 2457.03125 2477.1875 2488.125 2500.3125 2519.0625 2499.84375 2514.0625 2530.9375 2554.6875 2575.3125 2567.96875 2579.84375 2610 2617.03125 2638.90625 2652.1875 2670.3125
2340.625 2225 1969.84375 1922.65625 1960.9375 2070.625 2099.53125 2110.9375 2106.25 2315.9375 2278.90625 2015.9375 1847.5 1916.875 2185.9375 2238.75 2326.40625 2469.6875 2580 2539.84375 2482.65625 2400 2300 2230.9375 2078.90625 2221.40625 2276.40625 2246.25 2264.21875 2306.09375 2271.09375 2183.90625 2112.65625 1958.4375 2140.3125 2173.4375 2120.9375 2179.0625 2277.03125 2327.03125 2358.59375 2360.3125 2412.8125 2427.34375 2417.96875 2454.0625 2490.15625 2526.5625 2547.1875 2538.90625 2551.71875 2570.3125 2586.25 2593.4375 2615 2631.25 2655.78125 2669.21875 2674.84375 2690.625
2320.78125 2172.03125 2040.3125 2068.59375 2158.28125 2140.3125 2148.75 2159.375 2294.0625 2431.40625 2304.0625 2205.46875 2110.625 2073.90625 2103.28125 2322.34375 2447.8125 2475.15625 2570 2562.03125 2486.875 2347.34375 2185.3125 2176.40625 2189.6875 2258.28125 2298.28125 2253.4375 2287.03125 2280.46875 2271.875 2200 2122.96875 2017.34375 1980.15625 1911.875 1827.1875 2093.90625 2231.25 2270.9375 2299.84375 2344.375 2393.125 2423.4375 2452.65625 2484.53125 2517.03125 2528.90625 2528.59375 2541.71875 2552.03125 2563.4375 2570.46875 2583.59375 2608.28125 2626.5625 2651.09375 2667.1875 2671.09375 2660.78125
2242.34375 2113.59375 2061.09375 2024.6875 2085.78125 2110.625 1954.53125 2041.875 2185.9375 2322.34375 2342.65625 2425.15625 2387.5 2279.0625 2260.15625 2386.5625 2513.4375 2569.6875 2594.21875 2581.5625 2463.28125 2392.8125 2152.34375 2184.6875 2233.125 2269.375 2179.21875 2135.625 2167.5 2212.8125 2271.71875 2188.28125 2200.15625 2168.28125 2078.90625 2012.5 1914.6875 2099.0625 2202.1875 2235.625 2284.0625 2340.15625 2357.1875 2364.21875 2415.3125 2447.1875 2489.0625 2515.625 2505.625 2483.59375 2521.25 2558.59375 2578.125 2556.09375 2575.3125 2609.21875 2635.78125 2644.53125 2635 2607.5
2178.90625 2186.25 2159.0625 2048.90625 2107.1875 2073.28125 1940.15625 1967.5 2229.53125 2294.6875 2071.71875 2414.0625 2488.28125 2426.25 2386.09375 2460.9375 2536.71875 2579.21875 2572.5 2548.4375 2547.8125 2438.4375 2304.53125 2412.5 2407.1875 2327.34375 2133.90625 2176.71875 2069.53125 2222.1875 2317.65625 2298.28125 2305.9375 2231.71875 1928.75 1740.9375 1774.21875 1974.6875 2085.78125 2241.5625 2322.1875 2366.40625 2386.25 2380.3125 2387.8125 2383.75 2426.09375 2479.84375 2486.09375 2507.34375 2535.3125 2535 2510.15625 2522.1875 2552.65625 2583.59375 2589.21875 2613.125 2643.90625 2637.5
2286.5625 2277.34375 2233.125 2196.09375 2069.53125 1918.28125 1947.8125 2059.21875 2223.4375 2426.25 2071.25 2260.3125 2481.40625 2433.4375 2413.125 2492.34375 2532.5 2537.5 2461.40625 2544.6875 2550.15625 2340.9375 2194.21875 2361.71875 2194.0625 2117.03125 2142.03125 2055.625 2186.40625 2286.25 2354.84375 2355.9375 2325.3125 2242.5 1956.25 1744.21875 1616.25 1781.25 2120.78125 2270.9375 2332.5 2403.4375 2442.1875 2453.4375 2441.875 2403.75 2402.96875 2454.375 2487.8125 2507.8125 2501.5625 2518.28125 2549.0625 2581.5625 2568.125 2568.125 2588.125 2616.40625 2657.96875 2665.78125
2299.6875 2308.90625 2271.40625 2313.59375 2070.625 2101.71875 2189.53125 2230.46875 2349.375 2451.5625 2143.59375 2326.5625 2506.5625 2442.03125 2408.90625 2486.25 2543.4375 2526.40625 2511.875 2574.84375 2482.96875 2317.34375 2352.96875 2434.375 2349.21875 2044.21875 2052.65625 2170.625 2262.96875 2281.40625 2331.875 2395.78125 2347.03125 2281.25 2135.3125 1911.25 1726.71875 1853.90625 2197.5 2324.53125 2395.3125 2470.46875 2505.15625 2470.15625 2475.78125 2458.4375 2423.28125 2405.15625 2429.53125 2486.25 2551.09375 2587.96875 2603.4375 2615.15625 2605.46875 2588.75 2591.40625 2620.78125 2657.34375 2668.90625
2241.5625 2222.34375 2205.78125 2267.1875 2208.28125 2162.8125 2302.65625 2432.5 2465.78125 2495.9375 2379.0625 2465 2466.71875 2397.65625 2476.875 2516.40625 2544.53125 2615.78125 2629.84375 2593.125 2541.71875 2519.53125 2484.84375 2500.78125 2409.6875 2119.0625 1824.0625 2083.4375 2109.21875 2158.28125 2328.90625 2412.1875 2389.6875 2346.25 2266.40625 2176.875 2108.59375 2180.625 2315.625 2381.5625 2446.5625 2511.5625 2550.15625 2496.25 2523.90625 2514.6875 2458.90625 2423.28125 2404.6875 2460.78125 2517.96875 2581.5625 2613.28125 2627.5 2626.09375 2627.03125 2618.4375 2610.15625 2624.6875 2639.6875
2264.53125 2145.78125 2092.8125 2113.28125 2085.3125 2202.1875 2339.6875 2453.75 2497.65625 2528.75 2515.15625 2514.84375 2469.53125 2417.8125 2451.40625 2543.90625 2606.5625 2606.71875 2612.34375 2572.8125 2574.21875 2590.15625 2577.1875 2562.5 2533.90625 2450.15625 2105.3125 2051.875 2100.15625 2179.375 2269.53125 2394.21875 2459.84375 2428.4375 2377.96875 2324.21875 2383.75 2417.65625 2428.125 2485.46875 2546.40625 2582.1875 2597.65625 2577.5 2578.125 2519.6875 2445.3125 2480.625 2473.28125 2523.75 2526.71875 2490.15625 2537.5 2591.875 2602.8125 2614.84375 2628.90625 2627.34375 2622.5 2631.40625
2273.75 2082.1875 2030.78125 1901.5625 1888.125 2126.09375 2334.53125 2448.90625 2510.3125 2402.1875 2273.90625 2353.75 2438.59375 2464.53125 2529.21875 2543.125 2578.125 2537.8125 2604.21875 2531.40625 2540.9375 2572.03125 2564.375 2553.28125 2546.40625 2470 2055.3125 2098.125 2066.71875 1970.625 2160.78125 2328.4375 2438.28125 2511.25 2468.75 2355.625 2433.4375 2534.84375 2557.8125 2570.15625 2547.1875 2534.53125 2547.1875 2598.75 2618.28125 2559.84375 2529.375 2569.375 2590.78125 2582.8125 2551.09375 2531.09375 2534.84375 2530.15625 2582.96875 2603.4375 2621.71875 2632.96875 2681.25 2705.15625
2309.0625 2121.5625 2060.15625 2000.625 1944.53125 2129.375 2386.40625 2494.0625 2487.03125 2216.40625 2014.53125 2183.4375 2325 2457.8125 2490.46875 2497.1875 2506.875 2495.46875 2600.78125 2495.9375 2523.59375 2526.5625 2536.5625 2541.875 2532.03125 2509.375 2318.125 2301.25 2167.65625 2072.1875 2186.5625 2312.65625 2442.65625 2526.5625 2540.625 2549.84375 2531.875 2521.09375 2478.28125 2429.375 2469.53125 2479.0625 2504.53125 2502.65625 2547.65625 2589.84375 2612.8125 2612.1875 2630.3125 2620.46875 2633.4375 2599.6875 2577.5 2575.625 2590 2632.1875 2652.34375 2634.0625 2680.15625 2722.34375
2361.875 2323.75 2183.75 2214.6875 2121.25 2272.5 2445.3125 2420.46875 2199.21875 1826.25 1887.5 1902.1875 2200.15625 2377.1875 2459.84375 2462.1875 2467.96875 2489.375 2559.6875 2515.3125 2499.21875 2443.28125 2472.5 2510.625 2478.90625 2461.09375 2408.90625 2252.03125 2237.34375 2204.53125 2306.25 2392.03125 2504.375 2430.3125 2351.875 2373.90625 2278.75 2310 2348.59375 2431.71875 2362.8125 2366.25 2391.875 2410.625 2489.21875 2501.71875 2528.90625 2519.6875 2562.34375 2585.46875 2617.8125 2644.6875 2653.75 2634.84375 2609.375 2642.03125 2692.8125 2708.90625 2745.625 2760.78125
2383.4375 2300.625 2253.59375 2319.53125 2369.21875 2438.90625 2459.21875 2358.125 1940.3125 1737.8125 1686.875 1798.125 2041.5625 2187.34375 2393.4375 2488.4375 2453.75 2463.4375 2477.34375 2360 2304.84375 2330.9375 2456.875 2447.65625 2352.03125 2228.59375 2121.09375 2072.34375 2122.34375 2141.875 2143.125 2262.65625 2421.25 2221.5625 1887.96875 2030.78125 2234.84375 2263.75 2350.3125 2349.6875 2171.71875 2150.15625 2243.90625 2309.375 2396.5625 2435.78125 2485.9375 2513.125 2533.75 2563.75 2597.5 2611.875 2595.78125 2637.03125 2647.5 2657.34375 2659.6875 2681.5625 2726.71875 2706.25
