Cases/SDM_Urocitellus_beldingi/westernUsClimate_hadley2080a2/BIO10.asc
NCOLS 315 
NROWS 297 
XLLCORNER -124.741664802 
YLLCORNER 29.2083311801598 
CELLSIZE 0.066666670143822 
NODATA_value -3.4e+38 
[rows 104 to 129 of 297, columns 120 to 179 of 315]
2464.0625 2488.125 2484.0625 2466.875 2449.53125 2373.4375 2330.9375 2389.6875 2384.21875 2277.96875 2136.25 2140.78125 2182.34375 2257.96875 2289.53125 2290.9375 2344.6875 2311.40625 2323.125 2337.34375 2356.40625 2347.03125 2370.3125 2369.21875 2294.21875 2190.46875 2136.5625 2127.5 2264.21875 2470.78125 2483.125 2393.59375 2368.90625 2425.625 2407.5 2391.40625 2261.40625 2272.34375 2282.5 2375.15625 2454.53125 2495.9375 2457.03125 2236.71875 2368.125 2369.53125 2503.75 2551.40625 2558.4375 2569.53125 2587.34375 2614.6875 2598.4375 2467.1875 2407.5 2520.625 2668.4375 2676.25 2639.0625 2601.09375
2475 2459.84375 2434.53125 2404.375 2381.5625 2352.34375 2327.03125 2377.96875 2377.34375 2316.875 2109.53125 2103.125 2178.4375 2129.53125 2189.21875 2275.3125 2323.59375 2225 2230.9375 2253.28125 2245.78125 2242.8125 2247.5 2240.3125 2126.71875 2071.25 2178.4375 2226.09375 2228.59375 2415.3125 2467.8125 2489.6875 2459.375 2384.84375 2379.0625 2389.6875 2280.15625 2355 2368.4375 2459.0625 2529.6875 2523.28125 2380.625 2222.03125 2421.5625 2400.78125 2508.125 2491.25 2396.5625 2360.625 2308.28125 2453.75 2527.1875 2580.78125 2632.5 2665.15625 2708.90625 2722.34375 2710 2659.53125
2469.6875 2484.375 2455.78125 2420.9375 2392.96875 2376.40625 2365 2380.78125 2353.125 2309.84375 2254.375 2142.03125 2131.09375 2087.65625 2162.34375 2260 2290.15625 2137.5 2064.21875 2151.71875 2067.34375 2112.34375 2027.5 2089.0625 2057.34375 2149.375 2291.5625 2266.25 2268.4375 2334.0625 2490.78125 2510.78125 2446.40625 2274.6875 2222.34375 2345 2354.21875 2398.75 2473.28125 2518.75 2503.125 2390.46875 2262.1875 2205.3125 2308.59375 2383.75 2339.53125 2327.96875 2184.84375 1975 1939.6875 2074.6875 2302.03125 2559.84375 2696.09375 2727.03125 2747.03125 2749.21875 2727.03125 2700
2484.0625 2484.21875 2465.3125 2438.90625 2417.5 2409.0625 2407.03125 2382.5 2298.125 2177.34375 2190.78125 2249.0625 2215.15625 2096.71875 2159.375 2224.84375 2219.6875 2260.625 2057.34375 2023.90625 1818.90625 2045.3125 1908.90625 2086.71875 2189.21875 2255.15625 2339.375 2253.125 2207.5 2376.5625 2489.375 2386.40625 2441.40625 2252.65625 2200.625 2345.46875 2440.46875 2467.96875 2509.53125 2491.09375 2395.625 2341.71875 2366.875 2337.96875 2292.03125 2353.59375 2288.125 2331.875 2381.25 2421.875 2444.0625 2500.46875 2573.4375 2679.84375 2760 2737.8125 2761.71875 2753.90625 2713.125 2706.875
2490 2481.40625 2467.5 2453.4375 2440.9375 2437.5 2443.4375 2405.15625 2301.40625 2091.71875 2133.75 2240.78125 2247.96875 2189.0625 2183.125 2146.40625 2065.9375 2193.4375 1952.03125 1923.59375 1838.75 1892.1875 2014.6875 2225.625 2308.28125 2358.75 2333.59375 2307.1875 2190.9375 2406.71875 2435.46875 2246.5625 2375.78125 2261.25 2335.78125 2410.78125 2411.71875 2418.125 2438.90625 2388.125 2300.78125 2299.375 2425 2464.375 2283.4375 2233.59375 2352.65625 2518.125 2601.71875 2637.96875 2654.84375 2669.84375 2696.71875 2774.84375 2814.0625 2812.5 2810.9375 2790.46875 2749.6875 2695.46875
2490 2483.59375 2470.9375 2456.40625 2450.9375 2443.75 2445.46875 2399.0625 2251.875 2080.3125 2134.84375 2220.46875 2183.75 2203.4375 2219.84375 2205 2139.21875 2215 2196.09375 2065.9375 2034.0625 1979.21875 2185 2276.09375 2325.15625 2319.0625 2183.125 2295.46875 2428.59375 2360.9375 2198.4375 2230 2344.53125 2343.75 2435.625 2450.9375 2382.5 2357.8125 2324.6875 2281.40625 2364.6875 2495.78125 2527.65625 2493.75 2289.375 2268.4375 2551.09375 2600.9375 2640.15625 2681.25 2710.3125 2735.78125 2708.28125 2785.625 2842.1875 2841.71875 2839.21875 2834.6875 2809.375 2825.625
2490 2483.125 2468.28125 2453.125 2453.4375 2467.65625 2448.4375 2407.03125 2239.0625 2263.75 2225.625 2085 2142.65625 2235.625 2230.3125 2180.78125 2143.125 2216.875 2257.65625 2158.125 2115.46875 2191.71875 2242.5 2268.59375 2292.1875 2249.53125 2238.4375 2332.8125 2442.34375 2380.3125 2293.90625 2147.96875 2290.625 2408.75 2508.4375 2435.3125 2273.90625 2333.4375 2437.96875 2362.8125 2384.0625 2540.46875 2600.46875 2538.28125 2325.46875 2421.25 2579.21875 2663.125 2657.96875 2665.9375 2650.625 2732.65625 2765.3125 2811.71875 2851.25 2861.71875 2860.625 2860.9375 2867.65625 2863.125
2484.375 2476.40625 2467.5 2448.4375 2445 2465.15625 2429.53125 2407.34375 2322.1875 2319.84375 2164.375 2053.75 2172.1875 2252.03125 2234.21875 2178.90625 2193.28125 2204.6875 2276.40625 2223.4375 2219.84375 2287.03125 2322.65625 2268.75 2157.96875 2108.28125 2251.09375 2354.84375 2405.3125 2409.21875 2297.1875 2202.5 2377.8125 2488.90625 2536.40625 2494.21875 2408.4375 2336.40625 2475.46875 2420 2363.28125 2528.28125 2642.8125 2571.71875 2387.5 2458.59375 2624.375 2726.09375 2738.125 2723.59375 2750.78125 2780.46875 2818.4375 2766.875 2857.65625 2882.96875 2877.65625 2877.34375 2880.78125 2860.3125
2468.90625 2452.65625 2465.46875 2431.5625 2403.28125 2421.09375 2369.84375 2393.28125 2323.28125 2297.8125 2122.5 1910.3125 2200.78125 2284.84375 2228.28125 2242.34375 2218.75 2220.15625 2279.0625 2288.4375 2167.8125 2280.625 2354.53125 2321.09375 2176.5625 2062.8125 2194.6875 2319.375 2377.34375 2394.53125 2311.5625 2393.125 2493.59375 2507.65625 2410.78125 2514.21875 2572.8125 2547.8125 2526.875 2410.9375 2477.5 2590.3125 2687.03125 2589.21875 2485.9375 2470.3125 2671.875 2789.53125 2799.375 2827.03125 2862.34375 2868.28125 2828.75 2696.71875 2763.59375 2928.75 2901.40625 2886.875 2888.4375 2895
2461.09375 2429.375 2386.09375 2313.28125 2291.40625 2363.59375 2335 2387.8125 2424.375 2401.71875 2203.125 2078.4375 2274.21875 2312.65625 2287.5 2227.03125 2319.6875 2282.96875 2282.8125 2217.1875 2228.28125 2289.84375 2366.25 2350.3125 2302.96875 2155 2134.21875 2308.59375 2365.78125 2410.3125 2408.4375 2493.75 2515.15625 2455.9375 2378.125 2500.78125 2469.21875 2490.78125 2618.59375 2552.03125 2557.03125 2693.59375 2735.625 2739.53125 2749.0625 2758.90625 2844.84375 2863.125 2851.5625 2878.28125 2891.5625 2888.28125 2783.59375 2571.71875 2726.5625 2908.28125 2916.71875 2908.59375 2909.21875 2916.09375
2426.875 2379.0625 2372.03125 2388.28125 2332.8125 2246.875 2191.25 2275.3125 2435.3125 2446.40625 2297.5 2158.28125 2277.1875 2348.125 2335.15625 2263.4375 2344.375 2370.3125 2262.03125 2153.28125 2252.5 2273.125 2385.625 2382.8125 2345.625 2293.4375 2220.625 2294.6875 2317.34375 2401.875 2447.65625 2454.6875 2504.375 2481.71875 2473.4375 2445.9375 2340.625 2472.1875 2655.78125 2676.25 2721.875 2766.71875 2790.625 2825.78125 2838.125 2875.3125 2888.125 2893.4375 2900.15625 2906.71875 2911.875 2914.0625 2803.90625 2755 2863.75 2923.75 2934.375 2935 2933.59375 2933.28125
2425.3125 2511.09375 2505.3125 2464.6875 2395 2234.21875 2277.8125 2380.9375 2464.84375 2431.875 2189.21875 2192.5 2318.28125 2367.03125 2373.75 2378.28125 2391.09375 2391.40625 2330.46875 2276.875 2239.21875 2325.3125 2405.9375 2405.46875 2385.78125 2355.15625 2208.90625 2292.8125 2360 2320.9375 2312.8125 2417.8125 2485.9375 2468.59375 2421.40625 2318.75 2420.78125 2609.0625 2702.34375 2723.59375 2646.5625 2675.9375 2814.0625 2856.40625 2874.375 2893.125 2905.625 2914.0625 2918.90625 2922.96875 2927.03125 2931.25 2930.3125 2914.0625 2913.75 2946.71875 2950.46875 2956.25 2955.3125 2952.1875
2553.4375 2553.59375 2517.5 2510.78125 2484.375 2390.625 2356.40625 2460.9375 2437.1875 2348.28125 2334.84375 2337.65625 2382.96875 2400.625 2411.40625 2376.5625 2325.15625 2358.4375 2411.40625 2374.84375 2348.75 2405.3125 2421.09375 2426.09375 2419.375 2411.5625 2368.4375 2311.25 2364.0625 2309.21875 2287.5 2403.75 2443.90625 2467.65625 2410.46875 2275.46875 2485.625 2666.09375 2713.125 2679.53125 2462.65625 2586.5625 2824.0625 2891.875 2895.3125 2913.125 2921.5625 2930.15625 2934.375 2939.84375 2870 2935.78125 2952.1875 2954.0625 2945.46875 2959.84375 2960.78125 2962.03125 2963.90625 2967.5
2583.28125 2522.8125 2469.0625 2494.53125 2493.75 2453.90625 2333.4375 2334.21875 2334.0625 2418.28125 2394.84375 2354.21875 2406.71875 2411.09375 2414.6875 2320.15625 2254.6875 2367.5 2441.25 2404.21875 2399.21875 2427.96875 2442.5 2441.5625 2440.3125 2435 2369.53125 2375.625 2337.8125 2325.15625 2398.75 2330.15625 2324.21875 2413.125 2434.21875 2376.40625 2500.78125 2650.9375 2706.5625 2680.78125 2417.5 2635.46875 2881.25 2908.59375 2923.90625 2932.96875 2939.0625 2946.25 2951.40625 2954.53125 2815 2955.9375 2965.78125 2967.8125 2968.59375 2973.90625 2974.84375 2916.09375 2931.09375 2984.0625
2534.21875 2493.75 2510.9375 2511.71875 2534.84375 2452.03125 2277.96875 2294.375 2398.75 2506.71875 2398.75 2258.75 2399.375 2432.8125 2359.53125 2265 2384.375 2440.3125 2460.3125 2369.375 2422.03125 2439.6875 2457.65625 2453.28125 2423.28125 2395 2419.53125 2408.4375 2360 2391.09375 2453.59375 2365.625 2222.8125 2354.21875 2462.8125 2502.65625 2445.3125 2463.90625 2725 2723.75 2469.375 2830 2936.09375 2940 2891.875 2946.875 2957.65625 2962.34375 2967.96875 2966.09375 2894.21875 2997.8125 2984.0625 2978.90625 2982.34375 2980.9375 2973.125 2888.4375 2958.90625 3001.71875
2622.65625 2584.21875 2609.0625 2573.4375 2552.96875 2522.65625 2341.875 2359.6875 2515 2508.90625 2389.53125 2419.84375 2452.96875 2421.40625 2318.125 2348.28125 2469.375 2492.8125 2475.9375 2462.5 2487.1875 2475 2457.03125 2358.90625 2050 2282.8125 2403.28125 2322.03125 2202.65625 2394.375 2498.125 2437.5 2249.21875 2442.34375 2519.6875 2453.90625 2330.46875 2568.90625 2773.28125 2435.9375 2336.875 2888.4375 2957.5 2960.46875 2928.90625 2967.65625 2972.03125 2980.15625 2985.3125 2980 2903.75 2996.40625 2991.25 2990.625 2984.0625 2935.46875 2927.03125 2939.53125 3001.25 3012.03125
2656.40625 2640.78125 2617.03125 2581.25 2623.28125 2592.65625 2472.65625 2544.53125 2583.125 2451.25 2388.28125 2511.25 2419.6875 2389.21875 2364.53125 2474.53125 2541.09375 2540.625 2521.09375 2521.71875 2498.4375 2476.875 2402.8125 2178.28125 1938.4375 2353.28125 2450.3125 2396.09375 2257.1875 2401.71875 2518.75 2433.59375 2146.25 2482.5 2554.84375 2485 2392.34375 2694.53125 2809.6875 2542.1875 2773.75 2960.625 2972.5 2860.625 2735.46875 2894.84375 2985.46875 2991.40625 2994.53125 2990.46875 2985.9375 2994.375 2998.4375 2999.0625 2910.78125 2815.78125 2963.75 2975.46875 2959.6875 3023.75
2646.25 2542.03125 2596.25 2625.9375 2671.25 2633.75 2507.8125 2613.90625 2615.46875 2541.71875 2459.53125 2527.8125 2444.84375 2422.34375 2498.4375 2574.375 2465 2518.59375 2558.75 2543.28125 2524.0625 2474.21875 2285.3125 2005.3125 1940.3125 2417.65625 2482.8125 2480.46875 2460 2502.1875 2534.6875 2438.75 2227.5 2555.3125 2583.90625 2549.84375 2505.625 2770.78125 2902.8125 2895.78125 2977.5 2987.34375 2966.09375 2778.28125 2890.46875 2984.0625 2992.5 2998.125 3001.40625 3001.875 3004.375 3005.46875 3007.96875 3004.21875 2919.84375 2794.53125 2984.0625 2993.4375 2847.8125 2982.34375
2595.78125 2592.03125 2663.28125 2710.3125 2715.46875 2694.375 2585.78125 2657.65625 2616.25 2635 2622.5 2569.375 2494.84375 2580.9375 2609.21875 2564.84375 2522.1875 2551.40625 2552.96875 2540.625 2523.59375 2457.96875 2300.3125 2299.84375 2150.78125 2408.90625 2506.40625 2515.3125 2523.90625 2535.625 2548.28125 2518.125 2386.40625 2582.8125 2595.78125 2558.75 2406.09375 2729.21875 2907.96875 2875.625 2933.125 2917.1875 2905 3009.53125 3009.375 3008.75 3006.5625 3005.46875 3005.625 3008.125 3008.90625 3010.3125 3012.96875 3008.90625 3008.28125 2939.0625 2970 2974.0625 2906.25 2884.0625
2550.3125 2674.375 2719.53125 2720 2720 2692.96875 2561.875 2589.53125 2680.3125 2690.15625 2671.71875 2597.5 2639.0625 2647.1875 2557.03125 2558.59375 2585.78125 2549.21875 2532.8125 2522.1875 2425.3125 2187.34375 2117.8125 2414.21875 2297.03125 2467.5 2529.21875 2533.90625 2500.9375 2540.9375 2560.46875 2536.25 2442.8125 2590.15625 2602.03125 2605 2386.09375 2564.21875 2818.75 2776.875 2799.53125 2974.84375 3029.53125 3024.21875 3016.71875 3013.90625 3012.96875 3012.5 3009.53125 3012.03125 3013.90625 3017.8125 3021.25 3010.78125 3017.5 2974.53125 2960.9375 2796.09375 2997.8125 3029.6875
2722.96875 2730.15625 2715.625 2713.75 2704.6875 2666.25 2523.125 2581.5625 2699.84375 2711.71875 2676.40625 2648.125 2562.34375 2612.8125 2606.09375 2617.5 2592.5 2549.375 2485.78125 2332.1875 2136.875 1982.34375 2369.84375 2465.3125 2388.90625 2484.21875 2529.21875 2541.40625 2487.5 2510 2570.625 2519.84375 2458.4375 2598.90625 2610.625 2608.4375 2358.90625 2461.25 2808.59375 2967.96875 3038.4375 3040.15625 3031.40625 3026.875 3020.78125 3020 3019.375 3015.15625 3010.3125 3015.15625 3022.5 3025.9375 3025.15625 3026.09375 3023.75 2990.3125 2871.25 2766.40625 3007.65625 3050.15625
2596.25 2581.25 2627.8125 2710.9375 2712.5 2696.5625 2633.28125 2633.28125 2685.15625 2620.15625 2507.8125 2512.5 2586.09375 2640.9375 2634.0625 2621.71875 2577.34375 2491.5625 2111.5625 1972.96875 1882.03125 2203.28125 2484.375 2487.65625 2459.84375 2466.09375 2513.28125 2532.03125 2406.25 2492.1875 2510.9375 2281.5625 2299.84375 2599.84375 2616.40625 2616.09375 2354.53125 2477.65625 2773.59375 2943.4375 3021.25 3025.46875 3025 3022.5 3019.6875 3016.5625 3016.40625 3018.4375 3019.84375 3022.8125 3028.4375 3016.71875 3023.75 3028.59375 3027.03125 2909.21875 2745.3125 2864.53125 3024.84375 3050
2570.15625 2655.3125 2697.34375 2715.78125 2723.4375 2731.09375 2719.84375 2690.3125 2689.375 2654.375 2537.5 2566.40625 2642.8125 2622.65625 2590.15625 2627.96875 2582.8125 2508.28125 2309.0625 1968.28125 1980.9375 2428.90625 2510.46875 2507.5 2492.1875 2432.5 2479.0625 2451.5625 2166.875 2288.125 2357.96875 2317.96875 2498.28125 2606.875 2619.0625 2617.5 2308.125 2536.5625 2762.8125 2943.59375 3003.125 3006.09375 3008.4375 3010.15625 3010.9375 3010.15625 3012.03125 3015.46875 3018.90625 3018.4375 3023.28125 3025.15625 3029.21875 3031.09375 3029.21875 2946.875 2656.5625 2889.21875 3028.125 3042.96875
2572.34375 2609.84375 2700.15625 2736.40625 2735.625 2697.1875 2660.15625 2636.09375 2624.375 2682.8125 2403.90625 2490.78125 2561.09375 2555.3125 2593.4375 2652.5 2605 2419.84375 2042.5 1943.90625 2281.875 2527.96875 2527.1875 2520.78125 2504.6875 2451.5625 2491.5625 2435.9375 2189.53125 2321.25 2335.78125 2505.9375 2596.25 2610.9375 2620 2582.5 2221.71875 2459.53125 2698.4375 2861.875 2966.40625 2989.53125 2995.3125 2997.8125 2998.75 3001.09375 3006.71875 3010.9375 3016.71875 3022.03125 3022.65625 3015.78125 3034.21875 3037.5 3021.875 2929.375 2600.46875 2877.8125 3026.25 3033.59375
2465.625 2644.0625 2741.25 2754.84375 2718.125 2713.125 2726.25 2598.90625 2689.0625 2722.65625 2575 2389.0625 2470.9375 2527.8125 2629.21875 2663.28125 2621.09375 2434.84375 2076.71875 2188.59375 2525.9375 2546.71875 2540.625 2526.5625 2526.09375 2518.28125 2520 2503.4375 2461.71875 2485.46875 2532.65625 2591.25 2585.9375 2587.96875 2617.65625 2612.65625 2400.15625 2370.625 2551.5625 2731.25 2880.78125 2971.09375 2977.34375 2981.875 2985.78125 2991.5625 2998.75 3006.5625 3010.15625 3017.96875 3020.78125 2984.53125 3034.0625 3040 3033.4375 2832.1875 2713.90625 2927.03125 3016.09375 3015.9375
2573.4375 2714.375 2764.375 2772.03125 2766.5625 2724.53125 2563.75 2560 2708.75 2719.0625 2561.875 2372.5 2505.15625 2602.1875 2650.15625 2658.75 2607.96875 2395.625 2120.15625 2448.90625 2564.375 2562.5 2545.46875 2510 2504.6875 2460.3125 2505.15625 2451.09375 2449.375 2526.25 2580.15625 2576.71875 2410.46875 2468.28125 2589.21875 2617.96875 2586.09375 2477.03125 2644.375 2766.71875 2870.9375 2931.40625 2945.625 2964.53125 2975.15625 2980 2987.5 2997.34375 3008.125 3016.09375 3025.78125 3029.6875 3035.625 3040.78125 3046.875 2875.625 2745.15625 2895.9375 2979.53125 2990.15625
