Cases/SDM_Urocitellus_beldingi/westernUsClimate_hadley2080a2/BIO13.asc
NCOLS 315 
NROWS 297 
XLLCORNER -124.741664802 
YLLCORNER 29.2083311801598 
CELLSIZE 0.066666670143822 
NODATA_value -3.4e+38 
[rows 84 to 111 of 297, columns 62 to 123 of 315]
2914.0625 2851.5625 2912.5 2940.625 3040.625 3143.75 3232.8125 3231.25 3257.8125 3635.9375 3903.125 3453.125 3398.4375 3165.625 3073.4375 3071.875 3156.25 3129.6875 3151.5625 3214.0625 3270.3125 3278.125 3229.6875 3265.625 3168.75 3128.125 3082.8125 3071.875 3168.75 3204.6875 3300 3365.625 3360.9375 3348.4375 3200 3459.375 3637.5 4065.625 3923.4375 4178.125 4110.9375 4062.5 3790.625 3903.125 3985.9375 3926.5625 3504.6875 3004.6875 3254.6875 2760.9375 3240.625 3717.1875 3701.5625 4723.4375 4245.3125 4264.0625 4068.75 3410.9375 2820.3125 2782.8125 2929.6875 3090.625
2959.375 2870.3125 2876.5625 2812.5 2968.75 3160.9375 3207.8125 3059.375 3128.125 3528.125 3835.9375 3453.125 3228.125 3087.5 3017.1875 3021.875 3071.875 3064.0625 3098.4375 3100 3153.125 3112.5 3115.625 3053.125 3012.5 2970.3125 2932.8125 3007.8125 3100 3123.4375 3243.75 3537.5 3442.1875 3339.0625 3315.625 3542.1875 3764.0625 4032.8125 4207.8125 3848.4375 3498.4375 3500 3684.375 4279.6875 3967.1875 3892.1875 3173.4375 2593.75 2882.8125 3109.375 4089.0625 4332.8125 3567.1875 3639.0625 4129.6875 5218.75 5507.8125 4470.3125 3248.4375 2831.25 2687.5 2865.625
3051.5625 2935.9375 2864.0625 2800 2873.4375 2995.3125 3026.5625 2945.3125 2925 2985.9375 3165.625 3206.25 3060.9375 3000 3067.1875 3195.3125 3132.8125 3087.5 3139.0625 3185.9375 3132.8125 3012.5 3000 3000 3015.625 2918.75 2901.5625 2954.6875 3112.5 3143.75 3193.75 3251.5625 3315.625 3434.375 3328.125 3640.625 3887.5 3962.5 3770.3125 3553.125 3259.375 3295.3125 3490.625 3645.3125 3482.8125 3325 2881.25 3401.5625 3764.0625 4231.25 5181.25 4670.3125 4351.5625 4007.8125 4537.5 5485.9375 5378.125 3692.1875 4007.8125 3253.125 2854.6875 2970.3125
3578.125 3353.125 2882.8125 2923.4375 2873.4375 2845.3125 2887.5 2950 2648.4375 2684.375 2976.5625 3306.25 3234.375 2998.4375 3090.625 3270.3125 3318.75 3239.0625 3253.125 3262.5 3207.8125 3070.3125 3000 3026.5625 3017.1875 2903.125 2900 3000 3059.375 3123.4375 3173.4375 3171.875 3184.375 3140.625 3167.1875 3434.375 3943.75 3784.375 3168.75 3185.9375 3223.4375 3257.8125 3403.125 3390.625 3129.6875 3325 3512.5 3903.125 3932.8125 4307.8125 4482.8125 4551.5625 4965.625 4267.1875 4601.5625 5382.8125 5539.0625 4465.625 4481.25 3707.8125 3051.5625 3045.3125
4142.1875 3490.625 3162.5 3159.375 2973.4375 2840.625 2962.5 2745.3125 2575 2520.3125 3032.8125 3103.125 2954.6875 2846.875 3104.6875 3245.3125 3221.875 3185.9375 3301.5625 3323.4375 3340.625 3389.0625 3156.25 3057.8125 3143.75 2953.125 2903.125 2971.875 2975 3153.125 3168.75 3612.5 3537.5 3671.875 3781.25 3700 3600 3153.125 3123.4375 3182.8125 3301.5625 3154.6875 3028.125 2793.75 3175 3471.875 3645.3125 3695.3125 3712.5 3809.375 3948.4375 4148.4375 4253.125 4468.75 4609.375 5289.0625 6240.625 5529.6875 5768.75 4653.125 3295.3125 3109.375
3771.875 3637.5 3598.4375 3392.1875 3070.3125 2800 2562.5 2596.875 2468.75 2432.8125 3021.875 3053.125 2745.3125 2875 3217.1875 3248.4375 3125 3301.5625 3310.9375 3306.25 3346.875 3400 3453.125 3284.375 3426.5625 3331.25 2946.875 2942.1875 3085.9375 3282.8125 3309.375 3631.25 4109.375 3778.125 3681.25 3204.6875 3064.0625 3146.875 3156.25 3132.8125 3128.125 3035.9375 2825 2707.8125 2943.75 3248.4375 3467.1875 3664.0625 3628.125 3659.375 4071.875 4145.3125 4051.5625 4334.375 5007.8125 5092.1875 5765.625 6173.4375 5835.9375 4407.8125 3692.1875 3229.6875
3943.75 3815.625 3715.625 3412.5 3112.5 2739.0625 2545.3125 2406.25 2296.875 2926.5625 3203.125 2960.9375 2789.0625 3101.5625 3348.4375 3146.875 3310.9375 3321.875 3307.8125 3301.5625 3301.5625 3343.75 3375 3392.1875 3409.375 3514.0625 3096.875 3185.9375 3217.1875 3320.3125 3610.9375 3960.9375 4137.5 4178.125 3376.5625 3078.125 3604.6875 3393.75 3179.6875 3046.875 2971.875 2865.625 2757.8125 2745.3125 2921.875 3112.5 3362.5 3526.5625 3531.25 3575 3676.5625 3801.5625 3801.5625 3990.625 4471.875 4765.625 5103.125 6143.75 6507.8125 6231.25 4354.6875 3448.4375
3970.3125 3939.0625 3550 3390.625 3120.3125 2932.8125 2818.75 2531.25 2446.875 3048.4375 3245.3125 2931.25 2993.75 3076.5625 3193.75 3014.0625 3151.5625 3259.375 3253.125 3190.625 3257.8125 3287.5 3275 3353.125 3540.625 3415.625 3192.1875 3364.0625 3687.5 3726.5625 3696.875 4218.75 4425 3520.3125 3057.8125 3078.125 3748.4375 3737.5 3256.25 2971.875 2898.4375 2870.3125 2764.0625 2675 2795.3125 2804.6875 2873.4375 3178.125 3404.6875 3535.9375 3570.3125 3742.1875 4020.3125 3875 4209.375 4432.8125 4496.875 4995.3125 5404.6875 5604.6875 5282.8125 4290.625
3646.875 3979.6875 3550 3420.3125 3150 2943.75 2871.875 2770.3125 2579.6875 2990.625 2985.9375 3007.8125 3060.9375 2921.875 2831.25 2835.9375 2917.1875 3123.4375 3092.1875 3035.9375 3098.4375 3148.4375 3198.4375 3268.75 3435.9375 3292.1875 3293.75 3543.75 3907.8125 4325 4184.375 4551.5625 4010.9375 2937.5 2965.625 3445.3125 3889.0625 3806.25 3285.9375 3060.9375 2789.0625 2737.5 2700 2567.1875 2531.25 2792.1875 2929.6875 3271.875 3567.1875 3562.5 3753.125 4003.125 4428.125 4167.1875 4373.4375 4328.125 4376.5625 4535.9375 4618.75 4589.0625 4760.9375 5134.375
3568.75 3651.5625 3617.1875 3654.6875 3281.25 2764.0625 2660.9375 2751.5625 2995.3125 3089.0625 2785.9375 2742.1875 2800 2743.75 2687.5 2704.6875 2925 3003.125 3001.5625 2992.1875 3007.8125 3079.6875 3101.5625 3185.9375 3232.8125 3475 3404.6875 3757.8125 4271.875 4840.625 5164.0625 4690.625 3095.3125 2925 2909.375 3170.3125 3203.125 3271.875 3093.75 2979.6875 2781.25 2665.625 2604.6875 2620.3125 2634.375 2742.1875 2914.0625 3231.25 3414.0625 3515.625 3667.1875 3834.375 4171.875 4285.9375 4973.4375 5273.4375 4843.75 5006.25 4796.875 4592.1875 4903.125 4782.8125
3978.125 3556.25 3392.1875 3915.625 3282.8125 2745.3125 2676.5625 3154.6875 3162.5 2856.25 2617.1875 2600 2620.3125 2604.6875 2687.5 2948.4375 2923.4375 2934.375 2965.625 2906.25 2946.875 3000 3029.6875 3098.4375 3235.9375 3539.0625 3509.375 3664.0625 4542.1875 5160.9375 6001.5625 3707.8125 2925 3179.6875 2818.75 3057.8125 2885.9375 2745.3125 2679.6875 2714.0625 2656.25 2606.25 2600 2598.4375 2643.75 2721.875 2954.6875 3289.0625 3368.75 3464.0625 3635.9375 3648.4375 3787.5 4021.875 4768.75 5370.3125 5356.25 5421.875 5364.0625 4978.125 5071.875 5085.9375
4884.375 3890.625 3523.4375 3810.9375 3428.125 2909.375 3281.25 3556.25 3162.5 2828.125 2790.625 2642.1875 2600 2600 3098.4375 3148.4375 2979.6875 2960.9375 3001.5625 2996.875 2967.1875 2946.875 3000 3028.125 3220.3125 3579.6875 3534.375 3473.4375 3725 5007.8125 5910.9375 3251.5625 2764.0625 2764.0625 3092.1875 2923.4375 2712.5 2678.125 2667.1875 2600 2584.375 2590.625 2590.625 2603.125 2712.5 2810.9375 2862.5 3182.8125 3553.125 3676.5625 3426.5625 3648.4375 3781.25 3912.5 4098.4375 4462.5 4842.1875 5139.0625 4965.625 4790.625 4873.4375 5070.3125
5056.25 4523.4375 3845.3125 3517.1875 3509.375 3118.75 3665.625 3784.375 3756.25 3276.5625 2857.8125 2689.0625 2654.6875 3104.6875 3153.125 3034.375 2975 2993.75 2981.25 2907.8125 2904.6875 2900 2932.8125 2995.3125 3009.375 3520.3125 3612.5 3726.5625 3864.0625 4279.6875 3982.8125 2804.6875 2700 2760.9375 2921.875 2718.75 2606.25 2600 2614.0625 2579.6875 2554.6875 2632.8125 2756.25 2695.3125 2679.6875 2893.75 3039.0625 3271.875 3459.375 3579.6875 3579.6875 3484.375 3615.625 3707.8125 4000 4325 4456.25 4531.25 4390.625 4500 4642.1875 4770.3125
4896.875 5346.875 4459.375 4028.125 3592.1875 3884.375 4632.8125 4001.5625 3900 3520.3125 2962.5 2764.0625 3660.9375 4256.25 3520.3125 3168.75 3010.9375 2975 2912.5 2885.9375 2900 2901.5625 2900 2906.25 2946.875 3259.375 3818.75 3945.3125 4453.125 3728.125 2965.625 2720.3125 2675 2743.75 2731.25 2604.6875 2556.25 2546.875 2648.4375 2600 2603.125 2718.75 3048.4375 2895.3125 2687.5 3010.9375 3335.9375 3409.375 3568.75 3604.6875 3542.1875 3464.0625 3542.1875 3832.8125 4243.75 4567.1875 4448.4375 4312.5 4320.3125 4243.75 4434.375 4682.8125
5140.625 5559.375 4931.25 4414.0625 4171.875 4365.625 4732.8125 4010.9375 3682.8125 3401.5625 3015.625 2882.8125 4515.625 4307.8125 3709.375 3253.125 3101.5625 2934.375 3023.4375 3081.25 2956.25 2981.25 2993.75 2918.75 2900 2906.25 3289.0625 3540.625 3850 3034.375 2778.125 2704.6875 2667.1875 2698.4375 2600 2578.125 2532.8125 2567.1875 2723.4375 2662.5 2731.25 2832.8125 2925 2948.4375 3054.6875 3360.9375 3500 3498.4375 3495.3125 3542.1875 3439.0625 3539.0625 3643.75 3795.3125 4270.3125 4800 4871.875 4457.8125 3993.75 4031.25 4285.9375 4467.1875
5400 5843.75 5289.0625 4793.75 4314.0625 5151.5625 5156.25 4479.6875 3909.375 3682.8125 3254.6875 3100 4409.375 3657.8125 3523.4375 3354.6875 3159.375 3121.875 3407.8125 3793.75 3193.75 3054.6875 2987.5 2940.625 2823.4375 2878.125 3196.875 3232.8125 3482.8125 2878.125 2720.3125 2737.5 2964.0625 2778.125 2610.9375 2565.625 2621.875 2806.25 2907.8125 2976.5625 3387.5 2995.3125 3001.5625 3306.25 3400 3510.9375 3601.5625 3560.9375 3539.0625 3604.6875 3571.875 3685.9375 3673.4375 3810.9375 4229.6875 4278.125 4221.875 4267.1875 3759.375 3748.4375 4084.375 4189.0625
5429.6875 5264.0625 4910.9375 4779.6875 4590.625 5134.375 5643.75 5000 4189.0625 4075 3900 3112.5 3295.3125 3693.75 3579.6875 3490.625 3198.4375 3209.375 3410.9375 3565.625 3134.375 3029.6875 2967.1875 2889.0625 2820.3125 3100 3550 3389.0625 3156.25 2800 2759.375 2784.375 3017.1875 2959.375 2825 2682.8125 2846.875 3387.5 3885.9375 3414.0625 3473.4375 3651.5625 3121.875 3607.8125 3989.0625 3654.6875 3692.1875 3670.3125 3603.125 3584.375 3656.25 3707.8125 3743.75 3793.75 3815.625 3773.4375 3601.5625 3950 3845.3125 3710.9375 4007.8125 4070.3125
5553.125 5031.25 4964.0625 4965.625 5046.875 5143.75 4884.375 4565.625 4270.3125 4287.5 4326.5625 3206.25 3246.875 3707.8125 3715.625 3478.125 3170.3125 3107.8125 3356.25 3292.1875 3093.75 2970.3125 2967.1875 2984.375 2901.5625 3154.6875 3284.375 3343.75 2935.9375 2812.5 2823.4375 2854.6875 2960.9375 3029.6875 2798.4375 2893.75 3025 3643.75 4314.0625 3384.375 2982.8125 3115.625 3025 3504.6875 4078.125 3842.1875 3854.6875 3857.8125 3831.25 3745.3125 3756.25 3795.3125 3795.3125 3835.9375 3881.25 3607.8125 3717.1875 3784.375 3748.4375 3609.375 3756.25 3784.375
5145.3125 5000 5004.6875 4981.25 5178.125 5326.5625 4998.4375 4679.6875 4437.5 4279.6875 3792.1875 3348.4375 3462.5 3790.625 3864.0625 3565.625 3212.5 3196.875 3326.5625 3354.6875 3240.625 3078.125 3064.0625 3070.3125 3176.5625 3048.4375 2957.8125 3362.5 3385.9375 2996.875 2796.875 2854.6875 2989.0625 3148.4375 3346.875 3448.4375 3518.75 3973.4375 4404.6875 4334.375 3562.5 2878.125 2859.375 3607.8125 3940.625 4093.75 4045.3125 4203.125 4073.4375 3965.625 3912.5 3903.125 3906.25 3867.1875 3792.1875 3585.9375 3657.8125 3757.8125 3771.875 3654.6875 3800 3834.375
5198.4375 4981.25 5000 4975 5081.25 5509.375 5050 4839.0625 4637.5 4373.4375 3695.3125 3543.75 3437.5 3950 3854.6875 3507.8125 3217.1875 3437.5 3464.0625 3401.5625 3451.5625 3637.5 3340.625 3153.125 3375 3065.625 2865.625 3125 4035.9375 3850 2892.1875 2887.5 3121.875 3746.875 4101.5625 4393.75 3976.5625 4012.5 4181.25 4489.0625 4198.4375 2943.75 2818.75 3170.3125 3617.1875 4412.5 4254.6875 4275 4121.875 4028.125 3978.125 3900 3871.875 3803.125 3756.25 3695.3125 3725 3670.3125 3782.8125 3728.125 3837.5 3796.875
5268.75 4901.5625 4953.125 4992.1875 5095.3125 5868.75 5539.0625 5257.8125 4773.4375 4379.6875 4170.3125 3818.75 3653.125 4342.1875 3865.625 3482.8125 3262.5 3737.5 3568.75 3385.9375 3357.8125 3275 3232.8125 3525 2845.3125 2692.1875 2835.9375 2900 3596.875 3373.4375 2912.5 2946.875 3168.75 3553.125 4487.5 4995.3125 3912.5 3421.875 3256.25 3390.625 3495.3125 3207.8125 2810.9375 2925 3223.4375 4028.125 4237.5 4207.8125 4157.8125 4134.375 4014.0625 3901.5625 3835.9375 3764.0625 3639.0625 3667.1875 3784.375 3635.9375 3676.5625 3568.75 3553.125 3614.0625
5334.375 5095.3125 4942.1875 5090.625 5201.5625 5728.125 6185.9375 5500 4804.6875 4560.9375 4429.6875 4362.5 3779.6875 4314.0625 3926.5625 3637.5 3393.75 3790.625 3734.375 3657.8125 3350 3125 3218.75 3070.3125 2879.6875 2687.5 2679.6875 2809.375 3171.875 2960.9375 2970.3125 3089.0625 3723.4375 3640.625 3809.375 4510.9375 3826.5625 3401.5625 3460.9375 3523.4375 3259.375 3026.5625 2879.6875 2884.375 3042.1875 3543.75 3820.3125 3982.8125 4217.1875 4268.75 4092.1875 3871.875 3803.125 3692.1875 3601.5625 3756.25 3798.4375 3703.125 3629.6875 3667.1875 3757.8125 3870.3125
5260.9375 4998.4375 4985.9375 5145.3125 5362.5 5964.0625 5392.1875 5195.3125 4887.5 4687.5 4570.3125 4610.9375 4131.25 4095.3125 4078.125 3726.5625 3595.3125 3668.75 3889.0625 3764.0625 3201.5625 3084.375 3082.8125 2951.5625 2625 2546.875 2628.125 2731.25 2864.0625 2953.125 3076.5625 3289.0625 4085.9375 3795.3125 3167.1875 3171.875 3712.5 3798.4375 3792.1875 3421.875 3279.6875 3240.625 2992.1875 2928.125 3175 3890.625 4090.625 4409.375 4131.25 4357.8125 4109.375 3981.25 3848.4375 3735.9375 3653.125 3648.4375 3776.5625 3743.75 3637.5 3562.5 3659.375 3785.9375
5104.6875 5012.5 4948.4375 5128.125 5418.75 5571.875 5414.0625 5360.9375 4971.875 4790.625 4767.1875 4484.375 4307.8125 4034.375 4295.3125 4007.8125 3639.0625 3670.3125 4039.0625 3720.3125 3454.6875 3342.1875 3064.0625 2554.6875 2712.5 3025 2620.3125 2700 2914.0625 3339.0625 3078.125 3253.125 3968.75 4015.625 3181.25 2912.5 3376.5625 4076.5625 4062.5 3529.6875 3412.5 3507.8125 3004.6875 3023.4375 3343.75 4182.8125 4754.6875 4629.6875 4389.0625 4865.625 4257.8125 4018.75 3893.75 3760.9375 3695.3125 3650 3603.125 3562.5 3540.625 3501.5625 3568.75 3685.9375
5045.3125 4915.625 4875 5051.5625 5603.125 5543.75 5248.4375 5128.125 4950 4840.625 4756.25 4398.4375 4173.4375 4020.3125 4279.6875 3956.25 3759.375 3678.125 3642.1875 3703.125 3509.375 3412.5 2978.125 3023.4375 2950 2973.4375 2617.1875 2731.25 3057.8125 3723.4375 3020.3125 2979.6875 3375 3623.4375 3271.875 2914.0625 3010.9375 4029.6875 3871.875 3364.0625 3296.875 3046.875 3025 3164.0625 3573.4375 4410.9375 4543.75 4339.0625 4153.125 4384.375 4226.5625 4029.6875 3887.5 3798.4375 3650 3503.125 3531.25 3465.625 3400 3435.9375 3500 3543.75
4946.875 4890.625 4790.625 4929.6875 5865.625 5775 4934.375 4868.75 4903.125 4862.5 4742.1875 4323.4375 4210.9375 4334.375 3985.9375 3809.375 3873.4375 3667.1875 3567.1875 3614.0625 3695.3125 3368.75 3453.125 3337.5 3315.625 2607.8125 2750 3379.6875 4153.125 3817.1875 2932.8125 2845.3125 3101.5625 3382.8125 3378.125 2940.625 2900 3309.375 3298.4375 3131.25 3039.0625 3009.375 3128.125 3543.75 4210.9375 4981.25 4360.9375 4171.875 4367.1875 4192.1875 4025 3989.0625 3932.8125 3810.9375 3725 3559.375 3498.4375 3423.4375 3400 3414.0625 3500 3500
4784.375 4842.1875 4800 4956.25 5765.625 5420.3125 4700 4664.0625 4771.875 4753.125 4815.625 4304.6875 4175 4109.375 3812.5 3764.0625 3875 3689.0625 3790.625 3775 3532.8125 3404.6875 3428.125 3600 3107.8125 2767.1875 3082.8125 4171.875 4325 3400 2800 2778.125 2817.1875 2960.9375 3200 2923.4375 2904.6875 3035.9375 3621.875 3132.8125 3000 3040.625 3253.125 3929.6875 4510.9375 4671.875 4626.5625 4489.0625 3893.75 3956.25 3950 3882.8125 3846.875 3726.5625 3682.8125 3537.5 3432.8125 3400 3400 3426.5625 3500 3518.75
4637.5 4578.125 4581.25 4890.625 5628.125 5646.875 4662.5 4398.4375 4403.125 4589.0625 4906.25 4318.75 4095.3125 3993.75 3918.75 3795.3125 3862.5 3851.5625 3407.8125 3509.375 3592.1875 3448.4375 3284.375 3350 3568.75 3375 2912.5 3529.6875 3004.6875 3418.75 2856.25 2700 2701.5625 2732.8125 3079.6875 2895.3125 2803.125 2843.75 3392.1875 3107.8125 3000 3053.125 3329.6875 4289.0625 4543.75 3707.8125 3656.25 3948.4375 3592.1875 3801.5625 3937.5 3701.5625 3634.375 3565.625 3456.25 3420.3125 3446.875 3414.0625 3435.9375 3490.625 3504.6875 3593.75
