Cases/SDM_Urocitellus_beldingi/westernUsClimate_hadley2080a2/BIO18.asc
NCOLS 315 
NROWS 297 
XLLCORNER -124.741664802 
YLLCORNER 29.2083311801598 
CELLSIZE 0.066666670143822 
NODATA_value -3.4e+38 
[rows 28 to 55 of 297, columns 248 to 309 of 315]
13987.5 13709.375 13431.25 13117.1875 13170.3125 13354.6875 13390.625 13560.9375 13645.3125 13721.875 13732.8125 13817.1875 13693.75 13548.4375 13614.0625 13506.25 13418.75 13442.1875 13631.25 13756.25 13868.75 13800 13718.75 13559.375 13500 13442.1875 13453.125 13453.125 13434.375 13340.625 13464.0625 13639.0625 13800 14034.375 14150 14271.875 14448.4375 14639.0625 15006.25 15170.3125 15189.0625 15123.4375 15023.4375 14921.875 14892.1875 14845.3125 14884.375 15028.125 14910.9375 14809.375 14831.25 14700 14664.0625 14834.375 15000 15120.3125 15195.3125 15106.25 15148.4375 15301.5625 15407.8125 15359.375
13595.3125 13665.625 13432.8125 13253.125 13009.375 13478.125 13546.875 13492.1875 13500 13531.25 13621.875 13804.6875 13856.25 13856.25 13598.4375 13476.5625 13432.8125 13568.75 13770.3125 13768.75 13740.625 13685.9375 13579.6875 13314.0625 13284.375 13206.25 13198.4375 13251.5625 13289.0625 13264.0625 13360.9375 13545.3125 13676.5625 13829.6875 14110.9375 14417.1875 14590.625 14901.5625 14728.125 14657.8125 14795.3125 14812.5 14767.1875 14721.875 14628.125 14664.0625 14817.1875 14732.8125 14715.625 14700 14573.4375 14385.9375 14646.875 14815.625 14745.3125 14856.25 15018.75 15090.625 15179.6875 15271.875 15212.5 15339.0625
13485.9375 13292.1875 13475 13445.3125 12996.875 13128.125 13307.8125 13498.4375 13598.4375 13448.4375 13592.1875 13868.75 14006.25 13828.125 13707.8125 13896.875 13756.25 13664.0625 13614.0625 13503.125 13439.0625 13364.0625 13314.0625 13301.5625 13409.375 13346.875 13151.5625 13300 13289.0625 13275 13385.9375 13478.125 13651.5625 13882.8125 14340.625 14489.0625 14368.75 14389.0625 14379.6875 14248.4375 14200 14317.1875 14289.0625 14504.6875 14451.5625 14479.6875 14362.5 14514.0625 14489.0625 14454.6875 14309.375 14287.5 14393.75 14575 14648.4375 14614.0625 14684.375 14890.625 15012.5 15165.625 15029.6875 15179.6875
13614.0625 13660.9375 13448.4375 13231.25 13162.5 13432.8125 13496.875 13471.875 13504.6875 13532.8125 13476.5625 13484.375 13495.3125 13489.0625 13503.125 13520.3125 13675 13657.8125 13670.3125 13626.5625 13545.3125 13481.25 13365.625 13321.875 13329.6875 13182.8125 13173.4375 13237.5 13218.75 13242.1875 13342.1875 13443.75 13548.4375 13710.9375 13962.5 14378.125 14364.0625 14190.625 14131.25 14037.5 14015.625 13912.5 13918.75 14189.0625 14235.9375 14245.3125 14214.0625 13976.5625 13984.375 14025 14140.625 14321.875 14173.4375 14357.8125 14534.375 14610.9375 14535.9375 14637.5 14895.3125 14990.625 14851.5625 15042.1875
13725 13601.5625 13492.1875 13385.9375 13129.6875 13140.625 13165.625 13189.0625 13190.625 13246.875 13326.5625 13240.625 13134.375 13156.25 13159.375 13195.3125 13312.5 13479.6875 13401.5625 13284.375 13190.625 13407.8125 13337.5 13351.5625 13350 13189.0625 13320.3125 13348.4375 13312.5 13275 13359.375 13493.75 13618.75 13748.4375 13957.8125 14042.1875 14153.125 14029.6875 14070.3125 14054.6875 13840.625 13668.75 13651.5625 13595.3125 13650 13650 13734.375 13775 13978.125 14042.1875 14065.625 14214.0625 14242.1875 14189.0625 14217.1875 14373.4375 14468.75 14535.9375 14798.4375 14784.375 14710.9375 14850
13521.875 13535.9375 13390.625 13189.0625 13192.1875 13037.5 13200 13221.875 13218.75 13256.25 13226.5625 13200 12926.5625 12939.0625 12934.375 12806.25 13067.1875 13150 13190.625 13123.4375 12920.3125 12956.25 13023.4375 13129.6875 13259.375 13270.3125 13384.375 13279.6875 13215.625 13232.8125 13346.875 13543.75 13693.75 13810.9375 13981.25 13910.9375 13850 13776.5625 13740.625 13770.3125 13590.625 13306.25 13290.625 13381.25 13590.625 13768.75 13746.875 13964.0625 13935.9375 13959.375 14034.375 14007.8125 14039.0625 14195.3125 14085.9375 14096.875 14220.3125 14434.375 14728.125 14518.75 14651.5625 14764.0625
13503.125 13496.875 13312.5 13254.6875 13376.5625 13178.125 13196.875 13295.3125 13389.0625 13550 13481.25 13154.6875 12884.375 12751.5625 12685.9375 12681.25 12862.5 12735.9375 12850 12982.8125 12990.625 12840.625 12860.9375 13014.0625 13156.25 13087.5 13142.1875 13293.75 13275 13162.5 13156.25 13410.9375 13498.4375 13676.5625 13575 13734.375 13732.8125 13753.125 13684.375 13443.75 13351.5625 13332.8125 13445.3125 13651.5625 13751.5625 13906.25 13773.4375 13754.6875 13846.875 14071.875 14106.25 14079.6875 14020.3125 13887.5 13903.125 13915.625 13990.625 14178.125 14457.8125 14276.5625 14432.8125 14629.6875
13357.8125 13304.6875 13339.0625 13381.25 13473.4375 13232.8125 13128.125 13185.9375 13325 13356.25 13334.375 13223.4375 12825 12528.125 12575 12398.4375 12440.625 12498.4375 12742.1875 12792.1875 12845.3125 12879.6875 12865.625 12793.75 13121.875 13200 13046.875 13067.1875 13134.375 13248.4375 13148.4375 13206.25 13448.4375 13589.0625 13520.3125 13421.875 13489.0625 13515.625 13421.875 13234.375 13340.625 13595.3125 13643.75 13523.4375 13721.875 13925 13928.125 13873.4375 13801.5625 13735.9375 13915.625 14070.3125 14135.9375 13898.4375 13723.4375 13670.3125 13585.9375 13665.625 14026.5625 14053.125 14065.625 14296.875
13357.8125 13300 13214.0625 13185.9375 13204.6875 13204.6875 13253.125 13403.125 13445.3125 13142.1875 13034.375 12926.5625 12767.1875 12609.375 12475 12451.5625 12326.5625 12448.4375 12643.75 12701.5625 12667.1875 12710.9375 12700 12698.4375 12984.375 13226.5625 13165.625 13056.25 13053.125 13082.8125 13192.1875 13125 13221.875 13420.3125 13471.875 13303.125 13246.875 13200 13118.75 13196.875 13370.3125 13750 13493.75 13548.4375 13745.3125 13971.875 14020.3125 13970.3125 13937.5 13804.6875 13745.3125 13820.3125 13834.375 13771.875 13726.5625 13637.5 13509.375 13289.0625 13364.0625 13742.1875 13859.375 13998.4375
13140.625 13093.75 13264.0625 13318.75 13268.75 13296.875 13382.8125 13528.125 13376.5625 13032.8125 12932.8125 12671.875 12485.9375 12607.8125 12512.5 12425 12432.8125 12439.0625 12387.5 12506.25 12690.625 12625 12559.375 12606.25 13018.75 13128.125 13000 13032.8125 13085.9375 13098.4375 13096.875 13140.625 13131.25 13178.125 13342.1875 13170.3125 13073.4375 13189.0625 13457.8125 13553.125 13545.3125 13815.625 13546.875 13417.1875 13829.6875 13965.625 14082.8125 14110.9375 13990.625 13914.0625 13756.25 13690.625 13681.25 13698.4375 13590.625 13414.0625 13257.8125 13039.0625 13056.25 13287.5 13603.125 13659.375
13448.4375 13335.9375 13290.625 13379.6875 13478.125 13332.8125 13135.9375 13003.125 13123.4375 13146.875 12721.875 12623.4375 12439.0625 12257.8125 12271.875 12328.125 12326.5625 12417.1875 12456.25 12350 12598.4375 12735.9375 12531.25 12493.75 12728.125 12748.4375 12856.25 12825 13042.1875 13034.375 13020.3125 13125 13150 13148.4375 13193.75 13082.8125 13046.875 13417.1875 13779.6875 13957.8125 13776.5625 13912.5 13593.75 13373.4375 13690.625 13910.9375 14017.1875 14151.5625 14184.375 14034.375 13815.625 13564.0625 13657.8125 13606.25 13435.9375 13315.625 13004.6875 12728.125 12518.75 12675 13076.5625 13245.3125
13621.875 13643.75 13404.6875 13326.5625 13485.9375 13337.5 13203.125 12976.5625 12690.625 12759.375 12564.0625 12334.375 12434.375 12210.9375 12148.4375 12159.375 12153.125 12246.875 12403.125 12343.75 12543.75 12668.75 12653.125 12543.75 12578.125 12695.3125 12878.125 12626.5625 12840.625 12859.375 12818.75 12825 12859.375 13015.625 13000 12998.4375 13215.625 13671.875 13989.0625 13995.3125 13948.4375 14000 13489.0625 13337.5 13706.25 14104.6875 14096.875 14142.1875 14265.625 14131.25 13931.25 13685.9375 13637.5 13628.125 13523.4375 13170.3125 12801.5625 12446.875 12057.8125 12007.8125 12626.5625 13237.5
13771.875 13578.125 13395.3125 13164.0625 13035.9375 13017.1875 13043.75 13051.5625 12735.9375 12457.8125 12282.8125 12178.125 12107.8125 11989.0625 11857.8125 11821.875 11840.625 12015.625 12145.3125 12196.875 12145.3125 12334.375 12612.5 12484.375 12421.875 12490.625 12545.3125 12503.125 12562.5 12648.4375 12643.75 12817.1875 13040.625 13117.1875 13190.625 13170.3125 13039.0625 13240.625 13439.0625 13679.6875 13921.875 13773.4375 13487.5 13285.9375 13546.875 13740.625 14082.8125 14276.5625 14300 14114.0625 14037.5 13834.375 13681.25 13678.125 13428.125 13250 12893.75 12685.9375 12392.1875 12409.375 12689.0625 13090.625
13254.6875 13229.6875 13268.75 13206.25 12953.125 12651.5625 12546.875 12528.125 12828.125 12565.625 12290.625 12034.375 12059.375 12200 12193.75 12178.125 12232.8125 12384.375 12379.6875 12284.375 12290.625 12448.4375 12490.625 12689.0625 12817.1875 12607.8125 12732.8125 12801.5625 12743.75 12739.0625 12848.4375 13217.1875 13237.5 13246.875 13298.4375 13325 13090.625 13121.875 13234.375 13435.9375 13595.3125 13668.75 13407.8125 13226.5625 13331.25 13620.3125 13712.5 13790.625 14076.5625 14114.0625 14039.0625 13940.625 13737.5 13742.1875 13698.4375 13517.1875 13292.1875 13126.5625 13089.0625 12923.4375 13023.4375 13264.0625
12857.8125 12737.5 12739.0625 12826.5625 12770.3125 12546.875 12431.25 12220.3125 12335.9375 12334.375 12125 11968.75 12376.5625 12823.4375 12867.1875 12535.9375 12353.125 12810.9375 12720.3125 12728.125 12556.25 12753.125 12931.25 13070.3125 12970.3125 12640.625 12912.5 13157.8125 12887.5 13143.75 13221.875 13225 13306.25 13309.375 13271.875 13059.375 12998.4375 13193.75 13156.25 13173.4375 13396.875 13568.75 13446.875 13214.0625 13407.8125 13285.9375 13540.625 13718.75 13929.6875 14179.6875 14131.25 14043.75 13817.1875 13778.125 13756.25 13750 13714.0625 13559.375 13325 13285.9375 13326.5625 13532.8125
12431.25 12376.5625 12334.375 12250 12345.3125 12345.3125 12209.375 12026.5625 11923.4375 11990.625 11862.5 12018.75 12335.9375 12853.125 13001.5625 12593.75 12418.75 12940.625 13253.125 13126.5625 12942.1875 12642.1875 12976.5625 13243.75 13051.5625 12790.625 12684.375 13000 13118.75 13084.375 13301.5625 13290.625 13175 13034.375 12932.8125 12910.9375 12971.875 13210.9375 13342.1875 13118.75 13242.1875 13535.9375 13340.625 13203.125 13442.1875 13298.4375 13256.25 13520.3125 13704.6875 14071.875 14154.6875 14062.5 13935.9375 13932.8125 13850 13828.125 13896.875 13745.3125 13531.25 13635.9375 13846.875 13953.125
12153.125 12065.625 12123.4375 12185.9375 11943.75 11901.5625 11945.3125 12076.5625 12271.875 11968.75 11710.9375 12232.8125 12159.375 12431.25 12954.6875 12729.6875 12543.75 12900 13332.8125 13493.75 12982.8125 12884.375 12967.1875 13142.1875 13046.875 12882.8125 12787.5 12829.6875 13118.75 13390.625 13315.625 13062.5 12928.125 12785.9375 12896.875 13075 13173.4375 13234.375 13371.875 13143.75 13310.9375 13473.4375 13200 13368.75 13520.3125 13353.125 13231.25 13348.4375 13690.625 13967.1875 14070.3125 14062.5 14035.9375 14060.9375 14135.9375 14132.8125 14031.25 13850 13895.3125 14078.125 14217.1875 14210.9375
11735.9375 11760.9375 11718.75 11781.25 11993.75 12162.5 12592.1875 12773.4375 12323.4375 11817.1875 11815.625 12365.625 12459.375 12275 12765.625 12692.1875 12654.6875 13020.3125 13457.8125 13014.0625 12768.75 13084.375 13226.5625 13156.25 13185.9375 13012.5 12903.125 12817.1875 13201.5625 13323.4375 13021.875 12790.625 12812.5 12995.3125 12989.0625 13168.75 13498.4375 13382.8125 13210.9375 13267.1875 13450 13387.5 13145.3125 13414.0625 13571.875 13476.5625 13390.625 13253.125 13429.6875 13725 14053.125 14143.75 14165.625 14242.1875 14276.5625 14276.5625 14234.375 14304.6875 14348.4375 14296.875 14148.4375 14160.9375
11854.6875 12035.9375 12060.9375 11950 12429.6875 12692.1875 12845.3125 12353.125 11743.75 11518.75 12000 12548.4375 12559.375 12285.9375 12646.875 12732.8125 12715.625 13153.125 13645.3125 13381.25 13245.3125 13496.875 13473.4375 13337.5 13457.8125 13281.25 13004.6875 12854.6875 13175 12937.5 12621.875 12745.3125 12973.4375 13154.6875 13059.375 13231.25 13459.375 13290.625 13196.875 13456.25 13393.75 13326.5625 13200 13500 13695.3125 13693.75 13553.125 13326.5625 13287.5 13632.8125 14014.0625 14359.375 14460.9375 14473.4375 14471.875 14570.3125 14556.25 14345.3125 14117.1875 13976.5625 13978.125 14087.5
12396.875 12646.875 12359.375 11962.5 12225 12764.0625 12210.9375 11815.625 11509.375 11548.4375 11881.25 12414.0625 12378.125 12314.0625 12815.625 13068.75 12903.125 13110.9375 13714.0625 14296.875 14125 13768.75 13645.3125 13581.25 13406.25 13206.25 12870.3125 12967.1875 13085.9375 12635.9375 12885.9375 13064.0625 13345.3125 13273.4375 13315.625 13289.0625 13407.8125 13254.6875 13395.3125 13546.875 13528.125 13346.875 13215.625 13346.875 13531.25 13668.75 13439.0625 13165.625 13240.625 13400 13600 14085.9375 14476.5625 14417.1875 14740.625 14745.3125 14642.1875 14046.875 13932.8125 13823.4375 13875 14106.25
12495.3125 12504.6875 12140.625 11873.4375 11865.625 11932.8125 11725 11587.5 11364.0625 11440.625 11800 12068.75 12425 12303.125 12614.0625 13095.3125 13075 13335.9375 13498.4375 14046.875 14167.1875 13673.4375 13460.9375 13290.625 13146.875 13068.75 13140.625 13178.125 12998.4375 12773.4375 13112.5 13290.625 13592.1875 13896.875 13582.8125 13456.25 13373.4375 13276.5625 13456.25 13596.875 13387.5 13196.875 13209.375 13362.5 13484.375 13290.625 13068.75 13076.5625 13250 13437.5 13462.5 13603.125 13853.125 14235.9375 14168.75 14170.3125 13846.875 13646.875 13640.625 14009.375 14231.25 14159.375
12435.9375 12168.75 11900 11815.625 11784.375 11640.625 11604.6875 11373.4375 11125 11181.25 11525 12042.1875 12457.8125 12407.8125 12639.0625 12964.0625 13107.8125 13432.8125 13867.1875 13879.6875 13612.5 13418.75 13229.6875 13343.75 13685.9375 13550 13615.625 13153.125 12814.0625 13079.6875 13453.125 13479.6875 13465.625 14065.625 13659.375 13684.375 13403.125 13321.875 13468.75 13460.9375 13192.1875 13021.875 13193.75 13150 12910.9375 12926.5625 12968.75 13028.125 13171.875 13359.375 13570.3125 13870.3125 14275 13934.375 13676.5625 13531.25 13453.125 13439.0625 13493.75 14368.75 14451.5625 14217.1875
11826.5625 11848.4375 11796.875 11743.75 11787.5 11728.125 11625 11421.875 11223.4375 11773.4375 11601.5625 11700 12276.5625 12668.75 12539.0625 12879.6875 13059.375 13521.875 13806.25 13475 13414.0625 13284.375 13320.3125 13696.875 14320.3125 14642.1875 14185.9375 13306.25 12990.625 13171.875 13912.5 14025 13957.8125 14260.9375 14153.125 13881.25 13357.8125 13534.375 13637.5 13325 13084.375 12976.5625 13134.375 12917.1875 12750 13009.375 13003.125 13032.8125 13092.1875 13275 13564.0625 13892.1875 13770.3125 13753.125 13590.625 13412.5 13323.4375 13295.3125 13528.125 14154.6875 14610.9375 14304.6875
11651.5625 11662.5 11615.625 11582.8125 11631.25 11740.625 11584.375 11314.0625 11346.875 11904.6875 11853.125 11668.75 12053.125 12576.5625 12910.9375 12865.625 13112.5 13289.0625 13201.5625 13140.625 13314.0625 13525 13807.8125 13742.1875 14290.625 14481.25 14096.875 13295.3125 12953.125 13046.875 13156.25 13267.1875 13606.25 13943.75 14346.875 13735.9375 13348.4375 13545.3125 13498.4375 13218.75 12989.0625 13046.875 13009.375 12704.6875 12768.75 13028.125 13184.375 12937.5 13096.875 13142.1875 13210.9375 13542.1875 13592.1875 13560.9375 13390.625 13201.5625 13125 13265.625 13700 14154.6875 14209.375 14489.0625
11520.3125 11500 11562.5 11535.9375 11609.375 11648.4375 11414.0625 11190.625 11653.125 12020.3125 11896.875 11753.125 11860.9375 12126.5625 12620.3125 12990.625 13184.375 13057.8125 13104.6875 13546.875 13965.625 13920.3125 14028.125 14342.1875 14337.5 14328.125 13809.375 13043.75 12996.875 13406.25 13045.3125 13304.6875 13639.0625 13987.5 14228.125 13692.1875 13673.4375 13431.25 13226.5625 13078.125 13060.9375 13020.3125 12698.4375 12592.1875 12815.625 12976.5625 13275 13081.25 13007.8125 13175 13210.9375 13293.75 13464.0625 13410.9375 13312.5 13207.8125 13156.25 13556.25 13970.3125 14078.125 13903.125 13795.3125
11228.125 11362.5 11429.6875 11550 11700 11512.5 11234.375 11215.625 11915.625 12246.875 12095.3125 11921.875 11910.9375 12414.0625 12631.25 13192.1875 13679.6875 13368.75 13370.3125 14071.875 14359.375 14304.6875 14201.5625 14112.5 14007.8125 13485.9375 12942.1875 13112.5 13456.25 13987.5 13117.1875 13360.9375 13673.4375 13854.6875 14237.5 14004.6875 13903.125 13548.4375 13312.5 13296.875 13012.5 12515.625 12476.5625 12504.6875 12737.5 12895.3125 13103.125 13198.4375 12954.6875 13156.25 13353.125 13557.8125 13404.6875 13410.9375 13264.0625 13160.9375 13264.0625 13573.4375 13773.4375 13754.6875 13820.3125 13826.5625
11467.1875 11640.625 11521.875 11526.5625 11420.3125 11140.625 11148.4375 11710.9375 11617.1875 12140.625 12106.25 12060.9375 11896.875 12596.875 13057.8125 13820.3125 13871.875 13685.9375 13600 14104.6875 14246.875 13903.125 13651.5625 13803.125 13415.625 12978.125 13398.4375 13931.25 13985.9375 14126.5625 13409.375 13367.1875 13835.9375 14029.6875 14187.5 14257.8125 14040.625 13485.9375 13182.8125 13115.625 12715.625 12550 12693.75 12443.75 12695.3125 12892.1875 13068.75 13295.3125 13257.8125 13237.5 13587.5 13554.6875 13379.6875 13425 13376.5625 13418.75 13703.125 13729.6875 13687.5 13545.3125 13693.75 13796.875
12042.1875 11885.9375 11603.125 11389.0625 11146.875 11264.0625 11295.3125 11675 11681.25 12020.3125 12285.9375 12073.4375 11864.0625 12356.25 12909.375 13862.5 13989.0625 13834.375 13618.75 14100 13939.0625 13671.875 13368.75 13190.625 13081.25 13100 13951.5625 14325 14446.875 14378.125 13706.25 13770.3125 14106.25 14251.5625 14392.1875 14287.5 13784.375 13492.1875 13128.125 12732.8125 12718.75 12889.0625 12710.9375 12540.625 12776.5625 12843.75 12909.375 13257.8125 13467.1875 13512.5 13598.4375 13650 13609.375 13632.8125 13635.9375 13746.875 13843.75 13742.1875 13696.875 13603.125 13746.875 13823.4375
