Cases/SDM_Urocitellus_beldingi/westernUsClimate_hadley2080a2/BIO11.asc
NCOLS 315 
NROWS 297 
XLLCORNER -124.741664802 
YLLCORNER 29.2083311801598 
CELLSIZE 0.066666670143822 
NODATA_value -3.4e+38 
[rows 108 to 134 of 297, columns 248 to 309 of 315]
-304.84375 -313.59375 -329.0625 -333.75 -330.9375 -334.53125 -328.125 -311.875 -293.28125 -277.8125 -258.59375 -245.3125 -249.53125 -238.75 -220.3125 -196.09375 -185.625 -173.28125 -165.625 -166.5625 -162.65625 -155.15625 -159.375 -143.4375 -131.09375 -128.4375 -131.875 -122.34375 -122.96875 -129.21875 -134.21875 -133.90625 -135.625 -131.09375 -118.125 -116.40625 -122.96875 -118.75 -113.75 -112.8125 -109.6875 -75.9375 -10.15625 52.8125 68.75 64.375 40.46875 91.5625 160.3125 173.125 201.25 208.90625 211.5625 220 227.5 241.71875 261.40625 277.34375 271.71875 262.1875 251.25 242.65625
-306.40625 -315.46875 -327.1875 -338.75 -335.625 -334.21875 -331.25 -318.4375 -299.6875 -282.5 -270 -272.1875 -265.46875 -263.59375 -261.71875 -243.59375 -218.125 -190.46875 -173.59375 -166.71875 -158.59375 -147.8125 -141.875 -149.6875 -157.5 -134.375 -107.8125 -108.4375 -110.625 -116.71875 -129.53125 -130.625 -129.375 -126.71875 -130.46875 -127.34375 -123.59375 -114.0625 -108.59375 -117.34375 -96.875 -70.46875 -56.40625 -6.25 -18.75 33.75 57.34375 105.625 147.65625 180.15625 194.375 199.21875 216.71875 224.21875 234.6875 247.34375 258.125 268.59375 264.84375 267.34375 257.96875 232.1875
-309.21875 -320.3125 -331.40625 -332.34375 -336.09375 -334.53125 -336.40625 -323.28125 -313.125 -297.03125 -299.84375 -304.21875 -322.34375 -284.84375 -267.34375 -245.3125 -241.875 -215.15625 -191.09375 -175 -171.25 -159.6875 -147.96875 -171.09375 -298.28125 -300.9375 -125.46875 -129.375 -128.28125 -130.15625 -130.3125 -125.625 -129.0625 -129.21875 -125 -119.6875 -118.28125 -112.96875 -102.5 -111.25 -135.46875 -132.96875 -106.40625 -52.03125 -36.5625 46.71875 98.28125 118.75 141.875 154.53125 180.625 200.3125 220.3125 232.34375 237.34375 257.96875 266.25 267.5 265.9375 267.8125 266.71875 249.0625
-327.5 -331.09375 -327.1875 -331.09375 -323.4375 -329.21875 -333.4375 -332.34375 -319.6875 -314.21875 -321.40625 -343.4375 -312.65625 -279.53125 -252.03125 -232.1875 -221.09375 -207.1875 -188.4375 -188.125 -177.5 -165.3125 -152.1875 -154.84375 -209.0625 -175 -174.375 -212.8125 -226.09375 -242.65625 -169.6875 -135.3125 -131.09375 -123.90625 -119.375 -117.34375 -121.875 -112.96875 -106.5625 -114.21875 -167.34375 -147.1875 -92.8125 -19.375 16.25 52.8125 51.25 91.25 130.46875 159.84375 180.625 198.4375 214.21875 224.375 228.4375 241.40625 250.78125 255.15625 263.28125 262.8125 262.8125 249.84375
-317.8125 -323.90625 -322.03125 -321.25 -321.09375 -322.65625 -325.625 -319.21875 -324.21875 -319.21875 -336.71875 -327.8125 -364.6875 -329.53125 -266.875 -247.96875 -243.28125 -247.65625 -225.46875 -191.5625 -177.65625 -164.6875 -156.5625 -205.625 -296.40625 -208.28125 -242.96875 -283.28125 -348.4375 -373.4375 -332.96875 -173.28125 -141.5625 -133.28125 -127.03125 -127.8125 -122.65625 -112.96875 -110.3125 -110.78125 -165.15625 -153.59375 -110.3125 -45.78125 25.78125 20.15625 40.3125 81.875 123.125 153.59375 172.03125 183.75 201.875 215.46875 227.34375 238.75 247.96875 260.3125 262.5 261.25 257.03125 241.40625
-317.03125 -313.28125 -316.25 -312.03125 -309.375 -315.9375 -314.375 -318.59375 -320.15625 -316.875 -335.78125 -325.46875 -354.53125 -346.71875 -312.8125 -303.75 -298.90625 -273.125 -242.65625 -207.34375 -190.15625 -171.5625 -164.6875 -185.625 -247.65625 -390.15625 -365.625 -407.34375 -495.78125 -499.53125 -449.53125 -284.21875 -156.875 -132.65625 -126.875 -127.34375 -122.03125 -117.03125 -110.625 -107.03125 -145.15625 -175.78125 -127.34375 -79.0625 -3.125 38.59375 52.34375 87.1875 120 148.28125 163.4375 180.78125 197.8125 203.125 210.78125 215.9375 219.53125 227.8125 228.4375 227.34375 229.21875 228.28125
-292.03125 -304.53125 -314.6875 -317.65625 -302.8125 -303.90625 -306.875 -311.25 -303.28125 -312.1875 -337.03125 -346.09375 -344.21875 -340.9375 -337.65625 -326.40625 -300.15625 -278.75 -251.71875 -225 -202.34375 -190.46875 -173.90625 -189.84375 -208.125 -279.6875 -446.5625 -511.71875 -583.90625 -546.09375 -444.375 -302.03125 -147.34375 -129.6875 -128.28125 -126.71875 -124.84375 -122.65625 -119.0625 -105.15625 -142.5 -177.65625 -132.65625 -83.28125 -18.59375 43.75 46.71875 73.4375 100.3125 125 145.9375 158.125 171.5625 183.28125 188.59375 196.5625 205.78125 216.25 216.5625 219.375 223.90625 228.125
-277.34375 -291.40625 -307.1875 -318.4375 -314.0625 -304.53125 -301.5625 -302.96875 -298.59375 -315.78125 -326.40625 -337.34375 -327.5 -332.1875 -335 -375.46875 -377.5 -364.21875 -306.40625 -247.65625 -224.84375 -200.625 -182.65625 -182.96875 -219.375 -306.25 -395.15625 -495.9375 -522.03125 -495 -350.625 -196.5625 -152.8125 -142.03125 -147.34375 -139.6875 -135.9375 -136.09375 -119.21875 -103.4375 -136.25 -196.40625 -148.75 -93.90625 -29.375 37.1875 62.34375 81.25 110.15625 139.0625 159.53125 168.4375 175.15625 179.84375 184.6875 195.15625 201.25 210.3125 217.96875 222.34375 222.5 222.34375
-269.53125 -288.59375 -296.5625 -317.8125 -330.9375 -328.28125 -308.125 -300.46875 -304.0625 -309.84375 -338.75 -343.59375 -328.90625 -344.375 -333.75 -405.46875 -445.9375 -471.09375 -391.40625 -319.53125 -255.9375 -213.75 -196.40625 -186.40625 -188.59375 -258.125 -319.84375 -413.28125 -484.0625 -454.375 -335.46875 -169.375 -285.3125 -151.40625 -134.53125 -130.46875 -129.6875 -125 -110.15625 -101.40625 -142.5 -214.375 -160.3125 -93.125 -34.84375 22.8125 75.625 90.9375 118.90625 144.53125 167.96875 175 176.40625 176.5625 187.34375 194.53125 202.65625 211.25 213.125 218.125 222.65625 215.78125
-265.9375 -277.03125 -287.03125 -297.34375 -314.21875 -333.59375 -322.96875 -306.71875 -306.09375 -315.78125 -332.96875 -359.21875 -350.46875 -368.4375 -359.21875 -385.3125 -469.21875 -516.5625 -491.5625 -388.59375 -314.6875 -280.3125 -247.1875 -208.125 -231.40625 -224.375 -266.5625 -386.40625 -440.3125 -406.71875 -401.875 -291.25 -294.0625 -170.78125 -140.46875 -132.03125 -122.1875 -116.71875 -109.6875 -102.8125 -139.21875 -186.25 -150 -93.28125 -26.09375 40.625 95 120.46875 146.71875 169.375 183.4375 183.28125 175.15625 166.5625 177.5 190 199.6875 210 215.3125 215.46875 215.46875 210.625
-278.4375 -288.75 -302.03125 -291.71875 -292.34375 -306.71875 -304.21875 -308.75 -301.875 -318.90625 -326.5625 -333.4375 -321.5625 -349.375 -365.78125 -359.53125 -383.4375 -467.5 -530.78125 -500.625 -401.71875 -358.4375 -399.84375 -352.96875 -276.875 -246.71875 -268.90625 -339.6875 -380.9375 -367.8125 -399.84375 -373.59375 -247.03125 -230.46875 -155.9375 -137.96875 -125.46875 -125 -126.40625 -109.53125 -115.9375 -133.4375 -121.09375 -80.15625 -33.90625 15.625 65 100.9375 137.96875 170.78125 192.03125 188.75 177.65625 176.40625 180 190 200.46875 209.53125 212.1875 211.5625 208.90625 202.1875
-304.375 -305.15625 -302.8125 -299.0625 -288.4375 -289.375 -300.625 -301.875 -297.5 -303.59375 -304.21875 -308.125 -323.28125 -342.65625 -339.53125 -347.1875 -353.75 -373.4375 -421.40625 -451.40625 -411.25 -431.40625 -506.25 -432.5 -366.09375 -305.78125 -276.5625 -317.96875 -345.9375 -390.78125 -413.59375 -377.96875 -268.90625 -244.375 -188.75 -155.625 -146.71875 -147.34375 -195 -174.375 -128.28125 -101.5625 -60.78125 -49.84375 -17.5 24.0625 67.1875 110.78125 148.90625 173.125 179.21875 177.34375 176.25 177.03125 179.84375 188.125 205.46875 209.84375 214.53125 204.0625 200.9375 191.875
-268.75 -279.0625 -280.78125 -284.0625 -290.9375 -302.8125 -299.21875 -296.71875 -302.8125 -309.375 -321.875 -324.84375 -325.625 -337.96875 -336.875 -335.15625 -344.0625 -340.625 -407.96875 -427.1875 -448.125 -440.78125 -526.71875 -464.53125 -396.25 -398.28125 -362.1875 -312.65625 -362.96875 -399.53125 -413.4375 -370 -279.21875 -264.0625 -287.96875 -249.84375 -215 -235.15625 -258.59375 -193.59375 -114.0625 -56.71875 4.84375 11.71875 29.375 94.84375 118.125 161.09375 182.1875 195.78125 187.65625 187.03125 180.78125 183.28125 192.03125 201.71875 205.625 207.65625 206.40625 202.1875 194.6875 184.0625
-269.0625 -264.0625 -286.5625 -307.34375 -309.21875 -317.03125 -323.75 -322.65625 -316.25 -315.9375 -345.78125 -387.03125 -357.03125 -376.25 -395.625 -389.0625 -386.25 -428.28125 -385.9375 -415.78125 -476.40625 -521.71875 -579.375 -527.5 -441.25 -392.1875 -430.78125 -376.40625 -338.75 -380 -489.6875 -482.03125 -387.34375 -286.71875 -293.4375 -387.1875 -343.90625 -336.40625 -263.4375 -172.1875 -73.125 1.40625 67.1875 86.5625 87.96875 151.40625 183.4375 203.125 207.1875 212.34375 214.84375 213.4375 207.5 204.375 203.75 208.59375 210.46875 207.65625 207.1875 196.875 188.59375 175.15625
-267.96875 -271.09375 -297.5 -319.6875 -321.5625 -330.3125 -333.28125 -328.75 -329.375 -326.875 -359.6875 -420.46875 -462.03125 -408.75 -421.5625 -422.1875 -414.84375 -458.28125 -425.625 -448.90625 -508.75 -475.15625 -575.46875 -618.75 -438.28125 -383.125 -381.40625 -362.03125 -350.3125 -358.28125 -400.15625 -520.625 -504.0625 -388.4375 -294.84375 -456.5625 -491.71875 -380.46875 -259.21875 -153.90625 -80.625 -12.65625 92.5 135.78125 164.6875 187.03125 213.125 224.53125 225.625 223.28125 225 226.09375 222.5 215.3125 210.625 210.46875 208.28125 204.84375 203.75 198.125 192.03125 172.03125
-265 -286.25 -308.125 -318.90625 -329.375 -335 -340.78125 -332.96875 -340.15625 -326.25 -354.53125 -424.21875 -504.6875 -472.34375 -455.3125 -437.96875 -433.90625 -475.15625 -401.875 -400.625 -409.84375 -429.0625 -516.40625 -602.96875 -455 -409.84375 -389.6875 -381.25 -384.6875 -384.0625 -363.75 -358.4375 -490.625 -489.375 -364.6875 -433.4375 -490 -492.96875 -306.5625 -174.53125 -84.375 4.0625 101.25 150.78125 187.96875 205 238.4375 244.0625 242.5 231.5625 237.03125 233.90625 230.9375 222.1875 212.03125 206.25 205.78125 201.40625 200 195.78125 189.53125 180
-275.9375 -298.90625 -310 -320.3125 -325 -328.4375 -329.0625 -336.5625 -331.71875 -318.4375 -319.84375 -345 -374.375 -387.03125 -385 -410.78125 -430.3125 -436.71875 -397.8125 -394.21875 -417.03125 -483.125 -580.78125 -596.875 -457.8125 -412.8125 -401.875 -405.625 -407.1875 -404.6875 -400.625 -372.5 -390.9375 -580.9375 -523.90625 -441.875 -389.84375 -320 -231.25 -119.6875 -26.40625 52.5 110.46875 148.4375 196.09375 227.8125 257.1875 260.15625 260 243.90625 244.53125 242.5 237.03125 229.6875 219.375 211.5625 204.21875 198.75 195.9375 190.46875 190 190.46875
-292.03125 -301.25 -309.53125 -314.0625 -316.5625 -313.28125 -315 -320.46875 -323.90625 -315.625 -303.90625 -307.03125 -321.71875 -333.90625 -343.125 -377.8125 -428.59375 -385.9375 -385.78125 -404.6875 -436.25 -529.53125 -634.84375 -591.25 -439.6875 -417.5 -413.59375 -418.59375 -420.3125 -418.125 -412.96875 -412.65625 -397.03125 -569.6875 -599.6875 -414.53125 -427.5 -512.65625 -431.09375 -231.875 -89.0625 -78.75 54.84375 95.9375 184.6875 255.46875 272.96875 274.21875 269.375 257.65625 250.46875 248.75 241.40625 235.3125 224.84375 217.5 210.9375 200.625 192.8125 187.65625 189.6875 191.25
-289.0625 -302.65625 -306.09375 -306.40625 -306.875 -300.9375 -299.53125 -303.90625 -308.75 -296.875 -286.09375 -300.625 -304.375 -325.78125 -343.125 -364.53125 -394.84375 -386.71875 -388.4375 -397.65625 -421.40625 -493.28125 -584.21875 -499.6875 -434.21875 -421.40625 -417.34375 -417.03125 -426.25 -433.125 -433.28125 -437.1875 -430.9375 -478.59375 -611.5625 -480.15625 -500.78125 -632.96875 -469.375 -276.71875 -253.125 -135.78125 48.28125 132.8125 174.6875 235.15625 277.1875 286.09375 278.75 267.34375 260.46875 256.71875 246.875 243.4375 233.125 227.96875 220 211.5625 198.125 197.03125 193.75 199.84375
-284.375 -300.3125 -301.5625 -292.5 -286.875 -284.53125 -279.21875 -282.8125 -275.625 -265.46875 -272.1875 -278.59375 -293.125 -312.03125 -313.75 -324.375 -358.125 -368.125 -372.1875 -394.6875 -415.46875 -438.59375 -542.34375 -530.46875 -453.59375 -440 -420.78125 -424.0625 -439.53125 -446.875 -445.625 -491.71875 -487.96875 -493.59375 -572.96875 -620 -531.09375 -587.65625 -682.34375 -542.65625 -347.1875 -227.8125 -71.25 146.875 224.0625 241.875 273.125 283.75 284.0625 278.28125 270.3125 261.25 255.9375 252.1875 244.0625 239.21875 234.0625 216.40625 213.75 219.53125 215.625 214.0625
-272.96875 -282.8125 -284.84375 -274.375 -261.5625 -263.59375 -255.46875 -254.375 -255.78125 -278.75 -295 -312.96875 -300.15625 -293.4375 -312.5 -320.78125 -355.625 -358.90625 -374.0625 -398.90625 -405 -441.875 -536.40625 -544.53125 -472.8125 -453.59375 -440.78125 -474.375 -517.5 -490.46875 -467.03125 -475.46875 -507.1875 -558.90625 -665.3125 -565.15625 -644.375 -643.125 -547.03125 -414.84375 -144.0625 29.0625 93.90625 172.1875 241.5625 265.15625 272.34375 282.65625 279.84375 282.8125 279.6875 269.6875 265.78125 265.15625 260.3125 253.59375 242.5 237.34375 231.71875 233.4375 227.96875 234.6875
-259.6875 -268.28125 -267.5 -255.15625 -245 -239.6875 -244.0625 -255.9375 -262.34375 -273.125 -276.71875 -302.8125 -325.15625 -314.0625 -333.90625 -342.34375 -335.78125 -345.3125 -365.625 -384.6875 -393.90625 -430.3125 -510 -520.46875 -457.96875 -459.6875 -504.6875 -558.125 -620.3125 -557.96875 -537.03125 -515.46875 -513.90625 -601.25 -624.21875 -498.28125 -677.8125 -582.1875 -341.875 -119.84375 32.34375 5.625 1.71875 188.125 254.21875 278.125 280 284.53125 285.46875 285.9375 280.9375 276.875 275.46875 273.125 268.75 268.59375 262.8125 260.46875 252.34375 251.875 246.25 255.15625
-254.21875 -255 -277.03125 -265.625 -238.4375 -226.875 -212.5 -215.3125 -233.59375 -289.84375 -289.53125 -280.3125 -287.03125 -309.375 -333.75 -328.90625 -339.6875 -346.5625 -355.3125 -379.53125 -378.4375 -441.71875 -515.625 -496.40625 -446.875 -452.03125 -486.40625 -544.21875 -581.09375 -559.84375 -547.96875 -552.1875 -501.5625 -556.71875 -545.46875 -426.875 -537.96875 -651.875 -451.09375 -317.5 -220.15625 -89.84375 56.40625 235 272.1875 286.40625 284.21875 286.71875 288.4375 293.4375 298.75 293.75 290.625 281.5625 275.3125 278.28125 267.5 271.875 269.53125 266.875 267.65625 268.75
-216.25 -235 -249.21875 -272.8125 -271.5625 -254.53125 -220.625 -233.75 -223.28125 -285.78125 -333.125 -295 -354.21875 -355.15625 -394.84375 -426.71875 -370.78125 -365.78125 -345.15625 -360.15625 -392.96875 -417.34375 -490.9375 -516.875 -474.375 -457.1875 -466.09375 -475 -503.125 -507.03125 -501.5625 -506.71875 -513.59375 -530.15625 -467.8125 -403.75 -455.46875 -620.3125 -701.5625 -455.46875 -168.125 17.5 163.75 274.375 301.5625 302.8125 290.46875 290.9375 296.25 306.875 310.46875 302.65625 293.4375 296.5625 289.6875 285.15625 274.375 277.8125 277.1875 270.9375 268.28125 269.84375
-202.34375 -215.46875 -211.71875 -205.46875 -266.40625 -254.6875 -270 -240.3125 -258.125 -348.4375 -411.09375 -340.46875 -422.5 -457.03125 -365.78125 -421.71875 -476.40625 -392.03125 -323.59375 -337.65625 -457.5 -433.75 -494.21875 -560.3125 -510.625 -465.3125 -477.34375 -480.46875 -474.6875 -493.4375 -527.8125 -551.25 -498.75 -450.15625 -429.0625 -398.59375 -491.71875 -634.53125 -642.8125 -429.375 -194.84375 -3.59375 100.625 258.125 334.53125 321.875 305.15625 308.75 316.5625 324.53125 324.53125 314.84375 310.9375 309.84375 300.9375 295.78125 291.875 289.84375 280.46875 275.9375 272.5 270.625
-160.3125 -164.53125 -172.8125 -137.65625 -186.5625 -198.59375 -227.1875 -285.3125 -360 -386.71875 -426.09375 -374.53125 -476.71875 -497.03125 -488.75 -551.71875 -612.96875 -509.84375 -379.84375 -347.8125 -403.90625 -460.46875 -459.53125 -494.6875 -522.1875 -482.5 -479.21875 -482.96875 -472.8125 -465.78125 -478.125 -464.0625 -439.53125 -404.0625 -382.5 -393.125 -392.5 -453.28125 -618.59375 -448.125 -234.375 -108.75 79.6875 278.75 371.25 356.5625 341.40625 337.5 342.03125 341.25 343.75 332.8125 327.8125 324.21875 314.6875 308.125 305.9375 298.28125 284.375 282.03125 276.5625 277.65625
-151.5625 -135.625 -105.78125 -91.40625 -84.0625 -80.9375 -109.375 -164.53125 -269.53125 -300.46875 -293.28125 -325.625 -435.3125 -434.375 -515.9375 -599.53125 -590.78125 -529.53125 -462.1875 -395.3125 -384.6875 -395.78125 -460.78125 -463.125 -485.78125 -499.21875 -468.75 -480 -453.4375 -429.53125 -415.78125 -421.5625 -461.5625 -411.09375 -389.84375 -398.90625 -431.71875 -534.21875 -709.84375 -497.96875 -228.75 -61.71875 128.75 327.34375 405 391.71875 379.84375 368.75 369.21875 368.28125 364.21875 355 349.84375 337.65625 326.40625 320.78125 314.21875 305.78125 291.875 288.90625 276.25 278.28125
