Cases/SDM_Urocitellus_beldingi/westernUsClimate_hadley2080a2/BIO19.asc
NCOLS 315 
NROWS 297 
XLLCORNER -124.741664802 
YLLCORNER 29.2083311801598 
CELLSIZE 0.066666670143822 
NODATA_value -3.4e+38 
[rows 135 to 161 of 297, columns 248 to 309 of 315]
8637.5 9068.75 10235.9375 9668.75 10500 10998.4375 11226.5625 11917.1875 12065.625 12828.125 15085.9375 14815.625 16054.6875 17864.0625 17264.0625 19071.875 17996.875 16451.5625 13128.125 12820.3125 13803.125 10546.875 9768.75 12310.9375 9956.25 8567.1875 11357.8125 8326.5625 10085.9375 10007.8125 9243.75 10998.4375 14414.0625 15798.4375 13810.9375 12284.375 14492.1875 20028.125 19407.8125 15346.875 10142.1875 8343.75 6568.75 5704.6875 5346.875 5079.6875 4714.0625 4575 4423.4375 4312.5 4014.0625 3925 3885.9375 3709.375 3551.5625 3351.5625 3218.75 3195.3125 3040.625 2875 2804.6875 2706.25
9985.9375 10268.75 11032.8125 10985.9375 11235.9375 12359.375 11715.625 12378.125 12970.3125 13776.5625 15175 16976.5625 17557.8125 17315.625 18351.5625 19107.8125 16615.625 13145.3125 10940.625 9846.875 9828.125 8807.8125 8646.875 9310.9375 8982.8125 9523.4375 12075 10057.8125 9721.875 13682.8125 11420.3125 11504.6875 15290.625 18025 16793.75 15546.875 15768.75 19789.0625 18035.9375 14868.75 11754.6875 10518.75 8589.0625 6303.125 5296.875 5132.8125 4857.8125 4612.5 4560.9375 4431.25 4296.875 4204.6875 4079.6875 3800 3609.375 3448.4375 3339.0625 3223.4375 3212.5 3171.875 2900 2801.5625
9314.0625 10559.375 10759.375 11053.125 12370.3125 13915.625 13785.9375 13875 13553.125 15109.375 14787.5 15517.1875 15550 15923.4375 15562.5 15454.6875 16801.5625 11829.6875 10385.9375 9992.1875 10237.5 10339.0625 10485.9375 8748.4375 11920.3125 14496.875 14907.8125 15137.5 11434.375 10179.6875 14198.4375 13507.8125 15145.3125 20931.25 20110.9375 20546.875 20160.9375 21970.3125 19309.375 15556.25 12660.9375 10957.8125 9207.8125 6575 5295.3125 5054.6875 4779.6875 4670.3125 4596.875 4545.3125 4495.3125 4337.5 4137.5 3939.0625 3714.0625 3496.875 3414.0625 3312.5 3203.125 3235.9375 3128.125 2934.375
9720.3125 10159.375 10595.3125 11220.3125 12428.125 14373.4375 14587.5 13487.5 13935.9375 14210.9375 15031.25 17612.5 17710.9375 17307.8125 16364.0625 13245.3125 11009.375 9904.6875 9281.25 12195.3125 14501.5625 12382.8125 9753.125 9775 10275 11395.3125 14459.375 19510.9375 18906.25 14721.875 10364.0625 12898.4375 16634.375 18935.9375 21428.125 21353.125 20970.3125 17160.9375 13496.875 10859.375 9648.4375 7932.8125 7878.125 6075 5350 4948.4375 4712.5 4729.6875 4754.6875 4898.4375 4800 4471.875 4165.625 3965.625 3735.9375 3540.625 3459.375 3345.3125 3246.875 3200 3195.3125 3131.25
11092.1875 11550 11832.8125 11576.5625 11693.75 12298.4375 11914.0625 12053.125 12384.375 12276.5625 14264.0625 16857.8125 16906.25 17020.3125 15709.375 13550 10653.125 9648.4375 9326.5625 9890.625 9953.125 10195.3125 8848.4375 9029.6875 13425 14800 12826.5625 15351.5625 19779.6875 20079.6875 14770.3125 11292.1875 18892.1875 20479.6875 22020.3125 20978.125 20218.75 15835.9375 15803.125 12082.8125 11525 9396.875 6360.9375 5925 5621.875 5231.25 4892.1875 4985.9375 5084.375 5128.125 4909.375 4504.6875 4171.875 3912.5 3718.75 3540.625 3434.375 3304.6875 3275 3200 3200 3151.5625
11950 11785.9375 12450 12846.875 12006.25 10273.4375 10070.3125 10532.8125 10698.4375 10781.25 11806.25 12578.125 14465.625 15306.25 13450 12226.5625 10178.125 9698.4375 8857.8125 8021.875 7973.4375 8221.875 10407.8125 8985.9375 8850 9698.4375 11545.3125 11992.1875 13389.0625 17707.8125 19553.125 12442.1875 12292.1875 17240.625 19439.0625 22025 22223.4375 20017.1875 19265.625 16278.125 10121.875 7956.25 6445.3125 5673.4375 5565.625 5285.9375 5226.5625 5173.4375 5181.25 5081.25 4807.8125 4367.1875 4048.4375 3784.375 3609.375 3418.75 3335.9375 3300 3264.0625 3200 3200 3104.6875
12082.8125 10298.4375 12107.8125 13337.5 12828.125 9368.75 8589.0625 9100 9740.625 10101.5625 10523.4375 10912.5 11151.5625 11239.0625 11090.625 11035.9375 10973.4375 10267.1875 9339.0625 10982.8125 11434.375 9656.25 10990.625 12507.8125 12650 14457.8125 10976.5625 13389.0625 16181.25 15734.375 17803.125 12640.625 10789.0625 12948.4375 18051.5625 19260.9375 19729.6875 19296.875 21956.25 17215.625 12159.375 10278.125 7092.1875 6010.9375 5682.8125 5309.375 5387.5 5304.6875 5214.0625 5012.5 4643.75 4278.125 3823.4375 3537.5 3396.875 3351.5625 3300 3295.3125 3212.5 3168.75 3104.6875 2939.0625
11876.5625 9204.6875 10568.75 9476.5625 7926.5625 8112.5 8718.75 8706.25 9182.8125 10204.6875 10703.125 10779.6875 10745.3125 10873.4375 10570.3125 10806.25 10578.125 11034.375 14314.0625 11987.5 13139.0625 12407.8125 13051.5625 16146.875 18031.25 18631.25 14931.25 11956.25 15018.75 17295.3125 15381.25 16596.875 11679.6875 14128.125 17609.375 19493.75 15917.1875 12751.5625 17979.6875 13409.375 7982.8125 7660.9375 7678.125 6470.3125 6070.3125 5285.9375 5331.25 5379.6875 5151.5625 4821.875 4578.125 4242.1875 3659.375 3268.75 3135.9375 3128.125 3145.3125 3071.875 2973.4375 2976.5625 2948.4375 2900
11810.9375 8756.25 7051.5625 9385.9375 11293.75 11609.375 10735.9375 9681.25 9867.1875 10484.375 10648.4375 10910.9375 11467.1875 10532.8125 10607.8125 10107.8125 9907.8125 11600 13093.75 15601.5625 16123.4375 15942.1875 15100 14946.875 19217.1875 19645.3125 16976.5625 13203.125 12812.5 17737.5 17325 20187.5 14300 18345.3125 16950 14584.375 11707.8125 13400 11018.75 7226.5625 7059.375 5775 5325 5257.8125 5190.625 5218.75 5070.3125 5192.1875 5089.0625 4817.1875 4542.1875 4228.125 3690.625 3426.5625 3175 3118.75 3071.875 3000 2935.9375 2954.6875 2946.875 2900
7164.0625 6842.1875 8884.375 14864.0625 18823.4375 17543.75 13251.5625 10657.8125 10323.4375 10570.3125 11403.125 11267.1875 10968.75 10204.6875 10225 10042.1875 9832.8125 9903.125 10610.9375 11231.25 11743.75 12051.5625 12078.125 13093.75 15807.8125 18034.375 16121.875 16410.9375 14404.6875 17470.3125 18276.5625 21267.1875 17981.25 16609.375 14140.625 9134.375 8421.875 10795.3125 13814.0625 14768.75 8929.6875 5454.6875 4771.875 4754.6875 4903.125 4895.3125 4895.3125 4860.9375 4918.75 4751.5625 4515.625 4206.25 3821.875 3507.8125 3235.9375 3176.5625 3059.375 3000 2892.1875 2834.375 2884.375 2900
6668.75 8270.3125 11012.5 11275 11714.0625 11943.75 12214.0625 10664.0625 10600 10245.3125 11346.875 11170.3125 12409.375 9906.25 9956.25 10617.1875 10920.3125 10371.875 9956.25 10715.625 13000 15115.625 15026.5625 12509.375 14360.9375 17751.5625 17362.5 14032.8125 13679.6875 16065.625 20100 18987.5 15306.25 14575 9590.625 7671.875 6912.5 6753.125 9450 13037.5 11220.3125 10139.0625 7073.4375 5542.1875 4662.5 4673.4375 5200 4850 4659.375 4498.4375 4329.6875 3995.3125 3865.625 3565.625 3326.5625 3200 3153.125 2981.25 2798.4375 2810.9375 2848.4375 2800
6912.5 7942.1875 7903.125 8153.125 9231.25 10384.375 10731.25 10782.8125 10953.125 10871.875 10243.75 9895.3125 15109.375 10657.8125 9940.625 14779.6875 14298.4375 12114.0625 11601.5625 11037.5 11381.25 13782.8125 16084.375 17860.9375 16795.3125 18106.25 16120.3125 11750 11795.3125 15432.8125 21000 16035.9375 11515.625 9234.375 8193.75 6610.9375 7221.875 6465.625 5373.4375 8995.3125 12806.25 9884.375 7056.25 4362.5 4400 4523.4375 5457.8125 5440.625 4590.625 4340.625 4210.9375 3943.75 3785.9375 3570.3125 3364.0625 3242.1875 3160.9375 2865.625 2790.625 2760.9375 2701.5625 2687.5
7026.5625 6810.9375 7973.4375 9432.8125 11195.3125 14604.6875 15434.375 14976.5625 12267.1875 12782.8125 10873.4375 9190.625 12698.4375 10687.5 9757.8125 15085.9375 18210.9375 17415.625 17326.5625 14346.875 12781.25 14096.875 17084.375 19565.625 19978.125 21531.25 17823.4375 11307.8125 10167.1875 14695.3125 20020.3125 15203.125 10051.5625 7520.3125 6564.0625 5237.5 6446.875 5468.75 5834.375 8357.8125 5721.875 8920.3125 4940.625 4129.6875 4339.0625 4585.9375 4684.375 5923.4375 5359.375 4320.3125 4198.4375 3985.9375 3846.875 3610.9375 3432.8125 3306.25 3100 2832.8125 2800 2782.8125 2707.8125 2639.0625
10279.6875 11389.0625 14860.9375 17618.75 19904.6875 20514.0625 18751.5625 19103.125 15276.5625 10754.6875 9387.5 9465.625 9398.4375 9306.25 10418.75 16409.375 18995.3125 19967.1875 20512.5 17545.3125 15556.25 15817.1875 17456.25 17523.4375 19928.125 20785.9375 20534.375 11545.3125 9009.375 13657.8125 17901.5625 12068.75 8514.0625 5834.375 4915.625 4376.5625 5056.25 4654.6875 5367.1875 8239.0625 5128.125 4701.5625 5332.8125 4240.625 4607.8125 4626.5625 4554.6875 6051.5625 5895.3125 4467.1875 4198.4375 4123.4375 3982.8125 3845.3125 3476.5625 3387.5 3084.375 2967.1875 2803.125 2707.8125 2606.25 2659.375
19017.1875 19828.125 21482.8125 20882.8125 20337.5 18371.875 19264.0625 18125 16739.0625 10851.5625 9557.8125 9303.125 9353.125 12285.9375 16176.5625 13862.5 18535.9375 19354.6875 21365.625 19492.1875 20698.4375 18409.375 19589.0625 20225 20450 18356.25 19260.9375 16312.5 10426.5625 9118.75 16076.5625 11867.1875 8623.4375 4946.875 4096.875 3604.6875 3493.75 3595.3125 3595.3125 4281.25 6365.625 3981.25 3920.3125 4709.375 5343.75 5243.75 5117.1875 5837.5 6337.5 4746.875 3828.125 3970.3125 4096.875 4060.9375 3500 3260.9375 3093.75 2954.6875 2851.5625 2842.1875 2787.5 2692.1875
13706.25 19439.0625 15956.25 12068.75 11353.125 11335.9375 13390.625 13581.25 12840.625 10070.3125 9279.6875 9446.875 9271.875 9318.75 11334.375 13204.6875 18498.4375 17151.5625 17898.4375 21101.5625 20543.75 20604.6875 17595.3125 16135.9375 18315.625 20287.5 17700 18482.8125 16115.625 9521.875 10426.5625 15001.5625 8675 4601.5625 3385.9375 3421.875 3557.8125 3385.9375 3390.625 3443.75 5139.0625 4031.25 3818.75 4323.4375 5110.9375 5851.5625 5835.9375 5642.1875 6596.875 5262.5 3654.6875 3615.625 3726.5625 3651.5625 3389.0625 3123.4375 2951.5625 2878.125 3037.5 2945.3125 2721.875 2582.8125
16103.125 15143.75 8382.8125 6684.375 7762.5 8195.3125 9559.375 10496.875 9304.6875 8748.4375 8854.6875 9096.875 9262.5 9448.4375 11692.1875 12853.125 18312.5 16690.625 16376.5625 16468.75 17387.5 17634.375 18210.9375 16179.6875 13460.9375 15848.4375 18781.25 19351.5625 20650 12490.625 5000 6634.375 7246.875 5864.0625 4315.625 3806.25 4385.9375 4256.25 3917.1875 4012.5 3646.875 4276.5625 4234.375 4348.4375 5100 6401.5625 7981.25 7531.25 5453.125 4653.125 3542.1875 3482.8125 3467.1875 3395.3125 3257.8125 3051.5625 2896.875 2754.6875 2734.375 2764.0625 2676.5625 2514.0625
7325 6659.375 5114.0625 5129.6875 5940.625 7082.8125 7493.75 7551.5625 7773.4375 8223.4375 9073.4375 9962.5 13892.1875 10565.625 14992.1875 14876.5625 16220.3125 16503.125 17170.3125 16178.125 16418.75 17010.9375 16089.0625 17326.5625 12606.25 12682.8125 15382.8125 17793.75 16867.1875 10768.75 4481.25 4051.5625 5187.5 5693.75 6171.875 4532.8125 4817.1875 5312.5 5335.9375 7998.4375 5943.75 5392.1875 4489.0625 4454.6875 4703.125 6367.1875 11984.375 14604.6875 7451.5625 4317.1875 3431.25 3290.625 3248.4375 3142.1875 3128.125 2985.9375 2854.6875 2676.5625 2690.625 2659.375 2596.875 2412.5
3921.875 3698.4375 3760.9375 4162.5 4837.5 5676.5625 6215.625 6660.9375 7404.6875 9118.75 12800 12365.625 13379.6875 11315.625 14179.6875 16912.5 14954.6875 15650 16401.5625 16260.9375 15410.9375 16226.5625 15251.5625 14973.4375 14812.5 14487.5 17353.125 18357.8125 15828.125 14798.4375 5800 3614.0625 4229.6875 6279.6875 6029.6875 5104.6875 6078.125 7253.125 6439.0625 4370.3125 4789.0625 4693.75 4139.0625 4109.375 5035.9375 7392.1875 9190.625 11281.25 10801.5625 5776.5625 3853.125 3162.5 3145.3125 3001.5625 3006.25 2917.1875 2771.875 2607.8125 2679.6875 2650 2432.8125 2348.4375
3929.6875 3756.25 3820.3125 4204.6875 4889.0625 6521.875 7404.6875 7251.5625 7509.375 7984.375 9675 11250 16523.4375 15592.1875 16878.125 21182.8125 17101.5625 13879.6875 13795.3125 15220.3125 12281.25 13225 15435.9375 18376.5625 18137.5 17998.4375 19409.375 17709.375 16801.5625 14753.125 7001.5625 4000 3775 7259.375 6325 4885.9375 6051.5625 7746.875 5270.3125 4768.75 4215.625 5379.6875 4312.5 4071.875 4498.4375 6557.8125 7971.875 7212.5 8009.375 6196.875 3978.125 3204.6875 3071.875 2953.125 2900 2878.125 2654.6875 2564.0625 2596.875 2581.25 2496.875 2342.1875
4668.75 4218.75 4143.75 4284.375 4878.125 6598.4375 9018.75 8953.125 8565.625 7906.25 10189.0625 16106.25 15601.5625 13137.5 16823.4375 18914.0625 16121.875 14693.75 11034.375 10951.5625 11418.75 14654.6875 15932.8125 18212.5 16117.1875 15767.1875 16951.5625 18225 20248.4375 20328.125 9375 4300 3850 5564.0625 7481.25 5107.8125 5278.125 6560.9375 5509.375 4453.125 3890.625 4121.875 4270.3125 4423.4375 4109.375 5157.8125 6310.9375 6168.75 6159.375 4506.25 3796.875 3240.625 3042.1875 2946.875 2898.4375 2745.3125 2590.625 2506.25 2500 2500 2446.875 2310.9375
6040.625 5204.6875 4484.375 4464.0625 4640.625 6082.8125 7731.25 9801.5625 10378.125 9143.75 10231.25 13095.3125 13701.5625 11826.5625 13457.8125 14075 13834.375 12114.0625 9521.875 8145.3125 10487.5 12362.5 12781.25 12075 13770.3125 13759.375 15957.8125 18162.5 17071.875 12242.1875 7096.875 4317.1875 3787.5 4293.75 6692.1875 4896.875 7821.875 7500 8050 4726.5625 4118.75 3765.625 4028.125 4126.5625 3837.5 4662.5 4898.4375 4365.625 4250 4010.9375 3779.6875 3348.4375 3075 2931.25 2871.875 2667.1875 2525 2500 2448.4375 2432.8125 2376.5625 2300
7825 6746.875 5350 4792.1875 4707.8125 5271.875 6698.4375 9007.8125 10359.375 10093.75 12454.6875 12829.6875 12162.5 9162.5 10100 10014.0625 9073.4375 8014.0625 7589.0625 8010.9375 7868.75 8195.3125 8389.0625 9079.6875 11459.375 12104.6875 11821.875 14098.4375 15225 12618.75 7507.8125 4764.0625 4410.9375 3801.5625 3885.9375 3573.4375 5395.3125 4903.125 4828.125 4615.625 4215.625 3823.4375 3595.3125 3962.5 3664.0625 3942.1875 3925 3821.875 3906.25 3800 3704.6875 3456.25 3148.4375 2940.625 2815.625 2682.8125 2500 2500 2376.5625 2457.8125 2312.5 2223.4375
9928.125 8584.375 7309.375 5887.5 5337.5 5412.5 6542.1875 8992.1875 9982.8125 9490.625 9643.75 10290.625 9625 8576.5625 8498.4375 8157.8125 8075 8651.5625 8845.3125 9718.75 10728.125 8520.3125 8701.5625 7440.625 7815.625 9807.8125 11348.4375 11623.4375 15082.8125 17856.25 11554.6875 6809.375 9318.75 8696.875 4759.375 3271.875 3903.125 4182.8125 3648.4375 3557.8125 3682.8125 3864.0625 3670.3125 3854.6875 3506.25 3464.0625 3551.5625 3539.0625 3526.5625 3606.25 3531.25 3507.8125 3204.6875 2979.6875 2807.8125 2793.75 2526.5625 2479.6875 2314.0625 2351.5625 2246.875 2115.625
13462.5 12003.125 10292.1875 8493.75 7337.5 6375 7023.4375 9817.1875 12001.5625 10326.5625 8684.375 10293.75 10907.8125 10009.375 8912.5 8654.6875 9576.5625 9025 10439.0625 11954.6875 11700 9359.375 9718.75 10929.6875 10068.75 10364.0625 10100 9996.875 11729.6875 14593.75 11610.9375 10164.0625 5768.75 9614.0625 12576.5625 5176.5625 3189.0625 3295.3125 3246.875 3615.625 4117.1875 4243.75 4160.9375 4534.375 4003.125 3676.5625 3482.8125 3437.5 3339.0625 3356.25 3318.75 3343.75 3153.125 2942.1875 2914.0625 2839.0625 2553.125 2442.1875 2312.5 2235.9375 2170.3125 2100
15781.25 15276.5625 13018.75 11159.375 9901.5625 8518.75 7687.5 9857.8125 15489.0625 11253.125 12771.875 12431.25 12906.25 11957.8125 9285.9375 9167.1875 8876.5625 12039.0625 13634.375 14451.5625 16028.125 10700 13496.875 13650 14528.125 16114.0625 14876.5625 15968.75 12039.0625 16206.25 12751.5625 14071.875 6904.6875 4009.375 7139.0625 8625 5414.0625 3987.5 3582.8125 3771.875 4192.1875 4193.75 4454.6875 5212.5 5137.5 4251.5625 3953.125 3831.25 3565.625 3459.375 3303.125 3293.75 3181.25 2893.75 2809.375 2714.0625 2546.875 2415.625 2334.375 2196.875 2159.375 2100
11378.125 13303.125 15023.4375 13962.5 12376.5625 10818.75 9317.1875 9528.125 12664.0625 15078.125 16104.6875 16046.875 16235.9375 14587.5 8645.3125 10765.625 9064.0625 10128.125 14685.9375 16371.875 14081.25 10093.75 11948.4375 12431.25 15282.8125 11889.0625 11409.375 11668.75 8645.3125 9971.875 11667.1875 8700 5848.4375 3857.8125 3443.75 6679.6875 13578.125 12170.3125 4789.0625 4040.625 4362.5 4468.75 4764.0625 5228.125 6335.9375 6056.25 4754.6875 4351.5625 4009.375 3885.9375 3579.6875 3329.6875 3242.1875 3025 2860.9375 2717.1875 2565.625 2440.625 2309.375 2171.875 2118.75 2100
