Cases/SDM_Urocitellus_beldingi/westernUsClimate_hadley2080a2/BIO15.asc
NCOLS 315 
NROWS 297 
XLLCORNER -124.741664802 
YLLCORNER 29.2083311801598 
CELLSIZE 0.066666670143822 
NODATA_value -3.4e+38 
[rows 28 to 55 of 297, columns 128 to 191 of 315]
56.5 56.25 55.34375 53.328125 54.34375 54.8125 54.9375 53.125 52.09375 51.84375 50.421875 50.234375 49.578125 47.109375 45.859375 44.171875 42.9375 41.21875 39.859375 36.9375 34.265625 30.640625 32.0625 34.609375 34.375 29.5625 29.484375 31.21875 33.1875 33.84375 33.234375 32.171875 30.4375 33.171875 32.890625 33.1875 34.171875 33.53125 35 36.5625 36.8125 35.65625 33.90625 33.515625 32.109375 31.5 30.046875 27.953125 29.09375 28.140625 26.90625 26.796875 26.84375 28.46875 29.046875 29.3125 30.140625 32.25 34.78125 37.125 41.8125 44.890625 49.21875 53.09375
57.015625 55.265625 54.015625 53.265625 53.59375 53.46875 53.15625 54.296875 53.0625 52.328125 50.578125 49.015625 48.828125 46.625 45.046875 43.90625 42.71875 41.203125 39 37.90625 34.703125 30.40625 29.921875 30.09375 31.90625 30.65625 30 29.6875 29.9375 30.5 31.515625 31.625 32.359375 32.921875 32.796875 32.90625 33.1875 33.484375 33.953125 33.015625 33.890625 34.421875 33.515625 32.21875 31.734375 30.953125 30.546875 30.203125 30.03125 29.59375 27.78125 27.53125 27.203125 27.84375 29.484375 30.203125 30.84375 30.953125 31.59375 35.21875 39.578125 45.828125 50.15625 49.875
56.421875 54.921875 55.578125 54.984375 56.015625 53.703125 53.421875 54.09375 52.953125 50.75 48.859375 48.453125 47.40625 46.015625 44.390625 43.109375 41.59375 40.5625 39.375 38.28125 35.359375 31.65625 29.921875 30.0625 30.3125 30.171875 29.296875 30.34375 29.390625 29.921875 30.21875 29.953125 30.859375 32.03125 31.84375 32.125 32.25 33.453125 33.4375 33.28125 32.84375 32.484375 32.515625 30.9375 30.1875 29.625 30.109375 30.359375 29.9375 29.203125 28.734375 29.046875 30.375 29.890625 29.390625 29.59375 29.703125 30.25 30.25 33.796875 36.875 43.078125 45.375 49.71875
54.9375 55.421875 56.296875 56.40625 55.65625 55.53125 54.5 53.640625 51.4375 50.671875 48.421875 49.390625 47.375 45.453125 43.734375 42.21875 39.875 38.625 38.5625 37.609375 34.15625 31.5625 29.328125 31.46875 32.5625 30.109375 29.84375 32.453125 29.625 29.75 30.0625 29.90625 29.953125 30.359375 31.1875 31.203125 31.578125 31.765625 31.734375 31.828125 31.8125 31.171875 30.890625 28.6875 27.828125 28.59375 29.375 29.65625 29.953125 29.25 28.3125 28.59375 29.140625 28.765625 28.59375 28.234375 28.796875 30.78125 31.640625 32.546875 38.015625 41.265625 38.3125 43.90625
55.484375 53.703125 55.1875 56.265625 54.40625 54.34375 53.4375 53 52.390625 50.921875 49.140625 48.1875 46.375 44.609375 42.9375 40.734375 38.3125 37.171875 37.078125 37.28125 34.3125 34.25 30.171875 29.671875 30.265625 30.6875 29.25 31.234375 30.234375 30.140625 29.84375 30.046875 29.984375 30.234375 30.234375 30.421875 30.46875 30.3125 30.46875 30.6875 30.4375 29.265625 28.375 27.9375 26.96875 27.21875 28.140625 28.796875 29.453125 29.28125 27.96875 27.484375 27.5625 27.296875 27.40625 27.625 28.546875 30.859375 33.28125 34.671875 35.953125 36.984375 41.765625 46.375
56.578125 55.421875 55.796875 54.484375 55.171875 54.4375 53.015625 53.203125 52.03125 49.8125 48.828125 47.296875 45.1875 43.671875 41.84375 40.671875 36.953125 35.046875 35.046875 35.53125 34.90625 34.171875 32.046875 30.796875 29.046875 28.890625 29.03125 29.203125 29.3125 29.59375 29.703125 29.5 29.65625 29.578125 29.59375 29.265625 29.875 30.265625 28.953125 28.84375 28.125 27.34375 27.96875 27.3125 26.78125 27.328125 28.5 28.125 27.25 26.734375 27.375 28.53125 28.875 28.171875 27.375 27.609375 29.3125 30.0625 31.234375 35.09375 37.765625 37.34375 41.40625 43.703125
54.75 54.015625 54.359375 53.75 54.734375 54.578125 52.875 51.78125 51.109375 49.890625 47.6875 45.484375 44.515625 42.828125 40.78125 39.046875 37.03125 33.921875 32.40625 31.875 32.6875 34.71875 34.046875 32.609375 28.75 28.921875 30 30.1875 29.421875 30.359375 29.734375 29.25 29.703125 28.9375 28.625 28.234375 28.53125 28.796875 28.828125 28.734375 28.25 27.890625 28.578125 28.9375 28.953125 28.328125 28.078125 26.96875 27.671875 26.953125 26.15625 27.34375 28.921875 28.75 28.265625 27.59375 28.140625 29.15625 29.15625 31.9375 37.21875 40.40625 45.296875 47.671875
52.6875 52.84375 52.015625 52.40625 53.84375 54.125 52.890625 50.96875 49.234375 48.015625 47.265625 45.5 43.75 41.953125 40.546875 38.78125 35.546875 34.609375 34.703125 35.0625 35.015625 34.625 30.90625 30.484375 29.296875 29.90625 30.171875 30.625 30.34375 30.515625 29.375 28.96875 29.3125 28.875 28.140625 27.28125 27.015625 26.78125 28 26.65625 26.171875 26.5625 26.625 28.265625 29.21875 31.5625 31.8125 31.1875 29.921875 29.828125 28.46875 27.78125 28.203125 30.609375 30.09375 30.265625 29.609375 29.453125 30.515625 32.265625 35.4375 41.78125 45.828125 47.953125
50.203125 50.828125 51.4375 51.734375 51.59375 52.1875 50.734375 49.25 49.03125 47.71875 46.25 44.84375 42.890625 41.578125 40.546875 38.984375 36.390625 35.765625 35.109375 32.765625 31.890625 31.359375 30.078125 30.546875 29.5625 29.984375 30.390625 30.25 30.140625 29.546875 28.515625 29.4375 29.53125 29.328125 28 26.65625 26.46875 26.734375 26.640625 25.34375 25.25 25.859375 27.296875 28.859375 30.765625 32.09375 32.09375 32.640625 33.640625 34.203125 33.84375 31.65625 31.859375 32.15625 32.25 31.640625 31.265625 30.9375 30.234375 33.59375 37.3125 38.0625 40.703125 44.53125
47.96875 48.359375 49.09375 50 50.921875 51.625 50.828125 47.71875 46.71875 45.703125 45.15625 43.765625 41.921875 40.125 38.96875 38.640625 36.875 34.359375 31.96875 30.484375 30.484375 32.453125 34.171875 31.625 29.734375 29.09375 29.796875 29.984375 29.4375 29.140625 28.453125 30.1875 29.390625 28.21875 26.875 26.140625 26.65625 25.25 25.375 24.859375 25.296875 24.640625 27.203125 29.25 31.46875 30.859375 28.734375 28.5 32.3125 34.390625 36.015625 37 36.171875 31.40625 32.109375 29.890625 30.34375 31.46875 30.296875 32.21875 32.734375 34.875 37.453125 43.375
45.75 45.796875 46.59375 47.5625 48.625 49.3125 48.859375 47.3125 45.78125 44.890625 43.765625 42.8125 41.5 40.4375 39.09375 36.671875 33.96875 32.953125 31.203125 32.09375 31.453125 32.96875 32.546875 30.921875 29.6875 29.375 29.75 29.6875 29.21875 28.125 29.03125 30.046875 29.125 27.765625 26.734375 25.625 25.96875 25.25 24.625 24.3125 26.53125 24.671875 26.40625 28.859375 29.96875 28.1875 24.5625 24.21875 26.5 30.625 36.1875 39.890625 40.46875 35.96875 30.71875 28.828125 29.359375 29.109375 28.46875 28.1875 30.875 36.25 39.46875 42.859375
43.046875 43.140625 43.953125 44.984375 45.96875 46.59375 46.828125 45.984375 44.890625 43.921875 43.265625 42.09375 40.609375 39.09375 37.140625 37.1875 37.03125 34.96875 35.125 34.484375 32.9375 32.71875 32.40625 30.484375 29.15625 29.25 29.421875 29.21875 27.875 28.015625 28.953125 29.0625 28.453125 26.609375 25.734375 25.078125 24.1875 25.125 25.921875 25.53125 27.890625 26.34375 29.828125 32.25 26.125 25.1875 24.453125 23.390625 23.734375 26.65625 37.921875 42.625 42.703125 37.078125 30.9375 26.78125 27.171875 28.171875 27.34375 26.890625 28.84375 36.359375 40.40625 38.359375
39.984375 41.15625 41.453125 42.53125 43.53125 44.234375 44.59375 44.53125 43.84375 43.21875 42.484375 41.5 39.65625 39.109375 38.375 38.078125 37.78125 36.34375 35.21875 31.5625 32.4375 33.328125 30.71875 30.453125 29.25 29.359375 29.484375 28.875 27.796875 27.640625 29.046875 29.15625 28.28125 26.453125 24.75 24.140625 23.75 24 25.046875 26.4375 29.03125 27.515625 29.484375 33.96875 26 23.015625 23.34375 24.015625 25.4375 31.15625 40.125 44.078125 42.28125 35.1875 27.296875 26.328125 27.078125 30.015625 30.9375 31.28125 31.1875 38.234375 37.21875 28.8125
37.640625 39.25 39.8125 40.5625 41.609375 42.265625 42.65625 42.90625 42.796875 42.109375 40.984375 40.21875 39.234375 39.1875 39.0625 38.578125 36.65625 34.421875 31.53125 31.765625 31.375 31.34375 30.25 29.875 29.21875 28.96875 29.296875 28.3125 27.625 27.4375 29.078125 29.0625 27.671875 25.53125 24.25 24.0625 23.359375 23.5 24.1875 26.5 28.296875 27.0625 31.328125 30.390625 25 24.140625 23.4375 23.484375 26.640625 33.90625 41.265625 44.203125 40.984375 33.15625 28.921875 30.03125 33.125 32.796875 32.90625 33.25 38.078125 44.78125 38.609375 34.65625
37.21875 37.65625 38.484375 39.359375 39.71875 40.453125 41.078125 41.3125 41.171875 40.609375 41.140625 40.890625 40.015625 39.796875 39.625 38.34375 35.0625 34.40625 31.078125 30.453125 30.15625 31.234375 30.375 30.59375 29.75 29.328125 28.75 28 27.34375 27.140625 29.53125 28.609375 26.875 25.796875 25.140625 24.296875 23.4375 23.515625 23.359375 26.4375 28.4375 28.84375 28.6875 26.84375 26.59375 27.859375 28.265625 28.6875 31.46875 36.21875 41.984375 43.578125 36.296875 31.328125 29.671875 29.0625 30.9375 32.296875 27.125 29.46875 34.5 40.5 41.453125 46.15625
36.953125 37.015625 37.65625 38.46875 38.765625 39.15625 39.671875 40.828125 40.875 39.828125 39.609375 39.453125 38.953125 37.671875 37.953125 36.6875 33.828125 32.4375 31.8125 30.640625 30.609375 30.796875 30 29.296875 29.140625 28.84375 28.21875 27.28125 26.78125 27.515625 28.9375 26.46875 25.40625 24.515625 23.78125 24.046875 22.765625 23.0625 24.09375 24.703125 27.171875 25.9375 25.5625 23.21875 23.375 22.8125 23.25 25.578125 31.765625 36.703125 41.625 41.765625 34.125 35.046875 34 29.578125 31.9375 31.203125 26.6875 27.296875 37 39.859375 30.75 46.28125
37 36.9375 37.03125 38.046875 38.046875 38.53125 39.015625 40.78125 41.703125 40.546875 39.34375 40.171875 38.75 37.203125 36.53125 36.015625 36.015625 34.5 34.296875 31.796875 30.0625 29.75 29.34375 29.15625 28.640625 28.515625 27.78125 27.40625 26.390625 27.421875 28.734375 25.265625 24.3125 24.046875 23.71875 22.640625 22.21875 22.484375 22.90625 24.328125 24.78125 22.578125 22.296875 21.28125 21.5 21.40625 22.703125 25.390625 30.140625 32.875 36.953125 41.296875 39.78125 40.734375 38.625 37.078125 31.234375 26.125 26.828125 30.59375 36.875 49.15625 30.515625 38.421875
36.96875 36.890625 36.984375 37.640625 37.6875 40.046875 40.296875 41.1875 40.984375 41.859375 40.953125 40.9375 40.078125 37.6875 37.96875 37.84375 37.390625 35.953125 35.296875 32.484375 30.046875 30.5 30.09375 29.828125 29.640625 28.5 27.515625 27.125 26.3125 25.640625 27.65625 26.671875 25.328125 24.640625 23.734375 22.90625 23.53125 24.234375 22.421875 22.4375 22.296875 20.890625 21.375 22.625 24.84375 27.34375 30.921875 31.453125 28.546875 26.34375 31.578125 34.921875 41.125 42.890625 41.59375 45.046875 32.109375 32.28125 37.15625 38.546875 45.4375 52.09375 33.21875 41.921875
36.65625 36.84375 36.984375 37.453125 37.421875 40.015625 42.15625 42.421875 40.046875 41.515625 41.109375 40.328125 40.625 39.640625 36.4375 36.9375 36.6875 36.328125 34.890625 32.4375 30.65625 29.953125 29.4375 29.234375 28.328125 28.0625 27.265625 26.75 26 25.265625 26.109375 26.171875 24.6875 25.421875 24.484375 24.546875 25.265625 24.90625 24.265625 22.4375 21.75 22.71875 24.796875 28.3125 30.75 32.53125 33.671875 29.515625 23.078125 23.734375 26.203125 31.796875 38.515625 38.515625 38.40625 42.3125 38.5625 35.78125 44.21875 53.375 55.453125 57.21875 47.28125 52.5625
38.578125 40.09375 37.71875 37.328125 37.5 38.125 39.8125 41.859375 39.5 40.53125 40.4375 39.40625 39.75 39.859375 38.328125 37.640625 36.890625 36.28125 33.953125 32.546875 32.171875 30.1875 29.71875 29.296875 28.5 28.03125 27.140625 26.390625 25.34375 25.53125 24.671875 23.484375 24.546875 25.578125 25.171875 22.875 22.140625 20.96875 21.5 21.5 23.421875 27.078125 29.546875 32.3125 33.0625 27.546875 29.625 33.078125 29.90625 30.328125 27.4375 29.359375 39.6875 35.296875 32.984375 33.796875 32.34375 38.6875 47.421875 56.03125 58.609375 59.609375 58.53125 57.578125
37.140625 39.140625 40.546875 38.71875 37.9375 40.53125 40.015625 41.078125 40.828125 41.34375 40.4375 40.59375 39.5625 39.625 38.859375 38.46875 37.4375 36.140625 34.796875 34.171875 32.65625 30.328125 30.078125 28.96875 28.375 27.40625 26.4375 25.796875 25.59375 24.625 23.3125 22.765625 22.75 23.5 22.46875 21.53125 20.78125 21.171875 23.0625 25.90625 28.5625 30.375 32.3125 30.859375 29.390625 23.703125 24.21875 29.765625 38 35.09375 34.015625 38.265625 40.75 33.171875 30.625 25.796875 25.65625 34.734375 47.453125 55.921875 58.703125 49.640625 40 43.203125
38.8125 41.78125 41.53125 41.0625 41.140625 42.5625 43.1875 42.859375 42.6875 42.671875 42.078125 41.921875 40.375 40.375 39.578125 38.59375 37.3125 35.875 35.078125 33.625 32.328125 31.09375 29.65625 28.828125 27.90625 26.875 25.921875 25.21875 25.046875 23.59375 22.65625 22.234375 21.609375 21.390625 21.609375 21.5625 20.828125 22.375 25.5 28.3125 30.25 32.0625 31.890625 26.53125 22.21875 23.46875 23.09375 31.03125 27.421875 25.171875 27.6875 37.078125 44.484375 35.46875 32.4375 30.09375 27.53125 35.1875 52.390625 59.40625 57.40625 37.796875 26.953125 33.28125
38.234375 39 40.859375 43.453125 43.5625 43.046875 43.1875 43.03125 42.921875 42.390625 42.21875 42.5 41.921875 41.078125 39.625 38.0625 36.328125 35.96875 34.78125 33.671875 32.5625 31.265625 29.640625 28.984375 27.984375 26.671875 25.796875 24.734375 24.578125 23.25 22.640625 21.859375 21.09375 22.46875 21.125 21.46875 21.921875 23.578125 26.140625 28.484375 30.734375 32.46875 31 23.34375 22.234375 24.984375 27.734375 26.46875 21.40625 25.375 30.5 41.375 49.3125 48.0625 39.09375 41.171875 34.765625 43.953125 57.640625 54.421875 38.328125 22.703125 23.578125 22.890625
42.71875 42.546875 42.390625 44.1875 43.96875 43.890625 42.484375 42.953125 42.828125 42.25 42.40625 42.6875 41.84375 40.21875 37.953125 36 36.515625 35.765625 34.015625 33.359375 32.265625 30.953125 29.515625 28.59375 27.765625 26.5 25.515625 24.296875 23.875 22.65625 21.96875 21.28125 21.140625 23.484375 24.125 23.796875 21.359375 23.796875 26.671875 28.859375 31.765625 33.515625 31.453125 24.390625 21.5 25.09375 30.125 22.828125 19.890625 21.25 24.984375 40.359375 52.84375 47.875 44.09375 49.140625 52.703125 58.0625 59.515625 49.546875 25.0625 20.34375 19.65625 20.921875
43.40625 43.046875 43.5625 43.234375 42.171875 41.421875 41.421875 42.28125 41.65625 42.078125 42.84375 42.34375 40.484375 37.484375 38.453125 38.015625 35.859375 34.515625 33.46875 33.0625 32.21875 31.03125 29.484375 28.359375 27.296875 26.0625 24.96875 23.96875 23.078125 22.203125 22.1875 21.21875 23.203125 25 24.984375 22.4375 20.65625 21.859375 25.15625 28.859375 31.78125 33.25 28.015625 23.6875 24.34375 24.6875 25.421875 24.46875 19.890625 24 26.578125 40.578125 57.484375 42.265625 40.828125 52.390625 59.59375 61.5625 59.8125 53.9375 41.640625 27.34375 20.828125 19.625
39.234375 40.921875 40.625 39.828125 40.4375 40.625 39.734375 39.453125 38.640625 41.359375 41.40625 38.78125 39.609375 39.421875 38.90625 38.03125 36.671875 35.53125 33.453125 32.375 31.578125 30.515625 29.46875 28.09375 26.890625 25.84375 24.6875 23.734375 23.015625 23.109375 23.53125 21.90625 22.5625 24.96875 22.78125 20.828125 18.796875 19.75 23.390625 27.953125 31.265625 32.953125 26.140625 26.28125 24.625 23.578125 30.828125 21.015625 19.71875 27.21875 36.734375 43.921875 57.28125 60.28125 58.359375 58.328125 60.296875 60.375 57.71875 56.546875 52.4375 38.84375 27.265625 20.9375
42.09375 41.640625 42.5625 43.71875 44.109375 43.828125 42.96875 42.296875 40.671875 39.859375 38.484375 40.375 39.84375 39.484375 38.984375 37.71875 36.515625 35.09375 33.828125 32.546875 31.21875 29.96875 28.953125 27.84375 26.484375 25.5625 24.609375 23.53125 24 23.6875 22.765625 23.28125 23.640625 25.28125 26.734375 24.546875 20.140625 19.171875 21.828125 26.046875 30.21875 33.3125 32.21875 27.15625 25.875 28.796875 36 22.34375 22.953125 21.8125 31.375 46.71875 53.921875 56.71875 59 59.375 59.515625 55.75 50.65625 38.625 51.125 50.796875 40.15625 30.25
45.625 45.40625 44.421875 44.8125 44.078125 43.609375 43.203125 42.078125 42.09375 41.5625 39.734375 40.328125 39.75 38.953125 38.15625 37.4375 36.234375 35.09375 33.640625 32.375 31.125 30.1875 28.71875 27.65625 26.859375 26.03125 25.25 24.984375 23.15625 21.875 20.171875 19.609375 20.015625 20.90625 27.796875 28.296875 24.875 17.875 19.296875 23.65625 28.21875 31.25 32.796875 32.921875 27.703125 34.53125 39.359375 29.96875 29.453125 35.453125 40.34375 47.90625 54.25 57.140625 59.65625 57.75 55.84375 51.921875 40.71875 22.40625 35.40625 50.6875 45 37.609375
