Cases/SDM_Urocitellus_beldingi/westernUsClimate_hadley2080a2/BIO12.asc
NCOLS 315 
NROWS 297 
XLLCORNER -124.741664802 
YLLCORNER 29.2083311801598 
CELLSIZE 0.066666670143822 
NODATA_value -3.4e+38 
[rows 0 to 26 of 297, columns 59 to 117 of 315]
75355.3571428571 69691.0714285714 64269.6428571429 58155.3571428571 58155.3571428571 57580.3571428571 58155.3571428571 51157.1428571429 53205.3571428571 52305.3571428571 48482.1428571429 46630.3571428571 45989.2857142857 45960.7142857143 40642.8571428571 38533.9285714286 26803.5714285714 26903.5714285714 27150 26683.9285714286 26746.4285714286 27248.2142857143 28825 30692.8571428571 31778.5714285714 31932.1428571429 31876.7857142857 34310.7142857143 33857.1428571429 34730.3571428571 35392.8571428571 38583.9285714286 40239.2857142857 40344.6428571429 40864.2857142857 44632.1428571429 47155.3571428571 49178.5714285714 48882.1428571429 50205.3571428571 56616.0714285714 60033.9285714286 60037.5 60641.0714285714 61564.2857142857 61955.3571428571 58303.5714285714 63191.0714285714 67462.5 74150 75712.5 72612.5 72321.4285714286 77678.5714285714 79091.0714285714 79660.7142857143 80916.0714285714 79905.3571428571 81517.8571428571
78414.0625 73814.0625 66228.125 65431.25 60610.9375 57893.75 61081.25 56298.4375 56046.875 51451.5625 46931.25 42293.75 46893.75 41092.1875 36762.5 36246.875 30645.3125 27568.75 28295.3125 27381.25 27050 28637.5 30046.875 30331.25 31981.25 32117.1875 32273.4375 34179.6875 33729.6875 34400 35725 37034.375 38437.5 38807.8125 41953.125 44898.4375 46920.3125 48739.0625 47526.5625 48312.5 52798.4375 57842.1875 57098.4375 59675 57993.75 53845.3125 61418.75 70807.8125 66364.0625 73589.0625 74587.5 71000 71900 77509.375 78995.3125 79835.9375 80098.4375 77673.4375 81784.375
81296.875 76126.5625 72204.6875 72026.5625 68839.0625 61842.1875 57904.6875 59842.1875 52912.5 49215.625 50082.8125 43631.25 42531.25 40896.875 36523.4375 34176.5625 30429.6875 27815.625 28487.5 27496.875 27325 27884.375 29834.375 30550 32229.6875 33709.375 33221.875 33071.875 33284.375 36237.5 36910.9375 37757.8125 37971.875 38851.5625 42557.8125 44695.3125 46695.3125 47921.875 47239.0625 45471.875 50921.875 52957.8125 49417.1875 49664.0625 55310.9375 61915.625 61179.6875 62462.5 68098.4375 72593.75 71864.0625 67696.875 72409.375 75981.25 77609.375 79895.3125 79417.1875 75314.0625 77106.25
82904.6875 80476.5625 77310.9375 72589.0625 68650 62320.3125 59575 57535.9375 57139.0625 45910.9375 42314.0625 46643.75 46271.875 45348.4375 41150 36839.0625 32357.8125 29528.125 28118.75 27728.125 27504.6875 27634.375 28873.4375 32118.75 35526.5625 36603.125 33578.125 33957.8125 34454.6875 36912.5 36893.75 37126.5625 37409.375 39273.4375 42706.25 45089.0625 45968.75 47342.1875 47584.375 45423.4375 45054.6875 46020.3125 48896.875 54445.3125 56126.5625 60043.75 62687.5 60918.75 67237.5 69662.5 65221.875 69748.4375 73064.0625 76712.5 78585.9375 79667.1875 79078.125 80414.0625 76237.5
87384.375 83314.0625 78796.875 75026.5625 65362.5 63826.5625 65785.9375 56460.9375 49281.25 48096.875 40593.75 47400 49048.4375 48975 40573.4375 35937.5 31360.9375 31403.125 29320.3125 28032.8125 27609.375 28104.6875 29409.375 30440.625 32814.0625 32492.1875 33396.875 34707.8125 36084.375 36214.0625 36473.4375 36571.875 37298.4375 40164.0625 43354.6875 46431.25 46675 46593.75 47134.375 45828.125 43629.6875 43604.6875 46767.1875 51035.9375 59348.4375 61165.625 60096.875 62101.5625 66784.375 66614.0625 63218.75 65525 74943.75 77085.9375 78009.375 77870.3125 77084.375 78529.6875 78578.125
92220.3125 85689.0625 79800 72721.875 64728.125 60859.375 58562.5 55521.875 47237.5 42239.0625 43990.625 47210.9375 49598.4375 50395.3125 39051.5625 36109.375 32225 30904.6875 29417.1875 28256.25 28348.4375 29490.625 29518.75 30814.0625 30264.0625 32143.75 34415.625 35307.8125 35681.25 34912.5 35296.875 35893.75 37710.9375 39937.5 44587.5 45160.9375 45714.0625 46448.4375 47015.625 47575 41150 44793.75 47101.5625 47998.4375 56282.8125 53142.1875 58498.4375 63289.0625 64846.875 65734.375 67067.1875 63550 69148.4375 72690.625 75592.1875 76564.0625 77156.25 75754.6875 75739.0625
93689.0625 91693.75 82668.75 79484.375 68976.5625 61721.875 53000 52439.0625 46154.6875 40954.6875 43604.6875 48532.8125 51700 41854.6875 37229.6875 34379.6875 32526.5625 30593.75 29476.5625 28195.3125 28956.25 30225 31537.5 34737.5 33204.6875 31500 31675 33365.625 35467.1875 35659.375 35020.3125 36504.6875 38406.25 40746.875 45112.5 44462.5 44257.8125 43614.0625 43678.125 41757.8125 40998.4375 43765.625 44298.4375 45742.1875 47710.9375 54196.875 57154.6875 59915.625 61512.5 65959.375 67339.0625 64487.5 65709.375 70598.4375 76168.75 76853.125 76514.0625 75523.4375 75340.625
99403.125 92993.75 89859.375 84359.375 83715.625 74339.0625 60895.3125 49403.125 43084.375 38979.6875 42557.8125 50045.3125 48550 47545.3125 38592.1875 33971.875 31770.3125 29964.0625 29270.3125 28092.1875 30107.8125 30631.25 30604.6875 33560.9375 34818.75 35476.5625 33035.9375 33839.0625 34032.8125 34992.1875 35509.375 35848.4375 38726.5625 41782.8125 42570.3125 45340.625 44125 43368.75 42343.75 39215.625 44814.0625 50078.125 46432.8125 44562.5 47015.625 49171.875 51845.3125 56101.5625 63309.375 66676.5625 66260.9375 64446.875 65342.1875 68639.0625 74559.375 76643.75 74975 77029.6875 76415.625
99537.5 95773.4375 92106.25 81370.3125 76481.25 77256.25 62764.0625 55201.5625 45260.9375 38220.3125 39018.75 41254.6875 43501.5625 44890.625 43573.4375 35771.875 34456.25 30481.25 28717.1875 27909.375 28481.25 30773.4375 34496.875 35159.375 35248.4375 33523.4375 34403.125 35853.125 35621.875 33917.1875 34490.625 35601.5625 38356.25 42023.4375 42576.5625 41281.25 42425 40220.3125 39223.4375 39173.4375 44098.4375 47159.375 44767.1875 45123.4375 46565.625 50525 52204.6875 54603.125 62264.0625 68718.75 65934.375 63457.8125 62217.1875 69532.8125 75471.875 77007.8125 75260.9375 75296.875 76385.9375
101237.5 93800 93218.75 91868.75 81312.5 66620.3125 58710.9375 50679.6875 45465.625 40368.75 36484.375 35768.75 39756.25 40601.5625 36770.3125 33492.1875 32357.8125 29540.625 27885.9375 27965.625 28217.1875 29254.6875 30118.75 30660.9375 32323.4375 35109.375 38348.4375 34184.375 33995.3125 35617.1875 34632.8125 35517.1875 37565.625 40526.5625 42159.375 41771.875 41225 39035.9375 39901.5625 38090.625 43521.875 48014.0625 48396.875 45443.75 46384.375 52876.5625 51134.375 54775 59423.4375 65787.5 66456.25 62571.875 61170.3125 67412.5 72879.6875 74429.6875 73554.6875 75137.5 77268.75
107923.4375 94556.25 84595.3125 93003.125 89825 83689.0625 74487.5 61446.875 51937.5 47973.4375 40064.0625 34923.4375 37057.8125 38556.25 33459.375 31035.9375 28959.375 28012.5 28985.9375 30043.75 28087.5 29485.9375 31157.8125 32117.1875 31689.0625 33354.6875 34029.6875 32032.8125 32903.125 34946.875 33914.0625 34487.5 36879.6875 39403.125 43360.9375 41285.9375 40031.25 39404.6875 37945.3125 37506.25 41764.0625 45643.75 46371.875 46579.6875 46590.625 47795.3125 49785.9375 55282.8125 61892.1875 62965.625 62306.25 60204.6875 60681.25 63335.9375 69381.25 73575 74687.5 74618.75 77357.8125
115425 109803.125 85181.25 78173.4375 88718.75 90501.5625 85812.5 77253.125 52989.0625 43421.875 36314.0625 38184.375 40876.5625 37082.8125 33301.5625 29707.8125 27965.625 27910.9375 29300 29440.625 29725 27042.1875 27846.875 28982.8125 31281.25 32042.1875 31223.4375 30337.5 32160.9375 33785.9375 34973.4375 33590.625 35648.4375 38106.25 40193.75 39378.125 39032.8125 38745.3125 38950 37721.875 42656.25 46092.1875 48696.875 48989.0625 47253.125 48012.5 48262.5 52740.625 58300 62337.5 61396.875 60940.625 61332.8125 63328.125 65723.4375 69073.4375 73435.9375 75806.25 74039.0625
114981.25 105851.5625 93709.375 75821.875 71837.5 79451.5625 88785.9375 79289.0625 60676.5625 44731.25 36271.875 35576.5625 34260.9375 34751.5625 32456.25 28207.8125 26896.875 26695.3125 28567.1875 28845.3125 29029.6875 27385.9375 27448.4375 29339.0625 28653.125 28770.3125 30223.4375 30004.6875 31559.375 32610.9375 34828.125 32681.25 36423.4375 36598.4375 37198.4375 39168.75 39306.25 38640.625 37096.875 37681.25 42423.4375 45828.125 52006.25 48076.5625 47801.5625 46707.8125 48234.375 51262.5 55393.75 59115.625 62126.5625 61120.3125 60828.125 64425 66200 68081.25 68821.875 71353.125 72879.6875
123204.6875 112332.8125 111904.6875 101884.375 67812.5 78423.4375 80892.1875 80232.8125 69551.5625 52842.1875 40010.9375 33685.9375 31112.5 30501.5625 28973.4375 26790.625 25825 25862.5 28087.5 27053.125 26515.625 27390.625 25712.5 26046.875 26729.6875 28545.3125 27395.3125 29012.5 30954.6875 33078.125 34946.875 31182.8125 33650 35964.0625 35895.3125 36745.3125 36818.75 38295.3125 35064.0625 38876.5625 42910.9375 45931.25 46937.5 46543.75 46162.5 45757.8125 48279.6875 50770.3125 53609.375 55985.9375 56281.25 57403.125 60759.375 62498.4375 64415.625 66767.1875 67935.9375 73703.125 78584.375
121645.3125 114260.9375 104212.5 99853.125 93382.8125 64010.9375 56220.3125 51854.6875 54515.625 59034.375 51712.5 40034.375 36770.3125 27632.8125 27454.6875 29182.8125 26373.4375 25353.125 25232.8125 25967.1875 26109.375 25810.9375 26600 28240.625 28390.625 29089.0625 28040.625 26967.1875 30051.5625 33517.1875 33773.4375 30896.875 31079.6875 35373.4375 36857.8125 34348.4375 33450 34693.75 35343.75 39548.4375 44976.5625 47120.3125 44560.9375 44482.8125 45187.5 45423.4375 47415.625 49945.3125 51420.3125 52318.75 53959.375 54803.125 57032.8125 59248.4375 63823.4375 68759.375 67545.3125 70823.4375 74273.4375
112132.8125 113562.5 111165.625 90675 87015.625 90603.125 78553.125 53907.8125 44714.0625 38454.6875 45921.875 45203.125 33859.375 27540.625 26973.4375 29356.25 26776.5625 24306.25 25487.5 25526.5625 25937.5 26346.875 26915.625 27623.4375 27884.375 27934.375 28164.0625 26310.9375 28495.3125 28846.875 30921.875 29387.5 31085.9375 34026.5625 36556.25 37393.75 32665.625 36121.875 36112.5 39129.6875 42917.1875 43893.75 43864.0625 44348.4375 44893.75 44032.8125 46943.75 49957.8125 48806.25 50096.875 51925 52978.125 54970.3125 57923.4375 63656.25 67689.0625 69792.1875 71967.1875 71018.75
110929.6875 93321.875 109418.75 105014.0625 83915.625 71187.5 79575 68371.875 49564.0625 33018.75 32792.1875 34520.3125 30950 25634.375 27748.4375 27707.8125 25598.4375 24884.375 25075 25060.9375 24946.875 25246.875 25850 26546.875 25581.25 24910.9375 26401.5625 27889.0625 28771.875 29006.25 28312.5 28543.75 30540.625 30642.1875 31328.125 35953.125 32892.1875 33378.125 36501.5625 35520.3125 38834.375 42353.125 42673.4375 41993.75 40987.5 43576.5625 45560.9375 46687.5 47592.1875 48289.0625 49632.8125 50731.25 53246.875 56957.8125 66182.8125 73307.8125 71415.625 69345.3125 69490.625
105528.125 87540.625 82526.5625 99626.5625 90643.75 64315.625 59054.6875 62065.625 44037.5 35064.0625 30048.4375 28345.3125 26200 27526.5625 29315.625 26492.1875 25585.9375 24773.4375 24756.25 24803.125 24706.25 24682.8125 25135.9375 25723.4375 24478.125 25796.875 27481.25 28857.8125 29732.8125 29748.4375 30173.4375 31120.3125 32040.625 32710.9375 32620.3125 31517.1875 31206.25 34081.25 37098.4375 37253.125 35482.8125 38989.0625 39310.9375 39350 39312.5 40904.6875 42329.6875 42885.9375 45432.8125 48007.8125 48710.9375 48989.0625 52026.5625 54729.6875 60409.375 64481.25 69137.5 70506.25 70857.8125
103256.25 86915.625 73212.5 84245.3125 89321.875 60643.75 44731.25 43073.4375 39082.8125 30426.5625 28204.6875 27439.0625 27615.625 29560.9375 28195.3125 26075 24970.3125 24198.4375 23792.1875 23901.5625 23801.5625 24325 25040.625 24339.0625 25190.625 26760.9375 27543.75 27995.3125 27651.5625 27900 28984.375 29760.9375 30751.5625 31929.6875 32856.25 32954.6875 34020.3125 33567.1875 35409.375 37320.3125 36934.375 37040.625 40179.6875 39557.8125 41464.0625 41800 42620.3125 43409.375 43084.375 44390.625 46692.1875 47804.6875 50142.1875 53084.375 58692.1875 58982.8125 60771.875 62240.625 62928.125
110234.375 81334.375 69748.4375 70762.5 80698.4375 67017.1875 49993.75 37521.875 34842.1875 30018.75 33660.9375 31339.0625 28639.0625 26948.4375 25907.8125 25065.625 24314.0625 23071.875 23165.625 23592.1875 23614.0625 24418.75 24182.8125 23685.9375 24954.6875 25017.1875 25265.625 25810.9375 26276.5625 27121.875 28157.8125 29048.4375 30281.25 31140.625 31901.5625 32570.3125 33268.75 33689.0625 35115.625 36845.3125 37810.9375 38342.1875 39553.125 40250 40814.0625 41218.75 41332.8125 41775 42487.5 43289.0625 45570.3125 47464.0625 50431.25 52489.0625 55445.3125 56364.0625 58151.5625 61345.3125 62757.8125
133681.25 83473.4375 64051.5625 64434.375 66518.75 78875 67148.4375 41892.1875 29448.4375 30773.4375 31123.4375 27209.375 25795.3125 25121.875 24692.1875 24471.875 23271.875 22593.75 23290.625 23575 23800 23604.6875 21845.3125 22340.625 22779.6875 23160.9375 24243.75 24820.3125 25512.5 26882.8125 27884.375 28539.0625 29314.0625 30196.875 31118.75 31735.9375 32626.5625 33370.3125 34157.8125 35207.8125 36331.25 37537.5 38282.8125 39425 39856.25 39853.125 40176.5625 41000 42164.0625 43678.125 44434.375 47040.625 49548.4375 50504.6875 53078.125 55842.1875 62101.5625 71904.6875 66590.625
116670.3125 88271.875 59473.4375 52376.5625 56868.75 50859.375 55860.9375 40692.1875 29803.125 47032.8125 42704.6875 28529.6875 24267.1875 23512.5 23175 23564.0625 21926.5625 22631.25 23587.5 23634.375 21651.5625 20365.625 21112.5 21820.3125 22195.3125 22957.8125 23387.5 23440.625 24848.4375 25993.75 26518.75 27160.9375 28156.25 29264.0625 30356.25 30987.5 31881.25 32834.375 33518.75 34203.125 35256.25 36539.0625 36948.4375 38753.125 39001.5625 39343.75 40218.75 40657.8125 42459.375 43389.0625 44803.125 46625 52609.375 52615.625 56464.0625 63345.3125 67609.375 69954.6875 65146.875
139585.9375 108320.3125 61220.3125 54143.75 41601.5625 35025 36607.8125 28398.4375 35817.1875 38410.9375 32884.375 33128.125 25670.3125 21987.5 22089.0625 20968.75 20259.375 21037.5 22190.625 20414.0625 20551.5625 20371.875 20628.125 20773.4375 21507.8125 22098.4375 22356.25 22954.6875 23815.625 24840.625 25864.0625 26532.8125 27515.625 27981.25 29081.25 30312.5 31256.25 31870.3125 32376.5625 33307.8125 34184.375 35150 36532.8125 37492.1875 38137.5 38793.75 39642.1875 40695.3125 41860.9375 43032.8125 44750 46476.5625 48837.5 51715.625 55709.375 57787.5 60198.4375 63142.1875 63329.6875
134962.5 102093.75 73454.6875 65065.625 44012.5 47379.6875 30201.5625 23212.5 25226.5625 30609.375 27993.75 26339.0625 25459.375 21078.125 20185.9375 19431.25 19660.9375 20246.875 21859.375 19253.125 19292.1875 19371.875 19746.875 19981.25 20435.9375 20904.6875 21360.9375 22260.9375 23240.625 24150 25057.8125 25910.9375 26617.1875 27614.0625 28490.625 29417.1875 30456.25 31056.25 31925 32596.875 33551.5625 34343.75 35571.875 36723.4375 37426.5625 38234.375 39396.875 40248.4375 41129.6875 42768.75 44748.4375 47107.8125 49165.625 51425 54303.125 56465.625 59250 61742.1875 64256.25
114723.4375 104610.9375 79570.3125 78818.75 54929.6875 50784.375 39364.0625 25756.25 20784.375 19778.125 20898.4375 22046.875 19889.0625 21089.0625 22607.8125 23067.1875 21859.375 21359.375 20417.1875 18410.9375 18448.4375 18520.3125 18910.9375 19403.125 19710.9375 20407.8125 21481.25 21807.8125 22414.0625 23446.875 24329.6875 25564.0625 26292.1875 26968.75 27814.0625 28771.875 29557.8125 30471.875 31410.9375 32193.75 32604.6875 34317.1875 35000 35871.875 36820.3125 37771.875 39067.1875 40254.6875 41268.75 43023.4375 45342.1875 47489.0625 48937.5 51165.625 54720.3125 57115.625 59409.375 62800 66820.3125
110148.4375 84356.25 82307.8125 101250 97142.1875 85221.875 61320.3125 42053.125 38901.5625 25214.0625 18501.5625 18521.875 19334.375 19560.9375 20454.6875 21292.1875 21609.375 20565.625 18882.8125 18015.625 17765.625 17793.75 18079.6875 18609.375 19181.25 19925 21001.5625 21726.5625 22620.3125 23460.9375 24206.25 24987.5 25742.1875 26251.5625 27046.875 28031.25 28625 29535.9375 30523.4375 31382.8125 32867.1875 34062.5 34270.3125 35068.75 36143.75 37423.4375 38710.9375 40010.9375 41189.0625 43164.0625 45098.4375 46215.625 48506.25 51504.6875 53775 58450 60792.1875 63306.25 66629.6875
77773.4375 68781.25 78187.5 110271.875 94315.625 73670.3125 91512.5 79325 52981.25 29165.625 18637.5 17645.3125 17395.3125 17696.875 17778.125 17654.6875 17632.8125 17745.3125 17773.4375 17704.6875 17170.3125 17442.1875 17289.0625 17965.625 18731.25 19520.3125 20498.4375 21368.75 22190.625 22965.625 23714.0625 24703.125 25545.3125 26370.3125 27239.0625 28259.375 28898.4375 29412.5 30418.75 31420.3125 32134.375 32906.25 33982.8125 35093.75 36815.625 38435.9375 39501.5625 39715.625 41026.5625 43048.4375 44032.8125 45768.75 48346.875 50804.6875 53779.6875 57987.5 58820.3125 62179.6875 65564.0625
