Cases/SDM_Urocitellus_beldingi/westernUsClimate_hadley2080a2/BIO13.asc
NCOLS 315 
NROWS 297 
XLLCORNER -124.741664802 
YLLCORNER 29.2083311801598 
CELLSIZE 0.066666670143822 
NODATA_value -3.4e+38 
[rows 140 to 167 of 297, columns 0 to 61 of 315]
-3.4e+38 -3.4e+38 -3.4e+38 -3.4e+38 -3.4e+38 -3.4e+38 -3.4e+38 -3.4e+38 -3.4e+38 -3.4e+38 -3.4e+38 -3.4e+38 -3.4e+38 -3.4e+38 21948.7804878049 23050 23726.5625 23695.3125 22870.3125 22153.125 21170.3125 20792.1875 20614.0625 19079.6875 17714.0625 18735.9375 20775 19167.1875 20132.8125 19164.0625 17129.6875 13364.0625 9856.25 9240.625 9145.3125 8748.4375 8570.3125 8656.25 8875 9121.875 9446.875 9867.1875 10410.9375 11068.75 11698.4375 12473.4375 13585.9375 16373.4375 19275 22540.625 23448.4375 22932.8125 22518.75 22329.6875 22846.875 23007.8125 22892.1875 22632.8125 21910.9375 21775 19228.125 18190.625
-3.4e+38 -3.4e+38 -3.4e+38 -3.4e+38 -3.4e+38 -3.4e+38 -3.4e+38 -3.4e+38 -3.4e+38 -3.4e+38 -3.4e+38 -3.4e+38 -3.4e+38 -3.4e+38 20146.875 20364.0625 21043.75 22146.875 22926.5625 21996.875 21243.75 20607.8125 20667.1875 20093.75 18825 17812.5 20464.0625 20251.5625 18825 18789.0625 18165.625 14615.625 9732.8125 9460.9375 8898.4375 8575 8437.5 8443.75 8628.125 8865.625 9145.3125 9553.125 10040.625 10614.0625 11215.625 11879.6875 12771.875 15914.0625 17989.0625 18956.25 20700 23040.625 24395.3125 24542.1875 25109.375 24990.625 24632.8125 24210.9375 24543.75 24703.125 22517.1875 20840.625
-3.4e+38 -3.4e+38 -3.4e+38 -3.4e+38 -3.4e+38 -3.4e+38 -3.4e+38 -3.4e+38 -3.4e+38 -3.4e+38 -3.4e+38 -3.4e+38 -3.4e+38 -3.4e+38 17722.7272727273 18860.9375 20320.3125 20879.6875 22307.8125 22232.8125 21521.875 20992.1875 20003.125 19457.8125 20617.1875 20215.625 19303.125 19707.8125 17601.5625 19225 19389.0625 15615.625 10803.125 9589.0625 9093.75 8489.0625 8379.6875 8342.1875 8398.4375 8554.6875 8835.9375 9192.1875 9625 10142.1875 10725 11334.375 12134.375 12907.8125 14609.375 18596.875 21239.0625 24003.125 25262.5 25656.25 25896.875 25995.3125 25739.0625 25781.25 25642.1875 25210.9375 23354.6875 21018.75
-3.4e+38 -3.4e+38 -3.4e+38 -3.4e+38 -3.4e+38 -3.4e+38 -3.4e+38 -3.4e+38 -3.4e+38 -3.4e+38 -3.4e+38 -3.4e+38 -3.4e+38 15683.3333333333 16926.5625 18053.125 19892.1875 19973.4375 19614.0625 21173.4375 21395.3125 20867.1875 20323.4375 19585.9375 19596.875 19571.875 17009.375 16881.25 17220.3125 19910.9375 19157.8125 15093.75 10975 9765.625 9934.375 8523.4375 8304.6875 8148.4375 8162.5 8285.9375 8468.75 8792.1875 9178.125 9656.25 10217.1875 10823.4375 11467.1875 12190.625 13650 16189.0625 19920.3125 22921.875 24600 24957.8125 23951.5625 25470.3125 26200 26223.4375 26896.875 27201.5625 24868.75 22726.5625
-3.4e+38 -3.4e+38 -3.4e+38 -3.4e+38 -3.4e+38 -3.4e+38 -3.4e+38 -3.4e+38 -3.4e+38 -3.4e+38 -3.4e+38 -3.4e+38 -3.4e+38 15541.6666666667 17296.875 18229.6875 18514.0625 19821.875 20626.5625 21553.125 21498.4375 20995.3125 20542.1875 19676.5625 18771.875 18670.3125 18075 16520.3125 17754.6875 21085.9375 18946.875 13335.9375 10867.1875 10092.1875 10296.875 8612.5 8342.1875 7996.875 7918.75 7942.1875 8106.25 8371.875 8729.6875 9193.75 9718.75 10310.9375 10906.25 11485.9375 12435.9375 14103.125 16698.4375 20550 21270.3125 23765.625 22585.9375 24015.625 25278.125 25932.8125 26951.5625 26256.25 26525 24240.625
-3.4e+38 -3.4e+38 -3.4e+38 -3.4e+38 -3.4e+38 -3.4e+38 -3.4e+38 -3.4e+38 -3.4e+38 -3.4e+38 -3.4e+38 -3.4e+38 -3.4e+38 16000 17075 16995.3125 17470.3125 18275 19187.5 20515.625 21237.5 20925 20053.125 19528.125 18365.625 18460.9375 18935.9375 18137.5 16659.375 18729.6875 18879.6875 16156.25 13626.5625 10395.3125 10637.5 8917.1875 8367.1875 7917.1875 7785.9375 7714.0625 7745.3125 7928.125 8298.4375 8764.0625 9276.5625 9790.625 10345.3125 10893.75 11553.125 12875 14795.3125 18307.8125 19415.625 19228.125 21646.875 23448.4375 24337.5 25309.375 27070.3125 28085.9375 28354.6875 27262.5
-3.4e+38 -3.4e+38 -3.4e+38 -3.4e+38 -3.4e+38 -3.4e+38 -3.4e+38 -3.4e+38 -3.4e+38 -3.4e+38 -3.4e+38 -3.4e+38 -3.4e+38 -3.4e+38 17094.4444444444 17656.25 17875 18282.8125 19246.875 20109.375 20912.5 21007.8125 19631.25 18985.9375 18731.25 18226.5625 18012.5 17395.3125 18446.875 17001.5625 18717.1875 16337.5 15128.125 11971.875 11471.875 9495.3125 8454.6875 7901.5625 7696.875 7468.75 7382.8125 7543.75 7968.75 9634.375 9976.5625 9357.8125 9801.5625 10323.4375 10898.4375 11987.5 12735.9375 14987.5 17170.3125 19359.375 22104.6875 23081.25 23784.375 23632.8125 25275 26906.25 27042.1875 27285.9375
-3.4e+38 -3.4e+38 -3.4e+38 -3.4e+38 -3.4e+38 -3.4e+38 -3.4e+38 -3.4e+38 -3.4e+38 -3.4e+38 -3.4e+38 -3.4e+38 -3.4e+38 -3.4e+38 17033.3333333333 18113.1147540984 17904.6875 17853.125 19067.1875 19964.0625 20939.0625 20948.4375 19717.1875 18721.875 19539.0625 18942.1875 17045.3125 15709.375 17117.1875 18604.6875 16125 15167.1875 14303.125 12995.3125 11303.125 9914.0625 8728.125 8000 7710.9375 7410.9375 7270.3125 7339.0625 7712.5 8737.5 8884.375 8868.75 9287.5 9720.3125 10278.125 10996.875 12062.5 14020.3125 16906.25 18595.3125 20996.875 22054.6875 22170.3125 21843.75 22667.1875 23785.9375 24146.875 25875
-3.4e+38 -3.4e+38 -3.4e+38 -3.4e+38 -3.4e+38 -3.4e+38 -3.4e+38 -3.4e+38 -3.4e+38 -3.4e+38 -3.4e+38 -3.4e+38 -3.4e+38 -3.4e+38 -3.4e+38 18108.8235294118 19510.9375 19096.875 18171.875 19970.3125 20887.5 21310.9375 19984.375 18403.125 19529.6875 18914.0625 17082.8125 15356.25 14814.0625 16853.125 15073.4375 15193.75 13581.25 14243.75 12162.5 10212.5 9360.9375 8337.5 7882.8125 7575 7356.25 7385.9375 7621.875 7860.9375 8173.4375 8467.1875 8767.1875 9031.25 9578.125 10335.9375 11048.4375 12210.9375 14235.9375 16745.3125 18617.1875 19617.1875 20420.3125 20240.625 21270.3125 24314.0625 25323.4375 24718.75
-3.4e+38 -3.4e+38 -3.4e+38 -3.4e+38 -3.4e+38 -3.4e+38 -3.4e+38 -3.4e+38 -3.4e+38 -3.4e+38 -3.4e+38 -3.4e+38 -3.4e+38 -3.4e+38 -3.4e+38 17558.8235294118 19978.125 20640.625 20285.9375 18764.0625 19495.3125 20979.6875 20518.75 19225 18989.0625 19650 17315.625 15268.75 14495.3125 14425 14453.125 13546.875 12353.125 13648.4375 13134.375 11757.8125 11381.25 9171.875 8498.4375 7890.625 7615.625 7518.75 7645.3125 7798.4375 7965.625 8192.1875 8379.6875 8600 9100 9746.875 10417.1875 11428.125 13078.125 15270.3125 16628.125 17939.0625 19378.125 18757.8125 19956.25 21515.625 19696.875 22239.0625
-3.4e+38 -3.4e+38 -3.4e+38 -3.4e+38 -3.4e+38 -3.4e+38 -3.4e+38 -3.4e+38 -3.4e+38 -3.4e+38 -3.4e+38 -3.4e+38 -3.4e+38 -3.4e+38 -3.4e+38 16587.8048780488 18915.625 20560.9375 20787.5 20262.5 19743.75 20520.3125 20937.5 19520.3125 18164.0625 18142.1875 18396.875 16353.125 15417.1875 16501.5625 13967.1875 13289.0625 13067.1875 12862.5 12767.1875 12298.4375 12842.1875 10235.9375 9748.4375 8490.625 7967.1875 7729.6875 7746.875 7800 7873.4375 7998.4375 8142.1875 8331.25 8740.625 9342.1875 9951.5625 10653.125 11875 13918.75 15637.5 17182.8125 16928.125 17990.625 18225 19575 20267.1875 21340.625
-3.4e+38 -3.4e+38 -3.4e+38 -3.4e+38 -3.4e+38 -3.4e+38 -3.4e+38 -3.4e+38 -3.4e+38 -3.4e+38 -3.4e+38 -3.4e+38 -3.4e+38 -3.4e+38 -3.4e+38 16920.6896551724 18090.4761904762 19932.8125 19939.0625 20078.125 20478.125 20395.3125 20407.8125 20360.9375 19312.5 18501.5625 19365.625 18287.5 17439.0625 17782.8125 16556.25 14473.4375 13610.9375 15576.5625 15698.4375 13560.9375 13335.9375 11140.625 11248.4375 9307.8125 8398.4375 7984.375 7848.4375 7868.75 7917.1875 7951.5625 8015.625 8131.25 8532.8125 9126.5625 9690.625 10195.3125 10846.875 12115.625 14296.875 14978.125 16092.1875 17520.3125 18900 20181.25 22159.375 23425
-3.4e+38 -3.4e+38 -3.4e+38 -3.4e+38 -3.4e+38 -3.4e+38 -3.4e+38 -3.4e+38 -3.4e+38 -3.4e+38 -3.4e+38 -3.4e+38 -3.4e+38 -3.4e+38 -3.4e+38 -3.4e+38 17736 19070.9677419355 19612.5 19835.9375 19990.625 21067.1875 20723.4375 20007.8125 19884.375 19023.4375 19323.4375 19060.9375 19084.375 19054.6875 18809.375 16567.1875 15607.8125 14915.625 15131.25 14718.75 14906.25 12484.375 11167.1875 10428.125 8842.1875 8476.5625 8162.5 8087.5 8054.6875 8040.625 8084.375 8228.125 8556.25 9073.4375 9559.375 9953.125 10720.3125 11421.875 12551.5625 14359.375 14606.25 15967.1875 17389.0625 17956.25 20051.5625 21825
-3.4e+38 -3.4e+38 -3.4e+38 -3.4e+38 -3.4e+38 -3.4e+38 -3.4e+38 -3.4e+38 -3.4e+38 -3.4e+38 -3.4e+38 -3.4e+38 -3.4e+38 -3.4e+38 -3.4e+38 -3.4e+38 -3.4e+38 17745.4545454545 17942.1052631579 19023.4375 19328.125 20200 21053.125 20554.6875 20068.75 19923.4375 19364.0625 19498.4375 19485.9375 19553.125 19010.9375 18245.3125 17562.5 16268.75 14976.5625 15164.0625 14148.4375 14310.9375 10287.5 11165.625 9126.5625 8934.375 8739.0625 8414.0625 8323.4375 8246.875 8259.375 8373.4375 8670.3125 9151.5625 9570.3125 9817.1875 10023.4375 10553.125 11598.4375 13184.375 14151.5625 14939.0625 16067.1875 16775 18195.3125 19534.375
-3.4e+38 -3.4e+38 -3.4e+38 -3.4e+38 -3.4e+38 -3.4e+38 -3.4e+38 -3.4e+38 -3.4e+38 -3.4e+38 -3.4e+38 -3.4e+38 -3.4e+38 -3.4e+38 -3.4e+38 -3.4e+38 -3.4e+38 -3.4e+38 17133.3333333333 18207.6923076923 18903.125 19906.25 20303.125 21389.0625 21040.625 20770.3125 20262.5 19945.3125 19734.375 19796.875 19564.0625 19267.1875 18684.375 17759.375 16265.625 14770.3125 13806.25 13912.5 12726.5625 10321.875 9634.375 9334.375 9160.9375 8893.75 8637.5 8487.5 8425 8498.4375 8740.625 9303.125 9714.0625 9717.1875 9623.4375 9971.875 10981.25 13271.875 14778.125 15045.3125 15879.6875 16348.4375 17450 18635.9375
-3.4e+38 -3.4e+38 -3.4e+38 -3.4e+38 -3.4e+38 -3.4e+38 -3.4e+38 -3.4e+38 -3.4e+38 -3.4e+38 -3.4e+38 -3.4e+38 -3.4e+38 -3.4e+38 -3.4e+38 -3.4e+38 -3.4e+38 -3.4e+38 -3.4e+38 17400 18945.8333333333 19631.25 20282.8125 20942.1875 21912.5 21789.0625 21585.9375 20698.4375 20004.6875 19343.75 19065.625 19614.0625 19248.4375 18575 16584.375 15404.6875 13992.1875 12976.5625 15323.4375 13670.3125 10546.875 9942.1875 9595.3125 9206.25 8884.375 8560.9375 8451.5625 8428.125 8534.375 8910.9375 9378.125 9553.125 9520.3125 9642.1875 10650 12365.625 14059.375 14787.5 15440.625 15664.0625 15657.8125 16809.375
-3.4e+38 -3.4e+38 -3.4e+38 -3.4e+38 -3.4e+38 -3.4e+38 -3.4e+38 -3.4e+38 -3.4e+38 -3.4e+38 -3.4e+38 -3.4e+38 -3.4e+38 -3.4e+38 -3.4e+38 -3.4e+38 -3.4e+38 -3.4e+38 -3.4e+38 -3.4e+38 17450 19234 20770.3125 21912.5 21471.875 21829.6875 22471.875 21437.5 19778.125 19389.0625 20120.3125 19784.375 18298.4375 17862.5 18495.3125 16517.1875 16310.9375 13665.625 13603.125 14415.625 11512.5 10607.8125 10114.0625 9570.3125 9031.25 8640.625 8432.8125 8248.4375 8232.8125 8390.625 8748.4375 9264.0625 9462.5 9598.4375 9948.4375 10920.3125 12901.5625 13470.3125 14937.5 15217.1875 15301.5625 17885.9375
-3.4e+38 -3.4e+38 -3.4e+38 -3.4e+38 -3.4e+38 -3.4e+38 -3.4e+38 -3.4e+38 -3.4e+38 -3.4e+38 -3.4e+38 -3.4e+38 -3.4e+38 -3.4e+38 -3.4e+38 -3.4e+38 -3.4e+38 -3.4e+38 -3.4e+38 -3.4e+38 -3.4e+38 16300 19711.1111111111 21582.1428571429 21810.9375 21312.5 20914.0625 20800 19021.875 17987.5 19056.25 19964.0625 20307.8125 18235.9375 16168.75 15965.625 16235.9375 15037.5 13456.25 13506.25 12168.75 11250 10659.375 9925 9210.9375 8710.9375 8381.25 8106.25 7975 8137.5 8478.125 8879.6875 9095.3125 9139.0625 9335.9375 10040.625 11043.75 12345.3125 14809.375 14831.25 15048.4375 17353.125
-3.4e+38 -3.4e+38 -3.4e+38 -3.4e+38 -3.4e+38 -3.4e+38 -3.4e+38 -3.4e+38 -3.4e+38 -3.4e+38 -3.4e+38 -3.4e+38 -3.4e+38 -3.4e+38 -3.4e+38 -3.4e+38 -3.4e+38 -3.4e+38 -3.4e+38 -3.4e+38 -3.4e+38 -3.4e+38 -3.4e+38 18633.3333333333 20138.2978723404 21198.4375 22595.3125 20890.625 18648.4375 16971.875 16162.5 17706.25 18706.25 19407.8125 16839.0625 14520.3125 16332.8125 15876.5625 14485.9375 14915.625 12578.125 11964.0625 11146.875 10134.375 9289.0625 8698.4375 8298.4375 7982.8125 7900 7971.875 8228.125 8470.3125 8598.4375 8771.875 8993.75 9253.125 10225 11451.5625 13381.25 14543.75 14862.5 16410.9375
-3.4e+38 -3.4e+38 -3.4e+38 -3.4e+38 -3.4e+38 -3.4e+38 -3.4e+38 -3.4e+38 -3.4e+38 -3.4e+38 -3.4e+38 -3.4e+38 -3.4e+38 -3.4e+38 -3.4e+38 -3.4e+38 -3.4e+38 -3.4e+38 -3.4e+38 -3.4e+38 -3.4e+38 -3.4e+38 -3.4e+38 -3.4e+38 19771.4285714286 20990.1639344262 21667.1875 20679.6875 19206.25 16521.875 15512.5 17981.25 18635.9375 17090.625 18579.6875 15301.5625 13490.625 15060.9375 14146.875 13790.625 12793.75 11925 11032.8125 9943.75 9118.75 8531.25 8117.1875 7889.0625 7817.1875 7854.6875 7962.5 8095.3125 8239.0625 8353.125 8539.0625 8809.375 9093.75 10167.1875 12578.125 13771.875 14318.75 15357.8125
-3.4e+38 -3.4e+38 -3.4e+38 -3.4e+38 -3.4e+38 -3.4e+38 -3.4e+38 -3.4e+38 -3.4e+38 -3.4e+38 -3.4e+38 -3.4e+38 -3.4e+38 -3.4e+38 -3.4e+38 -3.4e+38 -3.4e+38 -3.4e+38 -3.4e+38 -3.4e+38 -3.4e+38 -3.4e+38 -3.4e+38 -3.4e+38 -3.4e+38 19051.724137931 19473.3333333333 18725 18189.0625 17140.625 15025 15248.4375 19215.625 15621.875 15828.125 15573.4375 13026.5625 13192.1875 14445.3125 12134.375 11817.1875 11037.5 10123.4375 9364.0625 8706.25 8204.6875 7864.0625 7665.625 7579.6875 7631.25 7743.75 7839.0625 7875 7942.1875 8089.0625 8240.625 8328.125 8814.0625 10381.25 12039.0625 12937.5 13715.625
-3.4e+38 -3.4e+38 -3.4e+38 -3.4e+38 -3.4e+38 -3.4e+38 -3.4e+38 -3.4e+38 -3.4e+38 -3.4e+38 -3.4e+38 -3.4e+38 -3.4e+38 -3.4e+38 -3.4e+38 -3.4e+38 -3.4e+38 -3.4e+38 -3.4e+38 -3.4e+38 -3.4e+38 -3.4e+38 -3.4e+38 -3.4e+38 -3.4e+38 -3.4e+38 18450 18456.25 17800 16792.1875 15384.375 13679.6875 14137.5 15314.0625 13775 13878.125 12748.4375 13321.875 12921.875 11162.5 10454.6875 9889.0625 9229.6875 8739.0625 8215.625 7784.375 7476.5625 7326.5625 7304.6875 7360.9375 7484.375 7607.8125 7584.375 7529.6875 7610.9375 7675 7768.75 8039.0625 8864.0625 11150 11617.1875 13635.9375
-3.4e+38 -3.4e+38 -3.4e+38 -3.4e+38 -3.4e+38 -3.4e+38 -3.4e+38 -3.4e+38 -3.4e+38 -3.4e+38 -3.4e+38 -3.4e+38 -3.4e+38 -3.4e+38 -3.4e+38 -3.4e+38 -3.4e+38 -3.4e+38 -3.4e+38 -3.4e+38 -3.4e+38 -3.4e+38 -3.4e+38 -3.4e+38 -3.4e+38 -3.4e+38 18586.6666666667 18028.125 19001.5625 18542.1875 17267.1875 16321.875 15090.625 15151.5625 14492.1875 13438.7096774194 12643.75 12543.75 12629.6875 10664.0625 9946.875 9396.875 8734.375 8457.8125 7921.875 7390.625 7082.8125 6975 6971.875 7093.75 7285.9375 7459.375 7404.6875 7275 7210.9375 7260.9375 7329.6875 7467.1875 8254.6875 9621.875 11704.6875 11646.875
-3.4e+38 -3.4e+38 -3.4e+38 -3.4e+38 -3.4e+38 -3.4e+38 -3.4e+38 -3.4e+38 -3.4e+38 -3.4e+38 -3.4e+38 -3.4e+38 -3.4e+38 -3.4e+38 -3.4e+38 -3.4e+38 -3.4e+38 -3.4e+38 -3.4e+38 -3.4e+38 -3.4e+38 -3.4e+38 -3.4e+38 -3.4e+38 -3.4e+38 -3.4e+38 17536.3636363636 18173.4375 17898.4375 18406.25 18192.1875 18048.4375 16476.5625 15639.2857142857 14678.9473684211 13300 12490.9090909091 11854.6875 11893.75 10640.625 9510.9375 8856.25 8237.5 7926.5625 7398.4375 6870.3125 6631.25 6587.5 6628.125 6745.3125 6973.4375 7256.25 7209.375 6990.625 6853.125 6856.25 6856.25 6898.4375 7918.75 9671.875 12615.625 10740.625
-3.4e+38 -3.4e+38 -3.4e+38 -3.4e+38 -3.4e+38 -3.4e+38 -3.4e+38 -3.4e+38 -3.4e+38 -3.4e+38 -3.4e+38 -3.4e+38 -3.4e+38 -3.4e+38 -3.4e+38 -3.4e+38 -3.4e+38 -3.4e+38 -3.4e+38 -3.4e+38 -3.4e+38 -3.4e+38 -3.4e+38 -3.4e+38 -3.4e+38 -3.4e+38 17665 17538.0952380952 18708.6206896552 17985.9375 18562.5 18890.625 18707.8125 17928.8461538462 -3.4e+38 12900 11687.5 11784.7457627119 11214.0625 9928.125 9239.0625 8693.75 7837.5 7198.4375 6639.0625 6253.125 6140.625 6139.0625 6214.0625 6353.125 6571.875 6762.5 6804.6875 6679.6875 6479.6875 6357.8125 6354.6875 6484.375 7093.75 9198.4375 10165.625 11789.0625
-3.4e+38 -3.4e+38 -3.4e+38 -3.4e+38 -3.4e+38 -3.4e+38 -3.4e+38 -3.4e+38 -3.4e+38 -3.4e+38 -3.4e+38 -3.4e+38 -3.4e+38 -3.4e+38 -3.4e+38 -3.4e+38 -3.4e+38 -3.4e+38 -3.4e+38 -3.4e+38 -3.4e+38 -3.4e+38 -3.4e+38 -3.4e+38 -3.4e+38 17200 17812.5 -3.4e+38 18400 18907.8431372549 18871.875 18756.25 19142.1875 18836.6666666667 16525 12571.0526315789 12287.5 12212.5 11975 10234.375 8989.0625 8823.4375 8795.3125 7534.375 6432.8125 5857.8125 5720.3125 5710.9375 5792.1875 5917.1875 6076.5625 6248.4375 6379.6875 6304.6875 6160.9375 6054.6875 6003.125 6043.75 6285.9375 7657.8125 9215.625 9365.625
-3.4e+38 -3.4e+38 -3.4e+38 -3.4e+38 -3.4e+38 -3.4e+38 -3.4e+38 -3.4e+38 -3.4e+38 -3.4e+38 -3.4e+38 -3.4e+38 -3.4e+38 -3.4e+38 -3.4e+38 -3.4e+38 -3.4e+38 -3.4e+38 -3.4e+38 -3.4e+38 -3.4e+38 -3.4e+38 -3.4e+38 -3.4e+38 -3.4e+38 -3.4e+38 -3.4e+38 -3.4e+38 -3.4e+38 17550 17563.6363636364 18184.7826086957 17582.8125 16576.4705882353 14283.3333333333 11716.6666666667 11471.1538461538 12610.9375 11760.9375 10503.125 9042.1875 9326.5625 9720.3125 8187.5 6535.9375 5731.25 5476.5625 5406.25 5406.25 5478.125 5614.0625 5850 6037.5 5976.5625 5843.75 5696.875 5584.375 5565.625 5834.375 6431.25 8248.4375 8537.5
-3.4e+38 -3.4e+38 -3.4e+38 -3.4e+38 -3.4e+38 -3.4e+38 -3.4e+38 -3.4e+38 -3.4e+38 -3.4e+38 -3.4e+38 -3.4e+38 -3.4e+38 -3.4e+38 -3.4e+38 -3.4e+38 -3.4e+38 -3.4e+38 -3.4e+38 -3.4e+38 -3.4e+38 -3.4e+38 -3.4e+38 -3.4e+38 -3.4e+38 -3.4e+38 -3.4e+38 -3.4e+38 -3.4e+38 -3.4e+38 -3.4e+38 -3.4e+38 15758.8235294118 14531.1111111111 12616.6666666667 10066.6666666667 9952.94117647059 11254.6875 11839.0625 10690.625 9800 8871.875 9328.125 8948.4375 7728.125 6207.8125 5396.875 5120.3125 5023.4375 5034.375 5150 5367.1875 5543.75 5556.25 5512.5 5470.3125 5445.3125 5470.3125 5684.375 6060.9375 6476.5625 7304.6875
