Cases/SDM_Urocitellus_beldingi/westernUsClimate_hadley2080a2/BIO17.asc
NCOLS 315 
NROWS 297 
XLLCORNER -124.741664802 
YLLCORNER 29.2083311801598 
CELLSIZE 0.066666670143822 
NODATA_value -3.4e+38 
[rows 140 to 167 of 297, columns 128 to 191 of 315]
5365.625 5962.5 5295.3125 5250 5581.25 6875 5529.6875 5185.9375 6504.6875 6325 5709.375 5473.4375 5582.8125 6506.25 6681.25 5845.3125 5529.6875 5528.125 6631.25 6912.5 5228.125 4639.0625 5787.5 7568.75 5996.875 4214.0625 4184.375 4943.75 5110.9375 5903.125 6500 6714.0625 5200 4293.75 3012.5 2689.0625 3215.625 3359.375 3929.6875 4376.5625 3368.75 4221.875 3278.125 3289.0625 3560.9375 3993.75 4403.125 4207.8125 3868.75 3753.125 3726.5625 3817.1875 3604.6875 3656.25 3878.125 4046.875 4165.625 4442.1875 4692.1875 5676.5625 5593.75 5364.0625 5637.5 5912.5
5389.0625 5625 5356.25 5439.0625 5939.0625 7254.6875 5893.75 5192.1875 5231.25 5417.1875 5890.625 5571.875 5565.625 5884.375 6267.1875 5892.1875 5523.4375 5440.625 6242.1875 5253.125 4540.625 4523.4375 6231.25 7560.9375 6275 3934.375 3865.625 3967.1875 4617.1875 5610.9375 5629.6875 5350 4607.8125 3234.375 2778.125 2917.1875 4451.5625 4193.75 3584.375 3754.6875 3223.4375 2964.0625 3937.5 4046.875 3832.8125 4098.4375 4531.25 4773.4375 4353.125 3600 3556.25 3609.375 3534.375 3601.5625 3734.375 3903.125 4057.8125 4240.625 4607.8125 5329.6875 5050 5276.5625 5331.25 5585.9375
5879.6875 6489.0625 6048.4375 6098.4375 6398.4375 6507.8125 5403.125 5135.9375 5173.4375 5439.0625 5900 5823.4375 5798.4375 6035.9375 6384.375 6381.25 5767.1875 5828.125 6546.875 4876.5625 4401.5625 4457.8125 5643.75 6934.375 6779.6875 3751.5625 3578.125 3884.375 6459.375 6304.6875 5767.1875 4401.5625 3595.3125 2998.4375 2768.75 3343.75 4315.625 4193.75 3234.375 2910.9375 2912.5 2909.375 3873.4375 4918.75 4143.75 3998.4375 4456.25 4604.6875 4326.5625 3540.625 3400 3400 3468.75 3576.5625 3650 3810.9375 3948.4375 4176.5625 4387.5 4990.625 5468.75 5053.125 4970.3125 5187.5
6003.125 6392.1875 6721.875 6685.9375 6578.125 5750 5206.25 5479.6875 5350 5551.5625 6018.75 6178.125 6234.375 5850 5615.625 5895.3125 6365.625 6821.875 6271.875 5909.375 4750 4459.375 5854.6875 7450 7578.125 3823.4375 3510.9375 3879.6875 6753.125 6921.875 5832.8125 4359.375 3262.5 2878.125 2806.25 3260.9375 4462.5 4475 3204.6875 2850 2884.375 2900 3864.0625 5714.0625 4404.6875 3903.125 4010.9375 4345.3125 3907.8125 3593.75 3448.4375 3400 3453.125 3423.4375 3507.8125 3698.4375 3881.25 4145.3125 4601.5625 5510.9375 5857.8125 5056.25 4820.3125 4976.5625
5559.375 6159.375 6150 5971.875 5621.875 5417.1875 5318.75 5809.375 5465.625 5590.625 5993.75 6314.0625 6040.625 5585.9375 5342.1875 5670.3125 6314.0625 6103.125 5757.8125 5564.0625 4628.125 5325 6131.25 7642.1875 8126.5625 4253.125 3500 3550 5951.5625 7068.75 6525 5667.1875 3239.0625 2823.4375 2800 2951.5625 3609.375 4014.0625 3050 2751.5625 2806.25 2918.75 4070.3125 6221.875 5215.625 3912.5 3779.6875 3823.4375 3762.5 3450 3401.5625 3396.875 3395.3125 3401.5625 3490.625 3567.1875 3876.5625 4204.6875 4932.8125 6246.875 5943.75 4814.0625 4718.75 4717.1875
5368.75 6018.75 5300 5196.875 5095.3125 5356.25 5450 5690.625 5356.25 5634.375 6075 6414.0625 6150 5521.875 5140.625 5356.25 6281.25 5967.1875 5676.5625 5153.125 4646.875 6006.25 6756.25 8125 8390.625 4907.8125 3500 3623.4375 5650 7654.6875 7782.8125 6128.125 3348.4375 2739.0625 2767.1875 2901.5625 3460.9375 4179.6875 3640.625 2978.125 2823.4375 2971.875 5026.5625 4909.375 4364.0625 3817.1875 3726.5625 3618.75 3496.875 3420.3125 3453.125 3450 3457.8125 3489.0625 3500 3554.6875 3875 4532.8125 5451.5625 6523.4375 5815.625 4826.5625 5157.8125 5028.125
5223.4375 5306.25 4992.1875 4967.1875 4985.9375 5282.8125 5576.5625 5364.0625 5320.3125 6203.125 6918.75 6721.875 6410.9375 5485.9375 5114.0625 5264.0625 6023.4375 5637.5 5867.1875 5631.25 4948.4375 5840.625 7143.75 7832.8125 6364.0625 4431.25 3545.3125 4440.625 6276.5625 7467.1875 8373.4375 6503.125 3589.0625 2742.1875 2806.25 3381.25 4120.3125 5431.25 4582.8125 3340.625 2903.125 3404.6875 5160.9375 4578.125 3964.0625 3653.125 3709.375 3478.125 3437.5 3439.0625 3500 3510.9375 3454.6875 3456.25 3554.6875 3685.9375 3967.1875 4370.3125 4978.125 5412.5 5187.5 4723.4375 5360.9375 5059.375
5312.5 5084.375 4850 4818.75 4928.125 5159.375 5139.0625 5070.3125 5251.5625 5207.8125 5943.75 6204.6875 6443.75 5623.4375 5226.5625 5210.9375 5373.4375 5209.375 6073.4375 6435.9375 5228.125 5289.0625 6042.1875 7134.375 5953.125 4028.125 3732.8125 4885.9375 6218.75 5959.375 6370.3125 5045.3125 3203.125 2867.1875 3184.375 4050 4665.625 4967.1875 4609.375 3495.3125 2893.75 4521.875 6309.375 4832.8125 3742.1875 3525 3526.5625 3412.5 3362.5 3381.25 3500 3537.5 3553.125 3609.375 3764.0625 3882.8125 4064.0625 4307.8125 4665.625 4940.625 5128.125 5331.25 5104.6875 4810.9375
4890.625 4776.5625 4776.5625 4990.625 5217.1875 5137.5 4803.125 4792.1875 4740.625 4900 5521.875 6331.25 6387.5 6078.125 5471.875 5137.5 4909.375 5034.375 5928.125 7062.5 5431.25 5007.8125 5729.6875 6117.1875 5182.8125 4107.8125 4006.25 5837.5 5396.875 4806.25 4143.75 3485.9375 3029.6875 2990.625 3437.5 4293.75 4043.75 4246.875 4762.5 4290.625 2968.75 3515.625 5190.625 4426.5625 3585.9375 3371.875 3317.1875 3300 3304.6875 3487.5 3598.4375 3603.125 3665.625 3826.5625 3984.375 4137.5 4200 4353.125 4632.8125 4804.6875 5300 5721.875 4746.875 4695.3125
4551.5625 4600 4621.875 5046.875 5618.75 5009.375 4593.75 4532.8125 4612.5 4684.375 5260.9375 6060.9375 5917.1875 5743.75 5282.8125 5143.75 4734.375 4698.4375 5235.9375 6878.125 5385.9375 5012.5 5387.5 5964.0625 4892.1875 4137.5 4298.4375 6225 7284.375 5612.5 4026.5625 3218.75 3078.125 3010.9375 3076.5625 3350 3432.8125 3715.625 4814.0625 5301.5625 4587.5 3281.25 3543.75 3665.625 3335.9375 3206.25 3212.5 3290.625 3564.0625 4134.375 3860.9375 3692.1875 3726.5625 3890.625 4059.375 4209.375 4259.375 4534.375 4826.5625 4860.9375 5762.5 5770.3125 4562.5 4732.8125
4528.125 4528.125 4515.625 4745.3125 5125 4915.625 4429.6875 4270.3125 4435.9375 4400 4996.875 6396.875 5957.8125 5407.8125 4912.5 4773.4375 4539.0625 4420.3125 4734.375 6253.125 5573.4375 5159.375 5653.125 5939.0625 4784.375 4253.125 4173.4375 5435.9375 8548.4375 6835.9375 5214.0625 3587.5 3132.8125 3282.8125 3459.375 3375 3271.875 3456.25 4362.5 5196.875 5559.375 3943.75 3301.5625 3454.6875 3239.0625 3167.1875 3123.4375 3428.125 4368.75 4167.1875 3737.5 3718.75 3821.875 3950 4079.6875 4189.0625 4375 4698.4375 4929.6875 5003.125 6176.5625 5942.1875 4523.4375 4068.75
5031.25 4620.3125 4365.625 4517.1875 4500 4735.9375 4357.8125 4031.25 4042.1875 4137.5 4878.125 6843.75 5962.5 5268.75 4843.75 4762.5 4492.1875 4343.75 4607.8125 6328.125 5665.625 5550 6120.3125 6553.125 4867.1875 4185.9375 4081.25 4801.5625 7779.6875 6756.25 5550 4442.1875 3550 3985.9375 4764.0625 4098.4375 3812.5 3504.6875 3679.6875 4106.25 4795.3125 3982.8125 3342.1875 3584.375 3220.3125 3123.4375 3156.25 3837.5 4545.3125 4210.9375 3817.1875 3792.1875 3915.625 4057.8125 4178.125 4275 4460.9375 4790.625 5015.625 5493.75 5735.9375 5364.0625 4542.1875 3795.3125
4860.9375 4485.9375 4300 4267.1875 4262.5 4518.75 4382.8125 4171.875 3754.6875 3815.625 4529.6875 5760.9375 5267.1875 5056.25 4881.25 4707.8125 4301.5625 4248.4375 4690.625 6053.125 5431.25 5539.0625 5843.75 5712.5 4550 4089.0625 4010.9375 4432.8125 7079.6875 7184.375 5673.4375 4345.3125 3695.3125 3648.4375 4450 4970.3125 4637.5 3859.375 3684.375 4326.5625 4078.125 3575 3395.3125 3646.875 3092.1875 3076.5625 3295.3125 4060.9375 4537.5 4117.1875 3759.375 3806.25 3882.8125 4059.375 4148.4375 4301.5625 4562.5 4789.0625 5757.8125 6306.25 5339.0625 4542.1875 3846.875 3515.625
4192.1875 4446.875 4256.25 4065.625 4128.125 4651.5625 4651.5625 4259.375 3678.125 3575 3754.6875 4153.125 4753.125 4984.375 4643.75 4278.125 4073.4375 4181.25 5160.9375 5737.5 5193.75 5703.125 5650 4862.5 4350 4032.8125 3909.375 4178.125 5942.1875 5792.1875 5868.75 3901.5625 3560.9375 3587.5 4185.9375 4496.875 4973.4375 4192.1875 4057.8125 4139.0625 3731.25 3373.4375 3414.0625 3273.4375 3020.3125 3007.8125 3304.6875 3845.3125 3843.75 3667.1875 3882.8125 3995.3125 4043.75 4157.8125 4154.6875 4443.75 4609.375 4710.9375 5481.25 5382.8125 4565.625 3792.1875 3370.3125 3353.125
3887.5 4315.625 3970.3125 3896.875 4093.75 4770.3125 4170.3125 3875 3360.9375 3345.3125 3559.375 3932.8125 4382.8125 4689.0625 4107.8125 3918.75 3909.375 4285.9375 5393.75 5337.5 4912.5 5929.6875 5631.25 4403.125 4192.1875 4535.9375 4031.25 4060.9375 4639.0625 4795.3125 4831.25 3643.75 3754.6875 3993.75 3906.25 3931.25 4256.25 3698.4375 3828.125 4451.5625 3673.4375 3253.125 3026.5625 2989.0625 3015.625 3089.0625 3439.0625 3490.625 3507.8125 3673.4375 4015.625 4187.5 4431.25 4473.4375 4454.6875 4943.75 5171.875 5012.5 5210.9375 4989.0625 4076.5625 3390.625 3375 3853.125
3610.9375 3981.25 3734.375 3882.8125 4157.8125 4226.5625 3734.375 3376.5625 3303.125 3328.125 3431.25 4407.8125 4479.6875 4567.1875 4071.875 3890.625 3864.0625 4303.125 5648.4375 5082.8125 4600 5056.25 5828.125 4203.125 4065.625 4526.5625 4453.125 4007.8125 4112.5 4150 3925 3659.375 4017.1875 5112.5 4276.5625 4067.1875 3387.5 3146.875 3328.125 4768.75 4060.9375 3212.5 2810.9375 2900 3653.125 3792.1875 3537.5 3306.25 3482.8125 3615.625 3987.5 4143.75 4395.3125 4600 4692.1875 5357.8125 5212.5 5462.5 5353.125 4059.375 3445.3125 3318.75 4912.5 5993.75
3353.125 3500 3550 3937.5 4085.9375 3948.4375 3273.4375 3140.625 3189.0625 3289.0625 3714.0625 4937.5 4795.3125 4640.625 4175 3835.9375 3700 3839.0625 4496.875 4926.5625 4664.0625 4512.5 4857.8125 4076.5625 4010.9375 4287.5 4685.9375 4048.4375 4067.1875 3890.625 3698.4375 3689.0625 4106.25 5200 4509.375 3914.0625 3328.125 3100 3209.375 4817.1875 4515.625 3075 2793.75 3523.4375 4965.625 3895.3125 3557.8125 3256.25 3342.1875 3559.375 4356.25 4334.375 4325 4642.1875 4728.125 5457.8125 4882.8125 4559.375 4220.3125 3698.4375 3375 4043.75 5259.375 5767.1875
3454.6875 3504.6875 3503.125 3678.125 3792.1875 3379.6875 3023.4375 3000 3001.5625 3107.8125 3790.625 5110.9375 4985.9375 4368.75 3867.1875 3671.875 3662.5 3695.3125 4256.25 5281.25 4284.375 4365.625 4653.125 4004.6875 3957.8125 4062.5 4626.5625 4264.0625 4248.4375 4237.5 3701.5625 3704.6875 4246.875 5496.875 4892.1875 4121.875 3382.8125 3151.5625 3207.8125 4265.625 3895.3125 2851.5625 2809.375 4356.25 4756.25 4084.375 3843.75 3298.4375 3301.5625 3667.1875 4559.375 5185.9375 4828.125 4742.1875 5268.75 6159.375 5498.4375 5556.25 5164.0625 3792.1875 3842.1875 5451.5625 5895.3125 4834.375
3371.875 3503.125 3445.3125 3510.9375 3492.1875 3014.0625 2970.3125 2987.5 2981.25 3121.875 3889.0625 4792.1875 4823.4375 3940.625 3681.25 3546.875 3493.75 3528.125 4448.4375 4204.6875 4004.6875 4348.4375 4548.4375 4182.8125 3801.5625 3885.9375 4109.375 4776.5625 4653.125 4412.5 3843.75 3720.3125 4068.75 4767.1875 4815.625 4031.25 3500 3250 3329.6875 4681.25 3659.375 2904.6875 2918.75 3775 4159.375 3767.1875 3546.875 3335.9375 3332.8125 3784.375 4826.5625 5579.6875 5217.1875 4850 5357.8125 5901.5625 6200 6584.375 4976.5625 3418.75 3542.1875 4776.5625 5265.625 4090.625
3231.25 3478.125 3392.1875 3481.25 3054.6875 2901.5625 2950 2900 2948.4375 3703.125 5073.4375 4654.6875 4092.1875 3668.75 3498.4375 3459.375 3431.25 3585.9375 4417.1875 4087.5 4032.8125 3989.0625 4320.3125 4187.5 3803.125 3932.8125 4082.8125 4675 5425 4759.375 4035.9375 3839.0625 3859.375 4414.0625 4596.875 4098.4375 3643.75 3429.6875 4028.125 5223.4375 3825 3290.625 3160.9375 3803.125 4010.9375 4075 3675 3290.625 3326.5625 3940.625 5226.5625 5018.75 4345.3125 4323.4375 4887.5 5709.375 6357.8125 6954.6875 5934.375 3715.625 3018.75 3767.1875 4998.4375 3575
2885.9375 3451.5625 3198.4375 3209.375 2954.6875 2809.375 2884.375 2909.375 3184.375 4139.0625 5762.5 4362.5 3732.8125 3501.5625 3378.125 3365.625 3546.875 3737.5 4039.0625 3932.8125 4209.375 3745.3125 4009.375 4321.875 3840.625 3900 4329.6875 4862.5 5060.9375 4742.1875 4482.8125 4217.1875 3854.6875 4168.75 4931.25 4567.1875 3848.4375 3653.125 4918.75 5068.75 4198.4375 3904.6875 3459.375 3759.375 3856.25 3637.5 3256.25 3220.3125 3415.625 4675 5078.125 4017.1875 3967.1875 4043.75 4506.25 5698.4375 5860.9375 6201.5625 5403.125 3668.75 3196.875 3771.875 4290.625 2875
2776.5625 3204.6875 3189.0625 2875 2831.25 2803.125 2896.875 3265.625 3940.625 4476.5625 4862.5 3712.5 3401.5625 3629.6875 3368.75 3275 3556.25 3573.4375 3701.5625 4026.5625 3698.4375 3556.25 3879.6875 4195.3125 3809.375 3820.3125 4367.1875 5381.25 4673.4375 4292.1875 4203.125 5029.6875 4443.75 3989.0625 4721.875 4903.125 4078.125 3785.9375 4079.6875 4800 4292.1875 4006.25 3390.625 3318.75 3350 3200 3200 3268.75 3387.5 3860.9375 4064.0625 3725 3754.6875 3834.375 4512.5 5276.5625 5775 5995.3125 4378.125 3140.625 3070.3125 3943.75 3896.875 2585.9375
2860.9375 2720.3125 2567.1875 2639.0625 2846.875 3010.9375 3609.375 4406.25 4582.8125 4476.5625 3785.9375 3368.75 3362.5 3354.6875 3390.625 3432.8125 3281.25 3362.5 3606.25 3860.9375 3382.8125 3484.375 3882.8125 3912.5 3706.25 3695.3125 3951.5625 4593.75 4634.375 4057.8125 3828.125 4325 4425 3928.125 4460.9375 5282.8125 4334.375 3967.1875 3810.9375 4164.0625 3975 3681.25 3553.125 3085.9375 3085.9375 3178.125 3262.5 3367.1875 3520.3125 3950 4485.9375 4460.9375 4354.6875 4301.5625 4443.75 5001.5625 5673.4375 5131.25 3437.5 2745.3125 3245.3125 3532.8125 2818.75 2643.75
3223.4375 2784.375 2500 2598.4375 3085.9375 3490.625 4492.1875 4901.5625 4120.3125 3692.1875 3326.5625 3115.625 3292.1875 3104.6875 3254.6875 3659.375 3512.5 3195.3125 3210.9375 3382.8125 3121.875 3153.125 3373.4375 3817.1875 3715.625 3543.75 3607.8125 3964.0625 4529.6875 4090.625 3631.25 4048.4375 4551.5625 3903.125 4018.75 4609.375 4521.875 3995.3125 3745.3125 3909.375 3884.375 3395.3125 3185.9375 3018.75 3160.9375 3600 3810.9375 4057.8125 4125 4506.25 4848.4375 5071.875 4250 3971.875 4309.375 4703.125 4793.75 4328.125 3485.9375 3279.6875 4326.5625 4395.3125 3034.375 2582.8125
3309.375 2770.3125 2500 2573.4375 3165.625 3804.6875 4485.9375 3953.125 3514.0625 3281.25 3103.125 3098.4375 3128.125 3000 3068.75 3326.5625 4101.5625 3667.1875 3139.0625 3306.25 3110.9375 3015.625 3179.6875 3867.1875 4295.3125 3496.875 3468.75 3542.1875 3798.4375 4003.125 3643.75 4090.625 4726.5625 4014.0625 3832.8125 4125 4179.6875 3834.375 3492.1875 3434.375 3578.125 3123.4375 3012.5 3176.5625 3243.75 3550 3832.8125 4198.4375 4090.625 4092.1875 4292.1875 3976.5625 3546.875 4184.375 4398.4375 4531.25 4237.5 3457.8125 3878.125 4593.75 5201.5625 4143.75 3225 2704.6875
3468.75 2800 2492.1875 2570.3125 3200 3687.5 3478.125 3328.125 3285.9375 3170.3125 3082.8125 3145.3125 3096.875 2928.125 2998.4375 3318.75 3989.0625 3803.125 3045.3125 3410.9375 3018.75 2856.25 2904.6875 3564.0625 4317.1875 3579.6875 3384.375 3375 3504.6875 3423.4375 3632.8125 4306.25 4750 4092.1875 3998.4375 4139.0625 3492.1875 3345.3125 3215.625 3134.375 3084.375 3000 3046.875 3210.9375 3207.8125 3339.0625 3684.375 3785.9375 3731.25 3960.9375 3798.4375 3432.8125 3573.4375 4448.4375 4501.5625 3993.75 3487.5 3085.9375 3812.5 4907.8125 4714.0625 3882.8125 3179.6875 2831.25
3312.5 2998.4375 2500 2656.25 3246.875 3129.6875 2870.3125 2898.4375 3459.375 3456.25 3115.625 3631.25 3093.75 2801.5625 2918.75 3426.5625 3393.75 3304.6875 2990.625 3229.6875 2815.625 2709.375 2839.0625 3562.5 4637.5 3681.25 3507.8125 3231.25 3142.1875 3243.75 3512.5 3953.125 4246.875 4003.125 3623.4375 3135.9375 2925 2901.5625 2900 2989.0625 3000 3057.8125 3139.0625 3204.6875 3234.375 3385.9375 3423.4375 3412.5 3601.5625 3585.9375 3434.375 3434.375 4009.375 4503.125 4542.1875 3742.1875 3057.8125 3001.5625 3589.0625 4370.3125 4392.1875 3625 2867.1875 2929.6875
3039.0625 3090.625 2565.625 2740.625 2929.6875 2712.5 2601.5625 2621.875 3029.6875 3473.4375 3331.25 3725 2889.0625 2762.5 2832.8125 3203.125 3043.75 2759.375 3084.375 3132.8125 2690.625 2631.25 2771.875 3257.8125 3860.9375 3159.375 2929.6875 2960.9375 3007.8125 3300 3645.3125 3854.6875 3495.3125 3637.5 3134.375 2942.1875 2931.25 2900 2920.3125 3000 3021.875 3087.5 3165.625 3214.0625 3362.5 3401.5625 3365.625 3340.625 3612.5 3507.8125 3601.5625 4060.9375 4818.75 4910.9375 4617.1875 3559.375 2928.125 2918.75 3378.125 4195.3125 3796.875 3201.5625 2818.75 2995.3125
