Cases/SDM_Urocitellus_beldingi/westernUsClimate_hadley2080a2/BIO16.asc
NCOLS 315 
NROWS 297 
XLLCORNER -124.741664802 
YLLCORNER 29.2083311801598 
CELLSIZE 0.066666670143822 
NODATA_value -3.4e+38 
[rows 182 to 207 of 297, columns 180 to 239 of 315]
18732.8125 18231.25 18070.3125 18732.8125 19292.1875 20021.875 20720.3125 23185.9375 24546.875 23821.875 19592.1875 19810.9375 20103.125 19292.1875 19253.125 17251.5625 9682.8125 8456.25 8004.6875 8528.125 8260.9375 9762.5 8373.4375 8243.75 9100 9464.0625 9856.25 10709.375 12340.625 14717.1875 17859.375 18921.875 20950 18428.125 19456.25 16270.3125 16300 15418.75 16221.875 16065.625 15301.5625 14878.125 14654.6875 14565.625 14746.875 14606.25 15337.5 15762.5 15440.625 16081.25 16876.5625 18173.4375 22285.9375 27578.125 24000 17628.125 15504.6875 14892.1875 14735.9375 14603.125
18618.75 18221.875 19228.125 19984.375 20590.625 21437.5 23703.125 27571.875 26950 23250 18937.5 20782.8125 21098.4375 20987.5 18162.5 10184.375 8939.0625 11509.375 11668.75 11848.4375 10848.4375 11087.5 10573.4375 9526.5625 11296.875 12459.375 12700 12648.4375 12342.1875 14071.875 18850 20898.4375 21593.75 22042.1875 21739.0625 17278.125 16978.125 15432.8125 15229.6875 14900 14881.25 14867.1875 14978.125 14868.75 14815.625 14978.125 14789.0625 16078.125 16792.1875 16453.125 16595.3125 18235.9375 23701.5625 30381.25 23381.25 18012.5 15917.1875 15315.625 14959.375 15095.3125
19596.875 18814.0625 20145.3125 21009.375 22028.125 23001.5625 27748.4375 29835.9375 29571.875 23926.5625 17862.5 14918.75 14735.9375 17106.25 11592.1875 10148.4375 11578.125 14779.6875 13454.6875 13668.75 13504.6875 12354.6875 12610.9375 11175 11765.625 12675 13743.75 14104.6875 12718.75 15228.125 18689.0625 19142.1875 20175 19540.625 21165.625 16514.0625 16150 15575 15220.3125 15329.6875 15659.375 15806.25 15432.8125 14856.25 15315.625 15596.875 14860.9375 15320.3125 16837.5 18093.75 17692.1875 18182.8125 21026.5625 21023.4375 18568.75 16731.25 16314.0625 15501.5625 15434.375 15226.5625
19981.25 19243.75 20462.5 22343.75 23665.625 25726.5625 30190.625 31592.1875 31914.0625 25232.8125 21039.0625 15304.6875 13600 12581.25 11732.8125 11906.25 13890.625 16664.0625 15278.125 14326.5625 15004.6875 13475 13071.875 12298.4375 12753.125 13748.4375 14779.6875 15304.6875 15335.9375 17442.1875 17810.9375 18290.625 19767.1875 20415.625 19271.875 22995.3125 23282.8125 19695.3125 15825 16254.6875 15890.625 15595.3125 15396.875 15340.625 15764.0625 15831.25 15353.125 15056.25 15823.4375 16778.125 17960.9375 18598.4375 19976.5625 18039.0625 17087.5 16817.1875 16742.1875 15887.5 15881.25 15414.0625
19443.75 17500 21214.0625 22762.5 25175 28075 30906.25 32512.5 33175 28915.625 23182.8125 16096.875 14496.875 13914.0625 13396.875 14068.75 14590.625 18060.9375 17364.0625 14873.4375 14820.3125 15085.9375 14682.8125 13978.125 14500 15695.3125 17721.875 17806.25 17379.6875 16392.1875 16767.1875 17675 18320.3125 19300 20784.375 20862.5 22260.9375 23453.125 18590.625 16609.375 16014.0625 16387.5 16198.4375 15981.25 16048.4375 15971.875 16173.4375 15123.4375 15785.9375 16645.3125 17264.0625 20626.5625 20789.0625 18650 18014.0625 17675 17532.8125 16560.9375 15835.9375 15475
22146.875 16979.6875 17860.9375 23653.125 25898.4375 29085.9375 31148.4375 33223.4375 34264.0625 32256.25 24720.3125 17101.5625 15396.875 13871.875 15004.6875 15868.75 16204.6875 17039.0625 17987.5 15335.9375 14281.25 14809.375 15751.5625 15309.375 15706.25 16942.1875 17409.375 16176.5625 15504.6875 15598.4375 16043.75 17065.625 19923.4375 21064.0625 19068.75 19685.9375 20265.625 22035.9375 21798.4375 19657.8125 17754.6875 17382.8125 16554.6875 16823.4375 16614.0625 16459.375 16265.625 15612.5 15657.8125 15998.4375 16681.25 19028.125 25092.1875 29198.4375 22168.75 21206.25 24671.875 18303.125 16434.375 16132.8125
22843.75 17076.5625 18889.0625 20510.9375 24453.125 28354.6875 31426.5625 33518.75 35485.9375 33684.375 25060.9375 18565.625 16978.125 14765.625 16337.5 17034.375 16957.8125 16287.5 17384.375 14270.3125 13614.0625 13840.625 14451.5625 14782.8125 15206.25 16265.625 15537.5 14831.25 14484.375 15609.375 17171.875 18623.4375 19737.5 18884.375 17965.625 19043.75 20765.625 21821.875 23048.4375 22951.5625 23126.5625 22346.875 18337.5 17801.5625 17237.5 16856.25 15864.0625 15545.3125 16079.6875 16848.4375 17642.1875 18046.875 20021.875 27079.6875 32345.3125 26101.5625 22562.5 18685.9375 16917.1875 16040.625
20271.875 16901.5625 18153.125 18351.5625 17553.125 24318.75 30992.1875 32929.6875 35226.5625 35004.6875 29767.1875 21778.125 16750 16931.25 17360.9375 17189.0625 17560.9375 17528.125 16015.625 13632.8125 13329.6875 13204.6875 14914.0625 15460.9375 14760.9375 15359.375 14067.1875 13957.8125 15821.875 17976.5625 18204.6875 17159.375 17107.8125 17193.75 19520.3125 19557.8125 20787.5 22593.75 23771.875 21803.125 21389.0625 22662.5 23620.3125 22196.875 17112.5 16490.625 15904.6875 15635.9375 16590.625 17876.5625 19001.5625 19903.125 20520.3125 26573.4375 31140.625 28762.5 23268.75 18832.8125 17317.1875 16107.8125
17323.4375 18715.625 23237.5 19796.875 20996.875 25685.9375 25043.75 29617.1875 33493.75 34643.75 34750 27084.375 17904.6875 17085.9375 18445.3125 17632.8125 17271.875 16082.8125 15375 13859.375 13331.25 12862.5 14500 14295.3125 14328.125 14307.8125 14028.125 13818.75 15510.9375 16943.75 16587.5 16114.0625 17428.125 19220.3125 20542.1875 19642.1875 20600 21837.5 21510.9375 20976.5625 23209.375 23901.5625 23375 23617.1875 17840.625 16959.375 16023.4375 15907.8125 17078.125 18748.4375 20243.75 21575 22287.5 24479.6875 28878.125 32692.1875 30415.625 21095.3125 17414.0625 16117.1875
18412.5 23125 24429.6875 19018.75 19307.8125 17656.25 16495.3125 26942.1875 26154.6875 31798.4375 31779.6875 27729.6875 16821.875 14293.75 18823.4375 17534.375 15981.25 14735.9375 15275 13807.8125 13484.375 13235.9375 13517.1875 13237.5 13631.25 13932.8125 13381.25 14376.5625 15653.125 16026.5625 15482.8125 16740.625 17839.0625 19834.375 19173.4375 19367.1875 20053.125 19810.9375 20382.8125 22770.3125 22831.25 23360.9375 21854.6875 23082.8125 18012.5 17357.8125 16864.0625 16264.0625 17776.5625 19850 21142.1875 22906.25 23851.5625 24643.75 24860.9375 27546.875 32456.25 24117.1875 17956.25 16390.625
21300 18928.125 23725 25284.375 20196.875 24079.6875 15042.1875 16954.6875 18787.5 27789.0625 25721.875 30985.9375 22840.625 13671.875 17604.6875 16464.0625 14775 14673.4375 14160.9375 13376.5625 12767.1875 13289.0625 13053.125 12942.1875 12776.5625 12865.625 13156.25 13665.625 14079.6875 15162.5 15582.8125 16746.875 18040.625 18901.5625 18559.375 18892.1875 18687.5 19767.1875 21346.875 21240.625 20853.125 20903.125 20304.6875 21935.9375 18501.5625 17703.125 16992.1875 16435.9375 17829.6875 19853.125 21251.5625 23439.0625 24076.5625 24389.0625 23745.3125 28415.625 31081.25 29937.5 21732.8125 18087.5
24396.875 21557.8125 21637.5 24710.9375 25235.9375 25778.125 21873.4375 16787.5 21614.0625 26328.125 27843.75 26629.6875 17431.25 12687.5 19637.5 16417.1875 15029.6875 14310.9375 13712.5 13017.1875 11990.625 12004.6875 12301.5625 12514.0625 13457.8125 13665.625 13825 14496.875 15282.8125 15865.625 16603.125 17776.5625 17996.875 17887.5 17906.25 18396.875 19760.9375 19575 19573.4375 19879.6875 21337.5 20382.8125 19614.0625 18671.875 18098.4375 17417.1875 17123.4375 16859.375 18021.875 20043.75 21560.9375 23609.375 23954.6875 23770.3125 24960.9375 25787.5 28393.75 32401.5625 27485.9375 21520.3125
25215.625 24773.4375 23928.125 24189.0625 24539.0625 25528.125 25789.0625 25462.5 27037.5 27782.8125 27579.6875 20490.625 16492.1875 22146.875 23232.8125 18146.875 16265.625 15553.125 14137.5 12915.625 12204.6875 12293.75 13532.8125 14456.25 15617.1875 15446.875 14606.25 15218.75 16103.125 17320.3125 17501.5625 17498.4375 17589.0625 17565.625 17600 18795.3125 19303.125 19162.5 19868.75 19712.5 19821.875 21201.5625 20918.75 19360.9375 18585.9375 17992.1875 17643.75 17410.9375 18362.5 20353.125 21751.5625 23317.1875 25006.25 24909.375 24520.3125 23839.0625 25140.625 30509.375 32232.8125 24000
25793.75 25315.625 24728.125 24373.4375 24357.8125 24885.9375 25487.5 26079.6875 27026.5625 27529.6875 28665.625 28626.5625 27184.375 25914.0625 24348.4375 19790.625 17384.375 16126.5625 14340.625 13212.5 12776.5625 12684.375 14018.75 15421.875 16507.8125 17139.0625 17420.3125 16853.125 17307.8125 16615.625 16854.6875 17801.5625 17732.8125 17570.3125 18270.3125 18387.5 18796.875 19514.0625 19270.3125 19481.25 20300 22167.1875 23310.9375 20317.1875 18964.0625 18400 18062.5 17856.25 18417.1875 20531.25 23739.0625 25639.0625 26143.75 26875 26428.125 24043.75 24979.6875 27309.375 32489.0625 28362.5
25925 25728.125 25157.8125 24434.375 24484.375 24637.5 25210.9375 26051.5625 27353.125 27614.0625 28529.6875 29635.9375 29148.4375 26614.0625 25839.0625 25760.9375 23731.25 19010.9375 14309.375 13559.375 12971.875 13273.4375 13598.4375 15670.3125 16593.75 17460.9375 17395.3125 18031.25 17145.3125 16407.8125 18193.75 18348.4375 17212.5 18557.8125 18525 18315.625 18743.75 18890.625 19803.125 21259.375 21817.1875 22618.75 24293.75 22129.6875 19504.6875 18939.0625 18932.8125 18445.3125 18912.5 20617.1875 23654.6875 26373.4375 27462.5 27456.25 26112.5 23878.125 25853.125 26970.3125 28787.5 27456.25
25928.125 25740.625 25284.375 24896.875 24803.125 24968.75 25392.1875 25732.8125 26759.375 27193.75 27423.4375 28293.75 28171.875 28123.4375 27625 26020.3125 24168.75 20557.8125 15417.1875 14401.5625 13607.8125 13721.875 13778.125 15159.375 16400 16556.25 17229.6875 16529.6875 16339.0625 17728.125 17401.5625 16851.5625 17693.75 18976.5625 17646.875 17726.5625 18275 19773.4375 20720.3125 21710.9375 22181.25 23068.75 22878.125 22351.5625 20184.375 19571.875 19748.4375 20525 20182.8125 22823.4375 24442.1875 26490.625 27760.9375 27090.625 25718.75 23696.875 27293.75 25220.3125 21743.75 19776.5625
25934.375 26065.625 25659.375 25370.3125 25056.25 25768.75 26207.8125 25995.3125 26465.625 26712.5 26865.625 27539.0625 27893.75 27732.8125 26989.0625 25982.8125 23503.125 18526.5625 16810.9375 15475 14578.125 14095.3125 14460.9375 14565.625 15740.625 16953.125 16825 16417.1875 17387.5 18018.75 17028.125 16750 17701.5625 17560.9375 17243.75 18204.6875 19776.5625 20923.4375 21000 20864.0625 21785.9375 21879.6875 21545.3125 21421.875 21839.0625 21010.9375 20868.75 21864.0625 21792.1875 22435.9375 23654.6875 25559.375 27435.9375 27698.4375 24893.75 23471.875 26701.5625 23207.8125 20092.1875 18948.4375
26775 26493.75 26128.125 25784.375 25735.9375 26010.9375 26498.4375 26395.3125 26578.125 27001.5625 27687.5 28184.375 28157.8125 28114.0625 27007.8125 25171.875 22125 19839.0625 18575 17860.9375 16234.375 14809.375 14943.75 15126.5625 15539.0625 16610.9375 16940.625 16837.5 17735.9375 17442.1875 16896.875 17368.75 17178.125 17148.4375 17731.25 18770.3125 19414.0625 19701.5625 20454.6875 22028.125 21893.75 21645.3125 21045.3125 21498.4375 21535.9375 21720.3125 20753.125 21278.125 21945.3125 22759.375 24126.5625 25621.875 26865.625 27337.5 24176.5625 23323.4375 24460.9375 24240.625 21335.9375 19498.4375
29253.125 28087.5 26673.4375 26293.75 26626.5625 26670.3125 27012.5 27196.875 27507.8125 27714.0625 28087.5 29153.125 29165.625 28704.6875 27710.9375 24995.3125 23506.25 21812.5 20368.75 19256.25 17856.25 15679.6875 15792.1875 16487.5 16309.375 16823.4375 16671.875 16876.5625 17339.0625 16998.4375 17356.25 17342.1875 17037.5 17754.6875 18084.375 18284.375 18737.5 19168.75 20256.25 21296.875 20703.125 20721.875 20462.5 21285.9375 21298.4375 20679.6875 21068.75 22151.5625 23204.6875 23935.9375 24718.75 25721.875 26745.3125 26168.75 23078.125 23154.6875 23648.4375 22410.9375 21860.9375 20879.6875
29595.3125 28653.125 27714.0625 27012.5 27637.5 27870.3125 28179.6875 28329.6875 28687.5 28959.375 29398.4375 30492.1875 30643.75 30065.625 28406.25 27167.1875 26971.875 24643.75 22064.0625 20725 18562.5 16665.625 16412.5 17135.9375 17182.8125 16835.9375 16729.6875 17140.625 17264.0625 17143.75 17429.6875 17189.0625 18004.6875 17978.125 18323.4375 19468.75 20389.0625 20085.9375 20309.375 20425 20340.625 19889.0625 19940.625 20267.1875 20576.5625 21487.5 22303.125 22964.0625 23087.5 24398.4375 25415.625 26331.25 26581.25 26826.5625 23823.4375 22654.6875 22271.875 21528.125 20987.5 21520.3125
29453.125 28948.4375 28109.375 28090.625 28743.75 29167.1875 29400 29309.375 30285.9375 30940.625 32104.6875 33143.75 33396.875 33828.125 33959.375 32184.375 31285.9375 27640.625 24596.875 22626.5625 20304.6875 18546.875 17548.4375 17600 17342.1875 17568.75 17593.75 17318.75 17260.9375 17196.875 17120.3125 17779.6875 17835.9375 18121.875 18946.875 20203.125 22165.625 22154.6875 22114.0625 20959.375 20568.75 19948.4375 19915.625 19959.375 21228.125 21840.625 22428.125 22682.8125 22234.375 23785.9375 25364.0625 26171.875 25729.6875 25415.625 23275 22450 21562.5 21198.4375 21023.4375 21160.9375
30835.9375 29285.9375 28704.6875 28521.875 28685.9375 29759.375 30903.125 31065.625 31835.9375 33356.25 34485.9375 35118.75 37662.5 39417.1875 37721.875 37348.4375 33925 30218.75 28703.125 25332.8125 22759.375 21262.5 19110.9375 18437.5 18250 17990.625 18509.375 18276.5625 17685.9375 17687.5 17651.5625 17840.625 17853.125 19420.3125 19817.1875 21595.3125 21596.875 21821.875 22414.0625 20973.4375 20534.375 20789.0625 19687.5 19917.1875 20654.6875 21443.75 22073.4375 22087.5 21821.875 22995.3125 24212.5 25226.5625 25001.5625 24775 23375 23146.875 21439.0625 21756.25 22212.5 22473.4375
31415.625 29512.5 28295.3125 28037.5 30125 30845.3125 32643.75 32842.1875 34226.5625 35178.125 37050 37953.125 38192.1875 40310.9375 40751.5625 43776.5625 43531.25 35617.1875 33785.9375 30575 26082.8125 23192.1875 21242.1875 20046.875 19285.9375 18645.3125 18521.875 18737.5 18235.9375 18232.8125 18232.8125 18334.375 18342.1875 18970.3125 19557.8125 20284.375 21020.3125 21640.625 21282.8125 20320.3125 19809.375 20567.1875 20104.6875 19809.375 20598.4375 21175 21581.25 21148.4375 21221.875 22284.375 23259.375 24106.25 23237.5 23229.6875 23915.625 21551.5625 22320.3125 23492.1875 24279.6875 24581.25
29501.5625 28396.875 27548.4375 27707.8125 30610.9375 31832.8125 34042.1875 35423.4375 35803.125 36518.75 37684.375 39376.5625 38681.25 39234.375 40409.375 44056.25 45856.25 36015.625 32471.875 32029.6875 27981.25 25534.375 24421.875 22517.1875 21103.125 19840.625 19054.6875 18760.9375 18521.875 18128.125 18326.5625 19100 19278.125 19125 19826.5625 20637.5 21931.25 21171.875 19678.125 19693.75 19742.1875 19879.6875 20064.0625 20014.0625 20367.1875 20628.125 20676.5625 21351.5625 22275 21845.3125 21971.875 22446.875 21578.125 21326.5625 21304.6875 22570.3125 24232.8125 24039.0625 24445.3125 24826.5625
29254.6875 27345.3125 26992.1875 27542.1875 28570.3125 31598.4375 35429.6875 37898.4375 38529.6875 38214.0625 37759.375 37812.5 38589.0625 38385.9375 39532.8125 39053.125 38798.4375 36493.75 32764.0625 30856.25 29351.5625 27303.125 25473.4375 23712.5 22789.0625 21279.6875 20123.4375 19414.0625 18937.5 18592.1875 18464.0625 18425 19176.5625 19815.625 20273.4375 21110.9375 21484.375 20464.0625 19007.8125 19670.3125 20534.375 20164.0625 19840.625 19835.9375 20021.875 20365.625 21089.0625 21967.1875 22025 21159.375 21312.5 20928.125 21281.25 21821.875 22357.8125 23226.5625 23993.75 24315.625 24678.125 25195.3125
27182.8125 27373.4375 27493.75 27806.25 28489.0625 31239.0625 36073.4375 38546.875 40001.5625 39089.0625 37909.375 37543.75 38275 38956.25 39614.0625 38110.9375 36421.875 35692.1875 34065.625 32218.75 30503.125 28810.9375 27000 25500 24198.4375 22884.375 21425 20314.0625 19770.3125 19143.75 18759.375 18601.5625 18635.9375 19150 20353.125 20451.5625 20190.625 19350 19318.75 19832.8125 19862.5 19734.375 20482.8125 20556.25 20612.5 20792.1875 20995.3125 21179.6875 21100 20865.625 21196.875 21307.8125 21804.6875 22167.1875 23657.8125 24196.875 24289.0625 24046.875 23773.4375 24551.5625
