Cases/SDM_Urocitellus_beldingi/westernUsClimate_hadley2080a2/BIO16.asc
NCOLS 315 
NROWS 297 
XLLCORNER -124.741664802 
YLLCORNER 29.2083311801598 
CELLSIZE 0.066666670143822 
NODATA_value -3.4e+38 
[rows 130 to 155 of 297, columns 120 to 179 of 315]
7600 6443.75 6112.5 6298.4375 8006.25 10759.375 10860.9375 8967.1875 7914.0625 7989.0625 9728.125 12114.0625 10692.1875 9503.125 9051.5625 9370.3125 10393.75 12107.8125 12923.4375 10667.1875 10178.125 10307.8125 11364.0625 11492.1875 10681.25 9442.1875 10012.5 11807.8125 9892.1875 8970.3125 8796.875 9339.0625 11307.8125 11045.3125 9484.375 8765.625 9293.75 10837.5 8850 8556.25 8046.875 7623.4375 7259.375 6853.125 6756.25 6818.75 7014.0625 7035.9375 7045.3125 7025 7087.5 7164.0625 7182.8125 7192.1875 7223.4375 7843.75 8990.625 9884.375 9646.875 9210.9375
6717.1875 6195.3125 6618.75 9192.1875 9968.75 10454.6875 8710.9375 8115.625 7696.875 8012.5 9785.9375 11203.125 10734.375 9287.5 8926.5625 9451.5625 10962.5 14401.5625 13128.125 10012.5 10209.375 10467.1875 11118.75 12987.5 12443.75 9810.9375 10640.625 13459.375 10845.3125 9140.625 9184.375 9981.25 10464.0625 10506.25 9879.6875 9353.125 9645.3125 10687.5 9937.5 9753.125 9698.4375 8512.5 8964.0625 9232.8125 7170.3125 7200 7262.5 7290.625 7323.4375 7296.875 7176.5625 7195.3125 7200 7200 7200 7193.75 7276.5625 8070.3125 9156.25 9665.625
6831.25 7420.3125 10265.625 10528.125 9000 8679.6875 7917.1875 7785.9375 8039.0625 9298.4375 11142.1875 9601.5625 9446.875 9620.3125 9335.9375 9510.9375 11423.4375 14734.375 11670.3125 9804.6875 11368.75 11564.0625 10762.5 11162.5 11275 10300 10259.375 13240.625 11642.1875 9773.4375 9281.25 9620.3125 9856.25 10543.75 11078.125 10571.875 10023.4375 10534.375 10464.0625 9803.125 9365.625 9223.4375 10215.625 10025 8346.875 7407.8125 7337.5 7337.5 7360.9375 7400 7334.375 7701.5625 7328.125 7237.5 7235.9375 7059.375 7014.0625 7156.25 7753.125 8918.75
8651.5625 8576.5625 9228.125 9048.4375 7990.625 7759.375 7964.0625 8096.875 8617.1875 9956.25 10289.0625 8773.4375 8785.9375 9642.1875 8953.125 9571.875 11617.1875 14120.3125 9603.125 9559.375 10364.0625 11650 10742.1875 10607.8125 10265.625 9959.375 10184.375 13410.9375 14853.125 10657.8125 9400 9410.9375 9751.5625 10409.375 11534.375 11275 9989.0625 10268.75 10542.1875 9643.75 9373.4375 9298.4375 11029.6875 11307.8125 9515.625 7587.5 7400 7400 7400 7400 7400 7973.4375 8240.625 7300 7289.0625 7114.0625 7275 7242.1875 7528.125 8610.9375
10373.4375 7992.1875 7850 8840.625 9454.6875 8779.6875 8145.3125 8151.5625 8890.625 9932.8125 9710.9375 8576.5625 8854.6875 11564.0625 9387.5 9381.25 10512.5 11490.625 9806.25 9695.3125 10750 11351.5625 10600 11192.1875 10490.625 9865.625 10270.3125 13578.125 13600 9837.5 9400 9887.5 11304.6875 11300 12606.25 11607.8125 10281.25 10895.3125 11406.25 10393.75 9942.1875 9718.75 12607.8125 11706.25 9234.375 7710.9375 7400 7400 7400 7400 7400 7575 7478.125 7434.375 7300 7282.8125 7289.0625 7375 7762.5 10206.25
8506.25 7651.5625 7871.875 9609.375 9703.125 8614.0625 8554.6875 8934.375 8942.1875 9925 8725 8587.5 8818.75 11871.875 10218.75 9528.125 10137.5 11964.0625 11493.75 10706.25 11851.5625 10962.5 10690.625 11665.625 10307.8125 10167.1875 10823.4375 14925 11154.6875 9518.75 9682.8125 11892.1875 13896.875 12026.5625 14018.75 13842.1875 10515.625 10304.6875 10546.875 10385.9375 10287.5 10484.375 14684.375 13673.4375 9051.5625 7846.875 7560.9375 7651.5625 7732.8125 7740.625 7704.6875 7685.9375 7837.5 9367.1875 8742.1875 7596.875 7398.4375 7540.625 8053.125 11442.1875
7687.5 7600 8781.25 9864.0625 9795.3125 10020.3125 11410.9375 10564.0625 9476.5625 9854.6875 8667.1875 8717.1875 8971.875 10945.3125 11034.375 9846.875 10167.1875 11851.5625 12120.3125 11346.875 10439.0625 10485.9375 11754.6875 10429.6875 10256.25 11246.875 11729.6875 11796.875 9692.1875 9571.875 10640.625 13481.25 11768.75 11943.75 15048.4375 13325 10025 10112.5 10587.5 10673.4375 10946.875 11492.1875 17618.75 15753.125 9142.1875 8001.5625 8000 7934.375 7953.125 8123.4375 7928.125 7781.25 7762.5 8131.25 9989.0625 8310.9375 7756.25 8212.5 8293.75 9956.25
7675 7620.3125 9400 9818.75 9817.1875 11032.8125 11854.6875 11168.75 10043.75 9942.1875 8946.875 9035.9375 9037.5 11403.125 11787.5 9525 9601.5625 10712.5 11637.5 10431.25 10175 11139.0625 11467.1875 10231.25 10765.625 13264.0625 11706.25 11320.3125 9770.3125 9821.875 11367.1875 14267.1875 11412.5 12506.25 14096.875 10750 10010.9375 10670.3125 11965.625 12600 12903.125 14457.8125 22057.8125 14717.1875 9087.5 8335.9375 8175 8212.5 8329.6875 9832.8125 8068.75 8076.5625 8581.25 9053.125 10007.8125 8526.5625 8548.4375 9178.125 9539.0625 8348.4375
7612.5 8373.4375 10603.125 9321.875 9325 10521.875 10115.625 10148.4375 10268.75 9515.625 9092.1875 9100 9121.875 11450 10523.4375 9557.8125 10245.3125 11521.875 11598.4375 10295.3125 10250 10762.5 11314.0625 10378.125 11215.625 13387.5 11762.5 12839.0625 11050 9928.125 11018.75 14548.4375 12081.25 11857.8125 11800 10365.625 10392.1875 12221.875 14032.8125 14914.0625 17596.875 19856.25 18209.375 11176.5625 9025 8537.5 8757.8125 9004.6875 9196.875 11098.4375 8087.5 8089.0625 8457.8125 10842.1875 11132.8125 8970.3125 9471.875 11078.125 11700 8740.625
7840.625 9532.8125 10012.5 8884.375 8932.8125 9170.3125 9306.25 9542.1875 9660.9375 9679.6875 9098.4375 9225 9403.125 12114.0625 9992.1875 9525 12309.375 12196.875 10960.9375 10228.125 10239.0625 12696.875 12732.8125 10687.5 10803.125 11315.625 12717.1875 15784.375 12632.8125 10084.375 11523.4375 16376.5625 12745.3125 10804.6875 11115.625 11153.125 11954.6875 16070.3125 15501.5625 13718.75 14676.5625 16662.5 12453.125 9346.875 8787.5 8784.375 9457.8125 9592.1875 9578.125 13170.3125 8835.9375 8103.125 8459.375 9795.3125 11339.0625 9334.375 8910.9375 9310.9375 8779.6875 8267.1875
9690.625 10420.3125 9310.9375 8760.9375 8775 8814.0625 9075 9254.6875 9307.8125 10467.1875 9465.625 9414.0625 9898.4375 12456.25 10217.1875 9785.9375 11956.25 11685.9375 10718.75 10287.5 10506.25 12348.4375 12757.8125 11181.25 10687.5 10723.4375 13381.25 14229.6875 10937.5 10339.0625 12435.9375 16657.8125 13203.125 10423.4375 10593.75 11767.1875 12167.1875 13546.875 15075 15820.3125 12801.5625 11454.6875 9500 8970.3125 9689.0625 9839.0625 10639.0625 11175 9370.3125 10679.6875 8742.1875 8485.9375 8700 9192.1875 10117.1875 9532.8125 8860.9375 8481.25 8389.0625 8428.125
10918.75 9317.1875 8803.125 8762.5 8762.5 8762.5 8989.0625 9643.75 9495.3125 9914.0625 9662.5 9798.4375 10698.4375 13537.5 10992.1875 9800 10018.75 10325 11192.1875 10623.4375 10681.25 11357.8125 12310.9375 11617.1875 10889.0625 10826.5625 12989.0625 11018.75 10246.875 10559.375 13800 17214.0625 14448.4375 10351.5625 10268.75 10604.6875 11789.0625 13289.0625 13354.6875 13021.875 12068.75 10012.5 9203.125 9448.4375 11837.5 11346.875 10259.375 10312.5 9225 8600 10003.125 10009.375 9257.8125 9614.0625 10901.5625 11393.75 10281.25 8271.875 8139.0625 8146.875
8715.625 8626.5625 8776.5625 8871.875 9071.875 8978.125 9056.25 9370.3125 10418.75 11768.75 10981.25 11079.6875 11778.125 12082.8125 10284.375 9950 10079.6875 10471.875 11392.1875 11323.4375 11360.9375 12006.25 12989.0625 13132.8125 11973.4375 12235.9375 14148.4375 10835.9375 10484.375 10878.125 12884.375 16192.1875 16260.9375 10496.875 10379.6875 10839.0625 15796.875 15398.4375 14065.625 12037.5 10818.75 9717.1875 9334.375 10348.4375 11775 11485.9375 9812.5 8909.375 8639.0625 8614.0625 10212.5 12489.0625 10162.5 9656.25 10810.9375 11243.75 10359.375 8354.6875 7856.25 7800
8571.875 8765.625 9053.125 9820.3125 10440.625 9478.125 9212.5 9385.9375 11006.25 11956.25 12945.3125 12882.8125 12562.5 10860.9375 9931.25 10556.25 10435.9375 10750 11957.8125 12417.1875 12696.875 12032.8125 11673.4375 12443.75 13706.25 15142.1875 13831.25 13342.1875 11381.25 11248.4375 13692.1875 18134.375 18659.375 10843.75 10523.4375 11101.5625 17142.1875 17564.0625 14673.4375 12235.9375 10476.5625 9662.5 9526.5625 10307.8125 12284.375 12226.5625 9912.5 8962.5 8689.0625 8637.5 10493.75 15178.125 11114.0625 9729.6875 9851.5625 10682.8125 9414.0625 8504.6875 8104.6875 7793.75
8656.25 9132.8125 10282.8125 12309.375 12984.375 10071.875 9398.4375 9600 10387.5 11896.875 11925 11454.6875 10689.0625 10384.375 10328.125 11582.8125 10976.5625 11243.75 12418.75 13265.625 12818.75 11840.625 11400 12275 14095.3125 13617.1875 12950 12762.5 11254.6875 13089.0625 14715.625 19157.8125 20825 11790.625 10659.375 10864.0625 15734.375 18660.9375 17209.375 15253.125 10604.6875 9667.1875 9600 9896.875 11048.4375 11659.375 9784.375 8984.375 8800 8832.8125 11173.4375 17281.25 14096.875 10134.375 9551.5625 9651.5625 9328.125 8365.625 8176.5625 8062.5
8878.125 9006.25 10201.5625 11839.0625 12304.6875 10085.9375 9576.5625 9793.75 10546.875 12264.0625 10403.125 10114.0625 9975 10717.1875 11148.4375 11821.875 11117.1875 11843.75 13175 14231.25 13685.9375 12189.0625 11450 11981.25 14626.5625 13817.1875 13225 12165.625 11362.5 14925 17048.4375 21278.125 22270.3125 13365.625 10887.5 11156.25 15284.375 21000 21584.375 16954.6875 10948.4375 9820.3125 9640.625 9875 10937.5 12187.5 11079.6875 9646.875 9028.125 9051.5625 14240.625 13570.3125 11814.0625 10207.8125 9640.625 9318.75 8782.8125 8396.875 8350 8289.0625
9262.5 9053.125 10512.5 11900 12181.25 10021.875 9734.375 11017.1875 10967.1875 11206.25 9979.6875 9901.5625 10092.1875 11089.0625 11871.875 11426.5625 11489.0625 13957.8125 16064.0625 15604.6875 14851.5625 12482.8125 11785.9375 12234.375 14279.6875 13432.8125 14201.5625 13759.375 12295.3125 14801.5625 18729.6875 20964.0625 16854.6875 12595.3125 11167.1875 12867.1875 17337.5 21046.875 24100 18401.5625 11531.25 10101.5625 10109.375 11035.9375 12453.125 15848.4375 13443.75 10553.125 9426.5625 10396.875 15064.0625 13043.75 11100 10185.9375 10053.125 9434.375 8882.8125 8645.3125 8531.25 8510.9375
9473.4375 9292.1875 10429.6875 11484.375 11734.375 10604.6875 10785.9375 13392.1875 11779.6875 11131.25 10300 10162.5 10582.8125 11229.6875 11243.75 11114.0625 11739.0625 11692.1875 13857.8125 14707.8125 15471.875 13278.125 12351.5625 12414.0625 12925 12776.5625 15342.1875 16603.125 13382.8125 13667.1875 16087.5 19462.5 16314.0625 11903.125 11592.1875 13995.3125 17589.0625 16962.5 18421.875 14889.0625 10975 10440.625 11003.125 12587.5 13917.1875 14954.6875 13946.875 11204.6875 9571.875 13910.9375 19242.1875 14396.875 10885.9375 9942.1875 10007.8125 9648.4375 9162.5 8992.1875 8932.8125 8925
10071.875 9435.9375 9937.5 11264.0625 13020.3125 12153.125 12173.4375 13818.75 11600 10798.4375 10528.125 11320.3125 11931.25 11723.4375 10950 10940.625 10728.125 11314.0625 13101.5625 15571.875 15834.375 15107.8125 13457.8125 12560.9375 12084.375 12625 15481.25 19120.3125 14348.4375 13504.6875 15532.8125 16867.1875 14507.8125 12246.875 12207.8125 16900 15681.25 14137.5 12935.9375 11707.8125 10895.3125 10656.25 11659.375 13410.9375 12760.9375 13200 14896.875 13650 10025 11368.75 16193.75 13493.75 10776.5625 9725 9609.375 9428.125 9437.5 9609.375 9473.4375 9251.5625
10135.9375 9726.5625 10315.625 11565.625 13229.6875 12693.75 12468.75 12987.5 11367.1875 10864.0625 10748.4375 12150 13681.25 11945.3125 10704.6875 10501.5625 10756.25 11059.375 12975 15329.6875 14995.3125 14632.8125 13346.875 13117.1875 12084.375 12159.375 13876.5625 19010.9375 14767.1875 13989.0625 15184.375 16957.8125 14164.0625 12546.875 13078.125 18809.375 22273.4375 17098.4375 13101.5625 11503.125 11184.375 11103.125 11156.25 11631.25 11712.5 12309.375 15687.5 17165.625 14943.75 11110.9375 11487.5 11701.5625 10356.25 9703.125 9700 9654.6875 10340.625 11845.3125 10645.3125 9792.1875
9678.125 10082.8125 10951.5625 12810.9375 12159.375 11104.6875 11657.8125 13070.3125 11528.125 11053.125 10862.5 11643.75 12837.5 12229.6875 10612.5 10307.8125 10709.375 10685.9375 12571.875 16932.8125 15565.625 14225 12751.5625 12495.3125 12076.5625 11984.375 12967.1875 17879.6875 15928.125 14870.3125 16467.1875 17593.75 14409.375 13060.9375 12993.75 16812.5 27301.5625 21593.75 16657.8125 12442.1875 11559.375 11842.1875 12275 11998.4375 11756.25 12098.4375 14720.3125 17429.6875 18550 13323.4375 11334.375 11623.4375 10417.1875 9882.8125 9801.5625 10382.8125 13498.4375 12426.5625 10748.4375 10467.1875
9596.875 10606.25 12134.375 12615.625 10787.5 10554.6875 11646.875 11970.3125 12826.5625 11862.5 11085.9375 11476.5625 11471.875 12192.1875 10896.875 9964.0625 10109.375 10364.0625 12732.8125 18871.875 16195.3125 14317.1875 12910.9375 12776.5625 12201.5625 11900 12871.875 18592.1875 16681.25 16506.25 18509.375 20154.6875 15084.375 13235.9375 12912.5 15404.6875 25367.1875 21993.75 18192.1875 14831.25 12587.5 13757.8125 16257.8125 14189.0625 13550 12623.4375 13167.1875 14507.8125 16659.375 14004.6875 11832.8125 12456.25 10989.0625 10460.9375 10306.25 12339.0625 14585.9375 13160.9375 11415.625 11025
9743.75 12445.3125 14490.625 12082.8125 10332.8125 10639.0625 12948.4375 11451.5625 12645.3125 11878.125 10975 11026.5625 10942.1875 11982.8125 11503.125 10868.75 9631.25 9837.5 12093.75 16012.5 14615.625 14134.375 13548.4375 13026.5625 11946.875 11978.125 13600 18268.75 16445.3125 16968.75 18187.5 17973.4375 14581.25 13385.9375 13267.1875 14765.625 23645.3125 24140.625 19257.8125 15014.0625 13281.25 13295.3125 15726.5625 17571.875 16514.0625 14250 13596.875 15776.5625 14950 13275 12539.0625 13110.9375 11112.5 10775 11212.5 13737.5 15104.6875 13400 11818.75 11428.125
10582.8125 13284.375 14834.375 11187.5 10121.875 10884.375 12553.125 10762.5 11115.625 12014.0625 11196.875 10670.3125 10928.125 12745.3125 12675 11520.3125 9642.1875 9412.5 10110.9375 11370.3125 13454.6875 14356.25 13335.9375 12287.5 11828.125 12110.9375 15762.5 17810.9375 16295.3125 18126.5625 17992.1875 15935.9375 14495.3125 13723.4375 13706.25 14596.875 20323.4375 19945.3125 20518.75 14064.0625 13278.125 13428.125 15446.875 16496.875 18110.9375 15846.875 15493.75 15765.625 14309.375 13264.0625 13167.1875 12429.6875 11464.0625 11221.875 11775 13671.875 13331.25 12396.875 12806.25 12709.375
10365.625 13334.375 13979.6875 10676.5625 9982.8125 11818.75 13014.0625 11171.875 10468.75 11845.3125 10742.1875 10500 11417.1875 13482.8125 11590.625 10662.5 9423.4375 9400 9862.5 11170.3125 12773.4375 13793.75 12106.25 11665.625 11903.125 13148.4375 16975 17031.25 15881.25 19492.1875 18754.6875 14817.1875 14448.4375 15860.9375 14501.5625 14670.3125 16731.25 17373.4375 17587.5 13867.1875 14331.25 15243.75 14978.125 15317.1875 16592.1875 14759.375 15200 17362.5 14795.3125 13365.625 12610.9375 12051.5625 11907.8125 12032.8125 13060.9375 12943.75 12584.375 13028.125 14043.75 14506.25
10451.5625 12237.5 11876.5625 10226.5625 10215.625 12653.125 14125 11489.0625 9845.3125 11054.6875 10206.25 10617.1875 11859.375 12121.875 10509.375 9435.9375 9245.3125 9440.625 9770.3125 12992.1875 13385.9375 13890.625 12426.5625 11848.4375 12023.4375 13718.75 18482.8125 16728.125 15451.5625 17115.625 20048.4375 14801.5625 14573.4375 16329.6875 16250 14968.75 15439.0625 15689.0625 15112.5 14328.125 15757.8125 19728.125 16945.3125 16264.0625 14159.375 13442.1875 14132.8125 18998.4375 16662.5 13928.125 12471.875 12489.0625 15015.625 15287.5 13975 12845.3125 13045.3125 13329.6875 14660.9375 15135.9375
