Cases/SDM_Urocitellus_beldingi/westernUsClimate_hadley2080a2/BIO10.asc
NCOLS 315 
NROWS 297 
XLLCORNER -124.741664802 
YLLCORNER 29.2083311801598 
CELLSIZE 0.066666670143822 
NODATA_value -3.4e+38 
[rows 78 to 103 of 297, columns 240 to 299 of 315]
2409.6875 2482.5 2543.28125 2582.1875 2635.78125 2685.625 2725 2753.4375 2787.34375 2750.9375 2760 2738.28125 2757.65625 2763.4375 2743.28125 2713.28125 2658.4375 2619.375 2622.03125 2616.09375 2599.84375 2580.78125 2402.5 2231.40625 2086.5625 2158.28125 2285.78125 2357.96875 2415.625 2522.65625 2560 2585.625 2587.96875 2601.5625 2623.125 2642.8125 2658.75 2691.09375 2674.84375 2649.375 2629.21875 2589.6875 2569.84375 2574.0625 2597.1875 2615 2614.21875 2603.4375 2631.40625 2631.875 2652.8125 2653.28125 2672.34375 2685.3125 2704.84375 2719.21875 2718.75 2713.90625 2732.65625 2748.75
2425 2482.96875 2536.71875 2609.6875 2657.96875 2702.96875 2710.9375 2754.53125 2789.53125 2767.96875 2761.5625 2766.5625 2756.40625 2745 2730.15625 2717.5 2696.71875 2639.84375 2618.59375 2596.875 2579.53125 2564.53125 2465.46875 2232.1875 2154.0625 2185.9375 2375.625 2490 2511.40625 2527.03125 2586.875 2613.75 2626.40625 2634.84375 2652.03125 2660.625 2683.59375 2680.15625 2662.1875 2660.15625 2649.6875 2625 2573.125 2545.78125 2580 2603.4375 2607.65625 2600 2620.9375 2650.46875 2671.40625 2683.90625 2684.84375 2680.46875 2695.3125 2728.28125 2747.8125 2745 2731.875 2745.15625
2177.65625 2241.09375 2401.875 2530.9375 2632.96875 2651.71875 2676.09375 2749.375 2755.3125 2703.4375 2629.6875 2672.96875 2730 2731.71875 2700 2660.625 2664.0625 2617.65625 2583.125 2517.03125 2542.65625 2522.5 2383.28125 2124.375 2130.46875 2199.375 2360.46875 2543.75 2555.625 2576.71875 2590.625 2607.96875 2635.46875 2639.375 2630 2669.375 2641.71875 2628.90625 2627.34375 2626.40625 2642.8125 2625.625 2609.0625 2584.375 2574.21875 2589.53125 2599.21875 2623.4375 2637.5 2656.71875 2665.46875 2675.46875 2684.84375 2690.15625 2703.75 2743.59375 2755.9375 2769.6875 2778.28125 2770.78125
1983.125 2015.46875 2191.25 2418.28125 2544.84375 2637.65625 2583.75 2706.09375 2721.5625 2679.375 2615 2544.84375 2594.0625 2656.875 2599.84375 2453.125 2460.46875 2500.3125 2502.1875 2498.4375 2390.9375 2340 2155.46875 2107.96875 2154.6875 2231.5625 2332.8125 2506.71875 2512.96875 2547.5 2597.34375 2609.0625 2618.125 2612.34375 2620.46875 2655.625 2639.0625 2604.0625 2591.25 2601.25 2622.96875 2596.40625 2570.9375 2575 2592.65625 2614.21875 2619.21875 2632.96875 2650.78125 2655.46875 2680.9375 2690.9375 2675.3125 2669.21875 2653.90625 2717.03125 2753.75 2762.5 2770 2790.15625
2374.84375 2338.125 2307.5 2297.5 2464.375 2524.21875 2485.9375 2439.375 2556.5625 2435.9375 2419.6875 2342.03125 2367.34375 2507.5 2528.59375 2391.71875 2371.5625 2424.6875 2410 2342.65625 2200.46875 2194.6875 2022.5 2055.78125 2084.375 2195.46875 2320.15625 2449.375 2500.625 2522.65625 2599.53125 2626.5625 2536.40625 2570.3125 2636.25 2640.78125 2649.6875 2620.15625 2566.25 2538.90625 2576.09375 2569.6875 2571.875 2588.28125 2611.875 2612.8125 2638.75 2660 2677.8125 2691.875 2705.78125 2708.75 2722.34375 2719.375 2721.875 2757.03125 2785 2792.8125 2796.40625 2794.84375
2484.6875 2515.15625 2533.125 2526.875 2608.90625 2601.71875 2501.25 2510.3125 2611.5625 2446.5625 2370.15625 2245.46875 2276.5625 2384.6875 2543.75 2554.53125 2474.53125 2395.9375 2323.4375 2250.46875 2086.5625 2080.9375 1999.6875 2092.8125 2174.375 2310.78125 2433.59375 2453.28125 2490.15625 2542.34375 2592.34375 2615.3125 2566.40625 2549.0625 2631.25 2620.625 2642.65625 2630.3125 2592.34375 2500.15625 2523.90625 2575.625 2596.875 2615 2629.375 2643.28125 2657.1875 2672.03125 2694.21875 2703.75 2697.03125 2702.1875 2705.15625 2746.5625 2769.0625 2774.375 2791.71875 2782.65625 2759.21875 2765.9375
2497.8125 2551.09375 2598.4375 2655 2713.59375 2753.125 2781.5625 2809.6875 2833.28125 2765.15625 2675.78125 2604.53125 2624.21875 2586.5625 2600.9375 2627.1875 2596.25 2547.8125 2472.03125 2336.25 2219.53125 2105.15625 2063.125 2233.75 2371.40625 2425.78125 2432.8125 2451.40625 2500.9375 2531.5625 2590.46875 2620.46875 2605.78125 2584.84375 2601.25 2612.1875 2642.34375 2644.84375 2618.90625 2551.5625 2509.84375 2565.15625 2586.5625 2594.6875 2614.0625 2634.6875 2661.40625 2670.3125 2690.78125 2688.125 2683.59375 2715.9375 2740.46875 2754.53125 2750.46875 2746.09375 2750.46875 2754.0625 2753.90625 2771.875
2536.71875 2551.875 2598.90625 2656.40625 2709.375 2741.71875 2775.9375 2811.40625 2836.875 2813.75 2764.6875 2741.40625 2705.3125 2684.53125 2677.1875 2649.21875 2605.9375 2573.59375 2500.625 2446.5625 2362.5 2278.4375 2287.03125 2358.4375 2428.59375 2460.15625 2489.84375 2492.65625 2500.46875 2564.0625 2613.125 2611.09375 2581.40625 2594.21875 2606.875 2625 2615 2628.125 2628.90625 2589.53125 2512.65625 2546.71875 2570.625 2586.71875 2600.78125 2626.5625 2647.03125 2655 2658.4375 2688.59375 2725 2730.9375 2732.34375 2724.0625 2716.71875 2710.9375 2733.75 2769.375 2775.3125 2783.4375
2558.75 2605.78125 2636.09375 2663.28125 2692.1875 2716.40625 2763.4375 2801.71875 2826.71875 2815 2775.46875 2738.28125 2711.71875 2675.78125 2649.84375 2634.0625 2623.59375 2594.6875 2566.71875 2541.09375 2512.5 2480.78125 2454.6875 2410.625 2441.875 2514.375 2549.21875 2575.46875 2593.4375 2614.6875 2600 2605.15625 2591.875 2592.5 2596.875 2583.90625 2611.875 2585.15625 2589.21875 2589.375 2528.125 2509.375 2558.90625 2558.75 2600.46875 2627.34375 2645.9375 2665.78125 2690.15625 2697.96875 2706.40625 2710.78125 2725.3125 2730.625 2735.15625 2740.15625 2746.875 2757.96875 2770.46875 2782.5
2601.40625 2635 2657.65625 2657.5 2672.34375 2735.15625 2759.53125 2782.96875 2818.125 2788.90625 2747.65625 2707.34375 2712.5 2685.15625 2652.34375 2627.03125 2605.15625 2591.09375 2581.09375 2564.0625 2545.9375 2530.3125 2513.4375 2534.84375 2535.9375 2541.875 2584.21875 2607.1875 2597.03125 2594.6875 2567.65625 2584.84375 2576.5625 2568.125 2567.8125 2590.46875 2588.75 2572.1875 2548.125 2540 2532.65625 2505.9375 2548.4375 2595.15625 2618.4375 2622.65625 2630.9375 2658.28125 2656.25 2659.53125 2683.59375 2693.28125 2716.09375 2714.375 2717.8125 2737.1875 2769.6875 2782.96875 2790.9375 2794.375
2607.65625 2641.40625 2657.34375 2656.5625 2676.09375 2728.125 2781.5625 2792.8125 2769.53125 2749.53125 2757.96875 2732.96875 2690.15625 2666.09375 2638.28125 2627.03125 2613.59375 2589.375 2573.90625 2552.8125 2540.78125 2519.6875 2504.53125 2520.3125 2547.8125 2576.5625 2594.84375 2591.875 2570.9375 2568.4375 2578.125 2603.75 2606.40625 2591.40625 2567.5 2578.28125 2567.96875 2561.40625 2570 2544.53125 2526.40625 2512.1875 2550 2569.6875 2568.59375 2578.75 2603.59375 2614.0625 2615 2638.75 2670.625 2700.46875 2712.1875 2716.875 2742.34375 2758.28125 2759.21875 2770 2767.65625 2764.21875
2626.40625 2652.96875 2680.78125 2702.65625 2715.9375 2769.375 2768.125 2758.59375 2704.6875 2726.25 2724.84375 2721.09375 2693.4375 2667.5 2629.0625 2606.09375 2599.375 2570.78125 2559.0625 2533.28125 2518.90625 2519.0625 2543.28125 2562.34375 2554.375 2577.03125 2591.875 2588.90625 2594.53125 2602.8125 2602.1875 2611.5625 2623.59375 2629.84375 2598.59375 2606.71875 2604.53125 2602.5 2600 2554.53125 2579.84375 2547.5 2562.96875 2561.25 2574.53125 2602.96875 2602.65625 2601.875 2626.71875 2650.15625 2657.65625 2676.25 2691.5625 2704.84375 2721.875 2739.53125 2742.8125 2730 2741.5625 2715.9375
2658.75 2684.6875 2701.25 2728.28125 2752.96875 2750.625 2732.8125 2741.5625 2697.34375 2704.6875 2696.71875 2698.28125 2675.46875 2651.09375 2636.71875 2625.3125 2591.40625 2555.625 2521.09375 2485 2502.1875 2536.25 2548.4375 2563.90625 2571.09375 2567.03125 2574.84375 2539.0625 2532.03125 2597.96875 2615.625 2627.8125 2635.46875 2647.8125 2647.03125 2640.625 2651.09375 2641.875 2621.09375 2608.59375 2624.0625 2624.0625 2596.40625 2623.4375 2591.875 2625.3125 2647.03125 2642.5 2618.75 2597.96875 2630.625 2647.34375 2654.21875 2676.40625 2706.09375 2701.5625 2701.71875 2709.84375 2687.8125 2708.59375
2645.15625 2690.78125 2714.53125 2712.03125 2718.59375 2729.0625 2699.6875 2712.96875 2683.59375 2662.34375 2661.5625 2666.71875 2638.28125 2614.84375 2602.1875 2614.84375 2586.5625 2553.59375 2479.21875 2477.03125 2514.21875 2539.21875 2549.375 2551.875 2561.71875 2566.875 2565 2573.59375 2567.96875 2607.1875 2616.875 2612.5 2631.71875 2664.6875 2670.46875 2662.8125 2669.21875 2665.46875 2654.0625 2650.78125 2668.28125 2670.625 2652.1875 2655.15625 2665.3125 2671.09375 2665 2672.5 2650.46875 2633.59375 2609.6875 2597.65625 2636.71875 2663.4375 2678.59375 2667.65625 2683.125 2674.53125 2645.9375 2678.90625
2677.96875 2695 2691.09375 2650.15625 2659.0625 2694.375 2713.75 2681.875 2625.9375 2607.1875 2619.375 2622.1875 2590 2580.46875 2586.71875 2587.96875 2561.09375 2521.71875 2452.5 2379.6875 2359.375 2489.84375 2515.15625 2533.75 2535.9375 2557.96875 2578.75 2587.1875 2588.75 2613.90625 2633.4375 2649.53125 2652.03125 2642.65625 2678.4375 2687.5 2677.03125 2677.5 2683.75 2686.25 2691.09375 2686.875 2698.4375 2713.4375 2717.03125 2712.34375 2700 2689.0625 2676.875 2675.625 2638.59375 2621.71875 2608.59375 2631.09375 2629.53125 2621.09375 2627.1875 2625.46875 2626.09375 2646.5625
2568.59375 2674.375 2656.875 2623.28125 2619.21875 2678.28125 2689.84375 2647.34375 2593.75 2458.59375 2450.78125 2545.625 2512.34375 2514.6875 2541.25 2544.375 2480.9375 2434.0625 2392.34375 2325.15625 2344.21875 2299.53125 2378.4375 2458.59375 2491.40625 2532.34375 2543.4375 2563.75 2578.75 2591.09375 2617.03125 2647.1875 2671.25 2671.25 2578.90625 2491.09375 2446.09375 2469.0625 2576.5625 2659.375 2628.4375 2640.78125 2573.90625 2580.78125 2594.0625 2615.625 2637.03125 2643.90625 2640.3125 2662.96875 2662.1875 2637.1875 2612.1875 2635.15625 2650.9375 2636.25 2636.5625 2654.53125 2629.375 2622.8125
2501.25 2630.15625 2625.46875 2603.4375 2609.21875 2656.5625 2667.65625 2624.84375 2471.5625 2378.125 2405.625 2409.53125 2385.15625 2389.53125 2493.75 2481.5625 2439.53125 2428.75 2424.0625 2411.875 2395.46875 2411.71875 2404.21875 2396.875 2428.90625 2452.96875 2461.5625 2476.25 2506.5625 2577.1875 2623.90625 2667.5 2675.15625 2609.53125 2512.65625 2358.90625 2232.5 2282.1875 2509.6875 2555.78125 2459.84375 2393.4375 2368.4375 2379.53125 2408.4375 2447.1875 2535.625 2548.28125 2567.1875 2640.78125 2658.28125 2640.9375 2644.375 2649.21875 2677.8125 2673.90625 2677.65625 2651.5625 2641.71875 2633.28125
2270.9375 2488.125 2523.28125 2511.875 2504.0625 2601.71875 2621.25 2483.28125 2436.25 2414.84375 2440.625 2436.40625 2406.40625 2458.125 2466.875 2480.625 2497.03125 2486.71875 2464.53125 2485.3125 2448.4375 2493.59375 2529.21875 2495.15625 2510.9375 2555.15625 2570.46875 2553.28125 2532.34375 2529.53125 2607.8125 2681.25 2682.03125 2647.96875 2619.375 2466.71875 2267.03125 2249.53125 2326.5625 2305.625 2338.4375 2286.25 2294.6875 2339.53125 2335.625 2440.46875 2501.875 2540.9375 2576.40625 2597.03125 2652.34375 2670.46875 2673.75 2683.90625 2696.40625 2678.125 2684.84375 2683.75 2652.1875 2619.0625
2092.1875 2238.4375 2382.03125 2434.0625 2450.78125 2493.59375 2455.78125 2453.90625 2470.78125 2482.96875 2476.71875 2504.0625 2482.5 2505.625 2522.5 2538.75 2545.3125 2532.03125 2498.59375 2489.53125 2496.5625 2546.71875 2563.28125 2585.78125 2602.96875 2620.78125 2617.1875 2583.90625 2559.6875 2607.5 2676.25 2684.84375 2658.4375 2619.84375 2589.84375 2519.375 2359.0625 2268.75 2201.5625 2162.34375 2187.5 2113.4375 2238.59375 2217.8125 2292.1875 2374.53125 2360.3125 2528.4375 2572.1875 2596.40625 2619.21875 2577.1875 2600.625 2632.96875 2676.25 2692.03125 2710.46875 2701.25 2651.71875 2620.625
2138.4375 2189.375 2244.375 2304.21875 2386.71875 2431.71875 2427.65625 2451.875 2463.28125 2487.1875 2500.78125 2519.0625 2529.6875 2539.84375 2550.15625 2565.3125 2566.40625 2529.0625 2503.90625 2550.625 2566.25 2522.5 2574.84375 2629.6875 2633.4375 2631.71875 2632.5 2614.21875 2564.53125 2629.53125 2609.6875 2595.9375 2596.875 2555 2526.40625 2407.34375 2363.4375 2300.46875 2247.8125 2221.40625 2169.375 2115 2038.125 2066.40625 2200.78125 2230.46875 2230.625 2365 2495.625 2575.15625 2509.375 2489.0625 2551.71875 2588.75 2629.53125 2687.34375 2712.1875 2675.3125 2640.46875 2609.375
2226.5625 2258.28125 2252.1875 2292.8125 2330.625 2362.96875 2419.375 2422.03125 2384.0625 2420.78125 2452.96875 2446.40625 2466.875 2516.71875 2502.34375 2521.71875 2536.875 2557.03125 2562.5 2581.40625 2610.78125 2609.84375 2603.28125 2607.65625 2570.9375 2601.71875 2618.125 2637.65625 2610.625 2553.28125 2484.84375 2445.46875 2443.59375 2459.0625 2500.3125 2404.375 2304.21875 2281.71875 2262.96875 2243.59375 2223.59375 2119.53125 2053.125 2014.53125 2038.90625 2165.78125 2168.59375 2279.21875 2377.65625 2430.78125 2400.9375 2460 2560.9375 2606.5625 2640.625 2676.875 2719.375 2672.03125 2619.0625 2635.78125
2274.84375 2293.28125 2286.09375 2279.84375 2303.125 2314.375 2372.1875 2422.8125 2401.25 2391.09375 2355.9375 2289.84375 2321.71875 2432.8125 2267.1875 2262.5 2350.9375 2449.84375 2514.84375 2567.03125 2575.78125 2565.625 2571.71875 2559.6875 2571.875 2601.25 2640.15625 2625.9375 2520.78125 2492.96875 2473.75 2414.21875 2351.40625 2320.46875 2420.9375 2405.625 2342.96875 2329.0625 2322.65625 2309.53125 2282.8125 2239.84375 2130.46875 2099.53125 2068.90625 2155.3125 2152.96875 2148.125 2270 2315.78125 2347.03125 2441.5625 2502.65625 2533.125 2575.3125 2642.34375 2692.65625 2686.25 2688.125 2685
2237.1875 2256.40625 2283.4375 2327.03125 2334.0625 2363.125 2387.1875 2378.75 2377.1875 2385.78125 2406.40625 2403.75 2411.71875 2418.4375 2347.65625 2216.71875 2220.46875 2285.3125 2474.84375 2518.28125 2331.875 2316.09375 2395.625 2473.90625 2545.3125 2610.78125 2629.375 2615.625 2443.125 2483.125 2462.1875 2404.53125 2375.3125 2348.4375 2327.65625 2326.875 2333.125 2341.40625 2338.75 2309.0625 2264.6875 2255.625 2232.8125 2190.15625 2085.46875 2132.96875 2097.5 2140.9375 2201.40625 2184.21875 2286.71875 2388.125 2501.25 2565.15625 2610.78125 2654.375 2677.65625 2712.5 2727.8125 2732.8125
2285.3125 2315.3125 2341.5625 2367.96875 2374.375 2370.625 2370.15625 2379.6875 2397.1875 2417.96875 2430.9375 2415.625 2386.5625 2361.09375 2357.1875 2325.3125 2341.25 2429.84375 2476.875 2495.625 2431.5625 2329.0625 2217.65625 2344.21875 2506.71875 2530.9375 2570 2632.8125 2613.28125 2545.9375 2448.28125 2343.28125 2252.34375 2366.40625 2358.28125 2353.90625 2344.375 2349.6875 2341.5625 2340.625 2317.34375 2286.40625 2277.8125 2248.125 2190.9375 2169.0625 2097.8125 2114.6875 2140.78125 2135.46875 2283.28125 2367.34375 2511.875 2577.96875 2623.75 2655.78125 2670.46875 2686.25 2688.125 2737.03125
2347.03125 2368.28125 2390.3125 2404.84375 2412.5 2410 2411.25 2430.3125 2441.875 2448.28125 2429.53125 2417.34375 2408.4375 2396.71875 2381.875 2331.71875 2335.46875 2421.5625 2502.03125 2525.15625 2502.96875 2468.4375 2467.03125 2475.46875 2453.59375 2318.59375 2349.53125 2510 2503.4375 2447.34375 2311.25 2191.5625 2086.25 2224.21875 2313.28125 2287.8125 2329.84375 2361.875 2365.46875 2349.375 2342.8125 2319.84375 2303.75 2280.46875 2257.1875 2237.1875 2150 2170.9375 2233.28125 2267.03125 2307.8125 2376.5625 2559.375 2641.71875 2671.5625 2692.34375 2712.03125 2683.59375 2658.4375 2725.46875
2345.9375 2367.8125 2392.8125 2400.625 2415 2432.1875 2440.625 2445.78125 2454.53125 2462.8125 2453.59375 2437.03125 2437.65625 2439.6875 2427.34375 2423.59375 2431.40625 2417.8125 2489.53125 2527.03125 2526.71875 2523.125 2502.8125 2462.5 2432.96875 2470.46875 2494.375 2544.0625 2563.28125 2472.96875 2406.71875 2232.5 2297.5 2274.53125 2339.84375 2338.125 2268.75 2314.53125 2359.84375 2358.28125 2348.125 2328.125 2296.5625 2275.9375 2269.375 2272.1875 2253.75 2252.8125 2211.71875 2236.09375 2224.6875 2334.375 2562.34375 2661.40625 2689.21875 2696.09375 2703.125 2714.53125 2723.59375 2707.5
