Cases/SDM_Urocitellus_beldingi/westernUsClimate_hadley2080a2/BIO13.asc
NCOLS 315 
NROWS 297 
XLLCORNER -124.741664802 
YLLCORNER 29.2083311801598 
CELLSIZE 0.066666670143822 
NODATA_value -3.4e+38 
[rows 112 to 139 of 297, columns 0 to 61 of 315]
-3.4e+38 -3.4e+38 -3.4e+38 -3.4e+38 -3.4e+38 -3.4e+38 -3.4e+38 -3.4e+38 -3.4e+38 29500 29501.6129032258 29293.75 26115.625 25812.5 24271.875 22060.9375 21032.8125 21809.375 22110.9375 17946.875 17526.5625 16471.875 15037.5 14796.875 16362.5 13948.4375 11651.5625 9904.6875 9451.5625 9390.625 10079.6875 9715.625 8748.4375 9896.875 10714.0625 10660.9375 9456.25 8785.9375 9426.5625 10003.125 8601.5625 9365.625 7837.5 7498.4375 7254.6875 6853.125 6782.8125 6662.5 6376.5625 5981.25 5490.625 5270.3125 5117.1875 5062.5 5032.8125 5015.625 5057.8125 4953.125 4859.375 4689.0625 4675 4521.875
-3.4e+38 -3.4e+38 -3.4e+38 -3.4e+38 -3.4e+38 -3.4e+38 -3.4e+38 -3.4e+38 -3.4e+38 -3.4e+38 28294.3396226415 28179.6875 27623.4375 26154.6875 24173.4375 22396.875 20778.125 20184.375 22210.9375 18743.75 18307.8125 16748.4375 16060.9375 15953.125 13757.8125 15181.25 13789.0625 10360.9375 9556.25 9296.875 10393.75 10157.8125 10970.3125 9915.625 10635.9375 10323.4375 9848.4375 13675 14898.4375 10135.9375 9604.6875 9120.3125 8378.125 7890.625 7626.5625 7420.3125 7117.1875 6745.3125 6431.25 6142.1875 5870.3125 5620.3125 5431.25 5296.875 5471.875 5089.0625 5015.625 4907.8125 4809.375 4556.25 4329.6875 4282.8125
-3.4e+38 -3.4e+38 -3.4e+38 -3.4e+38 -3.4e+38 -3.4e+38 -3.4e+38 -3.4e+38 -3.4e+38 -3.4e+38 26849.1525423729 26845.3125 26415.625 24853.125 22871.875 22496.875 21707.8125 21282.8125 21793.75 20762.5 18285.9375 16889.0625 17125 14490.625 13698.4375 13598.4375 15343.75 10759.375 9520.3125 10015.625 9726.5625 11018.75 14023.4375 12240.625 11068.75 11373.4375 10798.4375 13903.125 15015.625 10457.8125 10303.125 11157.8125 9885.9375 8782.8125 8762.5 8398.4375 8189.0625 7750 7104.6875 6693.75 6262.5 5975 5676.5625 5487.5 5354.6875 5146.875 5017.1875 5284.375 5290.625 4787.5 4429.6875 4432.8125
-3.4e+38 -3.4e+38 -3.4e+38 -3.4e+38 -3.4e+38 -3.4e+38 -3.4e+38 -3.4e+38 -3.4e+38 24754.5454545455 25356.25 26007.8125 25650 24850 23410.9375 23165.625 22228.125 22307.8125 20712.5 18575 19260.9375 16565.625 16298.4375 14937.5 13843.75 13084.375 15735.9375 13329.6875 10145.3125 10340.625 11085.9375 12815.625 12684.375 14071.875 12745.3125 13098.4375 14990.625 11750 11921.875 13612.5 14879.6875 14242.1875 12714.0625 10926.5625 9920.3125 9328.125 9101.5625 8573.4375 7662.5 7175 6768.75 6287.5 5934.375 5653.125 5487.5 5696.875 5495.3125 5096.875 5895.3125 5601.5625 4910.9375 4707.8125
-3.4e+38 -3.4e+38 -3.4e+38 -3.4e+38 -3.4e+38 -3.4e+38 -3.4e+38 -3.4e+38 -3.4e+38 23650 24843.75 25329.6875 25071.875 24501.5625 23840.625 22592.1875 22423.4375 21829.6875 20120.3125 18337.5 17826.5625 18015.625 16426.5625 14671.875 14506.25 14268.75 15509.375 14576.5625 14110.9375 15048.4375 13139.0625 11543.75 12725 13295.3125 12382.8125 12592.1875 15625 16878.125 17662.5 19742.1875 18820.3125 15914.0625 14087.5 12931.25 11326.5625 10637.5 10017.1875 9207.8125 8362.5 7642.1875 7212.5 6781.25 6312.5 5839.0625 5529.6875 5590.625 5190.625 4817.1875 5309.375 6135.9375 5535.9375 5001.5625
-3.4e+38 -3.4e+38 -3.4e+38 -3.4e+38 -3.4e+38 -3.4e+38 -3.4e+38 -3.4e+38 21300 22630.1886792453 24973.4375 24176.5625 24493.75 24150 23296.875 22485.9375 21571.875 20746.875 19784.375 18909.375 18262.5 16773.4375 16268.75 15075 14054.6875 13853.125 16451.5625 15843.75 14915.625 14567.1875 12904.6875 12185.9375 12826.5625 13318.75 13248.4375 15520.3125 18875 17951.5625 19659.375 20498.4375 18339.0625 13481.25 13009.375 12401.5625 11812.5 11451.5625 10773.4375 9685.9375 8701.5625 7956.25 7404.6875 7439.0625 6784.375 6101.5625 5735.9375 5407.8125 5110.9375 4953.125 5071.875 5823.4375 5759.375 5264.0625
-3.4e+38 -3.4e+38 -3.4e+38 -3.4e+38 -3.4e+38 -3.4e+38 -3.4e+38 -3.4e+38 21675 22625 23201.5625 24520.3125 23420.3125 23895.3125 22932.8125 21739.0625 21573.4375 20506.25 19964.0625 18842.1875 17700 16965.625 16840.625 15434.375 14625 14064.0625 15760.9375 14653.125 13998.4375 13104.6875 13193.75 13535.9375 13457.8125 13540.625 13812.5 17445.3125 19190.625 18562.5 20821.875 20381.25 18676.5625 17045.3125 18550 15570.3125 12537.5 12231.25 11323.4375 10028.125 8826.5625 8118.75 7592.1875 7223.4375 7156.25 6420.3125 6040.625 5715.625 5564.0625 5210.9375 5223.4375 5029.6875 5079.6875 5137.5
-3.4e+38 -3.4e+38 -3.4e+38 -3.4e+38 -3.4e+38 -3.4e+38 -3.4e+38 -3.4e+38 20500 20921.7391304348 21790.625 22923.4375 23371.875 23006.25 23085.9375 21848.4375 20975 20668.75 19898.4375 19310.9375 17784.375 16882.8125 16648.4375 16018.75 16142.1875 16201.5625 16475 16145.3125 16242.1875 14242.1875 14526.5625 14639.0625 14870.3125 14351.5625 16615.625 21031.25 20676.5625 20018.75 22351.5625 19981.25 21364.0625 21487.5 21351.5625 17245.3125 14190.625 13135.9375 11115.625 10057.8125 9107.8125 8139.0625 7771.875 7370.3125 7295.3125 6882.8125 6395.3125 6314.0625 6223.4375 5820.3125 5578.125 5593.75 4962.5 4832.8125
-3.4e+38 -3.4e+38 -3.4e+38 -3.4e+38 -3.4e+38 -3.4e+38 -3.4e+38 -3.4e+38 -3.4e+38 18902.1739130435 20023.4375 22676.5625 23932.8125 22692.1875 23054.6875 22412.5 20584.375 20464.0625 19715.625 18879.6875 17978.125 17171.875 17551.5625 16051.5625 16507.8125 18514.0625 16673.4375 16825 15837.5 14121.875 15773.4375 16423.4375 14878.125 16592.1875 21318.75 21535.9375 20960.9375 21798.4375 23456.25 22368.75 23012.5 22735.9375 20306.25 17825 15832.8125 13398.4375 10842.1875 9265.625 8779.6875 8401.5625 8118.75 7660.9375 7489.0625 7279.6875 7371.875 7153.125 6637.5 6318.75 6125 5909.375 5648.4375 5276.5625
-3.4e+38 -3.4e+38 -3.4e+38 -3.4e+38 -3.4e+38 -3.4e+38 -3.4e+38 -3.4e+38 17316.6666666667 17630.6451612903 18401.5625 21300 22031.25 23162.5 23059.375 22403.125 20921.875 19964.0625 19620.3125 18801.5625 18043.75 17750 18040.625 16231.25 15376.5625 16367.1875 15709.375 16053.125 15220.3125 15200 16335.9375 15842.1875 15898.4375 18342.1875 21039.0625 23654.6875 22381.25 23581.25 23254.6875 24493.75 23184.375 22935.9375 20200 17468.75 16615.625 13489.0625 10523.4375 9148.4375 8978.125 9181.25 8931.25 8795.3125 8276.5625 7807.8125 7629.6875 7043.75 6642.1875 6496.875 6387.5 5743.75 5229.6875 4831.25
-3.4e+38 -3.4e+38 -3.4e+38 -3.4e+38 -3.4e+38 -3.4e+38 -3.4e+38 -3.4e+38 16854.0540540541 17025 19517.1875 19693.75 21543.75 23981.25 22971.875 22917.1875 21631.25 19950 19487.5 18920.3125 18248.4375 17518.75 17032.8125 16182.8125 15392.1875 15270.3125 16845.3125 15075 15795.3125 16810.9375 16357.8125 16389.0625 17626.5625 19228.125 22712.5 24064.0625 24093.75 23687.5 23293.75 24192.1875 24104.6875 22903.125 20601.5625 19737.5 16790.625 15104.6875 13346.875 11796.875 9890.625 9943.75 10203.125 9926.5625 9303.125 8826.5625 8101.5625 7551.5625 7229.6875 7276.5625 6895.3125 5978.125 5276.5625 4906.25
-3.4e+38 -3.4e+38 -3.4e+38 -3.4e+38 -3.4e+38 -3.4e+38 -3.4e+38 17860 17326.7857142857 17803.125 20118.75 23775 20771.875 22826.5625 23939.0625 22957.8125 22271.875 20509.375 20250 19056.25 18126.5625 17106.25 16404.6875 15915.625 15659.375 15714.0625 15670.3125 15537.5 16093.75 17123.4375 16137.5 17868.75 18907.8125 18556.25 21870.3125 23993.75 23790.625 23143.75 23334.375 23165.625 22845.3125 22017.1875 19892.1875 17581.25 15373.4375 15787.5 14028.125 13426.5625 11537.5 10390.625 11154.6875 10573.4375 10071.875 9843.75 9137.5 8573.4375 8203.125 7873.4375 7337.5 6740.625 5756.25 6071.875
-3.4e+38 -3.4e+38 -3.4e+38 -3.4e+38 -3.4e+38 -3.4e+38 20033.3333333333 19066.0714285714 19356.25 19675 20671.875 24684.375 24487.5 23284.375 24198.4375 23420.3125 22467.1875 21217.1875 20025 19960.9375 18720.3125 17884.375 16623.4375 16398.4375 16298.4375 15967.1875 15739.0625 16581.25 17251.5625 16712.5 16718.75 19485.9375 18828.125 19160.9375 23359.375 23250 22698.4375 22051.5625 21587.5 21495.3125 21240.625 20157.8125 18607.8125 18046.875 16171.875 15582.8125 14056.25 13154.6875 12734.375 11987.5 11817.1875 11150 10598.4375 10090.625 9673.4375 9159.375 8535.9375 7840.625 7326.5625 6609.375 5859.375 6323.4375
-3.4e+38 -3.4e+38 -3.4e+38 -3.4e+38 -3.4e+38 -3.4e+38 21148.6486486487 20498.4375 21103.125 23198.4375 24540.625 23904.6875 25129.6875 23878.125 23778.125 23635.9375 22971.875 22312.5 20309.375 19131.25 18339.0625 17495.3125 17762.5 17067.1875 16729.6875 15637.5 16185.9375 16412.5 16009.375 16328.125 17139.0625 19139.0625 21532.8125 21404.6875 21631.25 20860.9375 20120.3125 19306.25 18940.625 18746.875 18684.375 18590.625 17337.5 16898.4375 17029.6875 15303.125 14015.625 13795.3125 13592.1875 13139.0625 12390.625 11759.375 11265.625 10734.375 10157.8125 9978.125 9032.8125 8676.5625 7731.25 6803.125 6201.5625 6164.0625
-3.4e+38 -3.4e+38 -3.4e+38 -3.4e+38 -3.4e+38 24200 23641.2698412698 22534.375 21218.75 22118.75 23746.875 24198.4375 24782.8125 25459.375 24900 24239.0625 23473.4375 22543.75 21412.5 19562.5 19393.75 18317.1875 16614.0625 15631.25 15293.75 15718.75 15837.5 15984.375 16085.9375 16573.4375 16631.25 16945.3125 19392.1875 21314.0625 20031.25 18868.75 18439.0625 17534.375 16878.125 16809.375 16946.875 16850 15976.5625 16178.125 17212.5 16520.3125 15296.875 14050 13860.9375 13331.25 12929.6875 12423.4375 12046.875 11565.625 10896.875 10256.25 9690.625 9589.0625 8195.3125 7406.25 7060.9375 6104.6875
-3.4e+38 -3.4e+38 -3.4e+38 -3.4e+38 -3.4e+38 26652.380952381 27475 27156.25 24848.4375 23220.3125 23301.5625 23487.5 24634.375 25487.5 23737.5 24403.125 23945.3125 22943.75 21939.0625 20407.8125 19762.5 19268.75 17370.3125 15795.3125 15856.25 15896.875 16385.9375 15706.25 16420.3125 16551.5625 16884.375 18023.4375 19226.5625 19225 18123.4375 17203.125 16610.9375 15770.3125 15217.1875 15440.625 15803.125 15309.375 15937.5 16635.9375 16639.0625 16792.1875 16437.5 14579.6875 14650 13879.6875 13446.875 12987.5 12928.125 12210.9375 11575 10904.6875 10292.1875 9715.625 9104.6875 8562.5 8043.75 6939.0625
-3.4e+38 -3.4e+38 -3.4e+38 -3.4e+38 -3.4e+38 28147.3684210526 28304.6875 28456.25 28182.8125 27132.8125 25500 24132.8125 24312.5 25042.1875 24571.875 25115.625 24176.5625 22981.25 22348.4375 20935.9375 20070.3125 19409.375 18148.4375 16604.6875 16110.9375 16632.8125 17317.1875 15865.625 15700 16343.75 17198.4375 17550 17350 17250 16781.25 16115.625 14978.125 13876.5625 13279.6875 13971.875 14371.875 14075 13775 13789.0625 15243.75 16771.875 16414.0625 15364.0625 15070.3125 14520.3125 14085.9375 13759.375 13354.6875 12789.0625 12185.9375 11632.8125 10957.8125 10259.375 9737.5 8951.5625 7789.0625 6879.6875
-3.4e+38 -3.4e+38 -3.4e+38 -3.4e+38 -3.4e+38 29207.6923076923 29923.4375 29731.25 29251.5625 28664.0625 27953.125 26493.75 24848.4375 25795.3125 25385.9375 24659.375 24212.5 23246.875 22371.875 21303.125 20396.875 18917.1875 18315.625 18701.5625 17815.625 16906.25 15898.4375 15426.5625 15679.6875 16257.8125 16404.6875 16328.125 15787.5 15257.8125 14650 14006.25 13220.3125 12460.9375 11718.75 12095.3125 12625 13271.875 12918.75 13242.1875 15042.1875 16968.75 16735.9375 16289.0625 15973.4375 15239.0625 15085.9375 14723.4375 14181.25 13573.4375 13070.3125 12496.875 11826.5625 11051.5625 10217.1875 9246.875 8384.375 7296.875
-3.4e+38 -3.4e+38 -3.4e+38 -3.4e+38 -3.4e+38 30253.8461538462 30642.1875 31079.6875 29867.1875 29246.875 28509.375 27884.375 25965.625 25267.1875 24515.625 24345.3125 24120.3125 23482.8125 22581.25 21490.625 20415.625 19871.875 18295.3125 18014.0625 18351.5625 17804.6875 16365.625 15640.625 15539.0625 15607.8125 15484.375 15290.625 14890.625 14059.375 13443.75 12793.75 12128.125 11437.5 10821.875 11320.3125 12196.875 12846.875 12921.875 14062.5 14828.125 16703.125 17070.3125 17218.75 16735.9375 16287.5 15614.0625 15331.25 14950 14706.25 14401.5625 13567.1875 12825 11854.6875 11300 10356.25 10039.0625 9228.125
-3.4e+38 -3.4e+38 -3.4e+38 -3.4e+38 -3.4e+38 31133.3333333333 31172 31129.6875 30989.0625 30075 29210.9375 28679.6875 27473.4375 25495.3125 25509.375 24135.9375 23135.9375 23221.875 22776.5625 21682.8125 20340.625 19359.375 19473.4375 18070.3125 17612.5 18432.8125 18384.375 17476.5625 15978.125 15090.625 14806.25 14403.125 13676.5625 13003.125 12471.875 11590.625 10726.5625 10117.1875 10057.8125 11342.1875 11978.125 12534.375 13245.3125 13903.125 14810.9375 15592.1875 16825 16676.5625 16900 16440.625 16106.25 16004.6875 15662.5 15651.5625 15731.25 14171.875 13431.25 12723.4375 11831.25 10890.625 10095.3125 9589.0625
-3.4e+38 -3.4e+38 -3.4e+38 -3.4e+38 -3.4e+38 -3.4e+38 31600 30882.1428571429 30320.6349206349 30023.4375 29637.5 28989.0625 28129.6875 27182.8125 25864.0625 25751.5625 23807.8125 22978.125 22560.9375 21609.375 20006.25 19275 18523.4375 18706.25 18459.375 18839.0625 19754.6875 18828.125 17440.625 15310.9375 14470.3125 13850 13021.875 12109.375 11243.75 10381.25 9635.9375 9154.6875 9153.125 9946.875 11471.875 12570.3125 13759.375 14656.25 15204.6875 15168.75 14903.125 15317.1875 16353.125 16782.8125 16553.125 16281.25 16121.875 16098.4375 16215.625 15710.9375 15096.875 14064.0625 13046.875 12096.875 11320.3125 9776.5625
-3.4e+38 -3.4e+38 -3.4e+38 -3.4e+38 -3.4e+38 -3.4e+38 -3.4e+38 -3.4e+38 30118.1818181818 30060 29803.125 29282.8125 28381.25 27128.125 26343.75 25954.6875 24882.8125 23196.875 22279.6875 21425 20253.125 19425 19220.3125 19193.75 19851.5625 19873.4375 19739.0625 18170.3125 17392.1875 16739.0625 14806.25 13487.5 12250 11137.5 10378.125 9796.875 9190.625 8901.5625 8973.4375 9314.0625 10478.125 12276.5625 13492.1875 14921.875 16139.0625 15839.0625 15189.0625 14704.6875 16534.375 17153.125 17056.25 16751.5625 15993.75 16401.5625 16375 15732.8125 15573.4375 15760.9375 14840.625 12903.125 11825 10526.5625
-3.4e+38 -3.4e+38 -3.4e+38 -3.4e+38 -3.4e+38 -3.4e+38 -3.4e+38 -3.4e+38 -3.4e+38 29900 29636.3636363636 29378.125 28837.5 27968.75 27037.5 26270.3125 25095.3125 23806.25 22179.6875 21726.5625 20634.375 19526.5625 19170.3125 19782.8125 19540.625 20068.75 20682.8125 19887.5 19859.375 18484.375 16734.375 13321.875 11712.5 10718.75 9970.3125 9325 8926.5625 8803.125 8953.125 9278.125 9959.375 11273.4375 13351.5625 15303.125 16937.5 15710.9375 14501.5625 14975 17029.6875 17620.3125 17420.3125 16689.0625 16401.5625 16651.5625 16778.125 16810.9375 16739.0625 15350 14718.75 14012.5 12926.5625 11592.1875
-3.4e+38 -3.4e+38 -3.4e+38 -3.4e+38 -3.4e+38 -3.4e+38 -3.4e+38 -3.4e+38 -3.4e+38 -3.4e+38 29533.3333333333 29037.5 28907.8125 28376.5625 27571.875 26400 24864.0625 23834.375 22731.25 21446.875 20592.1875 19701.5625 19006.25 19846.875 19614.0625 18856.25 20100 19346.875 18478.125 19126.5625 17607.8125 13626.5625 11320.3125 10260.9375 9678.125 9020.3125 8731.25 8765.625 8981.25 9306.25 9868.75 10607.8125 12629.6875 15535.9375 18007.8125 16039.0625 16578.125 13776.5625 15603.125 17682.8125 17434.375 17460.9375 17417.1875 17439.0625 17337.5 17217.1875 17201.5625 16914.0625 15642.1875 14596.875 13517.1875 13293.75
-3.4e+38 -3.4e+38 -3.4e+38 -3.4e+38 -3.4e+38 -3.4e+38 -3.4e+38 -3.4e+38 -3.4e+38 -3.4e+38 -3.4e+38 27820 28216.9811320755 28156.25 27756.25 26331.25 24657.8125 23742.1875 22864.0625 21639.0625 20926.5625 20303.125 19671.875 19420.3125 20012.5 18471.875 18920.3125 19104.6875 17629.6875 18490.625 17748.4375 13812.5 10634.375 9796.875 9157.8125 8710.9375 8584.375 8790.625 9059.375 9406.25 9837.5 10446.875 11440.625 14220.3125 17657.8125 19667.1875 20551.5625 15864.0625 13034.375 15290.625 16293.75 17585.9375 17778.125 18206.25 18015.625 17920.3125 17717.1875 17412.5 17139.0625 16142.1875 14628.125 13592.1875
-3.4e+38 -3.4e+38 -3.4e+38 -3.4e+38 -3.4e+38 -3.4e+38 -3.4e+38 -3.4e+38 -3.4e+38 -3.4e+38 -3.4e+38 -3.4e+38 27045.4545454545 26738.4615384615 27060.9375 26396.875 24889.0625 23925 23060.9375 21667.1875 21292.1875 20150 18718.75 17900 17823.4375 17742.1875 19996.875 19060.9375 17895.3125 17823.4375 16096.875 12040.625 10165.625 9807.8125 9134.375 8704.6875 8675 8903.125 9142.1875 9498.4375 9820.3125 10354.6875 11067.1875 12396.875 15729.6875 18754.6875 21268.75 22920.3125 15889.0625 16282.8125 18137.5 17875 18753.125 19014.0625 18959.375 19003.125 18776.5625 18242.1875 18004.6875 16979.6875 16167.1875 14585.9375
-3.4e+38 -3.4e+38 -3.4e+38 -3.4e+38 -3.4e+38 -3.4e+38 -3.4e+38 -3.4e+38 -3.4e+38 -3.4e+38 -3.4e+38 -3.4e+38 -3.4e+38 25107.4074074074 26351.5625 25595.3125 24734.375 23860.9375 23021.875 22056.25 20848.4375 20395.3125 18323.4375 17676.5625 18418.75 17976.5625 17635.9375 19618.75 18020.3125 16228.125 16879.6875 14962.5 10503.125 9417.1875 9085.9375 8748.4375 8771.875 8992.1875 9295.3125 9529.6875 9759.375 10218.75 10826.5625 11640.625 13382.8125 16548.4375 18696.875 22570.3125 22934.375 19839.0625 18470.3125 18056.25 18981.25 20235.9375 20135.9375 19990.625 19912.5 19084.375 18457.8125 17673.4375 16907.8125 16465.625
-3.4e+38 -3.4e+38 -3.4e+38 -3.4e+38 -3.4e+38 -3.4e+38 -3.4e+38 -3.4e+38 -3.4e+38 -3.4e+38 -3.4e+38 -3.4e+38 -3.4e+38 23100 24247.4576271186 25081.25 24506.25 23892.1875 22784.375 22328.125 20928.125 20217.1875 19045.3125 18384.375 17904.6875 19423.4375 19671.875 18725 20706.25 17854.6875 14093.75 13985.9375 10742.1875 9523.4375 9140.625 8878.125 8740.625 8871.875 9098.4375 9353.125 9671.875 10087.5 10684.375 11448.4375 12346.875 14239.0625 16976.5625 19096.875 22107.8125 22517.1875 23193.75 21095.3125 21406.25 20871.875 21103.125 21164.0625 21079.6875 20801.5625 19878.125 18759.375 17881.25 16921.875
