Cases/SDM_Urocitellus_beldingi/westernUsClimate_hadley2080a2/BIO11.asc
NCOLS 315 
NROWS 297 
XLLCORNER -124.741664802 
YLLCORNER 29.2083311801598 
CELLSIZE 0.066666670143822 
NODATA_value -3.4e+38 
[rows 135 to 161 of 297, columns 62 to 123 of 315]
166.09375 200.625 215.3125 169.84375 81.25 143.28125 137.8125 308.75 464.21875 394.21875 407.5 301.09375 216.71875 153.28125 511.40625 663.75 630.9375 443.28125 590.46875 588.4375 421.71875 402.96875 422.03125 455.78125 480 474.6875 476.875 467.5 504.6875 535.15625 523.90625 499.21875 524.53125 550 557.5 562.1875 534.21875 481.875 342.96875 368.4375 508.75 626.875 646.875 632.1875 589.53125 442.34375 412.8125 497.65625 497.65625 476.09375 469.53125 452.03125 400.625 446.09375 442.5 414.84375 346.5625 361.71875 344.84375 382.34375 362.96875 258.125
183.4375 189.84375 167.96875 167.34375 119.375 157.5 184.53125 127.03125 350.15625 373.75 406.40625 287.8125 349.0625 400.625 458.28125 608.75 642.96875 627.5 594.53125 522.03125 421.40625 442.8125 456.09375 490.15625 451.25 455.625 534.53125 554.375 537.65625 510.625 537.96875 547.65625 552.34375 561.25 566.875 568.90625 501.875 370.15625 401.71875 616.09375 659.375 660.78125 645.46875 614.0625 574.375 551.875 496.40625 482.8125 490 456.25 406.40625 434.375 451.71875 433.59375 432.65625 389.21875 319.84375 385.9375 396.71875 392.03125 311.71875 241.25
180.46875 239.375 264.0625 267.5 239.53125 262.5 276.5625 291.25 390 261.40625 333.28125 385.78125 373.59375 566.71875 543.4375 352.5 395.15625 555.9375 593.75 524.375 467.8125 407.8125 427.03125 532.65625 514.0625 525 566.71875 561.25 554.21875 559.84375 563.28125 562.34375 564.53125 571.40625 576.875 558.59375 365.78125 342.1875 530.9375 662.65625 665.15625 653.75 605.3125 547.34375 502.65625 480.46875 477.34375 474.53125 479.6875 427.03125 366.09375 348.28125 447.5 412.03125 356.875 312.34375 299.84375 390.15625 407.65625 397.96875 271.875 243.28125
385.3125 319.6875 240.625 312.1875 332.1875 335 301.71875 295.46875 352.34375 177.8125 274.53125 319.84375 379.375 498.125 529.375 475.15625 248.28125 268.75 509.6875 504.84375 485.46875 338.125 438.125 551.875 508.59375 495.625 532.5 566.5625 577.5 574.0625 574.375 575.625 579.53125 581.25 587.1875 482.1875 423.90625 599.375 663.4375 667.65625 652.8125 594.375 475.9375 387.5 445.15625 381.5625 407.5 449.375 471.09375 430.3125 362.65625 431.40625 451.25 381.71875 293.75 193.125 262.65625 370.9375 417.8125 353.75 182.1875 283.90625
336.25 310.625 306.09375 328.90625 331.40625 324.0625 180.15625 183.59375 319.6875 279.84375 357.34375 376.09375 418.125 460.625 405.15625 432.8125 318.59375 239.53125 460.3125 531.25 459.0625 378.4375 538.90625 539.21875 520.78125 554.53125 568.28125 580.78125 584.6875 582.34375 580.15625 582.65625 586.5625 591.875 570.78125 370.625 583.75 661.5625 673.59375 653.125 589.0625 426.71875 293.125 320.15625 464.53125 489.375 409.53125 388.75 434.375 407.34375 359.21875 470.78125 440.46875 369.21875 112.8125 255.625 395.78125 411.25 406.25 276.09375 238.75 326.25
189.6875 166.09375 306.875 324.53125 217.1875 222.96875 164.0625 104.375 236.09375 307.03125 376.25 422.65625 411.40625 522.65625 425.15625 317.65625 271.25 303.75 474.21875 541.71875 540.9375 545.625 583.28125 497.03125 563.75 591.5625 590.46875 587.96875 588.90625 589.0625 588.90625 591.875 593.59375 599.375 526.09375 339.84375 580.9375 661.875 648.59375 503.28125 401.40625 281.25 314.21875 475 501.09375 489.375 319.53125 272.03125 367.65625 409.53125 418.4375 473.28125 436.875 340.625 220 326.25 396.5625 368.125 267.8125 211.5625 305.15625 348.125
274.21875 127.1875 159.53125 281.71875 190.15625 125.3125 122.65625 90 180.78125 180.15625 224.84375 395.625 484.84375 514.84375 437.03125 472.03125 496.5625 486.25 460.15625 483.28125 539.0625 543.125 577.1875 588.4375 601.09375 594.6875 591.875 591.5625 591.09375 596.5625 599.0625 600.46875 599.53125 554.21875 365.625 253.59375 585.625 648.75 588.59375 309.21875 141.40625 290 467.34375 499.0625 492.03125 447.5 371.09375 348.59375 373.59375 386.25 433.59375 458.75 452.1875 292.65625 306.875 360.15625 365.3125 173.4375 172.03125 307.5 356.09375 352.34375
258.90625 179.375 113.90625 135.3125 142.8125 133.4375 127.5 150.625 168.28125 325.46875 376.71875 470.3125 532.8125 500.46875 488.125 420.78125 408.59375 441.71875 344.84375 366.09375 481.25 479.53125 526.875 601.40625 603.75 596.71875 591.40625 591.40625 600.78125 605.3125 607.5 606.71875 550.625 442.34375 243.90625 383.4375 596.25 601.71875 499.6875 286.71875 144.84375 410.46875 478.28125 460.15625 352.96875 280.78125 382.96875 385.3125 338.4375 409.53125 456.5625 469.84375 456.875 337.1875 383.4375 374.375 375.3125 268.4375 359.53125 375 364.375 350.3125
247.03125 175.15625 113.125 77.03125 100.9375 135.15625 140 155.15625 176.09375 111.5625 107.8125 340.15625 511.09375 479.375 394.0625 424.84375 361.09375 348.4375 429.0625 442.8125 503.4375 559.6875 567.65625 583.75 597.5 603.28125 595.3125 595.78125 612.96875 615 602.03125 579.6875 477.5 423.90625 384.84375 475 602.5 492.03125 358.4375 345.78125 362.96875 426.5625 270.9375 309.0625 187.8125 337.65625 392.65625 381.5625 313.90625 434.375 462.1875 466.71875 376.875 194.6875 321.09375 428.28125 422.1875 368.125 372.34375 364.53125 343.125 278.75
294.375 200.9375 145.78125 93.75 123.75 146.09375 144.53125 160.3125 197.1875 94.6875 6.5625 300.3125 436.09375 433.75 363.28125 367.65625 388.75 497.65625 528.4375 503.75 554.6875 574.84375 566.875 525.78125 513.59375 596.40625 604.0625 613.90625 622.1875 621.40625 607.8125 599.84375 491.09375 471.875 538.28125 566.40625 601.875 523.125 381.25 422.65625 471.71875 430.625 129.53125 167.96875 263.90625 355.625 392.5 389.84375 365.78125 440.78125 452.8125 419.6875 185.9375 208.59375 424.0625 461.5625 457.34375 429.21875 367.8125 336.71875 249.53125 104.84375
359.84375 250.78125 207.96875 167.34375 148.28125 162.96875 165.15625 187.5 145.46875 18.59375 7.34375 330 423.90625 356.875 362.65625 479.84375 540.46875 534.6875 543.59375 482.5 544.6875 563.125 566.875 565.46875 530.3125 581.40625 612.1875 620.78125 629.6875 616.25 610.15625 629.84375 599.21875 544.84375 593.125 605.78125 586.5625 573.90625 500.3125 525 502.8125 418.59375 206.71875 152.5 221.40625 369.0625 388.75 377.8125 324.6875 424.53125 425.3125 231.40625 44.6875 342.34375 463.4375 469.21875 443.4375 353.28125 360.15625 347.96875 260 146.09375
474.53125 474.21875 326.875 232.03125 141.40625 141.875 169.21875 172.34375 236.40625 264.53125 212.65625 381.09375 443.28125 383.75 477.5 540.3125 475.78125 407.34375 452.1875 504.6875 501.25 439.53125 455.46875 494.375 484.84375 532.03125 506.5625 552.34375 589.6875 624.6875 554.375 570.78125 637.03125 533.4375 591.71875 597.8125 422.8125 456.40625 487.8125 487.1875 385.625 405.625 284.21875 201.875 309.53125 367.1875 337.34375 286.875 277.8125 394.53125 339.84375 110.15625 127.34375 445.9375 478.28125 467.65625 378.28125 262.34375 329.375 349.84375 245.3125 150.3125
514.375 356.5625 273.75 272.65625 136.25 155.15625 201.09375 260.3125 302.1875 340.78125 174.6875 245.15625 498.28125 509.84375 462.65625 443.59375 305.15625 317.65625 355 474.6875 509.53125 475.78125 489.84375 500.9375 445.46875 447.65625 424.6875 511.71875 619.21875 560.3125 523.59375 448.59375 518.59375 439.84375 579.0625 550.625 365.625 344.375 401.5625 401.25 312.65625 323.4375 273.90625 271.25 333.28125 304.375 135.46875 106.09375 286.25 332.65625 188.75 -15.625 308.59375 460.78125 475.15625 423.59375 199.6875 204.6875 315.78125 342.65625 257.5 188.4375
560.15625 455.9375 370.46875 347.03125 220.625 152.03125 220.15625 286.875 329.21875 369.21875 232.5 360.78125 483.4375 473.59375 395.46875 362.1875 283.90625 312.8125 384.21875 436.5625 508.59375 504.21875 491.875 498.90625 529.375 541.40625 471.25 501.71875 586.09375 620.78125 547.03125 479.84375 460.3125 330.9375 508.90625 478.75 405.625 416.5625 441.25 402.65625 368.59375 381.09375 302.03125 310.3125 285 163.59375 116.25 201.40625 305.3125 227.34375 67.1875 224.53125 458.4375 471.875 456.875 344.6875 113.4375 140.625 273.59375 328.28125 298.75 205
668.28125 606.40625 522.03125 301.09375 278.28125 194.6875 187.96875 286.71875 321.5625 363.4375 147.1875 383.75 496.09375 461.5625 429.6875 331.71875 231.25 322.1875 370.625 416.5625 466.25 515.625 502.65625 496.71875 461.25 522.96875 550.9375 514.84375 496.25 578.59375 574.84375 554.84375 464.84375 422.96875 417.65625 447.8125 455.78125 396.25 487.34375 479.21875 438.4375 484.6875 310.78125 288.4375 258.125 94.6875 183.4375 271.5625 259.0625 138.4375 113.75 433.59375 474.6875 467.96875 421.09375 297.03125 57.34375 40 267.1875 313.125 271.875 186.71875
747.03125 617.1875 546.71875 407.96875 255.46875 177.8125 129.84375 192.8125 288.59375 316.09375 207.03125 435.3125 489.53125 475.3125 454.375 404.53125 298.4375 263.75 468.4375 463.75 402.1875 526.40625 508.125 460.78125 419.53125 365.625 567.65625 598.75 611.875 623.28125 604.84375 581.09375 468.28125 570.9375 610.15625 627.5 591.09375 470.9375 513.28125 540.15625 490.46875 486.25 200.9375 269.375 278.75 172.5 207.1875 233.90625 165.9375 12.65625 231.5625 458.75 473.125 464.84375 347.96875 210 88.59375 190.9375 301.71875 280.625 226.71875 103.125
796.71875 657.1875 493.59375 462.65625 304.21875 149.0625 77.5 112.96875 245.15625 257.8125 62.03125 403.75 507.65625 487.96875 454.84375 389.6875 178.125 309.375 502.96875 471.25 383.4375 521.71875 510.15625 478.75 424.0625 272.5 359.84375 618.4375 612.34375 512.03125 517.5 597.65625 561.5625 648.90625 668.75 666.5625 645.625 596.875 555.46875 591.40625 561.71875 403.28125 213.90625 298.125 315.625 166.09375 188.75 173.75 30.78125 7.34375 289.0625 439.84375 462.1875 424.84375 319.6875 193.28125 150.625 268.4375 307.5 243.59375 143.125 120.46875
786.09375 709.84375 594.53125 525.9375 375.625 227.34375 87.96875 133.75 204.53125 137.96875 -9.53125 134.0625 505.625 480 409.0625 265.625 90.15625 300 484.21875 484.53125 441.09375 506.5625 511.09375 476.71875 393.28125 349.53125 282.65625 592.96875 623.59375 482.03125 415 465.46875 516.5625 619.6875 657.65625 655.78125 653.75 630 617.65625 610.9375 459.84375 207.1875 270.625 338.28125 321.5625 202.65625 151.5625 126.40625 -43.4375 -2.1875 124.53125 438.125 452.96875 378.28125 152.65625 47.96875 231.40625 305.625 300.3125 111.875 -9.53125 163.28125
904.53125 827.1875 759.0625 635.15625 509.21875 376.09375 263.75 186.40625 100.15625 100.625 145.625 225.78125 480 439.6875 334.0625 310.9375 244.0625 299.84375 473.90625 475.78125 433.59375 422.8125 460.46875 471.40625 443.4375 339.0625 134.0625 486.40625 671.875 564.53125 457.96875 440 463.75 452.65625 560.46875 494.53125 607.5 607.8125 585.625 529.21875 414.6875 275 274.53125 362.03125 316.875 143.28125 133.75 90.3125 42.1875 -53.90625 42.8125 419.21875 430.78125 328.4375 25.625 -104.0625 185.15625 297.65625 234.6875 55.3125 -28.75 226.25
926.71875 800.46875 661.25 517.96875 417.65625 379.53125 293.125 155.78125 73.4375 68.75 118.59375 238.75 422.8125 214.21875 167.8125 272.1875 464.53125 443.59375 318.59375 437.03125 340.625 215.625 324.6875 408.28125 488.4375 383.59375 228.4375 556.71875 690.46875 617.96875 366.5625 335.9375 346.09375 362.1875 354.53125 330.9375 414.0625 483.28125 545.46875 503.90625 466.875 430.15625 362.8125 386.25 297.1875 140.625 158.75 82.8125 127.96875 130.78125 210.78125 409.21875 402.5 280.15625 98.75 65.15625 137.1875 280.46875 247.96875 51.5625 24.84375 266.25
972.96875 820.78125 630.3125 490.15625 359.84375 250.625 216.09375 122.8125 55.15625 44.375 91.25 181.09375 225.625 285.3125 147.96875 305 472.96875 407.8125 229.53125 277.03125 294.0625 135.78125 97.5 347.65625 466.09375 357.65625 176.25 416.25 698.4375 674.6875 518.125 361.875 317.34375 298.28125 329.6875 279.84375 251.09375 367.1875 425 490.15625 447.96875 405.46875 383.59375 412.8125 349.0625 260.15625 245.78125 181.25 183.90625 237.34375 240.15625 416.40625 355.46875 193.59375 66.25 126.71875 234.375 286.25 241.09375 126.5625 166.25 302.03125
952.65625 853.90625 740.625 590.9375 445.78125 322.65625 212.65625 149.21875 238.75 170.3125 130 65.625 75.3125 121.875 217.5 207.96875 405 325.3125 125.625 122.03125 200.3125 143.28125 86.5625 284.84375 403.59375 332.65625 89.6875 12.96875 524.21875 702.8125 682.34375 639.84375 584.0625 533.59375 561.40625 565.3125 528.28125 339.53125 235.9375 366.5625 377.65625 265.15625 318.75 404.0625 419.0625 376.5625 324.84375 270.9375 293.59375 328.90625 367.03125 416.40625 305.9375 164.84375 235.78125 270.3125 263.125 272.65625 182.03125 235 275.9375 299.0625
960.3125 887.1875 767.5 705.3125 613.75 581.25 465.78125 332.1875 258.4375 135.9375 120.3125 57.34375 15.9375 71.71875 107.96875 75.78125 279.0625 272.03125 55.15625 -41.875 131.875 135.78125 87.8125 148.90625 308.125 313.4375 40.78125 49.0625 330.46875 622.8125 655.15625 597.8125 456.25 538.59375 521.5625 553.59375 637.96875 510.15625 272.96875 262.03125 357.65625 267.34375 270.46875 357.8125 398.125 465.78125 459.21875 411.875 419.375 435.9375 441.40625 352.65625 236.40625 242.03125 313.75 323.59375 271.71875 203.125 191.40625 327.65625 353.4375 322.5
960.78125 945 893.28125 791.40625 677.34375 488.90625 323.59375 243.125 265 250.9375 168.4375 117.5 123.4375 43.90625 -29.6875 -29.375 84.0625 153.75 -13.4375 -181.40625 41.5625 214.84375 270.9375 285.46875 301.875 246.875 149.21875 35.15625 165.625 387.1875 528.90625 458.75 358.75 379.0625 275.78125 281.875 494.6875 644.53125 485.78125 337.34375 301.09375 405 414.0625 392.8125 431.40625 437.1875 509.84375 509.53125 500.78125 482.03125 428.28125 326.71875 280.9375 345 364.84375 253.90625 207.03125 180.78125 247.65625 389.21875 363.4375 298.59375
967.34375 956.40625 942.96875 758.125 611.25 486.09375 431.5625 325 286.09375 284.0625 297.5 241.09375 133.75 -8.75 -130.46875 -55.78125 96.25 141.71875 36.09375 -25 33.75 137.03125 109.53125 136.5625 247.8125 289.0625 234.375 173.125 88.90625 125.15625 372.8125 362.65625 246.25 349.0625 428.90625 429.53125 454.84375 627.65625 402.34375 201.5625 154.6875 426.25 492.96875 403.125 437.1875 468.75 488.90625 531.09375 516.875 442.96875 369.375 371.5625 393.75 407.96875 383.125 254.53125 147.1875 121.875 246.25 411.5625 414.84375 321.25
964.375 950.9375 933.90625 790.3125 636.71875 625.46875 502.5 388.90625 430.15625 451.5625 244.53125 185.3125 164.0625 65.9375 -110.46875 29.375 59.375 93.90625 45.78125 117.65625 143.28125 107.65625 37.1875 73.4375 96.875 156.5625 113.75 142.8125 59.6875 142.8125 381.5625 340.625 243.75 220.3125 255.46875 202.65625 411.25 643.90625 577.65625 275.78125 312.8125 450.625 493.28125 412.96875 437.34375 469.0625 505.78125 548.4375 536.25 449.375 237.1875 316.875 421.71875 434.375 410.625 337.34375 284.6875 265.46875 325.46875 442.03125 439.21875 351.71875
970.9375 961.40625 942.34375 841.875 775.46875 646.25 574.21875 524.84375 655.625 362.8125 160.46875 62.8125 31.40625 -5.78125 -62.96875 4.84375 -69.0625 -69.0625 27.5 143.90625 170.9375 119.0625 14.53125 -2.5 44.6875 52.96875 127.1875 166.25 107.8125 187.96875 272.1875 204.0625 283.75 463.4375 484.84375 336.875 516.875 577.1875 590 502.1875 399.0625 416.25 462.03125 434.0625 433.75 503.125 549.53125 561.25 556.5625 496.09375 337.5 341.875 402.8125 444.0625 369.53125 282.96875 341.5625 355.78125 430.9375 466.875 474.6875 418.4375
