Cases/SDM_Urocitellus_beldingi/westernUsClimate_hadley2080a2/BIO13.asc
NCOLS 315 
NROWS 297 
XLLCORNER -124.741664802 
YLLCORNER 29.2083311801598 
CELLSIZE 0.066666670143822 
NODATA_value -3.4e+38 
[rows 56 to 83 of 297, columns 248 to 309 of 315]
6231.25 6403.125 6548.4375 6625 6676.5625 6651.5625 6639.0625 6654.6875 6689.0625 6706.25 6735.9375 6760.9375 6621.875 6625 6721.875 7000 7085.9375 7009.375 6918.75 6951.5625 6828.125 6737.5 6667.1875 6684.375 6971.875 6929.6875 7073.4375 7240.625 7360.9375 7353.125 7104.6875 7121.875 7206.25 7295.3125 7276.5625 7065.625 6881.25 6612.5 6587.5 6717.1875 6757.8125 6787.5 6639.0625 6560.9375 6701.5625 6771.875 6826.5625 6742.1875 6951.5625 7026.5625 7067.1875 7070.3125 7107.8125 7076.5625 7057.8125 7040.625 7007.8125 7003.125 7003.125 7084.375 7157.8125 7303.125
5862.5 6262.5 6637.5 6873.4375 6604.6875 6575 6518.75 6548.4375 6570.3125 6609.375 6710.9375 6754.6875 6671.875 6645.3125 6695.3125 6906.25 7021.875 6962.5 6828.125 6689.0625 6620.3125 6567.1875 6621.875 6842.1875 6973.4375 6895.3125 7059.375 7206.25 7271.875 7235.9375 7187.5 7203.125 7206.25 7257.8125 7251.5625 7060.9375 6670.3125 6654.6875 6770.3125 6803.125 6906.25 6798.4375 6623.4375 6592.1875 6684.375 6757.8125 6895.3125 6896.875 6950 7100 7054.6875 7032.8125 7040.625 7014.0625 7018.75 7010.9375 7000 7009.375 7042.1875 7184.375 7267.1875 7406.25
5457.8125 5857.8125 6729.6875 7151.5625 6868.75 6732.8125 6454.6875 6475 6448.4375 6507.8125 6550 6565.625 6632.8125 6704.6875 6595.3125 6770.3125 6887.5 6806.25 6710.9375 6560.9375 6396.875 6367.1875 6593.75 6840.625 6900 6795.3125 6875 7089.0625 7260.9375 7260.9375 7217.1875 7196.875 7273.4375 7307.8125 7150 6789.0625 6785.9375 6756.25 6806.25 6943.75 6835.9375 6804.6875 6664.0625 6623.4375 6720.3125 6829.6875 6903.125 7098.4375 7117.1875 7117.1875 7110.9375 7045.3125 6993.75 6990.625 7003.125 7031.25 7017.1875 7042.1875 7132.8125 7268.75 7375 7465.625
5357.8125 5593.75 6157.8125 7045.3125 7393.75 7006.25 6595.3125 6293.75 6300 6310.9375 6373.4375 6429.6875 6439.0625 6587.5 6554.6875 6710.9375 6693.75 6567.1875 6568.75 6470.3125 6296.875 6298.4375 6509.375 6692.1875 6821.875 6800 6817.1875 6946.875 7096.875 7265.625 7279.6875 7235.9375 7234.375 7053.125 6801.5625 6768.75 6903.125 6803.125 6892.1875 6910.9375 6831.25 6706.25 6662.5 6734.375 6779.6875 6853.125 7034.375 7206.25 7117.1875 7071.875 7039.0625 7050 6976.5625 6937.5 6957.8125 6970.3125 6989.0625 7079.6875 7162.5 7201.5625 7265.625 7418.75
5298.4375 5578.125 5801.5625 6382.8125 7273.4375 7284.375 6860.9375 6487.5 6343.75 6301.5625 6287.5 6310.9375 6320.3125 6350 6410.9375 6500 6517.1875 6475 6345.3125 6300 6284.375 6348.4375 6542.1875 6646.875 6723.4375 6685.9375 6735.9375 6860.9375 6962.5 7135.9375 7226.5625 7153.125 6993.75 6900 6789.0625 6876.5625 6935.9375 6992.1875 7018.75 7018.75 6921.875 6876.5625 6767.1875 6803.125 6892.1875 7046.875 7165.625 7145.3125 7121.875 7071.875 7017.1875 7000 7004.6875 7031.25 7035.9375 7057.8125 7128.125 7112.5 7229.6875 7240.625 7229.6875 7314.0625
4479.6875 5365.625 6070.3125 6512.5 7121.875 7614.0625 7104.6875 6660.9375 6596.875 6746.875 6675 6453.125 6278.125 6193.75 6170.3125 6190.625 6245.3125 6278.125 6239.0625 6303.125 6337.5 6500 6546.875 6504.6875 6634.375 6764.0625 6723.4375 6781.25 6901.5625 6995.3125 6970.3125 6882.8125 6714.0625 6714.0625 6751.5625 6875 6859.375 6865.625 6940.625 6953.125 6907.8125 6804.6875 6742.1875 6871.875 6957.8125 7062.5 7162.5 7103.125 7100 7071.875 7028.125 7012.5 7026.5625 7085.9375 7204.6875 7337.5 7276.5625 7175 7212.5 7246.875 7331.25 7445.3125
3973.4375 4301.5625 5704.6875 7017.1875 7315.625 7523.4375 7265.625 7357.8125 7062.5 6759.375 6829.6875 6801.5625 6439.0625 6151.5625 6095.3125 6135.9375 6243.75 6276.5625 6220.3125 6276.5625 6278.125 6464.0625 6581.25 6642.1875 6593.75 6681.25 6778.125 6793.75 6768.75 6707.8125 6704.6875 6643.75 6667.1875 6831.25 6809.375 6814.0625 6895.3125 6907.8125 7048.4375 7118.75 7087.5 7089.0625 6795.3125 6895.3125 7007.8125 7125 7150 7159.375 7123.4375 7104.6875 7076.5625 7076.5625 7148.4375 7326.5625 7464.0625 7464.0625 7298.4375 7328.125 7375 7293.75 7414.0625 7500
3778.125 4056.25 4482.8125 5442.1875 6490.625 7292.1875 7581.25 7635.9375 7454.6875 7104.6875 6964.0625 7037.5 6853.125 6545.3125 6181.25 6092.1875 6084.375 6195.3125 6173.4375 6246.875 6331.25 6304.6875 6339.0625 6515.625 6640.625 6693.75 6643.75 6579.6875 6571.875 6540.625 6543.75 6598.4375 6726.5625 6787.5 6818.75 6875 6932.8125 7071.875 7139.0625 7167.1875 7170.3125 7035.9375 6853.125 6956.25 7017.1875 7132.8125 7267.1875 7204.6875 7145.3125 7126.5625 7265.625 7307.8125 7342.1875 7440.625 7417.1875 7279.6875 7460.9375 7798.4375 7698.4375 7535.9375 7482.8125 7601.5625
3604.6875 3782.8125 4084.375 4621.875 5129.6875 5585.9375 6893.75 7606.25 7546.875 7501.5625 7275 7150 7314.0625 6839.0625 6657.8125 6107.8125 6062.5 6115.625 6037.5 6210.9375 6300 6312.5 6357.8125 6393.75 6537.5 6606.25 6535.9375 6485.9375 6462.5 6503.125 6543.75 6501.5625 6654.6875 6782.8125 6845.3125 6845.3125 7076.5625 7125 7142.1875 7132.8125 7200 7106.25 6981.25 7087.5 7198.4375 7265.625 7282.8125 7201.5625 7193.75 7176.5625 7379.6875 7460.9375 7476.5625 7496.875 7303.125 7560.9375 7673.4375 8084.375 7898.4375 7826.5625 7785.9375 7864.0625
3518.75 3635.9375 3882.8125 4176.5625 4495.3125 4667.1875 5625 6700 6842.1875 7493.75 7423.4375 7473.4375 7650 7075 6701.5625 6610.9375 6356.25 6079.6875 6118.75 6184.375 6182.8125 6295.3125 6345.3125 6400 6429.6875 6417.1875 6340.625 6314.0625 6504.6875 6610.9375 6562.5 6462.5 6571.875 6693.75 6862.5 6959.375 7050 7046.875 7079.6875 7135.9375 7187.5 7196.875 7309.375 7117.1875 7179.6875 7284.375 7309.375 7307.8125 7310.9375 7203.125 7346.875 7467.1875 7328.125 7315.625 7535.9375 7818.75 8000 8151.5625 8184.375 8050 8006.25 8075
3315.625 3467.1875 3703.125 3868.75 4009.375 4181.25 4421.875 4978.125 5870.3125 6618.75 6939.0625 7382.8125 7868.75 7417.1875 6998.4375 6829.6875 6803.125 6614.0625 6634.375 6348.4375 6210.9375 6270.3125 6257.8125 6293.75 6285.9375 6265.625 6242.1875 6340.625 6481.25 6514.0625 6471.875 6421.875 6604.6875 6695.3125 6834.375 6925 7085.9375 7096.875 7106.25 7139.0625 7232.8125 7312.5 7243.75 7117.1875 7135.9375 7217.1875 7343.75 7382.8125 7293.75 7239.0625 7315.625 7309.375 7273.4375 7425 7704.6875 7928.125 8257.8125 8357.8125 8260.9375 8093.75 8015.625 8131.25
3250 3278.125 3384.375 3542.1875 3706.25 3928.125 4140.625 4703.125 5660.9375 6396.875 7009.375 7245.3125 7567.1875 7959.375 7306.25 7454.6875 7446.875 6996.875 6920.3125 6537.5 6204.6875 6125 6200 6229.6875 6225 6285.9375 6279.6875 6384.375 6367.1875 6328.125 6350 6362.5 6584.375 6707.8125 6740.625 6879.6875 7059.375 7123.4375 7145.3125 7242.1875 7290.625 7281.25 7262.5 7248.4375 7110.9375 7140.625 7215.625 7310.9375 7235.9375 7184.375 7196.875 7195.3125 7257.8125 7425 7742.1875 8225 8653.125 8401.5625 8107.8125 8062.5 8178.125 8348.4375
3239.0625 3214.0625 3223.4375 3642.1875 3675 3845.3125 4301.5625 4681.25 5323.4375 5881.25 6493.75 7054.6875 7615.625 8006.25 8040.625 8129.6875 7729.6875 7403.125 6998.4375 6464.0625 6214.0625 6142.1875 6132.8125 6168.75 6112.5 6217.1875 6206.25 6267.1875 6242.1875 6310.9375 6314.0625 6384.375 6503.125 6701.5625 6739.0625 6775 6960.9375 7154.6875 7226.5625 7284.375 7304.6875 7365.625 7406.25 7348.4375 7168.75 7132.8125 7159.375 7176.5625 7114.0625 7051.5625 7126.5625 7101.5625 7196.875 7421.875 7640.625 8053.125 8528.125 8306.25 8064.0625 8221.875 8534.375 9106.25
3223.4375 3203.125 3201.5625 3382.8125 3540.625 3746.875 4059.375 4493.75 4921.875 5323.4375 5850 6587.5 7001.5625 7357.8125 8034.375 8679.6875 8115.625 7520.3125 6945.3125 6779.6875 6321.875 6173.4375 6115.625 6098.4375 6159.375 6143.75 6118.75 6114.0625 6232.8125 6273.4375 6215.625 6362.5 6529.6875 6596.875 6723.4375 6798.4375 6892.1875 7064.0625 7120.3125 7206.25 7264.0625 7310.9375 7406.25 7392.1875 7218.75 7143.75 7178.125 7092.1875 6982.8125 6943.75 6950 6950 7026.5625 7140.625 7406.25 7706.25 7914.0625 8039.0625 8125 8381.25 8926.5625 9603.125
3279.6875 3200 3189.0625 3279.6875 3443.75 3570.3125 3806.25 4198.4375 4443.75 4746.875 5220.3125 5967.1875 6303.125 7065.625 7643.75 8042.1875 8112.5 7281.25 6812.5 6698.4375 6553.125 6295.3125 6109.375 6107.8125 6118.75 6132.8125 6118.75 6137.5 6254.6875 6210.9375 6156.25 6212.5 6354.6875 6476.5625 6598.4375 6745.3125 6862.5 7032.8125 7143.75 7212.5 7268.75 7301.5625 7301.5625 7298.4375 7178.125 7040.625 6960.9375 6898.4375 6868.75 6882.8125 6856.25 6901.5625 6956.25 7031.25 7181.25 7406.25 7632.8125 7767.1875 8075 8678.125 8990.625 9565.625
3501.5625 3354.6875 3285.9375 3229.6875 3323.4375 3518.75 3682.8125 3970.3125 4265.625 4515.625 4871.875 5407.8125 6140.625 6692.1875 7009.375 7560.9375 8095.3125 7451.5625 6931.25 6860.9375 6629.6875 6193.75 6101.5625 6137.5 6110.9375 6087.5 6071.875 6179.6875 6260.9375 6210.9375 6148.4375 6185.9375 6309.375 6400 6542.1875 6690.625 6881.25 6975 7101.5625 7189.0625 7201.5625 7226.5625 7270.3125 7253.125 7162.5 6954.6875 6903.125 6818.75 6753.125 6806.25 6751.5625 6759.375 6828.125 6946.875 7065.625 7257.8125 7431.25 7789.0625 8037.5 8675 9059.375 9506.25
3562.5 3534.375 3404.6875 3332.8125 3321.875 3587.5 3795.3125 3910.9375 4207.8125 4456.25 4745.3125 5101.5625 5768.75 6328.125 6628.125 6982.8125 7346.875 7329.6875 6964.0625 6781.25 6471.875 6015.625 5940.625 6018.75 6014.0625 6012.5 6042.1875 6189.0625 6245.3125 6221.875 6151.5625 6165.625 6290.625 6323.4375 6387.5 6556.25 6826.5625 6992.1875 7067.1875 7126.5625 7168.75 7171.875 7200 7192.1875 7143.75 6917.1875 6770.3125 6729.6875 6743.75 6720.3125 6731.25 6706.25 6723.4375 6892.1875 6995.3125 7120.3125 7370.3125 7823.4375 8245.3125 8589.0625 9010.9375 9384.375
3485.9375 3465.625 3481.25 3401.5625 3390.625 3748.4375 3868.75 4032.8125 4167.1875 4337.5 4479.6875 4873.4375 5276.5625 5839.0625 6250 6571.875 6834.375 7128.125 6757.8125 6689.0625 6506.25 5950 5875 5900 5914.0625 5928.125 6039.0625 6168.75 6156.25 6142.1875 6121.875 6181.25 6271.875 6370.3125 6456.25 6545.3125 6751.5625 6943.75 6965.625 7012.5 7017.1875 7042.1875 7039.0625 7026.5625 6960.9375 6767.1875 6690.625 6712.5 6756.25 6712.5 6689.0625 6751.5625 6701.5625 6704.6875 6798.4375 6921.875 7187.5 7567.1875 7926.5625 8332.8125 8825 9256.25
3675 3532.8125 3470.3125 3384.375 3479.6875 3776.5625 3865.625 4192.1875 4276.5625 4471.875 4512.5 4643.75 4953.125 5439.0625 5914.0625 6189.0625 6575 6670.3125 6612.5 6589.0625 6403.125 5929.6875 5878.125 5881.25 5942.1875 5976.5625 6070.3125 6090.625 6073.4375 6084.375 6057.8125 6225 6314.0625 6393.75 6459.375 6573.4375 6739.0625 6803.125 6837.5 6882.8125 6935.9375 6990.625 6968.75 6904.6875 6876.5625 6720.3125 6623.4375 6617.1875 6618.75 6695.3125 6629.6875 6687.5 6615.625 6604.6875 6653.125 6748.4375 6912.5 7217.1875 7570.3125 8231.25 8646.875 8898.4375
3778.125 3757.8125 3607.8125 3479.6875 3625 3787.5 3946.875 4146.875 4287.5 4520.3125 4695.3125 4748.4375 4850 5118.75 5496.875 5975 6296.875 6392.1875 6437.5 6428.125 6376.5625 5860.9375 5810.9375 5945.3125 6031.25 6001.5625 6079.6875 6098.4375 6107.8125 6090.625 6040.625 6164.0625 6226.5625 6301.5625 6396.875 6546.875 6723.4375 6798.4375 6804.6875 6832.8125 6848.4375 6815.625 6800 6789.0625 6814.0625 6840.625 6720.3125 6601.5625 6645.3125 6635.9375 6659.375 6626.5625 6560.9375 6510.9375 6523.4375 6576.5625 6782.8125 6964.0625 7290.625 7865.625 8260.9375 8325
3851.5625 3729.6875 3676.5625 3701.5625 3762.5 3848.4375 3959.375 4089.0625 4239.0625 4532.8125 4676.5625 4781.25 4837.5 5010.9375 5400 5879.6875 6228.125 6310.9375 6393.75 6078.125 6135.9375 5889.0625 5901.5625 5982.8125 5978.125 5987.5 6028.125 6037.5 6043.75 6059.375 6043.75 6145.3125 6300 6343.75 6410.9375 6506.25 6651.5625 6653.125 6659.375 6678.125 6678.125 6660.9375 6773.4375 6709.375 6762.5 6814.0625 6756.25 6667.1875 6640.625 6559.375 6481.25 6473.4375 6521.875 6470.3125 6464.0625 6506.25 6581.25 6712.5 6946.875 7548.4375 7729.6875 7895.3125
3935.9375 4057.8125 4042.1875 3945.3125 3892.1875 3982.8125 4121.875 4248.4375 4343.75 4590.625 4714.0625 4781.25 4837.5 5006.25 5359.375 5790.625 6145.3125 6171.875 6231.25 6121.875 5756.25 5815.625 5875 5906.25 5956.25 5995.3125 6051.5625 6054.6875 6031.25 5996.875 6053.125 6200 6251.5625 6431.25 6478.125 6573.4375 6595.3125 6600 6596.875 6650 6637.5 6629.6875 6682.8125 6679.6875 6667.1875 6637.5 6578.125 6590.625 6517.1875 6473.4375 6421.875 6401.5625 6435.9375 6459.375 6434.375 6462.5 6495.3125 6529.6875 6634.375 6885.9375 7179.6875 7500
4035.9375 4101.5625 4104.6875 4118.75 4023.4375 3993.75 4081.25 4285.9375 4503.125 4664.0625 4684.375 4746.875 4845.3125 4953.125 5309.375 5695.3125 6065.625 6006.25 5856.25 5823.4375 5806.25 5710.9375 5729.6875 5790.625 5903.125 5976.5625 5982.8125 5973.4375 5965.625 5931.25 6045.3125 6206.25 6309.375 6451.5625 6553.125 6600 6593.75 6550 6590.625 6667.1875 6604.6875 6621.875 6576.5625 6578.125 6521.875 6475 6414.0625 6440.625 6453.125 6457.8125 6414.0625 6392.1875 6390.625 6429.6875 6412.5 6450 6475 6492.1875 6556.25 6690.625 6940.625 7232.8125
4179.6875 4160.9375 4115.625 4048.4375 4103.125 4150 4190.625 4242.1875 4320.3125 4585.9375 4689.0625 4721.875 4853.125 4945.3125 5175 5618.75 5820.3125 5829.6875 5590.625 5554.6875 5626.5625 5698.4375 5682.8125 5721.875 5781.25 5800 5804.6875 5837.5 5904.6875 5967.1875 6064.0625 6104.6875 6164.0625 6270.3125 6506.25 6659.375 6603.125 6595.3125 6595.3125 6648.4375 6604.6875 6532.8125 6500 6470.3125 6457.8125 6470.3125 6423.4375 6323.4375 6293.75 6300 6378.125 6415.625 6378.125 6382.8125 6453.125 6443.75 6442.1875 6464.0625 6501.5625 6601.5625 6785.9375 7075
4290.625 4343.75 4432.8125 4332.8125 4175 4185.9375 4346.875 4460.9375 4429.6875 4579.6875 4656.25 4810.9375 4800 4882.8125 5235.9375 5709.375 5754.6875 5717.1875 5579.6875 5364.0625 5439.0625 5507.8125 5653.125 5710.9375 5735.9375 5784.375 5867.1875 5818.75 5950 6026.5625 6067.1875 6110.9375 6106.25 6262.5 6360.9375 6462.5 6515.625 6512.5 6514.0625 6528.125 6521.875 6496.875 6489.0625 6470.3125 6440.625 6428.125 6384.375 6306.25 6289.0625 6254.6875 6234.375 6278.125 6281.25 6271.875 6320.3125 6437.5 6504.6875 6498.4375 6507.8125 6528.125 6670.3125 6839.0625
4273.4375 4301.5625 4359.375 4478.125 4432.8125 4345.3125 4498.4375 4714.0625 4720.3125 4665.625 4707.8125 4762.5 4996.875 5132.8125 5540.625 5685.9375 5679.6875 5662.5 5587.5 5381.25 5451.5625 5501.5625 5543.75 5610.9375 5676.5625 5776.5625 5884.375 5848.4375 5942.1875 6075 6150 6168.75 6153.125 6287.5 6387.5 6407.8125 6400 6418.75 6420.3125 6428.125 6407.8125 6415.625 6346.875 6328.125 6434.375 6473.4375 6526.5625 6354.6875 6268.75 6289.0625 6273.4375 6223.4375 6215.625 6231.25 6240.625 6343.75 6371.875 6423.4375 6442.1875 6509.375 6610.9375 6706.25
4375 4542.1875 4585.9375 4692.1875 4665.625 4507.8125 4487.5 4718.75 4762.5 4682.8125 4753.125 4945.3125 5245.3125 5304.6875 5692.1875 5700 5718.75 5648.4375 5526.5625 5393.75 5410.9375 5493.75 5451.5625 5507.8125 5735.9375 5781.25 5775 5832.8125 5868.75 6023.4375 6185.9375 6292.1875 6256.25 6307.8125 6334.375 6309.375 6292.1875 6368.75 6312.5 6276.5625 6240.625 6220.3125 6226.5625 6214.0625 6226.5625 6267.1875 6270.3125 6185.9375 6168.75 6179.6875 6200 6234.375 6257.8125 6242.1875 6215.625 6245.3125 6350 6315.625 6385.9375 6443.75 6543.75 6654.6875
4223.4375 4432.8125 4585.9375 4748.4375 4718.75 4578.125 4343.75 4312.5 4476.5625 4653.125 4820.3125 5009.375 5368.75 5439.0625 5668.75 5528.125 5443.75 5353.125 5223.4375 5270.3125 5334.375 5393.75 5393.75 5453.125 5631.25 5754.6875 5700 5785.9375 5807.8125 5951.5625 6106.25 6321.875 6334.375 6290.625 6264.0625 6240.625 6234.375 6218.75 6193.75 6153.125 6112.5 6110.9375 6206.25 6190.625 6200 6100 6062.5 6050 6082.8125 6187.5 6290.625 6304.6875 6275 6275 6251.5625 6215.625 6321.875 6350 6331.25 6371.875 6412.5 6539.0625
