Cases/SDM_Urocitellus_beldingi/westernUsClimate_hadley2080a2/BIO16.asc
NCOLS 315 
NROWS 297 
XLLCORNER -124.741664802 
YLLCORNER 29.2083311801598 
CELLSIZE 0.066666670143822 
NODATA_value -3.4e+38 
[rows 26 to 51 of 297, columns 240 to 299 of 315]
19470.3125 19246.875 19000 18973.4375 18793.75 18481.25 18156.25 18025 17854.6875 17671.875 17432.8125 17131.25 17446.875 17501.5625 17551.5625 17512.5 17487.5 17546.875 17757.8125 17757.8125 17425 17318.75 17221.875 17037.5 17065.625 17123.4375 16943.75 16893.75 16901.5625 16923.4375 17067.1875 17076.5625 17207.8125 17192.1875 17128.125 16928.125 16812.5 16921.875 17048.4375 17125 17259.375 17476.5625 17443.75 17385.9375 17548.4375 17746.875 17821.875 18031.25 18331.25 18554.6875 18720.3125 18529.6875 18350 18157.8125 18087.5 18046.875 18048.4375 18062.5 18307.8125 18232.8125
19631.25 19346.875 18993.75 18856.25 18765.625 18635.9375 18551.5625 18498.4375 18284.375 17984.375 17831.25 17276.5625 17196.875 17529.6875 17604.6875 17696.875 17734.375 17682.8125 17707.8125 17823.4375 17564.0625 17375 17248.4375 17126.5625 17096.875 16998.4375 16940.625 17085.9375 17037.5 17096.875 17273.4375 17193.75 17234.375 17150 17100 17035.9375 16967.1875 16823.4375 16990.625 17067.1875 17223.4375 17385.9375 17375 17445.3125 17614.0625 17846.875 18039.0625 18173.4375 18396.875 18746.875 18556.25 18253.125 18167.1875 18048.4375 17939.0625 17873.4375 17906.25 18048.4375 17896.875 17895.3125
19679.6875 19418.75 19181.25 18942.1875 18640.625 18335.9375 18260.9375 18223.4375 18267.1875 17953.125 17592.1875 17184.375 17287.5 17543.75 17546.875 17714.0625 17760.9375 17784.375 17729.6875 17792.1875 17521.875 17393.75 17420.3125 17239.0625 17076.5625 17039.0625 17240.625 17364.0625 17464.0625 17354.6875 17251.5625 17067.1875 17014.0625 16943.75 16957.8125 16940.625 16901.5625 16762.5 16881.25 17057.8125 17204.6875 17410.9375 17473.4375 17626.5625 17848.4375 18029.6875 18404.6875 18610.9375 18618.75 18501.5625 18303.125 18123.4375 18001.5625 17884.375 17912.5 18104.6875 17890.625 17682.8125 17687.5 17507.8125
19890.625 19432.8125 19137.5 18842.1875 18684.375 18568.75 18345.3125 18007.8125 17851.5625 17950 17676.5625 17437.5 17046.875 17654.6875 17726.5625 17601.5625 17578.125 17556.25 17596.875 17793.75 17785.9375 17714.0625 17373.4375 17184.375 17076.5625 17178.125 17485.9375 17453.125 17381.25 17245.3125 17071.875 16801.5625 16834.375 16770.3125 16710.9375 16751.5625 16756.25 16776.5625 16860.9375 17037.5 17150 17257.8125 17526.5625 17876.5625 18078.125 18387.5 18131.25 17996.875 18112.5 18120.3125 18015.625 17907.8125 17734.375 17728.125 17870.3125 17698.4375 17639.0625 17589.0625 17414.0625 17214.0625
20493.75 19620.3125 19123.4375 18698.4375 18331.25 18201.5625 18181.25 17946.875 17754.6875 17485.9375 17693.75 17667.1875 17060.9375 17226.5625 17492.1875 17675 17728.125 17528.125 17626.5625 17907.8125 18009.375 17754.6875 17560.9375 17751.5625 17546.875 17396.875 17309.375 17162.5 17034.375 16948.4375 16885.9375 16829.6875 16998.4375 16925 16695.3125 16887.5 16834.375 16781.25 16889.0625 16984.375 17190.625 17385.9375 17843.75 17979.6875 17784.375 17773.4375 17760.9375 17567.1875 17451.5625 17528.125 17435.9375 17650 17556.25 17565.625 17370.3125 17493.75 17396.875 17292.1875 17100 17064.0625
20589.0625 19853.125 18787.5 18332.8125 18179.6875 18129.6875 17959.375 17867.1875 17918.75 18000 17670.3125 17354.6875 17301.5625 17681.25 17748.4375 17679.6875 17692.1875 17681.25 17540.625 17509.375 17478.125 17418.75 17379.6875 17379.6875 17545.3125 17470.3125 17442.1875 17356.25 17264.0625 17170.3125 17050 16956.25 16968.75 16829.6875 16821.875 16848.4375 16848.4375 16848.4375 16910.9375 16978.125 17082.8125 17259.375 17485.9375 17900 17818.75 17531.25 17439.0625 17335.9375 17276.5625 17120.3125 17037.5 17284.375 17293.75 17300 17257.8125 16937.5 16885.9375 16875 16965.625 17145.3125
19848.4375 19457.8125 18990.625 18514.0625 18306.25 18262.5 18035.9375 18218.75 18067.1875 17914.0625 17750 17634.375 17262.5 17304.6875 17303.125 17396.875 17359.375 17401.5625 17440.625 17279.6875 17043.75 17018.75 16992.1875 17029.6875 17131.25 17337.5 17170.3125 17046.875 16923.4375 17162.5 17095.3125 17084.375 17082.8125 16921.875 17079.6875 17062.5 17057.8125 17026.5625 17031.25 17106.25 17218.75 17362.5 17531.25 17567.1875 17609.375 17423.4375 17395.3125 17346.875 17106.25 16876.5625 16789.0625 16651.5625 16650 16637.5 16714.0625 16759.375 16934.375 16956.25 16945.3125 17089.0625
19526.5625 19325 18935.9375 18637.5 18487.5 18392.1875 18162.5 17915.625 17768.75 17782.8125 17635.9375 17398.4375 17432.8125 17215.625 17417.1875 17473.4375 17434.375 17457.8125 17364.0625 17264.0625 16820.3125 16784.375 16753.125 16565.625 16840.625 16929.6875 16939.0625 16889.0625 16704.6875 16739.0625 16801.5625 16918.75 17071.875 17079.6875 17200 17059.375 17003.125 16982.8125 17082.8125 17239.0625 17400 17492.1875 17600 17454.6875 17315.625 17175 17073.4375 17051.5625 16821.875 16492.1875 16442.1875 16495.3125 16650 16818.75 16753.125 17012.5 16970.3125 16959.375 16975 16912.5
19409.375 19060.9375 18800 18492.1875 18134.375 18075 18014.0625 17801.5625 17728.125 17745.3125 17554.6875 17545.3125 17728.125 17423.4375 17351.5625 17460.9375 17564.0625 17720.3125 17606.25 17200 16850 16628.125 16517.1875 16476.5625 16678.125 16496.875 16643.75 16748.4375 16765.625 16559.375 16589.0625 16753.125 16990.625 16898.4375 16934.375 17079.6875 17109.375 16914.0625 16878.125 17106.25 17142.1875 17268.75 17140.625 17312.5 17260.9375 17200 17090.625 16760.9375 16593.75 16532.8125 16668.75 16879.6875 16954.6875 17042.1875 16845.3125 16871.875 16923.4375 17131.25 17106.25 17014.0625
18545.3125 18534.375 18035.9375 17853.125 17800 17621.875 17503.125 17485.9375 17456.25 17496.875 17539.0625 17612.5 17750 17478.125 17328.125 17379.6875 17540.625 17560.9375 17509.375 17331.25 16856.25 16487.5 16482.8125 16281.25 16292.1875 16334.375 16570.3125 16615.625 16653.125 16676.5625 16646.875 16579.6875 16923.4375 16993.75 16831.25 16798.4375 16865.625 16989.0625 16845.3125 16909.375 17100 17217.1875 17059.375 16868.75 16945.3125 16953.125 16832.8125 16579.6875 16614.0625 16890.625 16907.8125 16775 16985.9375 17160.9375 17104.6875 16995.3125 16965.625 16837.5 16984.375 17109.375
17793.75 17929.6875 17935.9375 17700 17543.75 17482.8125 17457.8125 17520.3125 17389.0625 17393.75 17321.875 17365.625 17435.9375 17475 17514.0625 17675 17698.4375 17340.625 17189.0625 17053.125 16842.1875 16614.0625 16378.125 16342.1875 16173.4375 16276.5625 16531.25 16568.75 16534.375 16573.4375 16523.4375 16501.5625 16818.75 17068.75 16998.4375 16862.5 16793.75 16784.375 16910.9375 16790.625 16885.9375 17018.75 17035.9375 16771.875 16646.875 16556.25 16484.375 16593.75 16765.625 17157.8125 16820.3125 16860.9375 17096.875 17307.8125 17310.9375 17185.9375 17198.4375 17001.5625 16873.4375 16895.3125
17479.6875 17482.8125 17200 17037.5 17076.5625 17039.0625 16890.625 16975 17104.6875 17096.875 17398.4375 17570.3125 17598.4375 17639.0625 17728.125 17839.0625 17618.75 17165.625 17059.375 16782.8125 16493.75 16634.375 16471.875 16346.875 16320.3125 16281.25 16253.125 16381.25 16589.0625 16467.1875 16407.8125 16445.3125 16912.5 17009.375 16875 16884.375 16910.9375 16871.875 16793.75 16793.75 16793.75 16762.5 16882.8125 16642.1875 16528.125 16623.4375 16975 17085.9375 17060.9375 17329.6875 16967.1875 16801.5625 17264.0625 17410.9375 17484.375 17473.4375 17323.4375 17200 16964.0625 16839.0625
16964.0625 16793.75 16590.625 16653.125 16760.9375 16900 17178.125 17078.125 17498.4375 17425 17492.1875 17756.25 17951.5625 17795.3125 17528.125 17318.75 17295.3125 17275 16754.6875 16673.4375 16476.5625 16295.3125 16262.5 16328.125 16304.6875 16332.8125 16353.125 16176.5625 16471.875 16598.4375 16423.4375 16346.875 16629.6875 16650 16745.3125 16668.75 16904.6875 16854.6875 16757.8125 16817.1875 16789.0625 16742.1875 16754.6875 16582.8125 16554.6875 16957.8125 17437.5 17626.5625 17407.8125 17521.875 17139.0625 16843.75 17203.125 17457.8125 17532.8125 17626.5625 17645.3125 17437.5 17131.25 16793.75
16506.25 16385.9375 16843.75 17031.25 17365.625 17493.75 17690.625 17484.375 17878.125 18026.5625 17807.8125 17690.625 17957.8125 17870.3125 17729.6875 17268.75 16898.4375 16954.6875 16673.4375 16379.6875 16562.5 16289.0625 16210.9375 16189.0625 16125 16196.875 16351.5625 16242.1875 16464.0625 16575 16509.375 16384.375 16387.5 16539.0625 16814.0625 16481.25 16710.9375 16664.0625 16548.4375 16495.3125 16506.25 16582.8125 16526.5625 16553.125 16817.1875 17343.75 17689.0625 17745.3125 17729.6875 17746.875 17137.5 16904.6875 17298.4375 17803.125 17806.25 17767.1875 17859.375 17682.8125 17398.4375 17021.875
16448.4375 16675 17025 17328.125 17665.625 18389.0625 18059.375 18495.3125 18418.75 18190.625 17907.8125 17637.5 17539.0625 17575 17614.0625 17592.1875 17134.375 16735.9375 16500 16370.3125 16328.125 16156.25 16031.25 15937.5 15862.5 16025 16118.75 16103.125 16045.3125 16220.3125 16528.125 16365.625 16250 16320.3125 16367.1875 16332.8125 16443.75 16539.0625 16457.8125 16610.9375 16818.75 16842.1875 16914.0625 16871.875 16681.25 17032.8125 17228.125 17500 17812.5 17625 17282.8125 16975 17278.125 17501.5625 17878.125 18150 18068.75 17831.25 17678.125 17275
16668.75 17126.5625 17545.3125 17742.1875 17562.5 18553.125 18559.375 17964.0625 17843.75 17868.75 18026.5625 18020.3125 17684.375 17310.9375 17168.75 17087.5 17368.75 16979.6875 16620.3125 16232.8125 16314.0625 16512.5 16509.375 16442.1875 16410.9375 16601.5625 16545.3125 16354.6875 16306.25 16467.1875 16492.1875 16696.875 16837.5 16559.375 16748.4375 16900 16775 16810.9375 16943.75 17354.6875 17292.1875 17223.4375 17304.6875 17332.8125 16940.625 17025 17209.375 17403.125 17610.9375 17762.5 17410.9375 17159.375 17204.6875 17501.5625 17587.5 17760.9375 18003.125 17978.125 17807.8125 17621.875
17190.625 17429.6875 17537.5 17126.5625 16893.75 17387.5 17484.375 17603.125 17543.75 17428.125 17528.125 17737.5 17629.6875 17303.125 17143.75 16832.8125 16879.6875 16828.125 16520.3125 16270.3125 16778.125 17373.4375 17396.875 16943.75 16667.1875 17239.0625 17059.375 17023.4375 16759.375 17001.5625 17254.6875 17515.625 17306.25 16757.8125 17126.5625 17468.75 17189.0625 17485.9375 17590.625 17554.6875 17659.375 17548.4375 17484.375 17235.9375 17131.25 17423.4375 17384.375 17325 17592.1875 17842.1875 17665.625 17309.375 17479.6875 17303.125 17553.125 17800 18010.9375 18281.25 18060.9375 17925
17417.1875 17348.4375 17328.125 16803.125 16662.5 16760.9375 17093.75 16987.5 17193.75 17239.0625 17240.625 17140.625 17182.8125 17167.1875 16951.5625 16714.0625 16578.125 16618.75 16385.9375 16476.5625 16867.1875 17551.5625 17723.4375 17153.125 16870.3125 17448.4375 17760.9375 17582.8125 17315.625 16935.9375 17500 17923.4375 17689.0625 17218.75 17007.8125 17492.1875 17684.375 17568.75 17831.25 17817.1875 17720.3125 17471.875 17221.875 17203.125 17407.8125 17707.8125 17878.125 17523.4375 17575 17879.6875 17690.625 17437.5 17720.3125 17457.8125 17381.25 17634.375 17854.6875 18264.0625 18287.5 18051.5625
17293.75 17028.125 16467.1875 16359.375 16492.1875 16573.4375 17037.5 17076.5625 17087.5 17039.0625 17003.125 17146.875 16862.5 16767.1875 16810.9375 16996.875 17110.9375 16710.9375 16382.8125 16954.6875 16776.5625 17084.375 17668.75 17367.1875 17126.5625 17518.75 17970.3125 18115.625 17478.125 17353.125 17448.4375 17748.4375 17775 17587.5 17392.1875 17439.0625 17837.5 18157.8125 18017.1875 17656.25 17451.5625 17292.1875 17414.0625 17693.75 17892.1875 17889.0625 18095.3125 17721.875 17873.4375 18006.25 17634.375 17787.5 17975 17739.0625 17542.1875 17523.4375 17884.375 18221.875 18321.875 18142.1875
17140.625 17540.625 16926.5625 16465.625 16292.1875 16342.1875 16567.1875 16568.75 16579.6875 16712.5 16676.5625 16740.625 17112.5 17357.8125 17876.5625 17923.4375 17285.9375 16578.125 16517.1875 17151.5625 17195.3125 16887.5 17451.5625 17323.4375 17268.75 17656.25 18118.75 17598.4375 17395.3125 17731.25 17912.5 17817.1875 17937.5 17782.8125 17665.625 17618.75 18142.1875 18250 17846.875 17531.25 17467.1875 17773.4375 17775 18053.125 18495.3125 18337.5 18042.1875 18040.625 18225 18060.9375 17745.3125 17923.4375 18153.125 18010.9375 17781.25 17578.125 17698.4375 18012.5 18334.375 18384.375
17468.75 17040.625 16567.1875 16575 16398.4375 16278.125 16306.25 16743.75 17104.6875 17384.375 17409.375 17110.9375 17842.1875 18225 18364.0625 17568.75 16687.5 16348.4375 16887.5 17517.1875 17460.9375 17012.5 17401.5625 17435.9375 17343.75 17868.75 18390.625 18051.5625 17898.4375 18248.4375 18289.0625 18220.3125 18384.375 18193.75 17910.9375 17793.75 18190.625 17939.0625 17551.5625 17651.5625 17907.8125 18117.1875 17996.875 18264.0625 18620.3125 18475 18212.5 18537.5 18301.5625 18087.5 17864.0625 18176.5625 18406.25 18351.5625 18060.9375 17709.375 17631.25 18004.6875 18395.3125 18795.3125
17412.5 17107.8125 16875 16421.875 16273.4375 16625 16915.625 17520.3125 18104.6875 18450 18037.5 17334.375 17732.8125 18478.125 17707.8125 17034.375 16489.0625 16475 16879.6875 17489.0625 17337.5 17171.875 17673.4375 17850 17550 17798.4375 18498.4375 19190.625 18971.875 18587.5 18540.625 18553.125 18390.625 18165.625 17778.125 17981.25 18150 17676.5625 18034.375 18239.0625 18550 18451.5625 18485.9375 18450 18689.0625 18503.125 18667.1875 18750 18604.6875 18167.1875 17978.125 18098.4375 18215.625 18367.1875 18035.9375 17620.3125 17643.75 17801.5625 18009.375 18504.6875
16717.1875 16471.875 16409.375 16217.1875 16768.75 17640.625 17146.875 17801.5625 18453.125 18432.8125 17950 17490.625 17467.1875 17570.3125 17229.6875 16887.5 16465.625 16381.25 16865.625 17171.875 17556.25 17260.9375 17512.5 17868.75 17712.5 17975 18207.8125 18850 19015.625 18509.375 18309.375 18160.9375 17987.5 17962.5 18187.5 18253.125 18126.5625 17859.375 18287.5 18576.5625 18934.375 19259.375 18920.3125 18746.875 18623.4375 18565.625 18776.5625 18834.375 18454.6875 18073.4375 18021.875 18273.4375 18268.75 17926.5625 17579.6875 17560.9375 17682.8125 17900 17928.125 18010.9375
16392.1875 16362.5 16584.375 16917.1875 17384.375 17579.6875 17376.5625 18057.8125 18587.5 18200 17784.375 17695.3125 17625 17396.875 17207.8125 16810.9375 16320.3125 16317.1875 16725 17256.25 17643.75 17415.625 17517.1875 17720.3125 17804.6875 18114.0625 18721.875 18660.9375 18346.875 18167.1875 17998.4375 18301.5625 18762.5 18620.3125 18718.75 18264.0625 17850 18223.4375 18698.4375 18701.5625 18834.375 19471.875 19039.0625 19045.3125 18706.25 18548.4375 18768.75 18710.9375 18306.25 17920.3125 17984.375 18025 17598.4375 17487.5 17459.375 17537.5 17673.4375 17801.5625 18026.5625 18475
16550 17175 17812.5 17912.5 17793.75 17578.125 18042.1875 17862.5 18012.5 17981.25 17903.125 17798.4375 17850 17740.625 17403.125 16950 16601.5625 17296.875 16989.0625 16976.5625 17618.75 17843.75 17457.8125 17654.6875 17671.875 18178.125 18459.375 17889.0625 17950 17998.4375 18164.0625 18756.25 19484.375 19781.25 19309.375 18375 17959.375 18246.875 19132.8125 19220.3125 19254.6875 19679.6875 19550 19218.75 18618.75 18759.375 18918.75 18565.625 18232.8125 17889.0625 17976.5625 17759.375 17403.125 17650 17523.4375 17568.75 17614.0625 17745.3125 18096.875 18593.75
17723.4375 18350 18615.625 18350 17596.875 17731.25 18328.125 18050 17942.1875 17915.625 17857.8125 17810.9375 17801.5625 17889.0625 17590.625 17020.3125 16993.75 17728.125 17560.9375 17153.125 17451.5625 17873.4375 17990.625 17664.0625 17750 17810.9375 17485.9375 17371.875 17731.25 18209.375 18634.375 18743.75 19401.5625 19654.6875 19218.75 18334.375 17843.75 18018.75 18204.6875 18343.75 18742.1875 19171.875 19707.8125 19034.375 18585.9375 18759.375 18665.625 18378.125 18015.625 17992.1875 17800 17415.625 17450 17703.125 17751.5625 17503.125 17623.4375 17589.0625 17642.1875 18171.875
