Cases/SDM_Urocitellus_beldingi/westernUsClimate_hadley2080a2/BIO18.asc
NCOLS 315 
NROWS 297 
XLLCORNER -124.741664802 
YLLCORNER 29.2083311801598 
CELLSIZE 0.066666670143822 
NODATA_value -3.4e+38 
[rows 140 to 167 of 297, columns 186 to 247 of 315]
7285.9375 9834.375 9471.875 8701.5625 9400 10421.875 9400 9714.0625 13615.625 15845.3125 11046.875 12114.0625 12357.8125 10946.875 14846.875 17993.75 17900 18176.5625 16687.5 13850 12246.875 11034.375 10409.375 10832.8125 10864.0625 10628.125 11220.3125 12237.5 15053.125 16282.8125 17609.375 15960.9375 14575 12818.75 10128.125 9620.3125 11396.875 11714.0625 11267.1875 10648.4375 10821.875 10228.125 10459.375 11128.125 10871.875 10834.375 11432.8125 12126.5625 13704.6875 13953.125 13171.875 14865.625 14968.75 14637.5 14757.8125 16404.6875 16017.1875 15623.4375 15293.75 15487.5 15693.75 15706.25
6998.4375 8915.625 8070.3125 8520.3125 8709.375 9473.4375 8820.3125 9476.5625 12693.75 15343.75 10090.625 10112.5 10304.6875 10350 13300 18889.0625 17812.5 18325 17154.6875 14367.1875 12454.6875 11292.1875 10048.4375 9759.375 9678.125 9975 9965.625 10457.8125 11760.9375 13840.625 16807.8125 17634.375 14929.6875 12626.5625 9326.5625 12534.375 13489.0625 13165.625 12429.6875 12325 12206.25 11098.4375 11595.3125 11948.4375 12376.5625 12639.0625 12404.6875 12596.875 13834.375 15529.6875 14934.375 13368.75 14132.8125 13879.6875 14798.4375 15673.4375 15642.1875 14312.5 14701.5625 14637.5 14773.4375 15950
6342.1875 8000 9490.625 8051.5625 7845.3125 8539.0625 8331.25 11529.6875 13910.9375 14362.5 9907.8125 8935.9375 9396.875 10835.9375 14985.9375 20112.5 18154.6875 17210.9375 18868.75 16185.9375 12442.1875 10976.5625 10095.3125 9717.1875 9460.9375 9625 9620.3125 9792.1875 9904.6875 12145.3125 15621.875 15810.9375 16814.0625 12714.0625 8912.5 11318.75 12606.25 14176.5625 12990.625 12523.4375 12379.6875 12404.6875 12907.8125 12850 13348.4375 14192.1875 13931.25 14129.6875 13881.25 13962.5 12387.5 12159.375 12862.5 12014.0625 12751.5625 14946.875 14875 14484.375 13623.4375 13087.5 13454.6875 14878.125
6831.25 9831.25 11192.1875 8276.5625 7740.625 8157.8125 8812.5 11396.875 14306.25 13376.5625 9732.8125 8590.625 10006.25 13529.6875 19153.125 20365.625 18446.875 17714.0625 16685.9375 16535.9375 12265.625 10987.5 10145.3125 9853.125 9457.8125 9228.125 9609.375 9139.0625 9387.5 10701.5625 14112.5 13526.5625 14034.375 13675 9451.5625 11996.875 14481.25 15056.25 14062.5 14001.5625 12900 12860.9375 13032.8125 13825 14245.3125 14435.9375 14529.6875 14743.75 13392.1875 11514.0625 10864.0625 11726.5625 11457.8125 11165.625 13021.875 14056.25 15151.5625 14229.6875 13250 12946.875 11575 11948.4375
8029.6875 13231.25 12112.5 8046.875 7879.6875 8056.25 8723.4375 11953.125 14590.625 11456.25 8360.9375 8725 12860.9375 19364.0625 21371.875 18007.8125 17278.125 18854.6875 14775 12003.125 10735.9375 10365.625 10023.4375 9775 9609.375 9648.4375 9709.375 9123.4375 8664.0625 8635.9375 10962.5 13390.625 10915.625 10448.4375 8606.25 10103.125 13384.375 16017.1875 15101.5625 15200 14137.5 14582.8125 14646.875 14089.0625 12756.25 12281.25 12267.1875 11953.125 10376.5625 9501.5625 9006.25 9409.375 8953.125 9985.9375 11223.4375 12640.625 14368.75 14240.625 13648.4375 11807.8125 10903.125 9929.6875
10248.4375 14781.25 12093.75 8418.75 10207.8125 9859.375 7904.6875 10867.1875 12978.125 9934.375 8231.25 11360.9375 16873.4375 20815.625 19045.3125 15162.5 15918.75 15998.4375 14168.75 11521.875 9928.125 9831.25 10089.0625 10178.125 10246.875 10300 10395.3125 8909.375 8467.1875 8018.75 9403.125 10504.6875 9906.25 8721.875 8267.1875 11890.625 13815.625 16320.3125 16818.75 15818.75 14740.625 15426.5625 14984.375 12729.6875 11309.375 10629.6875 10412.5 9448.4375 8967.1875 8770.3125 8428.125 8340.625 8350 8687.5 8967.1875 10096.875 12232.8125 13109.375 12651.5625 12023.4375 9998.4375 8835.9375
8317.1875 10743.75 10042.1875 8398.4375 11818.75 10754.6875 7782.8125 8326.5625 9604.6875 8670.3125 9779.6875 15045.3125 19048.4375 21025 19450 16865.625 16242.1875 15501.5625 10884.375 10009.375 9550 9465.625 9996.875 10970.3125 12390.625 12807.8125 11995.3125 9362.5 8662.5 8156.25 8453.125 8728.125 9225 9428.125 8267.1875 9695.3125 12034.375 15239.0625 17476.5625 16401.5625 16257.8125 15573.4375 13017.1875 12045.3125 11318.75 10003.125 8753.125 8698.4375 8396.875 8476.5625 8460.9375 8082.8125 8107.8125 8129.6875 8165.625 8515.625 9517.1875 12079.6875 11926.5625 11406.25 10246.875 9496.875
7156.25 8462.5 10157.8125 11862.5 11329.6875 10479.6875 7885.9375 7612.5 8028.125 8546.875 13723.4375 18075 21050 19959.375 16379.6875 15000 15307.8125 13940.625 10381.25 9537.5 9323.4375 9276.5625 9682.8125 9754.6875 10612.5 12525 11132.8125 9504.6875 9071.875 8495.3125 9189.0625 10600 9559.375 8154.6875 9204.6875 10342.1875 11317.1875 13232.8125 16382.8125 16260.9375 15696.875 13653.125 11660.9375 10210.9375 9662.5 8962.5 8476.5625 8334.375 8428.125 8632.8125 8609.375 8854.6875 8392.1875 7865.625 7934.375 7967.1875 8239.0625 9048.4375 11695.3125 11020.3125 9659.375 10626.5625
6985.9375 8181.25 11931.25 14460.9375 10340.625 11085.9375 8318.75 7495.3125 7867.1875 9103.125 12095.3125 15135.9375 20215.625 21068.75 19815.625 17592.1875 13296.875 11360.9375 9948.4375 9596.875 9471.875 9318.75 9332.8125 10207.8125 10195.3125 10800 11190.625 10400 8771.875 8156.25 7804.6875 10021.875 8246.875 7681.25 8989.0625 9628.125 11123.4375 12579.6875 13373.4375 13734.375 12318.75 11823.4375 11143.75 9775 8725 8429.6875 8221.875 8200 8182.8125 8576.5625 9614.0625 10556.25 11315.625 10579.6875 8864.0625 7784.375 7750 7900 8089.0625 8623.4375 10070.3125 15093.75
7712.5 9415.625 15034.375 15378.125 10557.8125 12229.6875 8568.75 7693.75 8337.5 10423.4375 15484.375 19198.4375 21509.375 18582.8125 16207.8125 17068.75 15618.75 11220.3125 10037.5 10053.125 9779.6875 9532.8125 10045.3125 10900 9601.5625 9290.625 9632.8125 9823.4375 8667.1875 7798.4375 7434.375 7714.0625 7098.4375 7185.9375 8031.25 9653.125 10467.1875 10923.4375 11634.375 11515.625 11595.3125 9403.125 8725 8334.375 8350 8225 8250 8400 8917.1875 9837.5 11064.0625 11912.5 12537.5 13214.0625 12309.375 9471.875 8120.3125 7723.4375 7971.875 8345.3125 10835.9375 18546.875
8250 11415.625 17695.3125 17406.25 11629.6875 9700 8129.6875 8268.75 10370.3125 13039.0625 15564.0625 15912.5 18115.625 18104.6875 16484.375 15759.375 11710.9375 10718.75 10545.3125 10195.3125 9856.25 10257.8125 10832.8125 10704.6875 10389.0625 10428.125 10304.6875 9292.1875 8262.5 7462.5 7265.625 7192.1875 7067.1875 7187.5 7343.75 7996.875 8828.125 9053.125 9293.75 9167.1875 8939.0625 8632.8125 8459.375 8343.75 8256.25 8171.875 8106.25 8989.0625 10581.25 12279.6875 12931.25 13045.3125 13565.625 14028.125 14442.1875 13176.5625 10576.5625 8835.9375 7953.125 8471.875 9850 12862.5
11348.4375 15067.1875 16942.1875 16067.1875 13034.375 9251.5625 8217.1875 9206.25 10184.375 10714.0625 12928.125 13562.5 14687.5 15856.25 13729.6875 11154.6875 10329.6875 10837.5 10628.125 10114.0625 10409.375 11682.8125 11371.875 11979.6875 11595.3125 11762.5 11868.75 10798.4375 8179.6875 7271.875 7340.625 7196.875 7062.5 7293.75 7375 7610.9375 7964.0625 8193.75 8329.6875 8501.5625 8476.5625 8467.1875 8390.625 8292.1875 8165.625 8168.75 8310.9375 9070.3125 11196.875 14364.0625 15835.9375 16242.1875 16289.0625 16906.25 18164.0625 17106.25 14251.5625 11375 9023.4375 8600 9473.4375 12629.6875
16492.1875 19289.0625 16129.6875 13331.25 10157.8125 8495.3125 9731.25 10656.25 12957.8125 13737.5 15489.0625 14071.875 14978.125 15737.5 12421.875 10076.5625 10167.1875 10151.5625 9687.5 9745.3125 11453.125 12712.5 13132.8125 12981.25 12468.75 12078.125 11665.625 10995.3125 7409.375 7171.875 7462.5 7453.125 7193.75 7232.8125 7535.9375 7837.5 7921.875 7950 8420.3125 8882.8125 8798.4375 8403.125 8892.1875 9121.875 8906.25 8385.9375 8664.0625 9742.1875 11290.625 13948.4375 17575 19746.875 19812.5 20234.375 20014.0625 18012.5 15225 12990.625 11393.75 8887.5 8992.1875 10425
16120.3125 16437.5 13471.875 10173.4375 8592.1875 9256.25 11956.25 12323.4375 14020.3125 17743.75 20065.625 18703.125 16081.25 14773.4375 11712.5 10839.0625 10306.25 9390.625 9148.4375 10354.6875 12096.875 11842.1875 12512.5 12568.75 12220.3125 11442.1875 10476.5625 8498.4375 7481.25 7318.75 7276.5625 7546.875 7378.125 7137.5 7410.9375 7851.5625 8076.5625 8243.75 8307.8125 8653.125 9107.8125 9043.75 8889.0625 9921.875 10123.4375 9289.0625 9917.1875 9812.5 10825 11428.125 14400 15046.875 15432.8125 17057.8125 17146.875 17209.375 16278.125 14640.625 13415.625 11037.5 9220.3125 8789.0625
15817.1875 15660.9375 11981.25 9031.25 9832.8125 13201.5625 14659.375 13635.9375 17479.6875 21512.5 23221.875 21890.625 19207.8125 16798.4375 13714.0625 11104.6875 9973.4375 9396.875 9364.0625 10062.5 9614.0625 11253.125 12178.125 11740.625 11056.25 10128.125 9026.5625 8031.25 7740.625 7412.5 7453.125 7528.125 7784.375 7550 7682.8125 8243.75 8926.5625 9350 8706.25 8432.8125 8603.125 9093.75 8998.4375 9596.875 8718.75 10567.1875 12117.1875 11925 11864.0625 12053.125 10542.1875 12185.9375 16051.5625 19670.3125 19392.1875 18345.3125 17787.5 16442.1875 14662.5 13596.875 11125 9806.25
17232.8125 12035.9375 9625 10010.9375 17720.3125 22146.875 17654.6875 14012.5 18246.875 23703.125 21082.8125 20685.9375 21265.625 16435.9375 13198.4375 10251.5625 10064.0625 9659.375 10473.4375 10443.75 9226.5625 10904.6875 10725 9884.375 9470.3125 8865.625 8454.6875 8281.25 8168.75 8093.75 8140.625 8406.25 8306.25 8121.875 7901.5625 8667.1875 9234.375 9573.4375 9578.125 9167.1875 8729.6875 8509.375 9396.875 10389.0625 10054.6875 12540.625 14690.625 15857.8125 14790.625 14942.1875 12154.6875 13412.5 14435.9375 16471.875 19545.3125 19846.875 19162.5 18218.75 15521.875 14129.6875 13104.6875 11631.25
13053.125 11303.125 10615.625 14345.3125 19895.3125 22035.9375 17120.3125 14051.5625 21970.3125 21973.4375 20376.5625 18501.5625 19003.125 15310.9375 11700 10529.6875 10223.4375 9776.5625 10159.375 11098.4375 9367.1875 9062.5 8787.5 8515.625 8271.875 8342.1875 8762.5 8884.375 8790.625 8537.5 8798.4375 8646.875 8643.75 8690.625 8121.875 8539.0625 9734.375 10620.3125 11031.25 9837.5 8618.75 8565.625 9029.6875 10704.6875 13565.625 15193.75 21356.25 19443.75 18504.6875 17089.0625 14464.0625 12029.6875 13057.8125 14209.375 18828.125 21170.3125 19821.875 18312.5 16515.625 16075 15178.125 13578.125
17735.9375 12889.0625 13896.875 20731.25 22829.6875 19410.9375 14503.125 14903.125 19564.0625 19800 17979.6875 16176.5625 18709.375 18345.3125 12790.625 11089.0625 10550 10092.1875 9528.125 10039.0625 9209.375 7687.5 7404.6875 7639.0625 7773.4375 7956.25 8812.5 9387.5 9607.8125 9625 9434.375 9185.9375 9050 9134.375 8332.8125 8500 9500 10684.375 10865.625 9943.75 8351.5625 9075 10159.375 10376.5625 14273.4375 18995.3125 25535.9375 23228.125 18881.25 15690.625 13042.1875 12379.6875 12592.1875 12675 15115.625 19200 21835.9375 20160.9375 19357.8125 18820.3125 17656.25 15484.375
17745.3125 12271.875 13434.375 18932.8125 21284.375 17500 13432.8125 16809.375 17156.25 16050 14425 14995.3125 22303.125 21301.5625 13960.9375 11540.625 10982.8125 9932.8125 9310.9375 9142.1875 8501.5625 7970.3125 7796.875 7321.875 7262.5 7803.125 8371.875 8737.5 9323.4375 9728.125 10037.5 9510.9375 9762.5 9557.8125 8353.125 8353.125 9370.3125 10945.3125 8679.6875 8251.5625 9248.4375 10112.5 10779.6875 11198.4375 13007.8125 18360.9375 26185.9375 21656.25 19035.9375 17325 15081.25 13312.5 11750 12421.875 13190.625 14825 17912.5 21293.75 21101.5625 21857.8125 21315.625 19509.375
22706.25 14257.8125 12062.5 15721.875 20815.625 16137.5 14998.4375 18671.875 17410.9375 16000 13856.25 14365.625 19232.8125 18314.0625 14734.375 12929.6875 11165.625 9864.0625 9357.8125 8604.6875 8871.875 7654.6875 7481.25 7231.25 7068.75 7175 7550 8012.5 8596.875 9631.25 10400 9789.0625 10418.75 9567.1875 7578.125 7640.625 9245.3125 9935.9375 8082.8125 8695.3125 11068.75 11481.25 10675 11492.1875 13320.3125 17426.5625 21239.0625 18017.1875 17135.9375 16253.125 12429.6875 12535.9375 12723.4375 12503.125 12232.8125 12671.875 14014.0625 16314.0625 17651.5625 19006.25 22001.5625 22979.6875
21070.3125 14790.625 13729.6875 16534.375 18995.3125 13935.9375 18123.4375 20381.25 18456.25 17125 15740.625 13970.3125 14334.375 13621.875 12767.1875 12223.4375 11153.125 9979.6875 9021.875 8301.5625 9157.8125 7810.9375 7906.25 7550 7503.125 7515.625 7892.1875 7565.625 8595.3125 10160.9375 11140.625 10631.25 10837.5 9431.25 9482.8125 8235.9375 8932.8125 9629.6875 8279.6875 8887.5 10142.1875 12534.375 11837.5 12110.9375 13225 14310.9375 15464.0625 16187.5 16003.125 15439.0625 13906.25 12245.3125 12204.6875 13476.5625 13300 12260.9375 12879.6875 14385.9375 15285.9375 17189.0625 19626.5625 23029.6875
17557.8125 13576.5625 13840.625 17765.625 18026.5625 13253.125 18946.875 20742.1875 18765.625 18273.4375 17375 17589.0625 20432.8125 16678.125 14204.6875 14253.125 12226.5625 11089.0625 9214.0625 8832.8125 8579.6875 8309.375 8542.1875 8509.375 8253.125 8006.25 8000 8304.6875 8189.0625 9431.25 11117.1875 11726.5625 11873.4375 10900 9317.1875 8810.9375 8262.5 8592.1875 8632.8125 9284.375 11468.75 12179.6875 12409.375 11893.75 12498.4375 13934.375 14860.9375 14190.625 14178.125 13635.9375 13025 13265.625 14378.125 13764.0625 13106.25 12818.75 12537.5 12854.6875 13989.0625 14976.5625 16917.1875 18804.6875
14829.6875 12879.6875 15131.25 16725 14403.125 14031.25 19259.375 20592.1875 20089.0625 20171.875 20156.25 21709.375 27032.8125 24931.25 20642.1875 15929.6875 13815.625 12012.5 10118.75 9195.3125 9912.5 9976.5625 12610.9375 12309.375 10207.8125 8450 8407.8125 9118.75 8076.5625 9089.0625 9657.8125 9704.6875 11345.3125 10976.5625 10034.375 9614.0625 8565.625 9353.125 9400 9682.8125 9731.25 12134.375 12281.25 12721.875 12314.0625 12815.625 13862.5 14478.125 13832.8125 14000 13512.5 12437.5 14153.125 14967.1875 15523.4375 14384.375 14151.5625 13656.25 14264.0625 15603.125 16578.125 18175
15762.5 15546.875 20025 20735.9375 15815.625 14189.0625 17215.625 20706.25 21782.8125 22651.5625 22726.5625 24875 27582.8125 27112.5 24315.625 17062.5 13932.8125 12846.875 10825 9629.6875 10203.125 11693.75 19262.5 19900 12256.25 9240.625 8520.3125 8554.6875 8348.4375 7898.4375 9509.375 10525 11510.9375 11279.6875 9115.625 8923.4375 9828.125 10603.125 10198.4375 10548.4375 10384.375 11768.75 13165.625 13081.25 13057.8125 12698.4375 14156.25 15317.1875 14825 14289.0625 14106.25 13434.375 13276.5625 14806.25 14653.125 14584.375 15623.4375 15539.0625 16531.25 17681.25 18370.3125 18842.1875
18039.0625 21339.0625 24150 20304.6875 17137.5 15126.5625 19209.375 22512.5 23314.0625 23828.125 24153.125 25793.75 24100 22521.875 23954.6875 19139.0625 14664.0625 13735.9375 11001.5625 9990.625 11045.3125 12057.8125 16570.3125 18820.3125 11925 8984.375 8284.375 8662.5 9321.875 7379.6875 8890.625 10729.6875 10439.0625 9887.5 9601.5625 11228.125 12126.5625 12146.875 11612.5 11862.5 11607.8125 12056.25 13732.8125 13559.375 13931.25 15135.9375 14578.125 15264.0625 15665.625 15531.25 15250 12978.125 12604.6875 12810.9375 13715.625 14773.4375 15250 16115.625 19639.0625 20632.8125 21240.625 21892.1875
18562.5 23275 22859.375 20012.5 17553.125 16404.6875 21234.375 24978.125 24250 22954.6875 19906.25 19331.25 18706.25 16339.0625 16379.6875 14957.8125 13032.8125 12353.125 12446.875 10835.9375 11950 12287.5 14262.5 18362.5 11732.8125 9481.25 8325 8059.375 8620.3125 7378.125 10025 10054.6875 9954.6875 10146.875 11040.625 12279.6875 12765.625 13829.6875 13434.375 13223.4375 13509.375 14843.75 14781.25 15712.5 15681.25 15493.75 15159.375 14982.8125 15356.25 16121.875 16060.9375 16065.625 14187.5 13240.625 12918.75 14535.9375 16735.9375 18568.75 21081.25 21704.6875 21542.1875 23665.625
18507.8125 21740.625 22114.0625 19578.125 16778.125 17207.8125 23453.125 24798.4375 20082.8125 19570.3125 15926.5625 15406.25 14453.125 14051.5625 12879.6875 12660.9375 11890.625 11982.8125 12906.25 10342.1875 10009.375 10076.5625 11635.9375 14885.9375 16867.1875 12987.5 8514.0625 7856.25 7660.9375 6998.4375 8170.3125 9435.9375 10110.9375 12131.25 13631.25 14382.8125 14751.5625 15656.25 17173.4375 15621.875 15012.5 18882.8125 19442.1875 18910.9375 16407.8125 15254.6875 15037.5 15018.75 15087.5 15318.75 15892.1875 17425 17217.1875 17329.6875 15442.1875 14279.6875 15370.3125 19884.375 22470.3125 23407.8125 24921.875 28625
18346.875 21515.625 20309.375 18218.75 16809.375 17860.9375 21260.9375 20846.875 16446.875 15339.0625 14273.4375 14309.375 13087.5 12395.3125 11809.375 11381.25 11037.5 11426.5625 12812.5 10989.0625 9471.875 8778.125 8553.125 9484.375 12001.5625 10292.1875 8415.625 7460.9375 6962.5 6795.3125 8003.125 9170.3125 10003.125 12148.4375 13245.3125 14643.75 15796.875 18190.625 19293.75 17275 17150 21048.4375 23856.25 23223.4375 16912.5 15129.6875 14987.5 14968.75 14860.9375 14503.125 14875 16315.625 17575 19031.25 20267.1875 18754.6875 16595.3125 17365.625 20600 20820.3125 24350 29473.4375
