Cases/SDM_Urocitellus_beldingi/westernUsClimate_hadley2080a2/BIO17.asc
NCOLS 315 
NROWS 297 
XLLCORNER -124.741664802 
YLLCORNER 29.2083311801598 
CELLSIZE 0.066666670143822 
NODATA_value -3.4e+38 
[rows 0 to 27 of 297, columns 64 to 127 of 315]
5814.28571428571 5957.14285714286 5380.35714285714 5685.71428571429 5648.21428571429 5344.64285714286 5217.85714285714 5200 5203.57142857143 4730.35714285714 4503.57142857143 3003.57142857143 3064.28571428571 3117.85714285714 3021.42857142857 2916.07142857143 3062.5 3403.57142857143 3678.57142857143 3778.57142857143 3744.64285714286 3742.85714285714 4051.78571428571 3903.57142857143 3914.28571428571 3858.92857142857 4207.14285714286 4328.57142857143 4180.35714285714 4114.28571428571 4469.64285714286 4669.64285714286 4676.78571428571 4533.92857142857 4575 4925 5082.14285714286 4985.71428571429 4987.5 5050 5103.57142857143 4955.35714285714 5205.35714285714 5366.07142857143 5764.28571428571 6164.28571428571 5760.71428571429 5712.5 6157.14285714286 6473.21428571429 6589.28571428571 6844.64285714286 6641.07142857143 6803.57142857143 6837.5 7046.42857142857 7016.07142857143 6750 6039.28571428571 5450 5741.07142857143 6889.28571428571 6912.5 6746.42857142857
5595.3125 5996.875 5654.6875 5714.0625 5392.1875 5039.0625 4634.375 5104.6875 4612.5 4189.0625 4150 3482.8125 2948.4375 3181.25 3029.6875 2876.5625 3264.0625 3484.375 3542.1875 3715.625 3701.5625 3739.0625 3904.6875 3789.0625 3803.125 3864.0625 3915.625 3979.6875 3926.5625 4201.5625 4435.9375 4673.4375 4550 4356.25 4373.4375 4579.6875 4853.125 4743.75 4850 4789.0625 4645.3125 4993.75 5445.3125 5229.6875 5742.1875 6089.0625 5553.125 5612.5 6148.4375 6464.0625 6446.875 6473.4375 6164.0625 6656.25 6857.8125 6957.8125 6829.6875 6896.875 6960.9375 6531.25 5570.3125 5717.1875 6667.1875 7293.75
5703.125 5456.25 5745.3125 5209.375 4926.5625 5115.625 4518.75 4512.5 4389.0625 3965.625 3756.25 3275 2835.9375 3015.625 2881.25 2806.25 2935.9375 3318.75 3429.6875 3654.6875 3792.1875 3709.375 3698.4375 3679.6875 3912.5 3910.9375 3912.5 3842.1875 3856.25 4231.25 4368.75 4504.6875 4398.4375 4276.5625 4125 4417.1875 4487.5 4325 4325 4593.75 4837.5 4859.375 4953.125 5242.1875 5756.25 5540.625 5242.1875 5551.5625 5884.375 6039.0625 6378.125 6165.625 5846.875 6017.1875 6426.5625 6743.75 6917.1875 7128.125 7314.0625 7240.625 6268.75 5448.4375 6093.75 6859.375
5457.8125 5354.6875 5325 5412.5 4345.3125 4051.5625 4585.9375 4667.1875 4631.25 4298.4375 3901.5625 3364.0625 2978.125 2756.25 2698.4375 2660.9375 2732.8125 3026.5625 3490.625 3878.125 3990.625 3635.9375 3685.9375 3706.25 3881.25 3804.6875 3771.875 3723.4375 3837.5 4176.5625 4401.5625 4348.4375 4328.125 4256.25 4067.1875 4006.25 4062.5 4203.125 4484.375 4587.5 4742.1875 4879.6875 4809.375 5139.0625 5300 5004.6875 5317.1875 5504.6875 5875 6132.8125 6182.8125 6018.75 6175 5821.875 5796.875 6435.9375 6832.8125 7039.0625 7056.25 7076.5625 6409.375 5410.9375 5790.625 6393.75
5315.625 5743.75 4951.5625 4345.3125 4368.75 3643.75 4504.6875 4718.75 4765.625 4056.25 3576.5625 3056.25 3146.875 2815.625 2607.8125 2556.25 2704.6875 2951.5625 3117.1875 3442.1875 3401.5625 3471.875 3629.6875 3732.8125 3709.375 3684.375 3635.9375 3621.875 3871.875 4206.25 4479.6875 4373.4375 4215.625 4159.375 4020.3125 3829.6875 3793.75 4014.0625 4221.875 4729.6875 4837.5 4696.875 4825 5071.875 5060.9375 4828.125 4942.1875 5742.1875 5953.125 5907.8125 5751.5625 5650 5814.0625 5854.6875 5518.75 6265.625 6754.6875 6912.5 6745.3125 6575 6101.5625 5223.4375 5551.5625 5593.75
4604.6875 4718.75 4587.5 3854.6875 3456.25 3828.125 4289.0625 4584.375 4710.9375 3710.9375 3475 2982.8125 2871.875 2671.875 2518.75 2592.1875 2878.125 2859.375 3048.4375 2967.1875 3210.9375 3479.6875 3582.8125 3579.6875 3420.3125 3409.375 3418.75 3585.9375 3720.3125 4209.375 4196.875 4123.4375 4109.375 4070.3125 4068.75 3537.5 3812.5 3967.1875 4009.375 4496.875 4292.1875 4559.375 4817.1875 4881.25 4910.9375 4984.375 4710.9375 5034.375 5260.9375 5507.8125 5528.125 5575 5462.5 5468.75 5500 6235.9375 6729.6875 6775 6909.375 6621.875 6073.4375 5435.9375 5726.5625 6245.3125
4356.25 3604.6875 3967.1875 3512.5 3121.875 3609.375 4226.5625 4596.875 3742.1875 3342.1875 3060.9375 2860.9375 2646.875 2545.3125 2367.1875 2589.0625 2832.8125 3023.4375 3403.125 3246.875 3012.5 3031.25 3223.4375 3429.6875 3393.75 3278.125 3400 3560.9375 3721.875 4157.8125 3993.75 3870.3125 3751.5625 3717.1875 3534.375 3468.75 3685.9375 3676.5625 3796.875 3925 4289.0625 4392.1875 4512.5 4581.25 4889.0625 4950 4695.3125 4753.125 5046.875 5521.875 5503.125 5407.8125 5293.75 5315.625 5373.4375 6109.375 6676.5625 6295.3125 6375 6232.8125 5610.9375 5617.1875 6435.9375 6959.375
5609.375 4423.4375 3368.75 2975 2776.5625 3317.1875 4198.4375 4143.75 4117.1875 3328.125 2881.25 2585.9375 2425 2415.625 2265.625 2656.25 2754.6875 2785.9375 3140.625 3293.75 3356.25 3087.5 3140.625 3153.125 3235.9375 3260.9375 3237.5 3503.125 3764.0625 3779.6875 3979.6875 3787.5 3671.875 3548.4375 3279.6875 3668.75 4043.75 3767.1875 3612.5 3735.9375 3862.5 3990.625 4226.5625 4667.1875 4907.8125 4810.9375 4625 4646.875 4862.5 5290.625 5434.375 5179.6875 5312.5 5250 5248.4375 5962.5 6426.5625 6231.25 5801.5625 6089.0625 5589.0625 6109.375 6600 6906.25
5621.875 4389.0625 3857.8125 3073.4375 2557.8125 2771.875 3160.9375 3507.8125 3739.0625 3707.8125 2973.4375 2893.75 2401.5625 2204.6875 2110.9375 2268.75 2671.875 3151.5625 3212.5 3215.625 3062.5 3137.5 3262.5 3232.8125 2987.5 3023.4375 3128.125 3373.4375 3703.125 3692.1875 3520.3125 3584.375 3343.75 3221.875 3198.4375 3542.1875 3778.125 3570.3125 3575 3640.625 3835.9375 3912.5 4053.125 4557.8125 5101.5625 4707.8125 4467.1875 4365.625 4854.6875 5325 5423.4375 5134.375 5078.125 5137.5 5226.5625 5714.0625 6337.5 6295.3125 5935.9375 5539.0625 5539.0625 5831.25 6135.9375 6529.6875
4242.1875 3745.3125 3226.5625 2915.625 2632.8125 2445.3125 2475 3001.5625 3209.375 2901.5625 2593.75 2548.4375 2214.0625 2035.9375 2096.875 2171.875 2350 2510.9375 2601.5625 2792.1875 3101.5625 3398.4375 2978.125 2954.6875 3075 2943.75 2985.9375 3167.1875 3443.75 3567.1875 3498.4375 3410.9375 3139.0625 3189.0625 3000 3425 3740.625 3725 3476.5625 3507.8125 3929.6875 3795.3125 4001.5625 4260.9375 4740.625 4712.5 4371.875 4223.4375 4573.4375 4946.875 5075 4873.4375 4917.1875 5085.9375 5159.375 5673.4375 6021.875 6364.0625 5826.5625 5446.875 5460.9375 5720.3125 5982.8125 6675
5693.75 5034.375 4065.625 3407.8125 3265.625 2676.5625 2314.0625 2657.8125 2900 2471.875 2293.75 2048.4375 1987.5 2150 2339.0625 2103.125 2325 2537.5 2678.125 2632.8125 2814.0625 2873.4375 2620.3125 2701.5625 2937.5 2784.375 2803.125 3039.0625 3270.3125 3626.5625 3357.8125 3167.1875 3087.5 2939.0625 2867.1875 3228.125 3443.75 3492.1875 3462.5 3426.5625 3443.75 3539.0625 3965.625 4393.75 4423.4375 4307.8125 4123.4375 4178.125 4246.875 4615.625 4926.5625 4967.1875 4870.3125 5059.375 5065.625 5490.625 5862.5 5743.75 5454.6875 5293.75 5325 5620.3125 6243.75 6750
6082.8125 5826.5625 5265.625 3384.375 2745.3125 2232.8125 2581.25 2900 2642.1875 2393.75 2078.125 1885.9375 1962.5 2168.75 2212.5 2257.8125 1945.3125 2079.6875 2214.0625 2496.875 2581.25 2456.25 2326.5625 2539.0625 2721.875 2846.875 2668.75 2834.375 3043.75 3206.25 3093.75 2987.5 2960.9375 2943.75 2825 3181.25 3432.8125 3595.3125 3575 3390.625 3418.75 3400 3692.1875 4071.875 4301.5625 4185.9375 4110.9375 4114.0625 4195.3125 4359.375 4570.3125 4806.25 4950 4828.125 5009.375 5254.6875 5090.625 5232.8125 5192.1875 5525 5431.25 5434.375 5714.0625 6414.0625
4826.5625 5860.9375 5243.75 3882.8125 2778.125 2187.5 2273.4375 2276.5625 2410.9375 2265.625 1854.6875 1740.625 1770.3125 2076.5625 2118.75 2139.0625 1965.625 1993.75 2201.5625 2115.625 2132.8125 2260.9375 2193.75 2410.9375 2517.1875 2756.25 2501.5625 2840.625 2839.0625 2854.6875 2987.5 2976.5625 2900 2757.8125 2773.4375 3089.0625 3320.3125 3782.8125 3429.6875 3378.125 3276.5625 3356.25 3493.75 3787.5 3998.4375 4207.8125 4071.875 4046.875 4203.125 4368.75 4471.875 4506.25 4673.4375 4753.125 4951.5625 5045.3125 5031.25 5250 5214.0625 5507.8125 5434.375 5384.375 5379.6875 5614.0625
4531.25 4989.0625 5114.0625 4431.25 3328.125 2493.75 2065.625 1928.125 1979.6875 1875 1673.4375 1617.1875 1668.75 2026.5625 1915.625 1848.4375 2001.5625 1760.9375 1832.8125 1909.375 2023.4375 1968.75 2059.375 2289.0625 2514.0625 2700 2306.25 2528.125 2745.3125 2703.125 2732.8125 2729.6875 2800 2515.625 2789.0625 3040.625 3260.9375 3284.375 3231.25 3160.9375 3082.8125 3320.3125 3412.5 3542.1875 3725 3756.25 3792.1875 3996.875 4075 4195.3125 4404.6875 4500 4781.25 5134.375 4740.625 4871.875 5395.3125 5190.625 5503.125 5523.4375 5243.75 5804.6875 6054.6875 6298.4375
3171.875 2862.5 2798.4375 3214.0625 3682.8125 3262.5 2523.4375 2315.625 1615.625 1714.0625 1985.9375 1706.25 1621.875 1648.4375 1739.0625 1754.6875 1762.5 1868.75 2068.75 2023.4375 2015.625 1981.25 1951.5625 2193.75 2500 2510.9375 2232.8125 2256.25 2600 2700 2467.1875 2357.8125 2421.875 2460.9375 2762.5 3135.9375 3298.4375 3029.6875 2996.875 2998.4375 2993.75 3139.0625 3382.8125 3404.6875 3440.625 3557.8125 3590.625 3732.8125 3832.8125 4140.625 4473.4375 4479.6875 4637.5 4856.25 4690.625 4775 5020.3125 5064.0625 5350 5123.4375 5437.5 6381.25 6393.75 6567.1875
5170.3125 4495.3125 2914.0625 2395.3125 2128.125 2814.0625 2875 2148.4375 1659.375 1689.0625 1995.3125 1765.625 1545.3125 1693.75 1707.8125 1770.3125 1814.0625 1896.875 1912.5 1912.5 1926.5625 1998.4375 1845.3125 2026.5625 2045.3125 2221.875 2092.1875 2212.5 2428.125 2601.5625 2642.1875 2264.0625 2470.3125 2457.8125 2629.6875 2865.625 2896.875 2832.8125 2812.5 2859.375 2837.5 3048.4375 3290.625 3200 3318.75 3396.875 3417.1875 3575 3762.5 4098.4375 4365.625 4518.75 4645.3125 4601.5625 4657.8125 4709.375 4804.6875 4893.75 5045.3125 5151.5625 5432.8125 6128.125 6356.25 6390.625
3645.3125 4453.125 3842.1875 2732.8125 1665.625 1843.75 2117.1875 1910.9375 1546.875 1751.5625 1815.625 1651.5625 1612.5 1637.5 1626.5625 1615.625 1642.1875 1734.375 1842.1875 1748.4375 1675 1818.75 1957.8125 2014.0625 2037.5 1967.1875 1970.3125 2103.125 2135.9375 2160.9375 2475 2240.625 2264.0625 2425 2356.25 2525 2760.9375 2773.4375 2689.0625 2625 2760.9375 2937.5 3009.375 3029.6875 3085.9375 3187.5 3276.5625 3434.375 3670.3125 4245.3125 4745.3125 4589.0625 4493.75 4526.5625 4515.625 4582.8125 4801.5625 5039.0625 5467.1875 5943.75 6009.375 6168.75 6157.8125 6217.1875
3093.75 2985.9375 3367.1875 2378.125 1910.9375 1650 1621.875 1514.0625 1696.875 1870.3125 1709.375 1629.6875 1567.1875 1545.3125 1567.1875 1589.0625 1600 1612.5 1698.4375 1606.25 1731.25 1862.5 1995.3125 2093.75 2075 2120.3125 2150 2164.0625 2198.4375 2170.3125 2128.125 2118.75 2262.5 2442.1875 2418.75 2290.625 2478.125 2495.3125 2548.4375 2515.625 2593.75 2698.4375 2745.3125 2895.3125 3034.375 3078.125 3103.125 3332.8125 3512.5 3854.6875 4096.875 4450 4551.5625 4584.375 4392.1875 4487.5 4873.4375 5210.9375 5676.5625 5662.5 6081.25 6115.625 6081.25 6196.875
2821.875 2018.75 2154.6875 2057.8125 1548.4375 1531.25 1576.5625 1667.1875 1854.6875 1798.4375 1634.375 1589.0625 1498.4375 1487.5 1459.375 1417.1875 1567.1875 1601.5625 1557.8125 1634.375 1796.875 1810.9375 1875 1831.25 1831.25 1960.9375 2023.4375 2089.0625 2125 2182.8125 2160.9375 2207.8125 2178.125 2264.0625 2370.3125 2326.5625 2370.3125 2500 2500 2578.125 2631.25 2687.5 2698.4375 2701.5625 2778.125 2968.75 3046.875 3196.875 3364.0625 3714.0625 3770.3125 3962.5 4089.0625 4098.4375 4271.875 4429.6875 4664.0625 5134.375 5657.8125 5601.5625 5806.25 6087.5 6073.4375 6296.875
3203.125 2365.625 1800 1781.25 1570.3125 1971.875 1929.6875 1757.8125 1671.875 1610.9375 1596.875 1479.6875 1396.875 1400 1400 1400 1517.1875 1514.0625 1473.4375 1573.4375 1587.5 1589.0625 1704.6875 1757.8125 1793.75 1810.9375 1890.625 2010.9375 2059.375 2082.8125 2100 2109.375 2120.3125 2204.6875 2307.8125 2351.5625 2412.5 2500 2500 2523.4375 2579.6875 2600 2615.625 2670.3125 2700 2843.75 3009.375 3192.1875 3310.9375 3529.6875 3568.75 3750 3982.8125 4073.4375 4184.375 4318.75 4826.5625 5157.8125 5346.875 5806.25 5925 5768.75 6132.8125 6201.5625
3825 3304.6875 2031.25 1431.25 1670.3125 1831.25 1678.125 1612.5 1592.1875 1542.1875 1510.9375 1382.8125 1376.5625 1400 1400 1414.0625 1470.3125 1332.8125 1360.9375 1400 1403.125 1481.25 1498.4375 1535.9375 1731.25 1787.5 1803.125 1862.5 1937.5 1995.3125 2018.75 2079.6875 2100 2154.6875 2203.125 2285.9375 2312.5 2395.3125 2493.75 2500 2459.375 2434.375 2587.5 2612.5 2732.8125 2804.6875 2975 3139.0625 3203.125 3390.625 3570.3125 3975 4585.9375 4242.1875 4212.5 4209.375 4582.8125 4770.3125 5089.0625 5512.5 5737.5 5575 5851.5625 5857.8125
2275 2685.9375 1998.4375 1507.8125 2517.1875 2350 1703.125 1459.375 1417.1875 1400 1400 1285.9375 1364.0625 1396.875 1392.1875 1217.1875 1121.875 1254.6875 1295.3125 1351.5625 1400 1404.6875 1412.5 1489.0625 1571.875 1637.5 1645.3125 1704.6875 1839.0625 1918.75 1960.9375 2000 2053.125 2107.8125 2131.25 2176.5625 2257.8125 2243.75 2404.6875 2439.0625 2407.8125 2464.0625 2532.8125 2645.3125 2712.5 2803.125 2932.8125 3276.5625 3315.625 3564.0625 4007.8125 4276.5625 4442.1875 4159.375 4273.4375 4362.5 4901.5625 5210.9375 5221.875 5234.375 5164.0625 5364.0625 5665.625 5590.625
1434.375 1693.75 1362.5 1854.6875 2075 1825 1885.9375 1526.5625 1343.75 1362.5 1215.625 1110.9375 1185.9375 1295.3125 1115.625 1096.875 1095.3125 1121.875 1151.5625 1256.25 1329.6875 1354.6875 1398.4375 1409.375 1476.5625 1584.375 1600 1601.5625 1634.375 1784.375 1884.375 1962.5 1998.4375 2007.8125 2068.75 2100 2110.9375 2198.4375 2234.375 2332.8125 2410.9375 2500 2515.625 2598.4375 2693.75 2801.5625 2937.5 3064.0625 3276.5625 3545.3125 3651.5625 3778.125 4020.3125 4054.6875 4090.625 4470.3125 4606.25 4984.375 4795.3125 5085.9375 5345.3125 5689.0625 5878.125 5778.125
2121.875 1403.125 1170.3125 1289.0625 1626.5625 1551.5625 1542.1875 1498.4375 1248.4375 1156.25 1096.875 1092.1875 1100 1239.0625 1017.1875 1000 1000 1025 1040.625 1082.8125 1143.75 1187.5 1303.125 1382.8125 1404.6875 1465.625 1543.75 1585.9375 1600 1642.1875 1756.25 1832.8125 1906.25 1992.1875 2007.8125 2084.375 2095.3125 2135.9375 2228.125 2279.6875 2357.8125 2487.5 2496.875 2503.125 2684.375 2804.6875 2981.25 3117.1875 3296.875 3476.5625 3582.8125 3709.375 3887.5 4114.0625 4215.625 4306.25 4650 4689.0625 5045.3125 5634.375 5746.875 6312.5 6203.125 6148.4375
2318.75 1865.625 1281.25 1117.1875 1134.375 1215.625 1257.8125 1164.0625 1226.5625 1325 1354.6875 1237.5 1173.4375 1073.4375 896.875 934.375 970.3125 1000 1001.5625 1015.625 1078.125 1159.375 1190.625 1256.25 1348.4375 1404.6875 1481.25 1525 1556.25 1592.1875 1662.5 1745.3125 1806.25 1895.3125 1942.1875 1935.9375 2087.5 2106.25 2170.3125 2201.5625 2251.5625 2387.5 2492.1875 2501.5625 2639.0625 2840.625 3073.4375 3120.3125 3270.3125 3501.5625 3600 3715.625 3953.125 4278.125 4309.375 4378.125 4464.0625 4793.75 5246.875 5490.625 5909.375 6235.9375 6150 6264.0625
3996.875 2900 2035.9375 1954.6875 1378.125 1095.3125 1089.0625 1114.0625 1120.3125 1156.25 1204.6875 1214.0625 1100 954.6875 810.9375 800 806.25 876.5625 976.5625 1000 1018.75 1104.6875 1185.9375 1228.125 1309.375 1384.375 1445.3125 1493.75 1500 1512.5 1568.75 1626.5625 1725 1810.9375 1875 1910.9375 2065.625 2095.3125 2114.0625 2193.75 2207.8125 2340.625 2481.25 2550 2707.8125 2832.8125 2956.25 3115.625 3237.5 3401.5625 3640.625 3868.75 4003.125 4265.625 4403.125 4667.1875 4735.9375 4926.5625 4854.6875 5171.875 5393.75 5495.3125 5667.1875 5850
3396.875 4360.9375 3820.3125 2592.1875 1551.5625 1064.0625 998.4375 1042.1875 1048.4375 1000 932.8125 909.375 954.6875 865.625 800 800 800 800 851.5625 992.1875 1000 1046.875 1143.75 1200 1239.0625 1300 1404.6875 1495.3125 1500 1500 1537.5 1685.9375 1689.0625 1785.9375 1826.5625 1846.875 1935.9375 2075 2125 2198.4375 2239.0625 2418.75 2464.0625 2551.5625 2689.0625 2800 2929.6875 3109.375 3200 3400 3625 3728.125 3937.5 4153.125 4576.5625 4646.875 4932.8125 5056.25 5162.5 5284.375 5540.625 5875 5960.9375 6082.8125
2892.1875 3231.25 3443.75 2965.625 1800 1215.625 1001.5625 945.3125 964.0625 909.375 862.5 862.5 946.875 879.6875 800 800 800 800 800 912.5 965.625 1015.625 1101.5625 1165.625 1214.0625 1262.5 1337.5 1470.3125 1500 1500 1521.875 1684.375 1700 1775 1800 1800 1820.3125 2034.375 2170.3125 2200 2221.875 2310.9375 2478.125 2601.5625 2701.5625 2818.75 2976.5625 3159.375 3223.4375 3379.6875 3526.5625 3757.8125 3914.0625 4104.6875 4509.375 4935.9375 4873.4375 4981.25 5151.5625 5214.0625 5421.875 5867.1875 6279.6875 6331.25
