Cases/SDM_Urocitellus_beldingi/westernUsClimate_hadley2080a2/BIO19.asc
NCOLS 315 
NROWS 297 
XLLCORNER -124.741664802 
YLLCORNER 29.2083311801598 
CELLSIZE 0.066666670143822 
NODATA_value -3.4e+38 
[rows 54 to 80 of 297, columns 0 to 61 of 315]
-3.4e+38 -3.4e+38 -3.4e+38 -3.4e+38 -3.4e+38 -3.4e+38 -3.4e+38 -3.4e+38 -3.4e+38 -3.4e+38 -3.4e+38 109823.80952381 107445.161290323 99781.25 106071.875 126279.6875 117817.1875 115031.25 119979.6875 124456.25 99528.125 82881.25 65907.8125 60507.8125 56393.75 62823.4375 56462.5 48854.6875 43539.0625 45085.9375 48928.125 50925 51276.5625 55420.3125 57912.5 61492.1875 74320.3125 84801.5625 91387.5 93265.625 97496.875 98525 96912.5 97668.75 100354.6875 101264.0625 97612.5 80800 83685.9375 66096.875 50128.125 37939.0625 30201.5625 24945.3125 21846.875 21217.1875 18251.5625 13145.3125 12896.875 13473.4375 12307.8125 12395.3125
-3.4e+38 -3.4e+38 -3.4e+38 -3.4e+38 -3.4e+38 -3.4e+38 -3.4e+38 -3.4e+38 -3.4e+38 -3.4e+38 -3.4e+38 100975 105678.125 104534.375 108939.0625 110028.125 120371.875 120609.375 122239.0625 121971.875 104915.625 78217.1875 62606.25 55214.0625 53943.75 51867.1875 45839.0625 50785.9375 47840.625 44931.25 48134.375 50650 55342.1875 58932.8125 62596.875 63746.875 72595.3125 84265.625 95089.0625 103671.875 108829.6875 97832.8125 95237.5 96720.3125 98509.375 96329.6875 89285.9375 84940.625 76795.3125 66506.25 45707.8125 32171.875 27251.5625 26751.5625 24142.1875 18071.875 13356.25 13181.25 13757.8125 12975 12223.4375 12067.1875
-3.4e+38 -3.4e+38 -3.4e+38 -3.4e+38 -3.4e+38 -3.4e+38 -3.4e+38 -3.4e+38 -3.4e+38 -3.4e+38 -3.4e+38 102450 110821.875 105929.6875 121589.0625 119539.0625 110626.5625 117073.4375 122156.25 116007.8125 101985.9375 82498.4375 61284.375 52992.1875 50882.8125 48768.75 44528.125 43900 44098.4375 45085.9375 46528.125 49909.375 56071.875 64260.9375 75917.1875 75640.625 80817.1875 86968.75 98912.5 106914.0625 110621.875 105142.1875 97910.9375 97259.375 92971.875 89312.5 81437.5 79770.3125 72020.3125 50460.9375 36539.0625 28020.3125 21987.5 17701.5625 14871.875 13053.125 13785.9375 13868.75 12646.875 12225 11917.1875 11453.125
-3.4e+38 -3.4e+38 -3.4e+38 -3.4e+38 -3.4e+38 -3.4e+38 -3.4e+38 -3.4e+38 -3.4e+38 -3.4e+38 -3.4e+38 97957.6923076923 101312.5 120446.875 120889.0625 126076.5625 118357.8125 111146.875 98237.5 93978.125 79432.8125 69657.8125 56728.125 52509.375 49907.8125 46687.5 45370.3125 44490.625 44720.3125 45479.6875 47450 50815.625 54014.0625 60495.3125 69479.6875 82307.8125 95698.4375 99595.3125 97096.875 99685.9375 105045.3125 106192.1875 104523.4375 98337.5 91412.5 84492.1875 75289.0625 66584.375 57735.9375 44659.375 33950 26978.125 21840.625 18464.0625 14798.4375 13271.875 13020.3125 12793.75 12209.375 12068.75 11798.4375 11332.8125
-3.4e+38 -3.4e+38 -3.4e+38 -3.4e+38 -3.4e+38 -3.4e+38 -3.4e+38 -3.4e+38 -3.4e+38 -3.4e+38 -3.4e+38 108659.090909091 114962.5 117210.9375 115631.25 109993.75 99168.75 97882.8125 82020.3125 75668.75 68300 60517.1875 55875 59007.8125 52868.75 46832.8125 45807.8125 45282.8125 45109.375 46409.375 48529.6875 52429.6875 60651.5625 67332.8125 81426.5625 96348.4375 111870.3125 115020.3125 101553.125 104326.5625 97237.5 103843.75 96529.6875 91862.5 83931.25 80531.25 78153.125 63754.6875 54114.0625 44851.5625 35010.9375 27315.625 22248.4375 18018.75 15489.0625 15356.25 14431.25 13375 13542.1875 13398.4375 12081.25 11868.75
-3.4e+38 -3.4e+38 -3.4e+38 -3.4e+38 -3.4e+38 -3.4e+38 -3.4e+38 -3.4e+38 -3.4e+38 -3.4e+38 98400 109546.031746032 113095.3125 118040.625 121470.3125 118629.6875 105520.3125 92864.0625 87114.0625 74765.625 68635.9375 60404.6875 56068.75 58021.875 53890.625 47051.5625 46289.0625 45732.8125 45850 47709.375 53015.625 63381.25 73728.125 81329.6875 91495.3125 104623.4375 109500 114284.375 106454.6875 103395.3125 90643.75 94064.0625 90240.625 90437.5 86854.6875 81337.5 75534.375 62657.8125 46909.375 40448.4375 37629.6875 32378.125 27626.5625 22610.9375 15857.8125 16670.3125 17609.375 14884.375 16546.875 16332.8125 13985.9375 12667.1875
-3.4e+38 -3.4e+38 -3.4e+38 -3.4e+38 -3.4e+38 -3.4e+38 -3.4e+38 -3.4e+38 -3.4e+38 -3.4e+38 99150 105292.1875 115970.3125 125612.5 138754.6875 136359.375 131937.5 123600 113117.1875 99526.5625 80878.125 64362.5 57201.5625 56778.125 57698.4375 47568.75 46567.1875 46475 47559.375 54931.25 68021.875 75509.375 81626.5625 89562.5 94504.6875 102234.375 109539.0625 111017.1875 107959.375 100717.1875 94503.125 101671.875 87817.1875 84160.9375 84807.8125 77884.375 63223.4375 53515.625 43309.375 36896.875 32907.8125 28807.8125 29342.1875 26901.5625 19104.6875 14451.5625 18075 16500 17040.625 16309.375 15778.125 15493.75
-3.4e+38 -3.4e+38 -3.4e+38 -3.4e+38 -3.4e+38 -3.4e+38 -3.4e+38 -3.4e+38 -3.4e+38 -3.4e+38 96918.75 104326.5625 120056.25 125765.625 134257.8125 131614.0625 133604.6875 131154.6875 115410.9375 103721.875 81264.0625 66070.3125 57009.375 52576.5625 52945.3125 50201.5625 47842.1875 50468.75 54375 59835.9375 71060.9375 85360.9375 91340.625 96420.3125 106357.8125 106757.8125 106406.25 109646.875 105040.625 108085.9375 100314.0625 97589.0625 88165.625 88701.5625 87050 81060.9375 63700 50928.125 42315.625 34085.9375 28631.25 25746.875 25434.375 19673.4375 13207.8125 11550 15789.0625 14971.875 14510.9375 13979.6875 13435.9375 15382.8125
-3.4e+38 -3.4e+38 -3.4e+38 -3.4e+38 -3.4e+38 -3.4e+38 -3.4e+38 -3.4e+38 -3.4e+38 -3.4e+38 99731.8181818182 98896.875 111348.4375 129073.4375 127403.125 131089.0625 130210.9375 124506.25 114743.75 91948.4375 72723.4375 66831.25 57412.5 52445.3125 58403.125 56528.125 51037.5 51068.75 52646.875 58004.6875 71307.8125 86054.6875 93481.25 101140.625 101956.25 99435.9375 105445.3125 105390.625 107045.3125 106396.875 98431.25 97231.25 89875 87475 88492.1875 80176.5625 67098.4375 51898.4375 39700 32217.1875 26796.875 20918.75 16810.9375 13357.8125 11831.25 11204.6875 13206.25 11746.875 11571.875 12657.8125 14162.5 15631.25
-3.4e+38 -3.4e+38 -3.4e+38 -3.4e+38 -3.4e+38 -3.4e+38 -3.4e+38 -3.4e+38 -3.4e+38 -3.4e+38 98933.9285714286 97067.1875 96362.5 106942.1875 111914.0625 121034.375 123045.3125 113707.8125 103271.875 80943.75 69992.1875 61682.8125 56729.6875 52956.25 49779.6875 50064.0625 53779.6875 50492.1875 52881.25 57617.1875 64237.5 70951.5625 74646.875 81004.6875 86885.9375 96500 103814.0625 107918.75 105426.5625 99750 94170.3125 88475 87150 89989.0625 89009.375 77065.625 65418.75 51671.875 39557.8125 31726.5625 23704.6875 17825 13520.3125 13034.375 11400 10254.6875 9884.375 11284.375 12985.9375 12737.5 13839.0625 14632.8125
-3.4e+38 -3.4e+38 -3.4e+38 -3.4e+38 -3.4e+38 -3.4e+38 -3.4e+38 -3.4e+38 -3.4e+38 -3.4e+38 92584.6153846154 95378.125 95857.8125 99220.3125 103112.5 103176.5625 101371.875 104332.8125 87714.0625 73196.875 76181.25 68609.375 55256.25 51576.5625 49310.9375 49187.5 48757.8125 49512.5 52318.75 59768.75 63360.9375 73504.6875 87026.5625 91114.0625 96856.25 102573.4375 107198.4375 101806.25 98934.375 96546.875 92371.875 89915.625 86495.3125 89796.875 88851.5625 76326.5625 62654.6875 47071.875 37851.5625 28587.5 21848.4375 16770.3125 13118.75 12414.0625 11042.1875 10514.0625 10179.6875 11312.5 14192.1875 13856.25 13551.5625 17285.9375
-3.4e+38 -3.4e+38 -3.4e+38 -3.4e+38 -3.4e+38 -3.4e+38 -3.4e+38 -3.4e+38 -3.4e+38 -3.4e+38 87119.0476190476 90358.7301587302 93756.25 98198.4375 98845.3125 94079.6875 91482.8125 85376.5625 80701.5625 72017.1875 82668.75 67932.8125 56398.4375 50646.875 48968.75 48489.0625 48201.5625 49054.6875 50012.5 53707.8125 67357.8125 91550 105856.25 100246.875 104117.1875 105281.25 103496.875 103739.0625 101093.75 95525 96125 88610.9375 81964.0625 88923.4375 86835.9375 72437.5 54004.6875 43676.5625 32664.0625 25862.5 20092.1875 15282.8125 12929.6875 11128.125 10167.1875 10470.3125 11835.9375 12529.6875 14573.4375 18081.25 13640.625 14651.5625
-3.4e+38 -3.4e+38 -3.4e+38 -3.4e+38 -3.4e+38 -3.4e+38 -3.4e+38 -3.4e+38 -3.4e+38 -3.4e+38 85798.2456140351 90031.25 99043.75 100642.1875 99810.9375 97617.1875 92828.125 86356.25 76976.5625 66348.4375 59910.9375 54365.625 50834.375 49257.8125 48407.8125 48320.3125 48259.375 48379.6875 50057.8125 52942.1875 62571.875 81048.4375 89490.625 102335.9375 101684.375 100662.5 101692.1875 102529.6875 100148.4375 98000 93675 84414.0625 84028.125 86437.5 83742.1875 59814.0625 42664.0625 48715.625 31804.6875 22345.3125 18134.375 14339.0625 12056.25 10226.5625 9717.1875 10656.25 12573.4375 12232.8125 16964.0625 18592.1875 15609.375 14926.5625
-3.4e+38 -3.4e+38 -3.4e+38 -3.4e+38 -3.4e+38 -3.4e+38 -3.4e+38 -3.4e+38 -3.4e+38 88575 90007.8125 100900 107329.6875 107403.125 107226.5625 100051.5625 91075 104265.625 90434.375 62142.1875 53718.75 51207.8125 49725 48917.1875 48278.125 48232.8125 49650 49567.1875 51375 54226.5625 63606.25 88870.3125 100150 86267.1875 88085.9375 95165.625 100239.0625 98982.8125 96101.5625 93695.3125 91054.6875 85023.4375 91667.1875 87698.4375 74551.5625 48390.625 40025 46982.8125 31335.9375 23759.375 16935.9375 13431.25 11400 10260.9375 10406.25 10371.875 11460.9375 13298.4375 18390.625 19237.5 19495.3125 20454.6875
-3.4e+38 -3.4e+38 -3.4e+38 -3.4e+38 -3.4e+38 -3.4e+38 -3.4e+38 -3.4e+38 -3.4e+38 90316.6666666667 93318.1818181818 100756.25 107676.5625 111182.8125 104653.125 105209.375 100309.375 89078.125 85960.9375 69576.5625 55439.0625 51123.4375 49710.9375 49034.375 48614.0625 48446.875 52892.1875 63881.25 59690.625 54756.25 63168.75 73404.6875 80771.875 83385.9375 90196.875 95540.625 99309.375 97506.25 95762.5 95221.875 87739.0625 80728.125 87032.8125 84850 66390.625 44653.125 38148.4375 40512.5 30596.875 19693.75 15092.1875 12340.625 10639.0625 10206.25 11920.3125 10143.75 13592.1875 12939.0625 12757.8125 12779.6875 15942.1875 17035.9375
-3.4e+38 -3.4e+38 -3.4e+38 -3.4e+38 -3.4e+38 -3.4e+38 -3.4e+38 -3.4e+38 -3.4e+38 93333.3333333333 99989.0625 104198.4375 103864.0625 103168.75 100975 94293.75 85971.875 76223.4375 80157.8125 71609.375 56101.5625 51714.0625 50326.5625 49690.625 49353.125 49226.5625 50976.5625 54515.625 60676.5625 60118.75 62942.1875 68384.375 74339.0625 81270.3125 86737.5 91106.25 96337.5 94673.4375 93007.8125 92793.75 83032.8125 77076.5625 84117.1875 80815.625 65585.9375 45443.75 40415.625 27948.4375 22110.9375 17007.8125 14025 11332.8125 9517.1875 8545.3125 9656.25 8610.9375 8968.75 8870.3125 9329.6875 10868.75 12932.8125 12932.8125
-3.4e+38 -3.4e+38 -3.4e+38 -3.4e+38 -3.4e+38 -3.4e+38 -3.4e+38 -3.4e+38 -3.4e+38 98043.3333333333 102601.5625 101284.375 102681.25 100618.75 97157.8125 91356.25 85387.5 88673.4375 83875 71318.75 57406.25 53689.0625 51057.8125 50496.875 50304.6875 50698.4375 59253.125 70546.875 65048.4375 69289.0625 73751.5625 80526.5625 89579.6875 93673.4375 96992.1875 93103.125 94279.6875 92776.5625 89548.4375 86101.5625 78871.875 72564.0625 76440.625 79321.875 68195.3125 50892.1875 32790.625 23075 18370.3125 15529.6875 13053.125 10937.5 8975 8032.8125 7607.8125 7615.625 8179.6875 8500 8332.8125 8832.8125 10367.1875 10634.375
-3.4e+38 -3.4e+38 -3.4e+38 -3.4e+38 -3.4e+38 -3.4e+38 -3.4e+38 -3.4e+38 -3.4e+38 98515.1515151515 103181.25 103267.1875 101453.125 97912.5 94751.5625 91007.8125 88943.75 89115.625 77432.8125 74503.125 58853.125 53732.8125 51765.625 51578.125 51609.375 52242.1875 71220.3125 77260.9375 63626.5625 66510.9375 77481.25 85600 88078.125 86689.0625 89775 91875 91437.5 85898.4375 84414.0625 82781.25 75551.5625 70675 77089.0625 73628.125 70793.75 57951.5625 42076.5625 26585.9375 19150 15070.3125 13110.9375 11537.5 9139.0625 7946.875 7542.1875 7610.9375 8634.375 8493.75 8675 10429.6875 12748.4375 12059.375
-3.4e+38 -3.4e+38 -3.4e+38 -3.4e+38 -3.4e+38 -3.4e+38 -3.4e+38 -3.4e+38 -3.4e+38 96458.5365853659 101489.0625 100503.125 97146.875 94506.25 91754.6875 86725 88145.3125 76917.1875 74589.0625 66104.6875 60542.1875 53217.1875 52164.0625 52709.375 52945.3125 55625 74620.3125 60998.4375 60467.1875 68629.6875 75317.1875 81162.5 78548.4375 77260.9375 82373.4375 83107.8125 76637.5 76620.3125 77418.75 76000 70710.9375 65523.4375 66871.875 72693.75 75082.8125 61151.5625 48217.1875 34751.5625 22787.5 16623.4375 13498.4375 11143.75 9609.375 8485.9375 7843.75 8284.375 11554.6875 8417.1875 8370.3125 9803.125 10112.5 9506.25
-3.4e+38 -3.4e+38 -3.4e+38 -3.4e+38 -3.4e+38 -3.4e+38 -3.4e+38 -3.4e+38 -3.4e+38 94318.75 96109.375 94192.1875 92451.5625 90621.875 87415.625 85239.0625 79543.75 76492.1875 71042.1875 61906.25 57828.125 52418.75 52384.375 53339.0625 53726.5625 54532.8125 61243.75 59000 59967.1875 69025 68996.875 68960.9375 74670.3125 73135.9375 72865.625 73979.6875 79998.4375 76906.25 77551.5625 75654.6875 68300 62179.6875 67540.625 69806.25 74467.1875 66573.4375 62840.625 51232.8125 31298.4375 19435.9375 14793.75 12267.1875 10287.5 8957.8125 8131.25 7765.625 7725 7993.75 8229.6875 8401.5625 8275 9928.125
-3.4e+38 -3.4e+38 -3.4e+38 -3.4e+38 -3.4e+38 -3.4e+38 -3.4e+38 -3.4e+38 -3.4e+38 87590.5660377358 88946.875 89364.0625 88490.625 86570.3125 85615.625 81870.3125 80946.875 73835.9375 69006.25 63254.6875 57585.9375 53656.25 52996.875 53789.0625 53451.5625 52767.1875 52075 53690.625 58812.5 64612.5 75206.25 77412.5 76965.625 80940.625 77070.3125 77807.8125 77264.0625 75918.75 72860.9375 71612.5 69562.5 60526.5625 61275 66218.75 63068.75 60931.25 60521.875 48151.5625 36406.25 23204.6875 16476.5625 13332.8125 11407.8125 9821.875 8539.0625 7890.625 7576.5625 7620.3125 8307.8125 9568.75 8260.9375 10787.5
-3.4e+38 -3.4e+38 -3.4e+38 -3.4e+38 -3.4e+38 -3.4e+38 -3.4e+38 -3.4e+38 -3.4e+38 85401.6393442623 86314.0625 87829.6875 87165.625 86884.375 84440.625 80121.875 74845.3125 72459.375 68954.6875 66568.75 61828.125 56296.875 55246.875 54714.0625 56626.5625 52309.375 51018.75 50485.9375 53973.4375 57273.4375 59232.8125 66089.0625 67398.4375 68110.9375 71571.875 74092.1875 77714.0625 76737.5 68017.1875 66876.5625 63471.875 60401.5625 61060.9375 58271.875 50776.5625 57918.75 53782.8125 44321.875 34439.0625 22045.3125 16907.8125 15085.9375 13179.6875 11479.6875 9726.5625 8412.5 7917.1875 9337.5 13179.6875 10254.6875 8239.0625 8368.75
-3.4e+38 -3.4e+38 -3.4e+38 -3.4e+38 -3.4e+38 -3.4e+38 -3.4e+38 -3.4e+38 83216.6666666667 83587.5 84464.0625 84871.875 85914.0625 85804.6875 86939.0625 82440.625 74132.8125 70860.9375 67695.3125 65243.75 65264.0625 61871.875 56346.875 57337.5 55140.625 50620.3125 51885.9375 57382.8125 50210.9375 55701.5625 55596.875 64373.4375 71198.4375 80164.0625 74784.375 70934.375 69310.9375 69484.375 68832.8125 65120.3125 61646.875 60865.625 58585.9375 55945.3125 45315.625 49798.4375 40042.1875 32526.5625 28340.625 20192.1875 18889.0625 18439.0625 17842.1875 14837.5 12243.75 11248.4375 10064.0625 10048.4375 10073.4375 9328.125 8785.9375 8612.5
-3.4e+38 -3.4e+38 -3.4e+38 -3.4e+38 -3.4e+38 -3.4e+38 -3.4e+38 -3.4e+38 82305.2631578947 82420.3125 82793.75 83368.75 81114.0625 81400 78440.625 75860.9375 73032.8125 72506.25 68795.3125 65607.8125 62204.6875 60095.3125 56976.5625 58146.875 56023.4375 50600 62867.1875 72095.3125 64303.125 61045.3125 63732.8125 56984.375 64476.5625 74587.5 67934.375 65806.25 71329.6875 70818.75 66259.375 62367.1875 59650 65832.8125 54400 47270.3125 38892.1875 37967.1875 32089.0625 25732.8125 22026.5625 18760.9375 19610.9375 22990.625 24323.4375 19946.875 14585.9375 11320.3125 10634.375 12101.5625 9715.625 8129.6875 7851.5625 7693.75
-3.4e+38 -3.4e+38 -3.4e+38 -3.4e+38 -3.4e+38 -3.4e+38 -3.4e+38 -3.4e+38 81325.8064516129 80731.25 80675 79423.4375 77878.125 78515.625 75689.0625 75298.4375 71915.625 70282.8125 68200 65560.9375 64190.625 60568.75 57514.0625 56353.125 54606.25 51451.5625 51050 54710.9375 64559.375 75382.8125 74018.75 72226.5625 64317.1875 56757.8125 57410.9375 62106.25 63225 60139.0625 61296.875 64871.875 62321.875 61731.25 52595.3125 41821.875 36368.75 36131.25 27504.6875 22989.0625 20203.125 18187.5 18942.1875 25665.625 33903.125 27575 18815.625 13350 12868.75 13550 10635.9375 9223.4375 8492.1875 7975
-3.4e+38 -3.4e+38 -3.4e+38 -3.4e+38 -3.4e+38 -3.4e+38 -3.4e+38 -3.4e+38 78697.9591836735 78332.8125 77676.5625 78121.875 79481.25 79426.5625 76353.125 73598.4375 71157.8125 68692.1875 65878.125 63476.5625 60660.9375 57415.625 55253.125 56343.75 58329.6875 55573.4375 55731.25 62531.25 59048.4375 63103.125 65042.1875 68837.5 73920.3125 63359.375 54245.3125 58526.5625 59173.4375 61945.3125 61656.25 63546.875 62623.4375 65254.6875 51523.4375 39175 32675 28145.3125 25082.8125 22145.3125 19367.1875 17643.75 19382.8125 27689.0625 33985.9375 31160.9375 20464.0625 15293.75 11878.125 11037.5 10351.5625 9318.75 8576.5625 8243.75
-3.4e+38 -3.4e+38 -3.4e+38 -3.4e+38 -3.4e+38 -3.4e+38 -3.4e+38 76833.3333333333 78671.4285714286 77721.875 78793.75 79598.4375 77806.25 74285.9375 71614.0625 68823.4375 65653.125 63509.375 62778.125 61821.875 59087.5 56243.75 54562.5 55598.4375 59846.875 65348.4375 68067.1875 61285.9375 67889.0625 63167.1875 70375 71745.3125 74514.0625 67092.1875 54853.125 61050 58010.9375 60832.8125 59387.5 64523.4375 59700 62092.1875 47267.1875 36392.1875 38734.375 28053.125 25521.875 20996.875 18826.5625 17628.125 18579.6875 21160.9375 25146.875 24003.125 17775 13764.0625 12923.4375 13084.375 11742.1875 10082.8125 8734.375 8581.25
