Cases/SDM_Urocitellus_beldingi/westernUsClimate_hadley2080a2/BIO11.asc
NCOLS 315 
NROWS 297 
XLLCORNER -124.741664802 
YLLCORNER 29.2083311801598 
CELLSIZE 0.066666670143822 
NODATA_value -3.4e+38 
[rows 135 to 161 of 297, columns 0 to 61 of 315]
-3.4e+38 -3.4e+38 -3.4e+38 -3.4e+38 -3.4e+38 -3.4e+38 -3.4e+38 -3.4e+38 -3.4e+38 -3.4e+38 896.666666666667 875.416666666667 872.65625 868.59375 864.6875 790 725.15625 732.96875 743.59375 795.625 744.84375 730.78125 697.96875 527.65625 503.28125 530.46875 380.625 423.75 472.34375 397.65625 516.09375 823.59375 961.875 1005.15625 1024.375 1049.375 1070.46875 1082.1875 1090.78125 1095.3125 1094.21875 1089.84375 1060 1012.8125 905.46875 722.96875 752.5 589.0625 435.9375 318.90625 318.90625 472.34375 433.125 325.9375 355.9375 449.6875 507.65625 508.75 330.3125 163.59375 199.375 97.1875
-3.4e+38 -3.4e+38 -3.4e+38 -3.4e+38 -3.4e+38 -3.4e+38 -3.4e+38 -3.4e+38 -3.4e+38 -3.4e+38 -3.4e+38 934 892.075471698113 863.4375 861.09375 781.25 685.9375 670.15625 769.0625 800.9375 718.4375 666.875 648.4375 604.375 496.5625 592.5 512.5 472.5 563.28125 475.78125 525.78125 802.8125 976.875 1007.96875 1030.625 1046.40625 1064.21875 1077.34375 1082.03125 1090.46875 1092.03125 1090 1080.3125 1050.3125 999.53125 914.53125 833.59375 720.78125 624.21875 483.75 593.28125 579.53125 374.375 312.5 363.28125 459.375 378.90625 415.46875 460.3125 414.21875 264.0625 177.8125
-3.4e+38 -3.4e+38 -3.4e+38 -3.4e+38 -3.4e+38 -3.4e+38 -3.4e+38 -3.4e+38 -3.4e+38 -3.4e+38 -3.4e+38 -3.4e+38 928.181818181818 920.192307692308 859.6875 841.25 772.1875 748.125 656.25 803.90625 696.40625 728.4375 793.125 793.59375 731.09375 681.5625 443.90625 503.125 571.25 556.5625 665.625 900 985.78125 991.71875 1018.28125 1039.6875 1057.34375 1071.09375 1081.09375 1087.1875 1089.6875 1085.15625 1079.375 1070.3125 1046.875 1020.15625 968.28125 866.875 717.5 708.28125 656.25 457.96875 390.15625 354.6875 399.84375 419.0625 421.5625 362.96875 420.78125 361.5625 420.78125 275
-3.4e+38 -3.4e+38 -3.4e+38 -3.4e+38 -3.4e+38 -3.4e+38 -3.4e+38 -3.4e+38 -3.4e+38 -3.4e+38 -3.4e+38 -3.4e+38 -3.4e+38 944.444444444444 858.75 809.84375 775.15625 785.625 747.1875 758.4375 794.84375 728.90625 853.4375 845.625 705.9375 677.8125 664.6875 480 577.1875 686.09375 630 739.84375 958.4375 1000 1012.1875 1035.625 1054.53125 1069.53125 1071.71875 1073.59375 1078.90625 1078.4375 1072.8125 1069.53125 1062.34375 1053.4375 1048.28125 971.40625 889.84375 803.90625 689.21875 584.0625 520.15625 559.21875 506.71875 457.34375 428.90625 315.625 288.59375 250.625 316.875 442.65625
-3.4e+38 -3.4e+38 -3.4e+38 -3.4e+38 -3.4e+38 -3.4e+38 -3.4e+38 -3.4e+38 -3.4e+38 -3.4e+38 -3.4e+38 -3.4e+38 -3.4e+38 980 920.847457627119 818.75 791.875 708.125 817.65625 730.9375 806.5625 790 825.9375 814.6875 784.0625 587.8125 531.09375 572.03125 387.8125 594.6875 801.40625 795.46875 934.53125 981.5625 999.84375 1022.1875 1052.96875 1067.03125 1068.28125 1070.15625 1070 1069.6875 1069.0625 1060.15625 1059.6875 1062.03125 1057.96875 1044.21875 988.125 935.78125 859.0625 743.125 705.15625 592.03125 495.3125 467.1875 457.5 425.625 341.71875 265 213.28125 242.96875
-3.4e+38 -3.4e+38 -3.4e+38 -3.4e+38 -3.4e+38 -3.4e+38 -3.4e+38 -3.4e+38 -3.4e+38 -3.4e+38 -3.4e+38 -3.4e+38 -3.4e+38 -3.4e+38 957.317073170732 902.34375 839.0625 769.6875 800.15625 786.40625 801.875 754.53125 680.9375 765.9375 822.03125 669.6875 465.15625 567.65625 468.28125 529.53125 648.59375 827.03125 964.6875 982.03125 986.71875 1023.125 1051.25 1062.03125 1060.78125 1060.78125 1060.15625 1064.375 1062.34375 1060 1063.28125 1076.09375 1080.15625 1060.625 1030.9375 945 848.28125 849.21875 719.53125 647.03125 622.8125 593.125 561.09375 524.53125 452.65625 470.9375 273.28125 216.875
-3.4e+38 -3.4e+38 -3.4e+38 -3.4e+38 -3.4e+38 -3.4e+38 -3.4e+38 -3.4e+38 -3.4e+38 -3.4e+38 -3.4e+38 -3.4e+38 -3.4e+38 -3.4e+38 980 963.125 937.34375 881.40625 782.65625 825.46875 828.4375 815.46875 713.90625 690.625 739.375 770.3125 515.3125 510.9375 598.4375 580.3125 609.53125 770.625 960.46875 959.84375 994.21875 1023.125 1048.125 1062.5 1060 1060.3125 1060.625 1068.28125 1067.34375 1067.1875 1071.5625 1079.84375 1082.96875 1060.15625 1040.9375 1026.25 991.25 921.40625 788.28125 716.09375 695.625 682.96875 642.1875 598.28125 660.625 645.3125 467.03125 373.125
-3.4e+38 -3.4e+38 -3.4e+38 -3.4e+38 -3.4e+38 -3.4e+38 -3.4e+38 -3.4e+38 -3.4e+38 -3.4e+38 -3.4e+38 -3.4e+38 -3.4e+38 -3.4e+38 1012.72727272727 980.9375 946.5625 927.34375 835 802.34375 820.9375 802.03125 854.0625 810.15625 605.9375 596.09375 630.15625 571.875 690.15625 574.375 541.71875 732.5 917.34375 954.375 975.625 1020.625 1044.53125 1051.25 1055.78125 1059.6875 1060 1067.5 1069.53125 1071.40625 1079.0625 1081.875 1089.6875 1093.4375 1077.5 1022.34375 963.28125 848.28125 808.28125 755 758.4375 739.21875 722.5 697.96875 598.125 564.0625 445.9375 301.5625
-3.4e+38 -3.4e+38 -3.4e+38 -3.4e+38 -3.4e+38 -3.4e+38 -3.4e+38 -3.4e+38 -3.4e+38 -3.4e+38 -3.4e+38 -3.4e+38 -3.4e+38 1031.66666666667 1010.46875 988.90625 951.25 953.4375 969.53125 892.5 872.8125 868.59375 850.3125 836.875 733.28125 672.34375 823.28125 781.09375 727.65625 551.09375 580.46875 768.125 907.96875 945 937.8125 1013.4375 1036.875 1050.9375 1052.1875 1051.09375 1058.125 1061.25 1067.1875 1074.375 1081.25 1089.6875 1098.125 1097.65625 1082.34375 1048.28125 984.21875 902.96875 838.28125 812.03125 835.46875 766.40625 745 737.65625 726.71875 702.03125 484.21875 355.46875
-3.4e+38 -3.4e+38 -3.4e+38 -3.4e+38 -3.4e+38 -3.4e+38 -3.4e+38 -3.4e+38 -3.4e+38 -3.4e+38 -3.4e+38 -3.4e+38 -3.4e+38 1032.5 1003.28125 985.46875 984.84375 959.0625 937.65625 880.625 867.96875 872.65625 842.34375 871.875 879.53125 776.5625 763.28125 815.46875 713.4375 462.5 592.65625 838.59375 912.96875 932.65625 925.3125 1006.71875 1024.53125 1043.59375 1046.40625 1046.09375 1050 1058.28125 1063.28125 1070 1084.6875 1094.21875 1100.3125 1103.4375 1095.9375 1073.4375 1035.46875 958.125 937.03125 842.96875 878.125 797.5 759.375 770.78125 753.75 766.5625 636.5625 387.1875
-3.4e+38 -3.4e+38 -3.4e+38 -3.4e+38 -3.4e+38 -3.4e+38 -3.4e+38 -3.4e+38 -3.4e+38 -3.4e+38 -3.4e+38 -3.4e+38 -3.4e+38 1030 1019.66666666667 1020.9375 1016.875 1007.34375 991.5625 947.1875 890.46875 894.53125 935.3125 933.4375 988.125 830.3125 724.84375 738.125 783.125 664.6875 636.875 753.75 825.625 923.125 915.46875 990.3125 1020.46875 1039.0625 1041.5625 1040.625 1042.96875 1053.90625 1057.03125 1073.90625 1086.25 1094.21875 1105.625 1105.15625 1101.25 1081.875 1055.15625 998.90625 975.78125 983.28125 904.84375 804.375 784.53125 797.96875 796.5625 756.25 666.25 546.09375
-3.4e+38 -3.4e+38 -3.4e+38 -3.4e+38 -3.4e+38 -3.4e+38 -3.4e+38 -3.4e+38 -3.4e+38 -3.4e+38 -3.4e+38 -3.4e+38 -3.4e+38 -3.4e+38 1032.22222222222 1018.125 1017.1875 1015.3125 996.5625 971.25 920.625 889.0625 995.3125 998.75 934.53125 877.34375 804.84375 795.625 714.0625 757.34375 657.1875 753.75 789.84375 874.6875 890.625 962.65625 1016.25 1037.1875 1032.96875 1037.1875 1037.65625 1047.1875 1058.4375 1044.0625 1060.15625 1102.8125 1113.75 1113.90625 1104.53125 1083.4375 1076.5625 1049.84375 1017.96875 975.15625 889.21875 824.0625 814.375 827.1875 823.75 797.03125 739.21875 587.8125
-3.4e+38 -3.4e+38 -3.4e+38 -3.4e+38 -3.4e+38 -3.4e+38 -3.4e+38 -3.4e+38 -3.4e+38 -3.4e+38 -3.4e+38 -3.4e+38 -3.4e+38 -3.4e+38 1045.55555555556 1020.98360655738 1031.25 1041.09375 1010.15625 982.1875 914.21875 891.5625 980.9375 1021.09375 826.25 817.03125 883.4375 888.4375 787.34375 708.90625 784.6875 801.40625 819.375 852.5 898.59375 953.90625 1010 1033.59375 1032.03125 1034.375 1037.8125 1046.71875 1059.84375 1058.125 1078.59375 1107.96875 1122.03125 1123.90625 1102.8125 1083.28125 1075.78125 1058.125 1020.625 995 936.25 901.40625 907.34375 897.34375 869.53125 852.34375 814.0625 682.8125
-3.4e+38 -3.4e+38 -3.4e+38 -3.4e+38 -3.4e+38 -3.4e+38 -3.4e+38 -3.4e+38 -3.4e+38 -3.4e+38 -3.4e+38 -3.4e+38 -3.4e+38 -3.4e+38 -3.4e+38 1035.88235294118 991.875 1008.59375 1049.6875 981.71875 918.75 853.4375 949.21875 1044.375 851.40625 827.1875 876.875 897.5 880.78125 788.75 824.84375 811.09375 844.6875 831.71875 888.125 953.90625 991.09375 1025.78125 1032.8125 1037.1875 1042.65625 1053.28125 1063.4375 1075.3125 1094.6875 1109.53125 1123.125 1125.78125 1105.78125 1082.96875 1085.3125 1078.75 1061.5625 1033.125 1003.90625 990.3125 993.90625 969.0625 914.375 846.5625 800.3125 760.46875
-3.4e+38 -3.4e+38 -3.4e+38 -3.4e+38 -3.4e+38 -3.4e+38 -3.4e+38 -3.4e+38 -3.4e+38 -3.4e+38 -3.4e+38 -3.4e+38 -3.4e+38 -3.4e+38 -3.4e+38 1072.94117647059 985.78125 957.65625 971.875 1042.5 1011.25 895.9375 901.71875 978.125 937.8125 800.46875 870.9375 896.71875 898.90625 878.90625 852.65625 859.6875 883.4375 854.375 875.3125 915.9375 934.375 1003.59375 1020.9375 1036.25 1048.90625 1058.90625 1068.28125 1077.5 1094.0625 1106.5625 1114.84375 1116.25 1107.96875 1095.9375 1098.125 1089.84375 1077.96875 1057.34375 1043.28125 1028.75 1019.21875 1016.71875 960.3125 909.375 943.4375 847.03125
-3.4e+38 -3.4e+38 -3.4e+38 -3.4e+38 -3.4e+38 -3.4e+38 -3.4e+38 -3.4e+38 -3.4e+38 -3.4e+38 -3.4e+38 -3.4e+38 -3.4e+38 -3.4e+38 -3.4e+38 1130.24390243902 1036.5625 972.1875 957.65625 980.625 1007.5 942.5 884.0625 971.5625 1049.21875 953.28125 852.65625 887.96875 889.6875 832.96875 884.375 873.75 874.21875 891.71875 900.9375 920.15625 916.25 986.09375 994.21875 1027.1875 1047.65625 1061.5625 1070.3125 1078.4375 1091.09375 1101.09375 1107.1875 1109.21875 1109.0625 1109.21875 1108.75 1104.84375 1099.53125 1080.46875 1060 1041.25 1046.25 1025.9375 1010 967.96875 935.78125 881.71875
-3.4e+38 -3.4e+38 -3.4e+38 -3.4e+38 -3.4e+38 -3.4e+38 -3.4e+38 -3.4e+38 -3.4e+38 -3.4e+38 -3.4e+38 -3.4e+38 -3.4e+38 -3.4e+38 -3.4e+38 1127.24137931034 1082.69841269841 1006.5625 1008.125 1001.25 978.125 974.84375 952.03125 924.375 976.40625 980.78125 841.71875 854.21875 860.15625 826.875 842.96875 871.40625 877.96875 856.40625 858.125 916.875 930.625 983.59375 977.96875 1018.59375 1044.84375 1064.6875 1070.46875 1077.1875 1087.96875 1093.75 1102.96875 1107.96875 1112.34375 1116.5625 1116.40625 1118.125 1118.125 1107.03125 1078.90625 1072.65625 1051.40625 1025.46875 1006.875 972.65625 898.125 808.125
-3.4e+38 -3.4e+38 -3.4e+38 -3.4e+38 -3.4e+38 -3.4e+38 -3.4e+38 -3.4e+38 -3.4e+38 -3.4e+38 -3.4e+38 -3.4e+38 -3.4e+38 -3.4e+38 -3.4e+38 -3.4e+38 1106 1055.96774193548 1033.75 1023.28125 1015.46875 944.84375 959.21875 998.4375 978.75 1033.4375 929.53125 889.6875 845.15625 814.375 807.1875 872.96875 895.3125 916.40625 907.1875 920.46875 918.75 977.03125 1002.65625 1011.09375 1046.5625 1062.5 1069.84375 1076.40625 1082.96875 1089.6875 1100.625 1107.96875 1112.96875 1120.46875 1124.6875 1130.46875 1122.34375 1116.09375 1102.03125 1077.96875 1072.65625 1039.6875 1009.53125 1011.71875 982.34375 894.84375
-3.4e+38 -3.4e+38 -3.4e+38 -3.4e+38 -3.4e+38 -3.4e+38 -3.4e+38 -3.4e+38 -3.4e+38 -3.4e+38 -3.4e+38 -3.4e+38 -3.4e+38 -3.4e+38 -3.4e+38 -3.4e+38 -3.4e+38 1113.63636363636 1111.05263157895 1068.90625 1060.9375 1018.28125 963.90625 994.6875 1037.1875 1055.15625 1078.125 977.5 877.1875 835.15625 845.46875 920.46875 958.4375 965.625 983.28125 953.125 973.125 964.0625 1041.71875 1017.5 1058.59375 1063.90625 1067.34375 1072.65625 1077.65625 1082.5 1096.40625 1106.25 1114.6875 1121.40625 1130 1133.75 1134.53125 1128.125 1114.375 1095 1073.125 1049.6875 1007.03125 1008.4375 1030.3125 990.625
-3.4e+38 -3.4e+38 -3.4e+38 -3.4e+38 -3.4e+38 -3.4e+38 -3.4e+38 -3.4e+38 -3.4e+38 -3.4e+38 -3.4e+38 -3.4e+38 -3.4e+38 -3.4e+38 -3.4e+38 -3.4e+38 -3.4e+38 -3.4e+38 1146.66666666667 1110.51282051282 1087.96875 1047.5 1038.125 965.625 1007.8125 1045.15625 1110.3125 1113.59375 1045.15625 983.4375 923.59375 912.34375 937.8125 962.5 995.15625 1014.84375 1017.65625 1001.09375 1015.625 1055.9375 1069.84375 1076.25 1071.09375 1069.84375 1070 1079.84375 1091.40625 1103.90625 1112.96875 1121.40625 1136.40625 1137.5 1141.5625 1135.9375 1125 1082.8125 1048.4375 1038.59375 994.375 991.875 1039.53125 1020
-3.4e+38 -3.4e+38 -3.4e+38 -3.4e+38 -3.4e+38 -3.4e+38 -3.4e+38 -3.4e+38 -3.4e+38 -3.4e+38 -3.4e+38 -3.4e+38 -3.4e+38 -3.4e+38 -3.4e+38 -3.4e+38 -3.4e+38 -3.4e+38 -3.4e+38 1140 1091.875 1073.59375 1061.5625 1041.25 982.34375 1014.84375 1055.15625 1122.34375 1125.15625 1087.1875 1060.15625 970.46875 948.75 968.75 1029.53125 1034.84375 1045.46875 1051.09375 981.5625 1011.875 1073.90625 1083.125 1079.53125 1072.1875 1070.46875 1080.3125 1089.375 1101.25 1110.3125 1121.5625 1134.0625 1135.3125 1141.40625 1141.40625 1124.21875 1094.375 1060.9375 1042.5 1015.625 1002.8125 1002.5 1013.28125
-3.4e+38 -3.4e+38 -3.4e+38 -3.4e+38 -3.4e+38 -3.4e+38 -3.4e+38 -3.4e+38 -3.4e+38 -3.4e+38 -3.4e+38 -3.4e+38 -3.4e+38 -3.4e+38 -3.4e+38 -3.4e+38 -3.4e+38 -3.4e+38 -3.4e+38 -3.4e+38 1147.5 1094.4 1053.75 1013.75 1058.28125 1055.46875 1027.8125 1092.96875 1126.71875 1096.71875 1043.59375 1035 1052.5 1041.875 1005.3125 1037.96875 1018.75 1058.59375 1046.5625 1016.5625 1077.96875 1096.71875 1089.53125 1079.84375 1075.15625 1080 1085.3125 1092.8125 1103.125 1115.46875 1128.4375 1136.40625 1138.125 1136.5625 1133.75 1117.96875 1087.5 1082.34375 1042.65625 1007.5 1000.625 1003.28125
-3.4e+38 -3.4e+38 -3.4e+38 -3.4e+38 -3.4e+38 -3.4e+38 -3.4e+38 -3.4e+38 -3.4e+38 -3.4e+38 -3.4e+38 -3.4e+38 -3.4e+38 -3.4e+38 -3.4e+38 -3.4e+38 -3.4e+38 -3.4e+38 -3.4e+38 -3.4e+38 -3.4e+38 1180 1087.03703703704 1046.96428571429 1055.78125 1091.71875 1100.78125 1093.90625 1116.25 1114.21875 1073.125 1039.6875 1002.03125 1056.09375 1089.84375 1071.875 1045.9375 1051.09375 1071.09375 1056.5625 1081.875 1101.09375 1092.65625 1082.03125 1080 1080 1083.75 1090 1092.1875 1105.46875 1118.59375 1125.9375 1131.09375 1135.9375 1137.96875 1128.75 1118.59375 1101.875 1050.3125 1011.09375 998.75 990.625
-3.4e+38 -3.4e+38 -3.4e+38 -3.4e+38 -3.4e+38 -3.4e+38 -3.4e+38 -3.4e+38 -3.4e+38 -3.4e+38 -3.4e+38 -3.4e+38 -3.4e+38 -3.4e+38 -3.4e+38 -3.4e+38 -3.4e+38 -3.4e+38 -3.4e+38 -3.4e+38 -3.4e+38 -3.4e+38 -3.4e+38 1136.66666666667 1111.06382978723 1092.1875 1065.78125 1080.3125 1099.0625 1117.8125 1120.78125 1095.15625 1062.96875 1026.09375 1084.53125 1112.65625 1058.125 1045 1064.21875 1030.46875 1080.15625 1089.375 1084.84375 1083.59375 1082.5 1083.125 1082.96875 1087.1875 1091.5625 1096.71875 1109.21875 1118.90625 1127.1875 1130.46875 1132.65625 1135.3125 1122.96875 1109.375 1077.65625 1029.0625 998.28125 981.71875
-3.4e+38 -3.4e+38 -3.4e+38 -3.4e+38 -3.4e+38 -3.4e+38 -3.4e+38 -3.4e+38 -3.4e+38 -3.4e+38 -3.4e+38 -3.4e+38 -3.4e+38 -3.4e+38 -3.4e+38 -3.4e+38 -3.4e+38 -3.4e+38 -3.4e+38 -3.4e+38 -3.4e+38 -3.4e+38 -3.4e+38 -3.4e+38 1122.85714285714 1096.39344262295 1081.40625 1082.65625 1087.96875 1120.3125 1130.625 1095 1075 1098.28125 1048.59375 1108.4375 1123.59375 1078.75 1081.09375 1067.34375 1076.25 1086.40625 1083.59375 1084.21875 1086.71875 1081.09375 1080 1080.15625 1086.5625 1095.46875 1102.03125 1113.4375 1120 1128.4375 1130.3125 1130.9375 1135.9375 1119.21875 1073.4375 1037.96875 1011.71875 991.40625
-3.4e+38 -3.4e+38 -3.4e+38 -3.4e+38 -3.4e+38 -3.4e+38 -3.4e+38 -3.4e+38 -3.4e+38 -3.4e+38 -3.4e+38 -3.4e+38 -3.4e+38 -3.4e+38 -3.4e+38 -3.4e+38 -3.4e+38 -3.4e+38 -3.4e+38 -3.4e+38 -3.4e+38 -3.4e+38 -3.4e+38 -3.4e+38 -3.4e+38 1133.79310344828 1117.66666666667 1117.1875 1109.375 1115.15625 1141.09375 1133.4375 1061.71875 1131.40625 1121.5625 1115.78125 1139.0625 1118.4375 1080.9375 1102.96875 1092.8125 1095.3125 1097.1875 1092.03125 1089.6875 1080.9375 1080 1082.8125 1086.09375 1090.3125 1099.21875 1102.8125 1113.4375 1117.34375 1123.125 1130.9375 1137.8125 1133.125 1106.25 1071.5625 1047.03125 1023.125
-3.4e+38 -3.4e+38 -3.4e+38 -3.4e+38 -3.4e+38 -3.4e+38 -3.4e+38 -3.4e+38 -3.4e+38 -3.4e+38 -3.4e+38 -3.4e+38 -3.4e+38 -3.4e+38 -3.4e+38 -3.4e+38 -3.4e+38 -3.4e+38 -3.4e+38 -3.4e+38 -3.4e+38 -3.4e+38 -3.4e+38 -3.4e+38 -3.4e+38 -3.4e+38 1137.35294117647 1127.8125 1126.09375 1130.15625 1140.625 1155.15625 1150.15625 1139.6875 1159.53125 1152.34375 1153.59375 1128.59375 1117.96875 1124.84375 1115.625 1109.6875 1105.46875 1096.09375 1089.53125 1082.34375 1080 1085 1084.84375 1085 1087.34375 1097.5 1103.90625 1116.09375 1120.9375 1128.90625 1135.9375 1134.53125 1120.625 1073.125 1065 1011.25
