Cases/SDM_Urocitellus_beldingi/westernUsClimate_hadley2080a2/BIO19.asc
NCOLS 315 
NROWS 297 
XLLCORNER -124.741664802 
YLLCORNER 29.2083311801598 
CELLSIZE 0.066666670143822 
NODATA_value -3.4e+38 
[rows 0 to 26 of 297, columns 248 to 309 of 315]
5275 5167.85714285714 4992.85714285714 4742.85714285714 4541.07142857143 4417.85714285714 4500 4398.21428571429 3994.64285714286 4057.14285714286 3998.21428571429 4003.57142857143 4067.85714285714 3923.21428571429 4253.57142857143 4192.85714285714 4117.85714285714 3878.57142857143 3842.85714285714 3750 3658.92857142857 3600 3582.14285714286 3560.71428571429 3519.64285714286 3462.5 3294.64285714286 3164.28571428571 3080.35714285714 3194.64285714286 3375 3416.07142857143 3401.78571428571 3396.42857142857 3392.85714285714 3332.14285714286 3300 3300 3301.78571428571 3362.5 3323.21428571429 3300 3300 3300 3321.42857142857 3307.14285714286 3300 3300 3262.5 3258.92857142857 3262.5 3200 3200 3200 3200 3212.5 3351.78571428571 3517.85714285714 3600 3537.5 3528.57142857143 3550
5067.1875 5010.9375 4846.875 4715.625 4625 4262.5 4095.3125 4054.6875 3768.75 3657.8125 3815.625 4014.0625 4040.625 3679.6875 3820.3125 3868.75 3815.625 3753.125 3660.9375 3553.125 3517.1875 3512.5 3481.25 3390.625 3365.625 3429.6875 3231.25 2987.5 2900 2900 2956.25 3140.625 3226.5625 3171.875 3237.5 3218.75 3234.375 3281.25 3300 3300 3300 3300 3300 3300 3300 3300 3300 3262.5 3100 3132.8125 3262.5 3200 3200 3200 3200 3253.125 3453.125 3600 3600 3537.5 3500 3500
4948.4375 4796.875 4681.25 4570.3125 4454.6875 4331.25 3912.5 3615.625 3542.1875 3564.0625 3617.1875 3767.1875 3789.0625 3620.3125 3537.5 3671.875 3595.3125 3570.3125 3510.9375 3500 3500 3479.6875 3417.1875 3353.125 3343.75 3298.4375 3215.625 2960.9375 2900 2900 2903.125 2903.125 2978.125 3040.625 3104.6875 3168.75 3118.75 3106.25 3101.5625 3125 3107.8125 3003.125 3267.1875 3300 3300 3300 3300 3232.8125 2971.875 2957.8125 3220.3125 3178.125 3184.375 3198.4375 3200 3306.25 3445.3125 3593.75 3567.1875 3523.4375 3500 3500
4776.5625 4851.5625 4704.6875 4517.1875 4367.1875 4234.375 3876.5625 3610.9375 3359.375 3398.4375 3600 3590.625 3635.9375 3579.6875 3443.75 3501.5625 3500 3495.3125 3487.5 3465.625 3406.25 3318.75 3159.375 3162.5 3331.25 2975 2909.375 2892.1875 2821.875 2831.25 2865.625 2843.75 2814.0625 2854.6875 2912.5 3032.8125 3090.625 3075 3050 3139.0625 2981.25 2909.375 3079.6875 3275 3300 3300 3300 3164.0625 3101.5625 2964.0625 3039.0625 3085.9375 3137.5 3157.8125 3275 3367.1875 3371.875 3496.875 3518.75 3512.5 3507.8125 3500
4693.75 4503.125 4517.1875 4415.625 4250 4059.375 3790.625 3614.0625 3375 3307.8125 3540.625 3485.9375 3531.25 3520.3125 3304.6875 3440.625 3496.875 3432.8125 3482.8125 3259.375 3270.3125 3187.5 3151.5625 3129.6875 3078.125 2935.9375 2843.75 2762.5 2698.4375 2700 2748.4375 2806.25 2832.8125 2898.4375 2900 2901.5625 2964.0625 2957.8125 2954.6875 2981.25 2951.5625 2900 2942.1875 3123.4375 3264.0625 3300 3298.4375 3282.8125 3209.375 3195.3125 3200 3198.4375 3192.1875 3289.0625 3423.4375 3400 3443.75 3500 3557.8125 3598.4375 3562.5 3500
4596.875 4429.6875 4250 4231.25 4029.6875 3806.25 3710.9375 3589.0625 3407.8125 3321.875 3362.5 3387.5 3443.75 3350 3112.5 3500 3500 3423.4375 3278.125 3237.5 3287.5 3395.3125 3423.4375 3234.375 3012.5 2901.5625 2803.125 2743.75 2700 2700 2728.125 2800 2807.8125 2895.3125 2900 2900 2900 2901.5625 2903.125 2914.0625 2925 2900 2900 2964.0625 3106.25 3129.6875 3254.6875 3300 3200 3184.375 3184.375 3200 3262.5 3310.9375 3442.1875 3521.875 3512.5 3587.5 3620.3125 3640.625 3682.8125 3675
4464.0625 4425 4226.5625 4085.9375 3871.875 3792.1875 3573.4375 3437.5 3396.875 3348.4375 3239.0625 3251.5625 3187.5 3145.3125 3139.0625 3396.875 3443.75 3356.25 3193.75 3328.125 3439.0625 3381.25 3337.5 3267.1875 3067.1875 2865.625 2800 2795.3125 2753.125 2765.625 2798.4375 2800 2851.5625 2900 2900 2900 2900 2900 2900 2900 2900 2900 2900 2946.875 3010.9375 3143.75 3190.625 3223.4375 3204.6875 3200 3198.4375 3175 3190.625 3275 3464.0625 3562.5 3600 3600 3600 3610.9375 3690.625 3701.5625
4320.3125 4200 4167.1875 4079.6875 3993.75 3906.25 3696.875 3571.875 3410.9375 3362.5 3243.75 3154.6875 3100 3100 3100 3109.375 3207.8125 3206.25 3265.625 3384.375 3473.4375 3373.4375 3300 3300 3209.375 2846.875 2800 2800 2800 2800 2800 2800 2807.8125 2860.9375 2898.4375 2900 2907.8125 2914.0625 2982.8125 3029.6875 3062.5 2934.375 2900 2900 2939.0625 3192.1875 3254.6875 3195.3125 3198.4375 3200 3200 3225 3320.3125 3246.875 3442.1875 3503.125 3592.1875 3600 3600 3603.125 3706.25 3789.0625
4142.1875 4189.0625 4159.375 4114.0625 3917.1875 3746.875 3700 3700 3504.6875 3381.25 3345.3125 3534.375 3329.6875 3121.875 3100 3100 3106.25 3109.375 3196.875 3268.75 3281.25 3303.125 3318.75 3300 3300 3051.5625 2801.5625 2800 2800 2800 2809.375 2818.75 2859.375 2900 2900 2971.875 3000 3093.75 3221.875 3271.875 3298.4375 3168.75 3045.3125 2957.8125 2907.8125 3039.0625 3190.625 3200 3200 3200 3200 3253.125 3353.125 3393.75 3454.6875 3585.9375 3598.4375 3600 3617.1875 3735.9375 3835.9375 3920.3125
3803.125 3845.3125 3862.5 3778.125 3737.5 3703.125 3700 3700 3606.25 3409.375 3565.625 3673.4375 3542.1875 3303.125 3493.75 3575 3423.4375 3300 3156.25 3100 3112.5 3228.125 3303.125 3300 3300 3243.75 2893.75 2800 2800 2800 2800 2818.75 2867.1875 2900 2923.4375 2970.3125 3000 3065.625 3140.625 3321.875 3378.125 3396.875 3400 3273.4375 3117.1875 3040.625 3128.125 3200 3200 3200 3200 3200 3343.75 3393.75 3453.125 3600 3601.5625 3654.6875 3776.5625 3804.6875 3854.6875 3953.125
3979.6875 3856.25 3800 3785.9375 3795.3125 3814.0625 3795.3125 3798.4375 3656.25 3526.5625 3659.375 3751.5625 3648.4375 3521.875 3510.9375 3628.125 3554.6875 3500 3487.5 3337.5 3146.875 3184.375 3334.375 3403.125 3218.75 3184.375 2960.9375 2809.375 2848.4375 2867.1875 2818.75 2814.0625 2875 2964.0625 3001.5625 3079.6875 3087.5 3275 3378.125 3321.875 3510.9375 3542.1875 3489.0625 3528.125 3440.625 3378.125 3360.9375 3375 3375 3320.3125 3287.5 3306.25 3375 3415.625 3543.75 3610.9375 3665.625 3792.1875 3801.5625 3854.6875 3989.0625 4062.5
4081.25 4003.125 3825 3800 3815.625 3879.6875 3862.5 3831.25 3756.25 3565.625 3656.25 3726.5625 3746.875 3562.5 3503.125 3521.875 3507.8125 3500 3500 3478.125 3417.1875 3345.3125 3345.3125 3420.3125 3362.5 3121.875 2962.5 2929.6875 2959.375 2892.1875 2904.6875 2834.375 2948.4375 3062.5 3085.9375 3100 3103.125 3331.25 3495.3125 3459.375 3534.375 3584.375 3576.5625 3503.125 3446.875 3407.8125 3403.125 3403.125 3400 3406.25 3434.375 3462.5 3462.5 3590.625 3715.625 3785.9375 3778.125 3800 3800 3834.375 4131.25 4237.5
4090.625 4053.125 3890.625 3800 3800 3800 3814.0625 3800 3796.875 3651.5625 3582.8125 3767.1875 3717.1875 3523.4375 3503.125 3573.4375 3523.4375 3501.5625 3500 3500 3500 3500 3482.8125 3282.8125 3232.8125 3034.375 2996.875 2925 2906.25 2800 2800 2803.125 2856.25 3075 3100 3106.25 3100 3165.625 3492.1875 3600 3596.875 3595.3125 3562.5 3496.875 3489.0625 3412.5 3462.5 3492.1875 3493.75 3500 3523.4375 3557.8125 3534.375 3518.75 3729.6875 3762.5 3790.625 3800 3800 3801.5625 3896.875 3981.25
4060.9375 4026.5625 3985.9375 3887.5 3800 3800 3800 3800 3796.875 3610.9375 3593.75 3785.9375 3723.4375 3564.0625 3612.5 3601.5625 3526.5625 3506.25 3512.5 3506.25 3503.125 3500 3500 3450 3154.6875 3000 2990.625 2807.8125 2717.1875 2734.375 2754.6875 2764.0625 2796.875 3015.625 3100 3100 3100 3118.75 3228.125 3475 3595.3125 3576.5625 3500 3500 3500 3493.75 3500 3500 3500 3521.875 3518.75 3593.75 3593.75 3601.5625 3651.5625 3729.6875 3812.5 3812.5 3812.5 3812.5 3815.625 3959.375
4325 4164.0625 4062.5 3893.75 3800 3800 3800 3782.8125 3739.0625 3568.75 3745.3125 3800 3709.375 3729.6875 3779.6875 3673.4375 3603.125 3596.875 3551.5625 3526.5625 3512.5 3500 3443.75 3210.9375 3182.8125 3007.8125 2932.8125 2837.5 2832.8125 2748.4375 2700 2700 2714.0625 2882.8125 3037.5 3100 3100 3139.0625 3398.4375 3615.625 3698.4375 3710.9375 3646.875 3592.1875 3637.5 3700 3612.5 3601.5625 3671.875 3692.1875 3731.25 3726.5625 3798.4375 3798.4375 3787.5 3837.5 3900 3928.125 3900 3917.1875 3915.625 3975
4429.6875 4250 4042.1875 3973.4375 3862.5 3803.125 3800 3753.125 3625 3754.6875 3800 3815.625 3798.4375 3806.25 3823.4375 3687.5 3609.375 3612.5 3601.5625 3600 3570.3125 3492.1875 3425 3320.3125 3143.75 3050 2993.75 3001.5625 3043.75 3039.0625 2954.6875 2851.5625 2981.25 3064.0625 3092.1875 3150 3371.875 3484.375 3625 3865.625 4010.9375 4035.9375 4014.0625 3962.5 3992.1875 3993.75 3984.375 3914.0625 3900 3884.375 3887.5 3887.5 3887.5 3887.5 3887.5 3892.1875 3932.8125 4209.375 4137.5 4060.9375 4093.75 4050
4398.4375 4296.875 4232.8125 4076.5625 3962.5 3846.875 3781.25 3639.0625 3753.125 3804.6875 3868.75 3815.625 3801.5625 3898.4375 3970.3125 3823.4375 3653.125 3604.6875 3600 3600 3593.75 3600 3590.625 3331.25 3118.75 3092.1875 3017.1875 3023.4375 3073.4375 3085.9375 3098.4375 3085.9375 3100 3100 3100 3225 3565.625 3659.375 3740.625 3979.6875 4195.3125 4226.5625 4207.8125 4126.5625 4014.0625 4012.5 3939.0625 3931.25 4029.6875 3973.4375 3904.6875 3900 3900 3900 3918.75 4081.25 4190.625 4306.25 4246.875 4190.625 4148.4375 4120.3125
4506.25 4373.4375 4195.3125 3985.9375 3923.4375 3876.5625 3759.375 3739.0625 3831.25 3978.125 4351.5625 4053.125 3779.6875 3960.9375 4076.5625 3937.5 3868.75 3737.5 3820.3125 3795.3125 3760.9375 3653.125 3556.25 3295.3125 3106.25 3140.625 3109.375 3040.625 3067.1875 3085.9375 3100 3103.125 3100 3100 3101.5625 3237.5 3557.8125 3695.3125 3856.25 4087.5 4289.0625 4317.1875 4275 4198.4375 4103.125 4173.4375 4117.1875 3998.4375 3978.125 3981.25 4040.625 4112.5 4107.8125 4042.1875 4139.0625 4353.125 4303.125 4267.1875 4207.8125 4200 4200 4184.375
4512.5 4253.125 4059.375 3992.1875 3929.6875 3857.8125 3700 3834.375 3885.9375 3921.875 4306.25 4307.8125 3867.1875 3790.625 4093.75 3985.9375 3878.125 3809.375 3764.0625 3706.25 3623.4375 3600 3417.1875 3396.875 3196.875 3321.875 3173.4375 3100 3075 3092.1875 3100 3101.5625 3100 3103.125 3175 3298.4375 3598.4375 3831.25 3951.5625 4137.5 4256.25 4400 4400 4325 4101.5625 4162.5 4212.5 4253.125 4139.0625 4125 4287.5 4392.1875 4398.4375 4343.75 4370.3125 4315.625 4290.625 4201.5625 4200 4200 4200 4104.6875
4312.5 4200 4234.375 3975 3904.6875 3826.5625 3687.5 3864.0625 3873.4375 3865.625 4225 3885.9375 3707.8125 3828.125 4059.375 3939.0625 3848.4375 3832.8125 3798.4375 3620.3125 3698.4375 3673.4375 3560.9375 3648.4375 3389.0625 3406.25 3270.3125 3110.9375 3067.1875 3043.75 3100 3100 3148.4375 3168.75 3168.75 3298.4375 3521.875 3900 3950 4126.5625 4237.5 4346.875 4393.75 4287.5 4162.5 4262.5 4340.625 4340.625 4378.125 4278.125 4318.75 4368.75 4270.3125 4171.875 4162.5 4279.6875 4170.3125 4184.375 4162.5 4181.25 4092.1875 3942.1875
4368.75 4023.4375 4048.4375 3993.75 3943.75 3801.5625 3867.1875 3700 3646.875 3850 3918.75 3695.3125 4062.5 4001.5625 3937.5 3860.9375 3857.8125 3726.5625 3756.25 3795.3125 3720.3125 3848.4375 3825 3818.75 3721.875 3589.0625 3368.75 3103.125 3081.25 3007.8125 3043.75 3089.0625 3115.625 3275 3214.0625 3395.3125 3629.6875 3896.875 3925 4117.1875 4193.75 4215.625 4225 4206.25 4300 4321.875 4412.5 4453.125 4409.375 4435.9375 4481.25 4400 4270.3125 4214.0625 4189.0625 4128.125 4085.9375 4045.3125 3951.5625 3846.875 3800 3879.6875
4062.5 4090.625 4037.5 3909.375 3843.75 3812.5 3820.3125 3914.0625 4187.5 4201.5625 4512.5 4043.75 4370.3125 4396.875 4182.8125 4045.3125 3982.8125 3970.3125 3990.625 3896.875 3987.5 4051.5625 4001.5625 3893.75 3790.625 3539.0625 3375 3206.25 3068.75 2973.4375 3021.875 3062.5 3093.75 3100 3170.3125 3393.75 3485.9375 3829.6875 3903.125 4085.9375 4196.875 4200 4178.125 4240.625 4284.375 4509.375 4443.75 4503.125 4621.875 4681.25 4606.25 4429.6875 4262.5 4203.125 4253.125 4148.4375 4100 3960.9375 3793.75 3740.625 3795.3125 3825
4409.375 4262.5 4234.375 4054.6875 3803.125 3865.625 4118.75 4110.9375 4412.5 4470.3125 4581.25 4489.0625 4314.0625 4460.9375 4296.875 4296.875 4231.25 4209.375 4190.625 4142.1875 4106.25 4098.4375 4014.0625 3900 3690.625 3464.0625 3268.75 3115.625 3028.125 2993.75 3028.125 2962.5 3070.3125 3092.1875 3120.3125 3200 3346.875 3621.875 3900 3932.8125 4114.0625 4143.75 4218.75 4243.75 4457.8125 4585.9375 4629.6875 4631.25 4675 4579.6875 4492.1875 4415.625 4334.375 4287.5 4104.6875 4070.3125 3971.875 3718.75 3656.25 3687.5 3735.9375 3787.5
4437.5 4217.1875 4129.6875 3978.125 3803.125 4006.25 4101.5625 4056.25 4131.25 4254.6875 4470.3125 4660.9375 4493.75 4353.125 4193.75 4229.6875 4290.625 4310.9375 4240.625 4175 4090.625 4025 3942.1875 3860.9375 3778.125 3503.125 3240.625 3079.6875 3060.9375 3017.1875 2940.625 2987.5 2914.0625 2948.4375 3059.375 3100 3190.625 3425 3775 3843.75 3953.125 4275 4300 4314.0625 4537.5 4662.5 4700 4679.6875 4607.8125 4553.125 4454.6875 4400 4400 4214.0625 4006.25 3959.375 3737.5 3607.8125 3479.6875 3687.5 3700 3700
4604.6875 4396.875 4256.25 4006.25 3968.75 4265.625 4467.1875 4353.125 4393.75 4298.4375 4387.5 4596.875 4425 4267.1875 4181.25 4151.5625 4103.125 4154.6875 4131.25 4085.9375 4068.75 3995.3125 3875 3767.1875 3556.25 3368.75 3200 3076.5625 3060.9375 3079.6875 2868.75 2829.6875 2860.9375 2873.4375 2954.6875 2959.375 3042.1875 3234.375 3542.1875 3789.0625 3939.0625 4293.75 4300 4365.625 4670.3125 4665.625 4612.5 4628.125 4598.4375 4514.0625 4456.25 4389.0625 4276.5625 4215.625 4095.3125 3806.25 3660.9375 3503.125 3646.875 3606.25 3603.125 3628.125
4534.375 4398.4375 4303.125 4004.6875 4067.1875 4235.9375 4306.25 4409.375 4456.25 4518.75 4565.625 4531.25 4393.75 4271.875 4151.5625 4092.1875 4042.1875 4042.1875 4071.875 4053.125 4000 3945.3125 3809.375 3735.9375 3628.125 3518.75 3218.75 3078.125 3015.625 3021.875 2818.75 2800 2803.125 2848.4375 2831.25 2835.9375 2878.125 3093.75 3368.75 3714.0625 3821.875 4256.25 4321.875 4425 4614.0625 4606.25 4598.4375 4550 4448.4375 4440.625 4429.6875 4375 4279.6875 4068.75 3881.25 3670.3125 3620.3125 3609.375 3681.25 3693.75 3729.6875 3637.5
4440.625 4329.6875 4220.3125 4065.625 4251.5625 4281.25 4362.5 4400 4384.375 4440.625 4687.5 4671.875 4371.875 4290.625 4223.4375 4107.8125 4151.5625 4210.9375 4085.9375 4009.375 4000 3957.8125 3870.3125 3743.75 3707.8125 3575 3243.75 3098.4375 2901.5625 2850 2821.875 2800 2800 2821.875 2804.6875 2800 2882.8125 3098.4375 3306.25 3575 3839.0625 4129.6875 4364.0625 4337.5 4368.75 4489.0625 4496.875 4451.5625 4334.375 4289.0625 4403.125 4325 4065.625 3840.625 3809.375 3771.875 3753.125 3709.375 3653.125 3631.25 3707.8125 3634.375
