Cases/SDM_Urocitellus_beldingi/westernUsClimate_hadley2080a2/BIO19.asc
NCOLS 315 
NROWS 297 
XLLCORNER -124.741664802 
YLLCORNER 29.2083311801598 
CELLSIZE 0.066666670143822 
NODATA_value -3.4e+38 
[rows 108 to 134 of 297, columns 248 to 309 of 315]
2682.8125 2617.1875 2629.6875 2707.8125 2853.125 3268.75 3670.3125 3725 3790.625 3940.625 4014.0625 4160.9375 4629.6875 4775 4756.25 4604.6875 4607.8125 4600 4637.5 4817.1875 4914.0625 4985.9375 5496.875 5382.8125 5459.375 5703.125 5937.5 5739.0625 5367.1875 5212.5 5118.75 5021.875 5032.8125 4729.6875 4584.375 4523.4375 4595.3125 4545.3125 4520.3125 4592.1875 4612.5 4395.3125 3940.625 3603.125 3703.125 3989.0625 4365.625 4265.625 4120.3125 4331.25 4376.5625 4325 4264.0625 4134.375 3989.0625 3770.3125 3407.8125 3125 3259.375 3467.1875 3615.625 3607.8125
2673.4375 2600 2600 2609.375 2762.5 3187.5 3645.3125 3789.0625 3960.9375 4037.5 4195.3125 4639.0625 4850 5173.4375 5470.3125 5340.625 5020.3125 4725 4650 4706.25 4765.625 4796.875 4940.625 5643.75 6184.375 6067.1875 5912.5 5810.9375 5571.875 5409.375 5509.375 5278.125 5056.25 4821.875 4829.6875 4650 4560.9375 4364.0625 4360.9375 4565.625 4462.5 4301.5625 4342.1875 4071.875 4378.125 4229.6875 4278.125 4131.25 4106.25 4331.25 4362.5 4300 4282.8125 4196.875 4037.5 3889.0625 3832.8125 3710.9375 3775 3745.3125 3900 4103.125
2835.9375 2757.8125 2743.75 2614.0625 2854.6875 3257.8125 3882.8125 3981.25 4242.1875 4326.5625 4767.1875 5232.8125 6125 5557.8125 5559.375 5340.625 5473.4375 5104.6875 4864.0625 4746.875 4862.5 4864.0625 4993.75 6110.9375 8951.5625 9195.3125 6251.5625 6351.5625 6251.5625 6093.75 5840.625 5429.6875 5246.875 5039.0625 4762.5 4582.8125 4454.6875 4284.375 4210.9375 4401.5625 4854.6875 4981.25 4740.625 4445.3125 4487.5 4114.0625 4021.875 3943.75 4142.1875 4345.3125 4307.8125 4293.75 4203.125 4120.3125 4089.0625 3889.0625 3871.875 3889.0625 3978.125 4026.5625 4093.75 4120.3125
3462.5 3229.6875 2898.4375 2878.125 2928.125 3375 3975 4306.25 4443.75 4768.75 5335.9375 6295.3125 5896.875 5467.1875 5203.125 5092.1875 5045.3125 4925 4735.9375 4870.3125 4873.4375 4889.0625 5078.125 5753.125 7331.25 6953.125 7115.625 7929.6875 8173.4375 8381.25 6903.125 5876.5625 5484.375 5087.5 4706.25 4539.0625 4476.5625 4228.125 4150 4364.0625 5326.5625 5137.5 4606.25 4179.6875 4139.0625 4090.625 4276.5625 4092.1875 4020.3125 4089.0625 4192.1875 4160.9375 4065.625 4059.375 4045.3125 3953.125 3940.625 4059.375 4096.875 4117.1875 4156.25 4221.875
3420.3125 3320.3125 3171.875 3081.25 3253.125 3593.75 4020.3125 4242.1875 4700 5026.5625 5818.75 5982.8125 7331.25 6750 5545.3125 5365.625 5443.75 5856.25 5506.25 4859.375 4720.3125 4750 5109.375 7003.125 9273.4375 7748.4375 8590.625 9373.4375 10473.4375 10878.125 10010.9375 6964.0625 5882.8125 5393.75 4948.4375 4667.1875 4421.875 4126.5625 4100 4171.875 5264.0625 5187.5 4742.1875 4340.625 3975 4210.9375 4300 4146.875 3935.9375 3942.1875 3981.25 4023.4375 4021.875 4014.0625 3965.625 3900 3914.0625 3959.375 4082.8125 4146.875 4200 4407.8125
3870.3125 3562.5 3475 3331.25 3437.5 3864.0625 4103.125 4485.9375 4832.8125 5098.4375 5964.0625 6060.9375 7259.375 7373.4375 6790.625 6860.9375 7025 6628.125 6046.875 5312.5 5037.5 4907.8125 5373.4375 6632.8125 8456.25 11426.5625 11039.0625 11804.6875 13489.0625 13484.375 12385.9375 9206.25 6528.125 5534.375 4968.75 4643.75 4298.4375 4100 4087.5 4104.6875 4867.1875 5587.5 4943.75 4609.375 4156.25 4007.8125 4128.125 4029.6875 3948.4375 3912.5 3948.4375 4000 4000 4000 3954.6875 3932.8125 4028.125 4095.3125 4139.0625 4345.3125 4528.125 4673.4375
3667.1875 3753.125 3839.0625 3904.6875 3726.5625 3906.25 4265.625 4614.0625 4707.8125 5251.5625 6182.8125 6826.5625 7162.5 7484.375 7700 7692.1875 7192.1875 6932.8125 6465.625 5995.3125 5714.0625 5789.0625 5795.3125 6900 7762.5 9554.6875 12770.3125 14093.75 15501.5625 14653.125 12445.3125 9735.9375 6618.75 5632.8125 5101.5625 4662.5 4298.4375 4101.5625 4025 3982.8125 4785.9375 5600 5040.625 4673.4375 4276.5625 3914.0625 4145.3125 4084.375 4035.9375 3945.3125 3946.875 4000 4000 3996.875 3937.5 3906.25 3917.1875 3979.6875 4070.3125 4148.4375 4278.125 4323.4375
3720.3125 3857.8125 4189.0625 4392.1875 4360.9375 4340.625 4531.25 4734.375 4945.3125 5618.75 6190.625 6834.375 6948.4375 7457.8125 7878.125 9296.875 9673.4375 9592.1875 8325 6998.4375 6709.375 6356.25 6295.3125 6815.625 8195.3125 10364.0625 12079.6875 13979.6875 14401.5625 13757.8125 11000 8232.8125 6887.5 6023.4375 5682.8125 5039.0625 4523.4375 4160.9375 4017.1875 4026.5625 4726.5625 6028.125 5315.625 4810.9375 4406.25 3954.6875 3918.75 3982.8125 3864.0625 3809.375 3810.9375 3804.6875 3778.125 3743.75 3737.5 3734.375 3729.6875 3668.75 3673.4375 3723.4375 3779.6875 3862.5
3910.9375 4187.5 4320.3125 4779.6875 5170.3125 5242.1875 4984.375 5075 5387.5 5765.625 6826.5625 7315.625 7200 8034.375 8117.1875 10425 11757.8125 12585.9375 10820.3125 9276.5625 7890.625 6985.9375 6956.25 7098.4375 7601.5625 9610.9375 11017.1875 12678.125 13900 13195.3125 10960.9375 7870.3125 9532.8125 6368.75 5584.375 5071.875 4598.4375 4310.9375 4150 4182.8125 4923.4375 6465.625 5643.75 4868.75 4448.4375 4098.4375 3851.5625 3846.875 3800 3800 3750 3625 3600 3592.1875 3531.25 3489.0625 3415.625 3393.75 3392.1875 3353.125 3320.3125 3370.3125
4270.3125 4350 4485.9375 4757.8125 5178.125 5746.875 5692.1875 5550 5779.6875 6240.625 7000 8176.5625 8218.75 9050 9139.0625 10182.8125 12623.4375 13967.1875 13545.3125 11359.375 9843.75 9198.4375 8679.6875 8026.5625 8987.5 9142.1875 10340.625 12535.9375 13362.5 12654.6875 12239.0625 10196.875 9918.75 6928.125 5901.5625 5367.1875 4890.625 4592.1875 4426.5625 4395.3125 5017.1875 6035.9375 5529.6875 4942.1875 4407.8125 3931.25 3800 3790.625 3715.625 3618.75 3554.6875 3520.3125 3510.9375 3475 3379.6875 3259.375 3132.8125 3071.875 2984.375 2925 2801.5625 2876.5625
4825 4932.8125 5168.75 4990.625 5092.1875 5559.375 5657.8125 5925 6093.75 6687.5 7223.4375 7792.1875 7757.8125 8929.6875 9687.5 9829.6875 10775 13067.1875 14735.9375 14234.375 12259.375 11487.5 12653.125 11814.0625 10445.3125 10010.9375 10853.125 12314.0625 12850 12450 12496.875 11770.3125 9345.3125 8446.875 6448.4375 5803.125 5309.375 5051.5625 4987.5 4692.1875 4870.3125 5220.3125 5221.875 4879.6875 4593.75 4279.6875 3962.5 3803.125 3757.8125 3529.6875 3500 3495.3125 3428.125 3303.125 3240.625 3089.0625 2917.1875 2778.125 2668.75 2651.5625 2631.25 2662.5
5789.0625 5704.6875 5584.375 5500 5362.5 5592.1875 5979.6875 6226.5625 6356.25 6806.25 7071.875 7473.4375 8223.4375 9153.125 9407.8125 9889.0625 10342.1875 11148.4375 12587.5 13439.0625 12760.9375 13345.3125 14990.625 13829.6875 12885.9375 11784.375 11384.375 12529.6875 13020.3125 13279.6875 13173.4375 12284.375 10107.8125 9075 7445.3125 6346.875 5909.375 5746.875 6446.875 5954.6875 5207.8125 4948.4375 4640.625 4687.5 4554.6875 4229.6875 4006.25 3800 3657.8125 3526.5625 3501.5625 3498.4375 3401.5625 3287.5 3078.125 2881.25 2704.6875 2576.5625 2493.75 2432.8125 2400 2529.6875
5178.125 5339.0625 5376.5625 5526.5625 5807.8125 6184.375 6342.1875 6564.0625 6917.1875 7331.25 7995.3125 8470.3125 8835.9375 9506.25 9773.4375 10039.0625 10562.5 10706.25 12559.375 13225 13843.75 13898.4375 15596.875 14592.1875 13756.25 13970.3125 13617.1875 13081.25 13828.125 13954.6875 13698.4375 12746.875 10753.125 9771.875 9706.25 8501.5625 7417.1875 7581.25 7967.1875 6520.3125 5187.5 4553.125 4112.5 4115.625 4081.25 3751.5625 3671.875 3564.0625 3484.375 3417.1875 3429.6875 3389.0625 3325 3153.125 2840.625 2687.5 2570.3125 2471.875 2400 2400 2400 2437.5
5495.3125 5257.8125 5815.625 6335.9375 6503.125 6926.5625 7329.6875 7570.3125 7637.5 7965.625 9273.4375 10785.9375 10189.0625 10984.375 11767.1875 11895.3125 12128.125 13193.75 12514.0625 13329.6875 14662.5 15606.25 16848.4375 15962.5 14659.375 14401.5625 14996.875 14690.625 14292.1875 14707.8125 15121.875 14725 12926.5625 10476.5625 10035.9375 11653.125 10423.4375 10082.8125 8273.4375 6201.5625 4892.1875 4185.9375 3823.4375 3706.25 3781.25 3518.75 3389.0625 3415.625 3392.1875 3315.625 3187.5 2981.25 2912.5 2839.0625 2718.75 2540.625 2475 2400 2359.375 2275 2268.75 2350
5643.75 5701.5625 6287.5 7012.5 7256.25 7726.5625 8090.625 8301.5625 8643.75 8912.5 10209.375 12175 13460.9375 12321.875 12929.6875 13126.5625 13165.625 14143.75 13651.5625 14239.0625 15454.6875 14901.5625 16920.3125 17896.875 14893.75 14664.0625 15232.8125 15342.1875 15462.5 15550 15128.125 15981.25 15151.5625 12675 10253.125 13564.0625 14337.5 11445.3125 8329.6875 5990.625 5050 4468.75 3860.9375 3604.6875 3503.125 3454.6875 3320.3125 3362.5 3282.8125 3214.0625 3078.125 2876.5625 2801.5625 2784.375 2632.8125 2500 2425 2384.375 2171.875 2000 2018.75 2203.125
5671.875 6182.8125 6767.1875 7314.0625 7914.0625 8432.8125 8926.5625 8945.3125 9557.8125 9420.3125 10615.625 12789.0625 14932.8125 14309.375 14089.0625 13904.6875 13925 14745.3125 13657.8125 13668.75 13946.875 14339.0625 15810.9375 17668.75 15165.625 15068.75 15585.9375 16312.5 17123.4375 16904.6875 15367.1875 13996.875 15298.4375 14914.0625 11823.4375 13234.375 14581.25 14698.4375 9770.3125 6517.1875 5234.375 4476.5625 3956.25 3704.6875 3520.3125 3459.375 3335.9375 3256.25 3106.25 3128.125 3082.8125 2809.375 2798.4375 2676.5625 2595.3125 2504.6875 2407.8125 2364.0625 2021.875 2000 2004.6875 2039.0625
6035.9375 6746.875 7320.3125 7856.25 8279.6875 8782.8125 9090.625 9734.375 9937.5 9778.125 10198.4375 11210.9375 12285.9375 12850 13128.125 13785.9375 14179.6875 14350 14039.0625 14071.875 14129.6875 15171.875 17234.375 17625 15050 14837.5 15434.375 16465.625 17498.4375 17220.3125 15779.6875 14165.625 13525 17281.25 15826.5625 13642.1875 12335.9375 10570.3125 8420.3125 6128.125 4967.1875 4342.1875 4001.5625 3892.1875 3659.375 3457.8125 3398.4375 3173.4375 3062.5 3089.0625 3053.125 2840.625 2762.5 2685.9375 2595.3125 2475 2400 2325 2000 2000 2000 2000
6890.625 6912.5 7442.1875 7876.5625 8448.4375 8684.375 9289.0625 9934.375 10407.8125 10503.125 10434.375 10720.3125 11376.5625 11937.5 12473.4375 13685.9375 14487.5 14293.75 14664.0625 14573.4375 14468.75 16006.25 18525 17417.1875 14248.4375 14162.5 14582.8125 15378.125 16068.75 15937.5 15089.0625 14287.5 13385.9375 17112.5 17885.9375 13120.3125 13529.6875 15692.1875 13700 8720.3125 6089.0625 6326.5625 4612.5 4296.875 3850 3490.625 3400 3235.9375 3106.25 3085.9375 3026.5625 2943.75 2729.6875 2700 2631.25 2428.125 2400 2315.625 2000 2000 2000 2000
6684.375 7107.8125 7528.125 8106.25 8673.4375 8896.875 9523.4375 10078.125 10629.6875 10676.5625 10645.3125 11132.8125 11414.0625 12184.375 12979.6875 13800 14409.375 14665.625 15085.9375 15557.8125 14492.1875 15196.875 17184.375 14998.4375 13354.6875 13104.6875 13300 13796.875 14276.5625 14390.625 14225 14025 13742.1875 14923.4375 18460.9375 15226.5625 15767.1875 18768.75 15015.625 10221.875 9818.75 7603.125 4885.9375 4234.375 4009.375 3803.125 3482.8125 3228.125 3154.6875 2981.25 2960.9375 2996.875 2806.25 2700 2684.375 2435.9375 2400 2354.6875 2115.625 2000 2000 2000
6979.6875 7179.6875 7481.25 8026.5625 8545.3125 9214.0625 9625 10256.25 10490.625 10575 10965.625 11220.3125 11681.25 12246.875 12296.875 12864.0625 14079.6875 14503.125 14901.5625 15796.875 15992.1875 14204.6875 16078.125 15595.3125 13101.5625 12410.9375 11756.25 12229.6875 13118.75 13482.8125 13504.6875 14979.6875 15087.5 15423.4375 17781.25 18951.5625 16945.3125 18089.0625 19942.1875 17004.6875 12557.8125 9985.9375 6940.625 4276.5625 4009.375 3934.375 3668.75 3318.75 3092.1875 2943.75 2923.4375 2965.625 2906.25 2759.375 2700 2535.9375 2400 2400 2265.625 2000 2000 2000
7300 7504.6875 8573.4375 8387.5 8476.5625 9328.125 9739.0625 10295.3125 10790.625 11603.125 12159.375 12732.8125 12443.75 12260.9375 12717.1875 13121.875 14262.5 14418.75 14896.875 15043.75 14979.6875 14418.75 15756.25 15871.875 13184.375 12104.6875 11364.0625 13009.375 14948.4375 14067.1875 13204.6875 13817.1875 15451.5625 17456.25 20173.4375 17921.875 19723.4375 19537.5 17387.5 14479.6875 8356.25 5668.75 5076.5625 4359.375 4089.0625 3951.5625 3767.1875 3515.625 3290.625 3046.875 2981.25 2987.5 3026.5625 2890.625 2700 2628.125 2437.5 2400 2379.6875 2031.25 2000 2000
7975 8651.5625 9054.6875 8809.375 8996.875 9468.75 10137.5 10995.3125 11503.125 12020.3125 12300 12935.9375 13520.3125 13403.125 13917.1875 14123.4375 13925 14042.1875 14351.5625 14285.9375 14384.375 13454.6875 14765.625 14892.1875 12140.625 11853.125 13959.375 16084.375 18479.6875 16384.375 15751.5625 15242.1875 15831.25 18915.625 19603.125 16359.375 20631.25 18504.6875 12909.375 7889.0625 5671.875 6289.0625 6423.4375 4420.3125 4246.875 4054.6875 3839.0625 3620.3125 3439.0625 3231.25 3160.9375 3112.5 3153.125 3026.5625 2812.5 2698.4375 2506.25 2400 2398.4375 2243.75 2020.3125 2000
9109.375 9353.125 10521.875 10426.5625 9942.1875 10114.0625 10253.125 10823.4375 11564.0625 12745.3125 12928.125 12881.25 13096.875 13595.3125 14189.0625 14023.4375 14090.625 13870.3125 13579.6875 13139.0625 12923.4375 13193.75 14892.1875 13953.125 11203.125 10703.125 12278.125 15259.375 16853.125 16354.6875 16064.0625 16507.8125 15073.4375 17728.125 17885.9375 14056.25 18145.3125 20253.125 16248.4375 12876.5625 10942.1875 8134.375 6012.5 4517.1875 4396.875 4167.1875 3981.25 3721.875 3589.0625 3412.5 3225 3129.6875 3112.5 3096.875 3034.375 2703.125 2678.125 2470.3125 2400 2357.8125 2114.0625 2006.25
7926.5625 9395.3125 10354.6875 11301.5625 11576.5625 11506.25 11153.125 11701.5625 11785.9375 12984.375 13745.3125 13351.5625 14196.875 14307.8125 14753.125 15078.125 14259.375 13729.6875 12867.1875 12420.3125 12295.3125 12084.375 13854.6875 14504.6875 12309.375 10487.5 9634.375 10390.625 12912.5 13432.8125 13410.9375 14581.25 15356.25 16907.8125 14696.875 11718.75 15896.875 20148.4375 21425 16510.9375 9854.6875 6493.75 5123.4375 4623.4375 4465.625 4300 4034.375 3948.4375 3737.5 3514.0625 3392.1875 3251.5625 3200 3106.25 3117.1875 2901.5625 2737.5 2676.5625 2457.8125 2404.6875 2368.75 2228.125
8510.9375 9584.375 9960.9375 10135.9375 11946.875 11948.4375 12445.3125 12170.3125 12629.6875 13971.875 14987.5 13973.4375 15053.125 15628.125 14285.9375 14768.75 15423.4375 13668.75 11985.9375 11343.75 13521.875 12257.8125 13834.375 16010.9375 13814.0625 10392.1875 8917.1875 9120.3125 9546.875 12256.25 15278.125 17137.5 14887.5 11600 10290.625 10457.8125 17468.75 20709.375 20621.875 16682.8125 11064.0625 7081.25 5793.75 4968.75 4673.4375 4310.9375 4109.375 3996.875 3798.4375 3657.8125 3509.375 3521.875 3303.125 3178.125 3160.9375 3143.75 2823.4375 2709.375 2648.4375 2518.75 2418.75 2373.4375
7143.75 8382.8125 9500 9256.25 10790.625 11337.5 12023.4375 13109.375 14265.625 14668.75 15318.75 14346.875 15953.125 16239.0625 15900 17154.6875 18648.4375 15762.5 12553.125 11229.6875 11953.125 12917.1875 12448.4375 13426.5625 14307.8125 11670.3125 9235.9375 8818.75 8256.25 9840.625 11850 11879.6875 11228.125 9989.0625 9390.625 12320.3125 14634.375 17248.4375 20485.9375 17548.4375 12615.625 9314.0625 6273.4375 5139.0625 4923.4375 4531.25 4282.8125 4075 3995.3125 3906.25 3750 3681.25 3542.1875 3281.25 3195.3125 3218.75 2996.875 2795.3125 2751.5625 2650 2548.4375 2459.375
8001.5625 8201.5625 8326.5625 8892.1875 9632.8125 10004.6875 10621.875 11592.1875 13042.1875 13454.6875 13329.6875 13650 15273.4375 15017.1875 16460.9375 18495.3125 18070.3125 16078.125 14034.375 12043.75 11225 10798.4375 12431.25 11925 12653.125 12889.0625 9015.625 7900 7893.75 8264.0625 8726.5625 9790.625 13612.5 11215.625 11626.5625 14803.125 17140.625 19464.0625 21978.125 18682.8125 12770.3125 8417.1875 6001.5625 5292.1875 5156.25 4818.75 4471.875 4407.8125 4239.0625 4020.3125 3890.625 3823.4375 3746.875 3534.375 3407.8125 3235.9375 3181.25 2982.8125 2871.875 2764.0625 2717.1875 2562.5
