Cases/SDM_Urocitellus_beldingi/westernUsClimate_hadley2080a2/BIO12.asc
NCOLS 315 
NROWS 297 
XLLCORNER -124.741664802 
YLLCORNER 29.2083311801598 
CELLSIZE 0.066666670143822 
NODATA_value -3.4e+38 
[rows 54 to 80 of 297, columns 0 to 58 of 315]
-3.4e+38 -3.4e+38 -3.4e+38 -3.4e+38 -3.4e+38 -3.4e+38 -3.4e+38 -3.4e+38 -3.4e+38 -3.4e+38 -3.4e+38 236047.619047619 230348.387096774 214223.4375 223332.8125 260576.5625 240878.125 233301.5625 243387.5 253959.375 199206.25 163846.875 129767.1875 119507.8125 112146.875 127393.75 115832.8125 101448.4375 91092.1875 94943.75 103696.875 108204.6875 109395.3125 119509.375 125676.5625 134459.375 162843.75 183553.125 194860.9375 196560.9375 201498.4375 201901.5625 196296.875 197253.125 204123.4375 219409.375 200370.3125 163509.375 170762.5 133726.5625 100664.0625 75609.375 60378.125 50323.4375 44550 43840.625 38164.0625 27548.4375 27734.375
-3.4e+38 -3.4e+38 -3.4e+38 -3.4e+38 -3.4e+38 -3.4e+38 -3.4e+38 -3.4e+38 -3.4e+38 -3.4e+38 -3.4e+38 219190 226682.8125 222314.0625 227826.5625 227218.75 245506.25 244450 247853.125 248042.1875 210171.875 153425 122959.375 108865.625 107148.4375 104575 93681.25 105834.375 100664.0625 94782.8125 102181.25 107876.5625 118892.1875 127568.75 136221.875 139414.0625 158670.3125 181770.3125 200362.5 214007.8125 222734.375 199914.0625 193306.25 196081.25 200700 196796.875 182015.625 173329.6875 156659.375 135496.875 92287.5 64734.375 55201.5625 54790.625 49962.5 37710.9375 28117.1875 28439.0625 30301.5625
-3.4e+38 -3.4e+38 -3.4e+38 -3.4e+38 -3.4e+38 -3.4e+38 -3.4e+38 -3.4e+38 -3.4e+38 -3.4e+38 -3.4e+38 221658.333333333 235820.3125 224287.5 251981.25 245567.1875 224560.9375 236360.9375 247403.125 233964.0625 203331.25 162250 120168.75 104357.8125 101014.0625 98142.1875 90996.875 91118.75 92634.375 95423.4375 98987.5 106753.125 121040.625 139553.125 164326.5625 164125 174650 185896.875 206346.875 219825 226701.5625 214690.625 199143.75 197775 189353.125 182278.125 165678.125 162875 147162.5 102259.375 73842.1875 56775 44781.25 36379.6875 30914.0625 27462.5 29875 30612.5 28373.4375
-3.4e+38 -3.4e+38 -3.4e+38 -3.4e+38 -3.4e+38 -3.4e+38 -3.4e+38 -3.4e+38 -3.4e+38 -3.4e+38 -3.4e+38 212715.384615385 217501.5625 250806.25 249340.625 257431.25 239445.3125 223107.8125 195384.375 185418.75 155598.4375 136090.625 111070.3125 103262.5 98965.625 93801.5625 92842.1875 92595.3125 94246.875 96614.0625 101545.3125 109407.8125 117051.5625 131675 151146.875 177206.25 202512.5 208639.0625 202673.4375 206015.625 215567.1875 217110.9375 213434.375 200714.0625 186665.625 172345.3125 153017.1875 135359.375 117482.8125 90723.4375 69160.9375 55196.875 45006.25 38612.5 31229.6875 28575 28673.4375 28720.3125 27875
-3.4e+38 -3.4e+38 -3.4e+38 -3.4e+38 -3.4e+38 -3.4e+38 -3.4e+38 -3.4e+38 -3.4e+38 -3.4e+38 -3.4e+38 232325 242050 243579.6875 237981.25 224167.1875 200560.9375 195457.8125 162104.6875 148356.25 133256.25 117965.625 109148.4375 116348.4375 105081.25 94153.125 93853.125 94384.375 95392.1875 99075 104540.625 113587.5 132212.5 146867.1875 175993.75 204293.75 232620.3125 237600 210698.4375 214962.5 200107.8125 212493.75 196875 187328.125 171140.625 164042.1875 159481.25 129867.1875 110328.125 91629.6875 71995.3125 56460.9375 46415.625 38125 33259.375 33751.5625 32257.8125 30478.125 31200
-3.4e+38 -3.4e+38 -3.4e+38 -3.4e+38 -3.4e+38 -3.4e+38 -3.4e+38 -3.4e+38 -3.4e+38 -3.4e+38 212900 233025.396825397 237410.9375 243992.1875 249023.4375 241331.25 212334.375 184526.5625 171251.5625 145564.0625 133043.75 117200 109212.5 114284.375 107248.4375 94604.6875 94900 95446.875 97300 102653.125 115248.4375 138190.625 160689.0625 176470.3125 195904.6875 219443.75 227709.375 235814.0625 219612.5 212296.875 186123.4375 191714.0625 183620.3125 184540.625 177650 166382.8125 154729.6875 128176.5625 95692.1875 82881.25 78051.5625 67720.3125 58312.5 48401.5625 34442.1875 36831.25 39485.9375 34071.875 38034.375
-3.4e+38 -3.4e+38 -3.4e+38 -3.4e+38 -3.4e+38 -3.4e+38 -3.4e+38 -3.4e+38 -3.4e+38 -3.4e+38 212612.5 223776.5625 241665.625 257884.375 285448.4375 279362.5 268425 248232.8125 224840.625 196126.5625 157284.375 124592.1875 111470.3125 111885.9375 115298.4375 95901.5625 95706.25 97456.25 101489.0625 118910.9375 147831.25 164262.5 177218.75 192818.75 201232.8125 214668.75 227056.25 229045.3125 222068.75 206446.875 192907.8125 207701.5625 178350 171076.5625 173284.375 159198.4375 128920.3125 109207.8125 88562.5 75946.875 68570.3125 60729.6875 62348.4375 57760.9375 41773.4375 32350 40796.875 37946.875 39428.125
-3.4e+38 -3.4e+38 -3.4e+38 -3.4e+38 -3.4e+38 -3.4e+38 -3.4e+38 -3.4e+38 -3.4e+38 -3.4e+38 206912.5 220187.5 248384.375 257215.625 273415.625 266531.25 273020.3125 267653.125 229831.25 204931.25 157478.125 127754.6875 111121.875 103565.625 105884.375 101790.625 98732.8125 106375 116667.1875 129790.625 154725 185075 196634.375 205600 222821.875 222392.1875 220584.375 225834.375 215971.875 221262.5 204579.6875 198925 178942.1875 180529.6875 177770.3125 165903.125 130064.0625 103920.3125 86659.375 70362.5 59887.5 54526.5625 54475 42846.875 29601.5625 26375 36285.9375 34867.1875 34154.6875
-3.4e+38 -3.4e+38 -3.4e+38 -3.4e+38 -3.4e+38 -3.4e+38 -3.4e+38 -3.4e+38 -3.4e+38 -3.4e+38 211227.272727273 208232.8125 230665.625 263534.375 258014.0625 264118.75 261614.0625 250714.0625 229295.3125 179364.0625 140001.5625 129535.9375 112270.3125 103776.5625 117792.1875 115668.75 105978.125 108100 113342.1875 126246.875 155618.75 186578.125 200584.375 213909.375 214467.1875 208539.0625 218151.5625 217037.5 219434.375 217303.125 200404.6875 197964.0625 182478.125 177815.625 180656.25 163845.3125 137201.5625 106079.6875 81370.3125 66704.6875 56254.6875 44526.5625 36446.875 29659.375 26917.1875 26132.8125 30968.75 28046.875 27856.25
-3.4e+38 -3.4e+38 -3.4e+38 -3.4e+38 -3.4e+38 -3.4e+38 -3.4e+38 -3.4e+38 -3.4e+38 -3.4e+38 208626.785714286 203517.1875 200189.0625 218921.875 226773.4375 242928.125 247150 227395.3125 205681.25 157523.4375 135614.0625 120143.75 111614.0625 105471.875 100545.3125 102764.0625 112434.375 107362.5 114298.4375 125723.4375 140623.4375 155429.6875 163198.4375 175731.25 186348.4375 202860.9375 214723.4375 221376.5625 215335.9375 202523.4375 190709.375 178942.1875 176515.625 183079.6875 181803.125 157270.3125 133710.9375 105654.6875 81132.8125 65859.375 49895.3125 38129.6875 29425 29365.625 26504.6875 24493.75 24090.625 27315.625 31293.75
-3.4e+38 -3.4e+38 -3.4e+38 -3.4e+38 -3.4e+38 -3.4e+38 -3.4e+38 -3.4e+38 -3.4e+38 -3.4e+38 195357.692307692 199212.5 198454.6875 203253.125 209035.9375 207698.4375 203401.5625 209335.9375 173912.5 143481.25 150310.9375 135979.6875 109360.9375 103243.75 100412.5 101690.625 102296.875 105620.3125 113217.1875 130464.0625 138639.0625 160345.3125 187703.125 195034.375 204314.0625 213281.25 220581.25 209357.8125 201489.0625 195668.75 186546.875 182117.1875 175485.9375 183734.375 185064.0625 155928.125 127846.875 95995.3125 77576.5625 59351.5625 46139.0625 36178.125 28860.9375 28398.4375 25990.625 25307.8125 24951.5625 27578.125 34378.125
-3.4e+38 -3.4e+38 -3.4e+38 -3.4e+38 -3.4e+38 -3.4e+38 -3.4e+38 -3.4e+38 -3.4e+38 -3.4e+38 183409.523809524 188385.714285714 193492.1875 200546.875 200081.25 189353.125 183779.6875 171496.875 161667.1875 143492.1875 166232.8125 135992.1875 112687.5 102103.125 100589.0625 100742.1875 101471.875 104664.0625 108253.125 117346.875 146865.625 195571.875 221776.5625 211339.0625 217340.625 217851.5625 213390.625 212595.3125 206098.4375 193437.5 194798.4375 178934.375 165510.9375 182007.8125 180176.5625 147512.5 109682.8125 88853.125 66887.5 53737.5 42559.375 33112.5 28881.25 25829.6875 24239.0625 25367.1875 28835.9375 30725 35440.625
-3.4e+38 -3.4e+38 -3.4e+38 -3.4e+38 -3.4e+38 -3.4e+38 -3.4e+38 -3.4e+38 -3.4e+38 -3.4e+38 180756.140350877 187285.9375 203637.5 205054.6875 201859.375 196843.75 187176.5625 174468.75 155359.375 133332.8125 119801.5625 108570.3125 101940.625 99940.625 99943.75 100715.625 101860.9375 103417.1875 108562.5 116087.5 137209.375 175465.625 191928.125 214446.875 212495.3125 209285.9375 209553.125 209821.875 204157.8125 198939.0625 189481.25 170121.875 169496.875 175309.375 170712.5 120757.8125 85798.4375 99217.1875 64953.125 46268.75 38423.4375 31221.875 27248.4375 24034.375 23326.5625 26026.5625 30856.25 30409.375 40393.75
-3.4e+38 -3.4e+38 -3.4e+38 -3.4e+38 -3.4e+38 -3.4e+38 -3.4e+38 -3.4e+38 -3.4e+38 186550 188878.125 208681.25 220185.9375 219185.9375 218093.75 202467.1875 184031.25 213087.5 184193.75 125528.125 107682.8125 102535.9375 100287.5 99623.4375 99709.375 100581.25 104879.6875 106078.125 111464.0625 118790.625 139354.6875 190046.875 210487.5 185615.625 188251.5625 199346.875 206487.5 202829.6875 195832.8125 189926.5625 183828.125 171326.5625 185429.6875 178146.875 150790.625 96698.4375 80096.875 95378.125 63703.125 48940.625 35750 29267.1875 25839.0625 23990.625 24987.5 25503.125 28670.3125 32851.5625 43137.5
-3.4e+38 -3.4e+38 -3.4e+38 -3.4e+38 -3.4e+38 -3.4e+38 -3.4e+38 -3.4e+38 -3.4e+38 189533.333333333 194972.727272727 208039.0625 220928.125 227895.3125 213078.125 214317.1875 204626.5625 181007.8125 175096.875 141306.25 111798.4375 102764.0625 100610.9375 100123.4375 100317.1875 101053.125 111845.3125 136395.3125 128718.75 119357.8125 138335.9375 159967.1875 174910.9375 179920.3125 191590.625 199640.625 203789.0625 199439.0625 194687.5 192948.4375 176871.875 162164.0625 175450 171648.4375 133368.75 88662.5 75932.8125 81607.8125 61956.25 40279.6875 31789.0625 26825 23965.625 23821.875 28221.875 24968.75 32742.1875 31751.5625 31617.1875
-3.4e+38 -3.4e+38 -3.4e+38 -3.4e+38 -3.4e+38 -3.4e+38 -3.4e+38 -3.4e+38 -3.4e+38 195360 208143.75 215167.1875 212778.125 209417.1875 204771.875 190003.125 173079.6875 153406.25 162996.875 145615.625 113326.5625 104215.625 101985.9375 101568.75 101846.875 102795.3125 107507.8125 116156.25 130284.375 130253.125 137668.75 150212.5 162635.9375 175639.0625 184921.875 191448.4375 198273.4375 193851.5625 188820.3125 187645.3125 167156.25 154429.6875 168884.375 162582.8125 131443.75 89987.5 80489.0625 55364.0625 44131.25 34593.75 29320.3125 24490.625 21453.125 20117.1875 23175 21409.375 22532.8125 22445.3125 23962.5
-3.4e+38 -3.4e+38 -3.4e+38 -3.4e+38 -3.4e+38 -3.4e+38 -3.4e+38 -3.4e+38 -3.4e+38 205123.333333333 213296.875 208815.625 210207.8125 204359.375 196928.125 184589.0625 172201.5625 180807.8125 171150 144834.375 115892.1875 108378.125 103478.125 103285.9375 103895.3125 105890.625 125553.125 150445.3125 139962.5 149775 159862.5 173684.375 189864.0625 196434.375 200821.875 193290.625 193525 189387.5 181934.375 173957.8125 158923.4375 145315.625 153225 160804.6875 137389.0625 101701.5625 64596.875 45187.5 36339.0625 31378.125 27129.6875 23489.0625 20287.5 19157.8125 18815.625 19156.25 20715.625 21714.0625 21523.4375
-3.4e+38 -3.4e+38 -3.4e+38 -3.4e+38 -3.4e+38 -3.4e+38 -3.4e+38 -3.4e+38 -3.4e+38 205963.636363636 214251.5625 213464.0625 208401.5625 199604.6875 192643.75 184921.875 180807.8125 181950 157278.125 151820.3125 118918.75 108671.875 105051.5625 105398.4375 106484.375 109093.75 150757.8125 164631.25 137462.5 144618.75 167371.875 182521.875 186600 183962.5 188134.375 189871.875 187671.875 178015.625 172190.625 167107.8125 152839.0625 141729.6875 155057.8125 148468.75 143806.25 116876.5625 84079.6875 52515.625 37843.75 30362.5 27032.8125 24665.625 20560.9375 18889.0625 18537.5 19051.5625 21535.9375 21642.1875 22237.5
-3.4e+38 -3.4e+38 -3.4e+38 -3.4e+38 -3.4e+38 -3.4e+38 -3.4e+38 -3.4e+38 -3.4e+38 201690.243902439 210959.375 207876.5625 199556.25 192942.1875 186557.8125 175571.875 179593.75 155362.5 151293.75 133890.625 122703.125 107695.3125 105973.4375 107640.625 109231.25 116578.125 158620.3125 131131.25 131184.375 149140.625 163098.4375 174079.6875 169343.75 167089.0625 175092.1875 174679.6875 163270.3125 162185.9375 161248.4375 156520.3125 143943.75 131498.4375 133885.9375 147218.75 159276.5625 124204.6875 97196.875 69634.375 45418.75 33434.375 27715.625 23689.0625 21270.3125 19715.625 18912.5 20337.5 27612.5 21254.6875 21528.125
-3.4e+38 -3.4e+38 -3.4e+38 -3.4e+38 -3.4e+38 -3.4e+38 -3.4e+38 -3.4e+38 -3.4e+38 197152.083333333 200325 194739.0625 189817.1875 184918.75 177443.75 172965.625 160889.0625 154893.75 143903.125 125007.8125 116968.75 106112.5 106670.3125 109203.125 111115.625 114585.9375 131048.4375 127556.25 131129.6875 150231.25 151150 151520.3125 161695.3125 158881.25 157720.3125 158707.8125 166501.5625 160206.25 157739.0625 152376.5625 137856.25 124559.375 135657.8125 141393.75 159209.375 137506.25 129196.875 105023.4375 63370.3125 39207.8125 30221.875 25692.1875 22310.9375 20434.375 19385.9375 19193.75 19498.4375 20257.8125 21157.8125
-3.4e+38 -3.4e+38 -3.4e+38 -3.4e+38 -3.4e+38 -3.4e+38 -3.4e+38 -3.4e+38 -3.4e+38 183677.358490566 185207.8125 185023.4375 181931.25 176875 174290.625 166025 164610.9375 149715.625 139978.125 128106.25 116489.0625 108954.6875 108385.9375 111106.25 111760.9375 111642.1875 111784.375 117126.5625 129348.4375 141720.3125 162148.4375 165753.125 164721.875 170582.8125 163279.6875 162953.125 159957.8125 156223.4375 149081.25 144451.5625 139565.625 120962.5 122520.3125 133975 128250 124740.625 124410.9375 98467.1875 74293.75 47231.25 33590.625 27748.4375 24418.75 21864.0625 20000 19171.875 19065.625 19521.875 21498.4375
-3.4e+38 -3.4e+38 -3.4e+38 -3.4e+38 -3.4e+38 -3.4e+38 -3.4e+38 -3.4e+38 -3.4e+38 179388.524590164 179987.5 181668.75 179195.3125 177804.6875 172087.5 162800 151467.1875 147014.0625 140192.1875 135904.6875 126093.75 114854.6875 113790.625 114032.8125 120167.1875 111921.875 110726.5625 111239.0625 120059.375 127618.75 132126.5625 144884.375 146964.0625 147642.1875 152743.75 155312.5 158992.1875 155789.0625 139546.875 135856.25 127960.9375 120850 122442.1875 117126.5625 101903.125 119015.625 110042.1875 90460.9375 70276.5625 44909.375 34650 31492.1875 28234.375 25385.9375 22409.375 20192.1875 19606.25 23228.125 32040.625
-3.4e+38 -3.4e+38 -3.4e+38 -3.4e+38 -3.4e+38 -3.4e+38 -3.4e+38 -3.4e+38 175000 175540.625 175939.0625 175418.75 176593.75 175925 178418.75 168634.375 150221.875 143684.375 137528.125 133134.375 134089.0625 127742.1875 116895.3125 121128.125 117856.25 109393.75 113756.25 126556.25 113103.125 124532.8125 124734.375 140989.0625 152618.75 166796.875 156501.5625 148690.625 144081.25 142628.125 139939.0625 131829.6875 123960.9375 122073.4375 117446.875 112367.1875 90534.375 100910.9375 80729.6875 65525 57523.4375 41135.9375 39104.6875 38890.625 38429.6875 32698.4375 27820.3125 26300 24335.9375 24848.4375 25426.5625
-3.4e+38 -3.4e+38 -3.4e+38 -3.4e+38 -3.4e+38 -3.4e+38 -3.4e+38 -3.4e+38 172394.736842105 172170.3125 171882.8125 171878.125 166468.75 166625 159945.3125 154023.4375 147959.375 147643.75 140204.6875 134118.75 127620.3125 124062.5 118782.8125 123695.3125 120828.125 110493.75 137076.5625 155123.4375 140664.0625 134668.75 139582.8125 126671.875 139818.75 156370.3125 143917.1875 138887.5 146135.9375 143998.4375 134703.125 125981.25 119915.625 132893.75 108784.375 94296.875 77190.625 75831.25 64100 51484.375 44421.875 38259.375 40820.3125 48876.5625 52442.1875 43782.8125 32907.8125 26556.25 25710.9375 29309.375 24648.4375
-3.4e+38 -3.4e+38 -3.4e+38 -3.4e+38 -3.4e+38 -3.4e+38 -3.4e+38 -3.4e+38 169535.483870968 167745.3125 166785.9375 163298.4375 159464.0625 160396.875 154112.5 152975 145534.375 142553.125 138926.5625 134246.875 132765.625 125631.25 120403.125 119923.4375 118189.0625 113057.8125 114234.375 122142.1875 141078.125 160248.4375 157346.875 153659.375 138892.1875 124287.5 124526.5625 131459.375 131601.5625 124834.375 124660.9375 130564.0625 125135.9375 124184.375 105195.3125 83104.6875 72057.8125 72084.375 54754.6875 45979.6875 40681.25 37239.0625 39517.1875 54654.6875 72914.0625 60085.9375 42031.25 31021.875 30734.375 32570.3125 26862.5
-3.4e+38 -3.4e+38 -3.4e+38 -3.4e+38 -3.4e+38 -3.4e+38 -3.4e+38 -3.4e+38 163373.469387755 161782.8125 159912.5 160143.75 162465.625 162176.5625 155382.8125 149714.0625 144051.5625 139142.1875 133848.4375 129815.625 124568.75 118459.375 115167.1875 119732.8125 126209.375 122026.5625 123603.125 137056.25 130632.8125 137951.5625 141081.25 147189.0625 154601.5625 135473.4375 118223.4375 124487.5 123859.375 127062.5 124965.625 128125 125653.125 131904.6875 103042.1875 77757.8125 64664.0625 55584.375 49775 44300 39131.25 36259.375 40512.5 58962.5 73070.3125 67746.875 45581.25 35145.3125 28629.6875 27287.5 26262.5
-3.4e+38 -3.4e+38 -3.4e+38 -3.4e+38 -3.4e+38 -3.4e+38 -3.4e+38 159200 162904.761904762 160315.625 161628.125 162898.4375 158660.9375 150703.125 144721.875 138598.4375 131956.25 127484.375 127046.875 126245.3125 121298.4375 116187.5 114129.6875 118392.1875 129456.25 140993.75 146793.75 134448.4375 146171.875 137515.625 149309.375 151062.5 154646.875 140932.8125 118935.9375 127864.0625 120960.9375 124582.8125 120334.375 130109.375 119796.875 125442.1875 94457.8125 72268.75 77571.875 55645.3125 50867.1875 42078.125 38096.875 36340.625 39104.6875 45184.375 54412.5 52681.25 39993.75 32007.8125 30793.75 31578.125 29220.3125
