Cases/SDM_Urocitellus_beldingi/westernUsClimate_hadley2080a2/BIO15.asc
NCOLS 315 
NROWS 297 
XLLCORNER -124.741664802 
YLLCORNER 29.2083311801598 
CELLSIZE 0.066666670143822 
NODATA_value -3.4e+38 
[rows 168 to 195 of 297, columns 128 to 191 of 315]
44.0625 44.265625 44.203125 44.6875 44.28125 44.65625 46.171875 46.203125 45.765625 44.921875 45.21875 45.84375 48.1875 50.28125 49.9375 51.5625 52.53125 52.78125 52.4375 53.015625 55.625 56.40625 56.203125 55.53125 55.15625 57.734375 60.109375 60.078125 59.96875 58.265625 57.25 58.953125 61.828125 64.046875 65 64.8125 64.3125 64.1875 63.984375 63.21875 61.984375 61.5 60.765625 60.40625 61.0625 62.46875 62.953125 63.203125 63.015625 62.703125 62.671875 63.15625 60.46875 62.34375 66.59375 70.625 76.703125 81.203125 77.3125 73.953125 77.0625 79.75 80.515625 77.0625
43.765625 44.453125 44.328125 44.1875 44.859375 46.21875 46.890625 46.890625 45.828125 45.234375 45.640625 46.09375 47.359375 48.375 50.703125 52.171875 52.75 52.75 51.984375 53.578125 55.84375 56.984375 55.609375 55.390625 54.734375 57.28125 60.125 59.53125 58.53125 57.765625 58.40625 60.390625 61.078125 61.578125 62.921875 62.90625 61.953125 61.203125 60.96875 60.3125 59.734375 59.625 60.078125 59.515625 60.546875 60.53125 62.359375 62.65625 60.59375 60.296875 59.375 59.296875 61.4375 64.3125 65.953125 69.34375 74.53125 80.03125 74.625 76.953125 80.078125 80.78125 79.28125 77.296875
44.09375 44.671875 44.890625 44.59375 45.828125 45.71875 45.5 46.140625 45.65625 45.796875 46.46875 46.96875 47.75 49.890625 52.75 52.8125 53.640625 54.328125 53.765625 54.4375 56.015625 55.828125 54.84375 55.421875 57.25 58.859375 59.46875 58.703125 57.46875 57.890625 58.71875 59.078125 59.765625 60.03125 59.609375 59.6875 59.234375 58.375 58.015625 58.125 57.75 58.171875 59.171875 59.109375 58.65625 59.65625 61.4375 61.03125 61.359375 61.21875 59.84375 59.796875 61.421875 64.6875 66.890625 69.5 75.421875 74.734375 70.75 74.625 77.015625 78.40625 76.671875 78.234375
44.703125 44.5625 44.828125 45.21875 45.546875 45.515625 45.515625 46.328125 46.953125 47.25 47.796875 48.140625 48.859375 51.875 53.734375 53.953125 53.875 53.5625 55.203125 55.875 56 54.359375 53.953125 55.875 57.9375 58.109375 57.78125 58.5 57.859375 58.34375 58.828125 58.78125 58.640625 58.75 58.75 58.203125 57.453125 56.03125 56.546875 57.625 57.46875 57.65625 58.609375 59.21875 58.28125 57.8125 60.109375 59.78125 60.234375 60.78125 59.875 60.59375 61.890625 64.265625 66.703125 69.4375 71.671875 68.5 68.59375 71.59375 75.1875 75.296875 74.359375 75.515625
45.046875 44.71875 44.578125 45.140625 45.484375 45.421875 45.546875 46.34375 47.640625 48.328125 48.96875 48.796875 50.015625 52.5 54.34375 54.3125 53.609375 51.9375 54.546875 55.78125 56.09375 54.328125 54.125 56.28125 58.125 56.453125 56.828125 57.28125 57.796875 58.359375 58.46875 58.515625 58.75 58.1875 57.984375 57.640625 57.296875 56.96875 56.734375 57.421875 57.53125 58.59375 58.5 56 55.515625 58.1875 60.171875 60.078125 60.640625 61.59375 61.5625 61.671875 62.40625 64.078125 65.890625 67.359375 68.15625 66.40625 68.671875 71.25 73.953125 72.578125 71.59375 72.640625
44.3125 44.6875 45 45.734375 46.46875 45.875 46.171875 46.46875 47.78125 49.890625 50.75 50.46875 50.296875 51.375 54.21875 56.125 54.453125 52.953125 54.71875 56.765625 56.40625 55.296875 54.90625 56.234375 58.21875 56.671875 56.59375 57.21875 57.53125 57.890625 58.171875 58.203125 58.015625 57.703125 57.734375 57.078125 56.296875 55.96875 55.1875 56.796875 58.484375 58.8125 58.828125 55.671875 54.21875 57.484375 59.78125 60.6875 60.75 60.703125 61.890625 62.25 63.109375 63.875 64.703125 65.265625 66.640625 65.921875 67.265625 70.09375 71.75 71.90625 70.703125 72.078125
44.25 44.921875 45.21875 45.5625 46.5 47.078125 46.578125 47.53125 47.984375 50.046875 51.8125 52.28125 50.515625 50.46875 53.890625 56.328125 56.234375 56.46875 56.265625 57.421875 57.078125 55.703125 55.171875 57.109375 58.875 58.5625 58.15625 58.390625 57.828125 57.71875 58.078125 58 57.859375 57 56.71875 56.53125 55.21875 54.515625 54.3125 57.1875 58.203125 58.703125 57.9375 54.390625 54.6875 55.796875 59.125 60.421875 59.5 59.421875 60.203125 61.75 61.890625 62.4375 62.53125 63.78125 64.71875 66.09375 67.65625 68.421875 69.28125 70.53125 69.609375 70.609375
44.421875 45.296875 45.5625 45.921875 46.578125 47.109375 47.625 48.453125 48.625 50.25 51.546875 52.59375 51.65625 51.5 52.890625 56.171875 57.296875 57.46875 57.265625 57.046875 56.671875 55.46875 56.40625 58.078125 58.921875 59.1875 59.421875 58.890625 58.34375 58.34375 58.59375 58.46875 57.53125 57.0625 56.1875 55.8125 55.3125 54.546875 54.359375 56.21875 57.734375 56.828125 54.859375 54.109375 54.5 55.75 56.671875 58.125 59.171875 59.25 60.609375 61.234375 59.875 59.9375 60.59375 62.109375 63.25 64.078125 65.21875 66.4375 67.5625 68 68.546875 68.75
44.921875 45.328125 45.875 46.140625 46.609375 46.796875 47.828125 49.125 49.015625 49.390625 51.65625 52.765625 53.15625 52.828125 53.953125 55.71875 58.640625 57.90625 56.90625 56.0625 56.421875 57.078125 59.140625 59.515625 59.21875 59.859375 59.953125 58.65625 58.453125 58.859375 58.5625 58.390625 57.671875 57.21875 56.53125 55.828125 55.4375 54.640625 54.40625 54.59375 54.484375 54.15625 53.9375 54.28125 54.40625 55.1875 55.515625 57.109375 57.71875 59.359375 59.640625 58.78125 57.796875 58.796875 60.546875 61.21875 62.625 62.875 64.484375 66.03125 65.921875 66.796875 67.859375 67.796875
44.828125 45.28125 45.625 46.640625 47.15625 48.109375 48.78125 49.234375 49.4375 49.8125 51.84375 52.8125 53.15625 54.140625 54.75 56.609375 58.375 59.140625 58.3125 56.3125 57.625 59.828125 59.890625 59.953125 60.234375 61.0625 60.890625 59.71875 59.546875 59.09375 58.671875 58.65625 58.21875 58.03125 57.0625 56.375 56.21875 55.875 55.578125 55.046875 55.078125 55.09375 55.421875 54.9375 54.8125 55.21875 55.515625 56.0625 56.890625 58.96875 58.625 58.609375 58.390625 59.40625 59.03125 59.71875 61.34375 61.75 63.59375 65.078125 65.578125 65.71875 66.390625 67.890625
44.828125 44.484375 45.140625 47.265625 47.703125 49.15625 48.96875 48.875 49.875 50.03125 51.046875 53.359375 54.125 56.15625 55.9375 56.546875 57.453125 59.359375 59.859375 58.265625 59.671875 61.34375 60.265625 60.34375 61.234375 62.265625 61.046875 60.96875 60.484375 59.640625 59.15625 59.265625 58.984375 57.984375 57.375 56.71875 56.40625 56.609375 56.8125 56.5 56.28125 55.875 55.375 55.765625 56.703125 57.453125 57.9375 58.40625 59.40625 59.734375 59.71875 60.046875 60.515625 60.046875 59.453125 59.90625 61.34375 61.6875 62.796875 64.09375 64.75 65.453125 66.421875 67.21875
44.796875 44.296875 46.75 47.0625 47.90625 49.1875 48.609375 49.359375 50.234375 50.71875 52.40625 53.421875 54.828125 57.015625 58.625 57.265625 56.890625 59.921875 61.296875 60.53125 60.8125 60.234375 61.140625 61.125 61.5625 61.171875 59.875 60.171875 60.3125 60.109375 59.796875 59.484375 60.65625 59.671875 58.140625 57.640625 57 57.1875 57.1875 56.796875 56.578125 56.234375 56.296875 56.671875 58.625 59.140625 59.875 60.5 60.953125 60.84375 60.828125 60.671875 61.15625 60.6875 60.5 60.515625 61.359375 62.015625 63.34375 63.671875 64.578125 65.65625 66.859375 67.140625
44.8125 45.53125 46.9375 48.0625 47.609375 48.59375 48.796875 49.703125 51.265625 50.890625 52.796875 54.046875 54.5 58.40625 58.984375 58.859375 55.953125 60.109375 60.734375 61.109375 60.3125 60.484375 61.15625 62.125 61.109375 59.515625 59.3125 60.78125 60.9375 61.46875 61.296875 61.46875 61.484375 61.1875 60.46875 58.734375 58.640625 58.1875 57.515625 57.390625 57.5 57.515625 57.625 57.671875 58.40625 59.9375 61.0625 62.609375 63.140625 62.78125 62.34375 61.640625 62.03125 61.703125 61.671875 61.9375 62.546875 62.96875 63.65625 64.3125 64.921875 65.6875 66.515625 67.40625
45.4375 46.71875 47.984375 48.5625 49.203125 48.9375 49.375 50.328125 53.125 52.015625 53.46875 55.21875 54.703125 56.734375 57.9375 58.96875 56.25 60.25 60.640625 61.421875 61.15625 61.65625 61.859375 62.375 62.125 61.140625 60.046875 61.3125 61.578125 61.4375 62.078125 61.796875 61.59375 61.390625 61.1875 59.640625 58.734375 58.46875 58.203125 58.328125 58.375 58.703125 58.84375 59.84375 59.8125 60.640625 62.59375 63.578125 64.1875 64.296875 63.59375 63.421875 64.171875 63.8125 63.71875 63.578125 63.75 63.953125 64.265625 64.59375 64.921875 65.453125 66.5625 67.078125
45.90625 47.234375 48.875 47.75 48.546875 50.0625 50.203125 50.34375 51.953125 52.921875 54.046875 55.234375 55.0625 55.640625 56.046875 57.625 56.0625 59.71875 61.3125 62.65625 61.703125 62.515625 62.328125 63.21875 61.75 62.1875 61.84375 62.53125 62.265625 61.640625 62.609375 62.515625 62.3125 61.921875 60.828125 59.96875 60.234375 59.90625 59.390625 59.484375 60.109375 59.328125 59.734375 61.234375 61.65625 62.40625 63.28125 64.875 65.015625 65.609375 65.75 66.140625 66.390625 65.15625 64.703125 64.703125 64.03125 64.234375 64.0625 64.171875 64.265625 64.96875 66 66.921875
46.3125 47.296875 49.28125 49.078125 49 50.203125 50.75 51.40625 52.28125 52.90625 54.34375 55.265625 56.375 57.1875 56.140625 56.21875 56.359375 60.171875 61.265625 62.96875 63.421875 63.65625 63.6875 63.765625 63.96875 62.421875 62.953125 62.328125 62.484375 63.9375 64.828125 63.796875 63.15625 62.453125 61.0625 60.953125 61.03125 60.625 60.734375 60.765625 61.140625 60.921875 61.328125 61.78125 63.203125 63.28125 64.53125 65.375 65.296875 65.71875 66.46875 66.875 66.90625 65.921875 65.625 65.28125 64.78125 64.125 63.828125 63.46875 63.703125 65.03125 67.03125 66.53125
48.0625 48.703125 49.703125 49.8125 50.203125 50.359375 50.984375 50.65625 51.75 53.046875 54.515625 55.3125 56.390625 57.640625 55.6875 54.546875 56.515625 59.71875 62.0625 64.3125 63.046875 63.640625 64.140625 64.265625 63.453125 64.40625 65.96875 65.59375 65.09375 64.109375 63.6875 62.71875 62.328125 61.890625 61.5 61.40625 61.109375 61.515625 61.84375 61.59375 62.234375 62.140625 62.359375 62.9375 63.953125 64.578125 64.921875 66.046875 66.296875 66.671875 67.234375 67.65625 67.09375 66.859375 66.296875 65.515625 64.625 64.25 63.1875 62.84375 63.1875 64.96875 67.3125 69.1875
48.21875 49.46875 50.625 49.46875 49.4375 50.390625 50.515625 50.859375 52.09375 54.109375 55.25 56.4375 56.890625 56.71875 54.484375 54.140625 56.5 59.796875 62.734375 62.453125 62.59375 63.46875 64.3125 64.140625 63.65625 63.65625 64.78125 65.109375 64.21875 64.265625 63.421875 62.234375 62.21875 62.640625 62.765625 62.171875 62.59375 62.46875 62.671875 63.015625 63.3125 63.921875 63.671875 63.78125 64.296875 65.3125 65.71875 66.4375 66.875 67.328125 67.640625 67.484375 68.015625 67.75 66.84375 65.78125 64.953125 64.09375 62.875 62.9375 62.8125 64.65625 66.46875 69.3125
48.15625 49.671875 50.40625 49.46875 49.546875 50.046875 50.609375 50.984375 52.28125 53.3125 55.484375 56.828125 57.90625 56.234375 53.953125 56.375 57.1875 59.453125 63.171875 63.546875 64.3125 64.375 65.5625 64.875 64.921875 64.3125 65.03125 65.078125 64.640625 64.96875 64.0625 63 63.15625 63.53125 63.5625 63.328125 63.484375 63.65625 63.375 63.71875 63.765625 64.640625 65.0625 65.015625 65.203125 65.8125 66.546875 67.015625 67.234375 67.453125 67.703125 68 68.328125 68.15625 67.40625 66.28125 65 63.359375 63.03125 62.8125 62.703125 63.4375 65.734375 69.875
47.578125 48.15625 49.375 49.296875 50.484375 51.265625 52.234375 52.859375 53.65625 54.578125 54.953125 57.671875 59.015625 57.859375 56.609375 58.390625 57.828125 60.71875 63.984375 64.859375 65.375 66.859375 66.1875 66.015625 65.859375 64.796875 65.515625 65.953125 66.203125 65.90625 65.296875 65.1875 64.34375 65.3125 64.40625 64.328125 64.703125 64.59375 64.421875 64.484375 64.8125 64.8125 65.9375 65.953125 65.4375 66.09375 67 67.3125 67.640625 68.3125 68.21875 68.15625 68.25 69.125 69.5 66.65625 64.84375 63.546875 63.078125 62.671875 62.671875 62.921875 65.140625 69.8125
46.84375 48.734375 49.484375 49.421875 49.34375 50.34375 51.34375 52.546875 53.78125 54.96875 56.484375 58.640625 61.359375 60.609375 60.375 59.6875 60.015625 62.96875 64.53125 64.890625 65.234375 65.859375 65.765625 66.21875 66.34375 66.625 66.484375 66 68.03125 66.21875 65.984375 65.984375 65.921875 65.546875 65.203125 65.25 65.546875 65.125 65.3125 65.734375 65.640625 65.890625 66.765625 66.96875 66.390625 66.375 67.390625 68.328125 67.84375 68.609375 69.0625 68.90625 68.59375 70.1875 70.265625 69.234375 66.75 64.515625 63.09375 62.78125 62.703125 62.71875 65.609375 69.546875
48.796875 49.40625 50.125 49.875 50 50.0625 49.734375 50.46875 51.78125 53.78125 56.375 58.515625 62.34375 63.375 62.796875 62.03125 63.40625 63.953125 65.421875 65.84375 66.25 67.765625 66.328125 65.9375 66.625 66.375 68.4375 69.859375 68 66.109375 66.171875 66.703125 67.8125 67.109375 67.484375 66.484375 66.5625 65.78125 66.4375 66.71875 66.703125 67.25 67.5 67.828125 66.609375 66.75 68.171875 69.421875 68.328125 69.796875 69.390625 69.84375 70.34375 71.296875 71.3125 70.609375 71.15625 67.234375 63.515625 62.875 62.390625 62.484375 64.40625 68.140625
48.90625 50.140625 50.15625 49.375 51.265625 51.359375 50.65625 49.328125 50.046875 52.40625 55.96875 59.171875 60.5 63.234375 62.953125 63.421875 65.4375 67.03125 66.71875 67.125 66.140625 66.515625 65.203125 66.984375 66.984375 67.59375 69.078125 69.5 68.03125 66.375 66.3125 66.75 68.3125 67.84375 68.28125 67.53125 67.484375 67.28125 67.4375 67.625 67.8125 68.078125 68.59375 69.125 69.453125 67.96875 69.8125 69.84375 69.578125 71.1875 71.34375 71.84375 72.234375 72.109375 69.875 71.3125 70.40625 67.140625 67.453125 64.640625 62.734375 62.703125 62.984375 65.859375
48.671875 50.703125 51.71875 50.015625 51.53125 52.875 52.140625 49.734375 50.703125 53.25 56.234375 57.734375 59.671875 61.71875 63.109375 63.078125 67.125 70.140625 69.15625 69.546875 69.234375 68.0625 67.34375 67.640625 66.953125 67.640625 68.578125 69.84375 67.953125 67.125 66.984375 67.734375 69.09375 69.296875 69.234375 68.421875 68.25 67.6875 68.296875 68.453125 68.625 69.140625 69.71875 70.21875 71.109375 69.8125 71.359375 71.765625 72.484375 72.953125 72.265625 72.265625 72.953125 71.234375 70.265625 72.796875 72.71875 73.53125 73.828125 66.453125 67.046875 63.171875 63.546875 65.8125
49.375 50.515625 51.078125 50.578125 52.15625 53.015625 53.921875 53.734375 53.3125 54.25 56.203125 58.828125 60.515625 62.25 63.34375 64.109375 63.640625 68.1875 68.78125 71.484375 70.75 70.375 69.84375 69.28125 69.453125 70.140625 69.78125 71.140625 68.71875 67.875 68.296875 69.078125 70.03125 70.171875 69.359375 69.046875 68.40625 68.53125 68.65625 68.953125 68.875 70.125 71.3125 71.359375 71.984375 72.546875 72.671875 71.734375 72.71875 73.03125 71.609375 72.203125 73.15625 74.40625 71.78125 69.953125 72.640625 70.125 74.828125 74.359375 73.46875 66.21875 67.265625 64.359375
51.203125 51.75 51.28125 52.1875 53.78125 53.703125 54.953125 56.25 55.671875 56.625 56.8125 60.734375 61.453125 63 64 63.171875 66.578125 70.390625 70.8125 70.359375 70.296875 71.15625 69.21875 70.28125 69.453125 69.890625 70.625 72.296875 72.21875 69.65625 70.078125 70.046875 70.21875 70.90625 70.1875 69.640625 69.9375 70.03125 69.625 69.828125 69.4375 69.671875 72.34375 72.234375 72.484375 72.953125 72.453125 71.4375 72.734375 72.375 71.828125 72.125 72.78125 74.25 73.703125 71.75 70.984375 69.9375 71.9375 75.484375 72.125 67.8125 66.890625 67.703125
54 52.515625 53.234375 56.421875 54.921875 55.625 55.546875 56.3125 58.171875 57.8125 57.859375 60.96875 61.796875 64.125 62.671875 65.125 65.21875 67.328125 68.859375 68.703125 69.953125 71.09375 70.59375 68.296875 69.421875 71.34375 71.59375 71.140625 72.703125 71.03125 70.609375 70.703125 70.34375 70.125 70.234375 70.984375 71.25 71.578125 71.125 71.703125 71.390625 71.640625 72.953125 73.71875 74.265625 71.609375 72.546875 71.28125 72.265625 72.640625 72.234375 72.71875 73.234375 73.484375 74.015625 73.515625 73.015625 71.703125 71.0625 70.46875 68.765625 68.03125 68.15625 74.484375
54.53125 54.46875 53.46875 55.875 55.828125 57.09375 57.53125 57.5 58.796875 58.75 56.84375 60.703125 62.65625 63.984375 64.34375 64.28125 66.046875 67.203125 68.65625 69.234375 69.578125 70.875 71.109375 69.28125 68.8125 70.640625 71.375 71.0625 71.25 71.109375 71.328125 70.796875 70.921875 70.203125 70.796875 71.453125 72.125 72.609375 72.09375 73.1875 72.4375 72.34375 74.265625 74.078125 74.59375 72.59375 71.765625 71.6875 72.625 73.640625 74 74.046875 74.234375 74.140625 74.59375 74.75 74.484375 73.375 72.75 71.5 69.703125 69.109375 68.546875 68.578125
