Cases/SDM_Urocitellus_beldingi/westernUsClimate_hadley2080a2/BIO16.asc
NCOLS 315 
NROWS 297 
XLLCORNER -124.741664802 
YLLCORNER 29.2083311801598 
CELLSIZE 0.066666670143822 
NODATA_value -3.4e+38 
[rows 130 to 155 of 297, columns 0 to 59 of 315]
-3.4e+38 -3.4e+38 -3.4e+38 -3.4e+38 -3.4e+38 86269.2307692308 87589.0625 89350 87014.0625 85128.125 83046.875 81117.1875 75878.125 73787.5 71607.8125 71010.9375 70114.0625 68279.6875 65921.875 62706.25 59640.625 58631.25 54443.75 53864.0625 54787.5 52760.9375 47853.125 45232.8125 44565.625 44082.8125 43357.8125 42685.9375 41476.5625 39014.0625 37209.375 35439.0625 33581.25 31801.5625 30192.1875 31832.8125 34603.125 36990.625 37431.25 40657.8125 42760.9375 48284.375 48895.3125 49396.875 47590.625 46117.1875 43815.625 42609.375 41015.625 40121.875 39217.1875 37007.8125 34882.8125 32371.875 30868.75 28164.0625
-3.4e+38 -3.4e+38 -3.4e+38 -3.4e+38 -3.4e+38 89050 90170 90156.25 89567.1875 87268.75 85226.5625 83428.125 80201.5625 74526.5625 74673.4375 70565.625 67639.0625 67725 66437.5 63340.625 59889.0625 57462.5 57995.3125 54064.0625 52482.8125 54954.6875 54645.3125 51362.5 46278.125 43065.625 41568.75 40200 37981.25 36114.0625 34767.1875 32314.0625 29834.375 28209.375 28193.75 32154.6875 34132.8125 36025 38285.9375 40220.3125 42796.875 45125 48629.6875 47895.3125 48450 46682.8125 45384.375 44587.5 43206.25 42907.8125 42968.75 38898.4375 36781.25 34801.5625 32325 29781.25
-3.4e+38 -3.4e+38 -3.4e+38 -3.4e+38 -3.4e+38 -3.4e+38 89800 89592.8571428571 88303.1746031746 87329.6875 86506.25 84748.4375 82221.875 79535.9375 75770.3125 75095.3125 69690.625 67115.625 65915.625 63368.75 59137.5 57367.1875 55287.5 55979.6875 55145.3125 56178.125 58921.875 55867.1875 51192.1875 44253.125 40971.875 38860.9375 36321.875 33706.25 31371.875 28953.125 26912.5 25632.8125 25678.125 28018.75 32656.25 35998.4375 39679.6875 42301.5625 43885.9375 43753.125 42937.5 44015.625 46792.1875 47518.75 46625 45704.6875 44892.1875 44595.3125 44717.1875 43064.0625 41485.9375 38623.4375 35800 33212.5
-3.4e+38 -3.4e+38 -3.4e+38 -3.4e+38 -3.4e+38 -3.4e+38 -3.4e+38 -3.4e+38 87109.0909090909 87460 87043.75 85564.0625 83051.5625 79398.4375 77179.6875 75923.4375 72790.625 67923.4375 65217.1875 63189.0625 59762.5 57531.25 57328.125 57314.0625 59318.75 59189.0625 58748.4375 53770.3125 51196.875 48932.8125 42484.375 38184.375 34265.625 31007.8125 28870.3125 27368.75 25764.0625 24950 25087.5 26007.8125 29506.25 34859.375 38467.1875 42692.1875 46353.125 45439.0625 43475 42156.25 47510.9375 48889.0625 48146.875 47392.1875 45051.5625 45876.5625 45642.1875 43565.625 43009.375 43492.1875 40867.1875 35468.75
-3.4e+38 -3.4e+38 -3.4e+38 -3.4e+38 -3.4e+38 -3.4e+38 -3.4e+38 -3.4e+38 -3.4e+38 86700 86400 85768.75 84298.4375 81732.8125 79025 76992.1875 73446.875 69823.4375 64579.6875 64234.375 61018.75 57243.75 56609.375 58800 58003.125 59637.5 61607.8125 59026.5625 59031.25 54765.625 49157.8125 37729.6875 32695.3125 29823.4375 27737.5 26031.25 25037.5 24704.6875 24982.8125 25798.4375 27670.3125 31482.8125 37600 43325 48093.75 44684.375 41123.4375 42703.125 48926.5625 50259.375 49517.1875 47239.0625 46582.8125 47120.3125 47245.3125 47325 46764.0625 42607.8125 40701.5625 38607.8125
-3.4e+38 -3.4e+38 -3.4e+38 -3.4e+38 -3.4e+38 -3.4e+38 -3.4e+38 -3.4e+38 -3.4e+38 -3.4e+38 86233.3333333333 84700 84414.0625 82837.5 80467.1875 77234.375 73003.125 70079.6875 66754.6875 62437.5 60048.4375 57392.1875 55375 58593.75 57876.5625 55440.625 59526.5625 57365.625 54714.0625 56742.1875 51706.25 38714.0625 31473.4375 28409.375 26912.5 25220.3125 24443.75 24425 24914.0625 25678.125 27104.6875 29165.625 35115.625 43670.3125 50895.3125 45246.875 46815.625 38815.625 44407.8125 50695.3125 49818.75 49698.4375 49389.0625 49285.9375 49025 48539.0625 48475 47309.375 43432.8125 40270.3125
-3.4e+38 -3.4e+38 -3.4e+38 -3.4e+38 -3.4e+38 -3.4e+38 -3.4e+38 -3.4e+38 -3.4e+38 -3.4e+38 -3.4e+38 80900 82181.1320754717 82079.6875 80775 76771.875 72546.875 69998.4375 66687.5 62706.25 61100 59528.125 57526.5625 56810.9375 58817.1875 53854.6875 55704.6875 56432.8125 51757.8125 54423.4375 51960.9375 39246.875 29256.25 26900 25339.0625 24325 23957.8125 24301.5625 24923.4375 25728.125 26854.6875 28414.0625 31237.5 39389.0625 49478.125 55279.6875 57850 44442.1875 36418.75 43096.875 45965.625 49792.1875 50587.5 51793.75 51198.4375 50909.375 49934.375 48851.5625 47856.25 44806.25
-3.4e+38 -3.4e+38 -3.4e+38 -3.4e+38 -3.4e+38 -3.4e+38 -3.4e+38 -3.4e+38 -3.4e+38 -3.4e+38 -3.4e+38 -3.4e+38 78500 77536.5384615385 78642.1875 76528.125 72712.5 69882.8125 67773.4375 62518.75 62090.625 58256.25 53300 50785.9375 51039.0625 51245.3125 59089.0625 56003.125 52200 51940.625 46417.1875 33493.75 27760.9375 26842.1875 25100 24112.5 24039.0625 24454.6875 24950 25776.5625 26671.875 28039.0625 29979.6875 33707.8125 43512.5 52226.5625 59482.8125 64337.5 44310.9375 45484.375 51042.1875 50757.8125 53604.6875 54459.375 54098.4375 53929.6875 53190.625 51323.4375 50426.5625 47142.1875
-3.4e+38 -3.4e+38 -3.4e+38 -3.4e+38 -3.4e+38 -3.4e+38 -3.4e+38 -3.4e+38 -3.4e+38 -3.4e+38 -3.4e+38 -3.4e+38 -3.4e+38 72407.4074074074 76420.3125 74567.1875 72087.5 69310.9375 66923.4375 63806.25 59814.0625 58617.1875 51407.8125 49542.1875 52884.375 52051.5625 51068.75 57500 52251.5625 46512.5 48704.6875 42593.75 28765.625 25645.3125 24834.375 23925 24031.25 24542.1875 25198.4375 25757.8125 26423.4375 27609.375 29221.875 31378.125 36357.8125 45489.0625 51685.9375 63059.375 64242.1875 55348.4375 51460.9375 50496.875 53493.75 57251.5625 57384.375 57064.0625 56657.8125 53751.5625 51601.5625 49042.1875
-3.4e+38 -3.4e+38 -3.4e+38 -3.4e+38 -3.4e+38 -3.4e+38 -3.4e+38 -3.4e+38 -3.4e+38 -3.4e+38 -3.4e+38 -3.4e+38 -3.4e+38 66000 69435.593220339 72653.125 71181.25 69775 65593.75 64656.25 59617.1875 57495.3125 53639.0625 51720.3125 50584.375 56715.625 57382.8125 54276.5625 60718.75 51525 39525 39237.5 29410.9375 25846.875 24787.5 24100 23712.5 24125 24785.9375 25329.6875 26107.8125 27085.9375 28631.25 30645.3125 33126.5625 38685.9375 46762.5 52921.875 61548.4375 62600 64701.5625 58617.1875 59651.5625 58507.8125 60128.125 60685.9375 60473.4375 59126.5625 55975 52442.1875
-3.4e+38 -3.4e+38 -3.4e+38 -3.4e+38 -3.4e+38 -3.4e+38 -3.4e+38 -3.4e+38 -3.4e+38 -3.4e+38 -3.4e+38 -3.4e+38 -3.4e+38 -3.4e+38 62624.3902439024 66289.0625 68340.625 68406.25 65610.9375 63471.875 60293.75 59362.5 59242.1875 54206.25 49951.5625 53995.3125 60668.75 55457.8125 58628.125 55496.875 48931.25 37181.25 26540.625 24873.4375 24700 23675 23310.9375 23492.1875 24029.6875 24704.6875 25451.5625 26471.875 27785.9375 29578.125 31325 33420.3125 36592.1875 44628.125 52892.1875 62353.125 65548.4375 63495.3125 62370.3125 61971.875 63923.4375 65132.8125 65601.5625 64779.6875 62101.5625 61115.625
-3.4e+38 -3.4e+38 -3.4e+38 -3.4e+38 -3.4e+38 -3.4e+38 -3.4e+38 -3.4e+38 -3.4e+38 -3.4e+38 -3.4e+38 -3.4e+38 -3.4e+38 -3.4e+38 57378.125 58250 60117.1875 63256.25 65692.1875 62468.75 60093.75 58270.3125 59054.6875 57601.5625 53696.875 50375 59364.0625 58728.125 54076.5625 53964.0625 52014.0625 40925 26082.8125 25376.5625 23900 23200 23001.5625 22970.3125 23364.0625 23881.25 24590.625 25625 26812.5 28265.625 29968.75 31815.625 34240.625 43182.8125 49009.375 51679.6875 56620.3125 63382.8125 67584.375 67653.125 69276.5625 69939.0625 70070.3125 69320.3125 69462.5 68985.9375
-3.4e+38 -3.4e+38 -3.4e+38 -3.4e+38 -3.4e+38 -3.4e+38 -3.4e+38 -3.4e+38 -3.4e+38 -3.4e+38 -3.4e+38 -3.4e+38 -3.4e+38 -3.4e+38 50375 53985.9375 58056.25 59370.3125 63523.4375 63118.75 60817.1875 59331.25 55987.5 54746.875 59540.625 58251.5625 55245.3125 56676.5625 49881.25 55110.9375 55710.9375 43814.0625 29154.6875 25676.5625 24364.0625 22959.375 22693.75 22554.6875 22712.5 23093.75 23667.1875 24631.25 25717.1875 27017.1875 28589.0625 30357.8125 32540.625 34704.6875 39460.9375 50350 57676.5625 66501.5625 70389.0625 70826.5625 71964.0625 72832.8125 72892.1875 73553.125 73046.875 71564.0625
-3.4e+38 -3.4e+38 -3.4e+38 -3.4e+38 -3.4e+38 -3.4e+38 -3.4e+38 -3.4e+38 -3.4e+38 -3.4e+38 -3.4e+38 -3.4e+38 -3.4e+38 45466.6666666667 48571.875 51862.5 56804.6875 56603.125 55146.875 59596.875 60084.375 58390.625 56734.375 54721.875 55562.5 55779.6875 47334.375 47173.4375 48442.1875 57121.875 54695.3125 41931.25 29570.3125 26084.375 26728.125 23042.1875 22442.1875 22023.4375 22037.5 22298.4375 22710.9375 23496.875 24545.3125 25814.0625 27282.8125 28929.6875 30760.9375 32715.625 36735.9375 43735.9375 53576.5625 62393.75 68065.625 69490.625 66320.3125 71475 74109.375 74718.75 75628.125 75832.8125
-3.4e+38 -3.4e+38 -3.4e+38 -3.4e+38 -3.4e+38 -3.4e+38 -3.4e+38 -3.4e+38 -3.4e+38 -3.4e+38 -3.4e+38 -3.4e+38 -3.4e+38 45333.3333333333 49742.1875 52235.9375 52687.5 55915.625 57945.3125 60653.125 60346.875 58700 57357.8125 54600 51912.5 52212.5 50671.875 45825 49931.25 60775 53917.1875 36428.125 29125 27000 27750 23265.625 22534.375 21600 21448.4375 21500 21796.875 22426.5625 23348.4375 24606.25 26043.75 27592.1875 29187.5 30779.6875 33307.8125 37910.9375 45057.8125 54995.3125 56334.375 65535.9375 61706.25 67232.8125 71842.1875 73757.8125 75317.1875 72492.1875
-3.4e+38 -3.4e+38 -3.4e+38 -3.4e+38 -3.4e+38 -3.4e+38 -3.4e+38 -3.4e+38 -3.4e+38 -3.4e+38 -3.4e+38 -3.4e+38 -3.4e+38 46400 49021.6666666667 48762.5 49501.5625 51307.8125 53550 57125 59206.25 58200 55150 53556.25 49950 51140.625 53156.25 50704.6875 46146.875 52875 53215.625 44725 37225 27857.8125 28657.8125 24128.125 22607.8125 21440.625 21010.9375 20707.8125 20853.125 21346.875 22265.625 23506.25 24893.75 26309.375 27712.5 29156.25 30845.3125 34418.75 39923.4375 49106.25 51957.8125 51746.875 59014.0625 66059.375 69193.75 71701.5625 74992.1875 77562.5
-3.4e+38 -3.4e+38 -3.4e+38 -3.4e+38 -3.4e+38 -3.4e+38 -3.4e+38 -3.4e+38 -3.4e+38 -3.4e+38 -3.4e+38 -3.4e+38 -3.4e+38 -3.4e+38 48780.5555555556 50371.875 50453.125 51192.1875 53562.5 55717.1875 57960.9375 58245.3125 53265.625 51335.9375 51260.9375 50064.0625 49856.25 48071.875 51548.4375 47126.5625 52393.75 45159.375 41529.6875 32389.0625 31000 25707.8125 22876.5625 21407.8125 20764.0625 20101.5625 19884.375 20334.375 21495.3125 25962.5 26896.875 25204.6875 26376.5625 27593.75 28871.875 31742.1875 33921.875 40587.5 46396.875 52120.3125 60992.1875 65260.9375 67853.125 67001.5625 70334.375 73926.5625
-3.4e+38 -3.4e+38 -3.4e+38 -3.4e+38 -3.4e+38 -3.4e+38 -3.4e+38 -3.4e+38 -3.4e+38 -3.4e+38 -3.4e+38 -3.4e+38 -3.4e+38 -3.4e+38 48388.8888888889 51309.8360655738 50253.125 49784.375 52887.5 55148.4375 57981.25 57926.5625 53420.3125 50237.5 54142.1875 52340.625 46467.1875 42579.6875 47120.3125 51784.375 44139.0625 41476.5625 39028.125 35292.1875 30548.4375 26921.875 23678.125 21687.5 20837.5 19998.4375 19554.6875 19792.1875 20832.8125 23609.375 23990.625 23982.8125 25148.4375 26126.5625 27046.875 28387.5 31757.8125 37985.9375 45614.0625 50148.4375 57653.125 61542.1875 62137.5 61703.125 63501.5625 65907.8125
-3.4e+38 -3.4e+38 -3.4e+38 -3.4e+38 -3.4e+38 -3.4e+38 -3.4e+38 -3.4e+38 -3.4e+38 -3.4e+38 -3.4e+38 -3.4e+38 -3.4e+38 -3.4e+38 -3.4e+38 50773.5294117647 54490.625 53103.125 50145.3125 55062.5 57675 59045.3125 54304.6875 49146.875 53612.5 51931.25 46426.5625 41390.625 39921.875 46148.4375 40943.75 41328.125 36853.125 38790.625 32920.3125 27760.9375 25467.1875 22610.9375 21370.3125 20473.4375 19871.875 19925 20590.625 21301.5625 22135.9375 22950 23807.8125 24478.125 25264.0625 26421.875 28507.8125 32489.0625 38539.0625 45343.75 50757.8125 53868.75 56721.875 56701.5625 59746.875 67357.8125
-3.4e+38 -3.4e+38 -3.4e+38 -3.4e+38 -3.4e+38 -3.4e+38 -3.4e+38 -3.4e+38 -3.4e+38 -3.4e+38 -3.4e+38 -3.4e+38 -3.4e+38 -3.4e+38 -3.4e+38 48882.3529411765 55631.25 57298.4375 55954.6875 51223.4375 53221.875 57512.5 55960.9375 51684.375 51203.125 54118.75 46846.875 40945.3125 38810.9375 38759.375 39007.8125 36503.125 33271.875 36832.8125 35365.625 31767.1875 30943.75 24957.8125 23073.4375 21403.125 20595.3125 20292.1875 20601.5625 21087.5 21590.625 22192.1875 22676.5625 23239.0625 24115.625 25260.9375 26909.375 30123.4375 35151.5625 41376.5625 45207.8125 49146.875 53676.5625 52043.75 56200 60071.875
-3.4e+38 -3.4e+38 -3.4e+38 -3.4e+38 -3.4e+38 -3.4e+38 -3.4e+38 -3.4e+38 -3.4e+38 -3.4e+38 -3.4e+38 -3.4e+38 -3.4e+38 -3.4e+38 -3.4e+38 45856.0975609756 52396.875 56871.875 57257.8125 55445.3125 53634.375 55698.4375 57043.75 52450 48345.3125 48826.5625 49920.3125 43895.3125 41251.5625 44545.3125 37526.5625 35840.625 35246.875 34629.6875 34339.0625 33040.625 34684.375 27781.25 26475 23051.5625 21579.6875 20867.1875 20825 21039.0625 21225 21614.0625 21953.125 22314.0625 23123.4375 24429.6875 25856.25 27832.8125 31626.5625 37642.1875 42584.375 47017.1875 46500 49862.5 50876.5625 55029.6875
-3.4e+38 -3.4e+38 -3.4e+38 -3.4e+38 -3.4e+38 -3.4e+38 -3.4e+38 -3.4e+38 -3.4e+38 -3.4e+38 -3.4e+38 -3.4e+38 -3.4e+38 -3.4e+38 -3.4e+38 46606.8965517241 49811.1111111111 54898.4375 54632.8125 54717.1875 55526.5625 54976.5625 54945.3125 54826.5625 51543.75 49612.5 52645.3125 49423.4375 46900 47995.3125 44545.3125 38979.6875 36704.6875 41928.125 42231.25 36371.875 35834.375 30064.0625 30359.375 25282.8125 22734.375 21528.125 21154.6875 21162.5 21223.4375 21290.625 21448.4375 21665.625 22507.8125 23795.3125 25179.6875 26553.125 28551.5625 32420.3125 38842.1875 40767.1875 43810.9375 48273.4375 53417.1875 57296.875
-3.4e+38 -3.4e+38 -3.4e+38 -3.4e+38 -3.4e+38 -3.4e+38 -3.4e+38 -3.4e+38 -3.4e+38 -3.4e+38 -3.4e+38 -3.4e+38 -3.4e+38 -3.4e+38 -3.4e+38 -3.4e+38 48672 52159.6774193548 53512.5 53885.9375 53889.0625 56885.9375 55609.375 53278.125 52865.625 50639.0625 51912.5 51243.75 51484.375 51543.75 50914.0625 44404.6875 41762.5 39909.375 40493.75 39346.875 39859.375 33453.125 30062.5 28134.375 23835.9375 22671.875 21725 21514.0625 21431.25 21370.3125 21448.4375 21675 22376.5625 23460.9375 24681.25 25817.1875 28193.75 30426.5625 33732.8125 38820.3125 39231.25 43337.5 48214.0625 50704.6875
-3.4e+38 -3.4e+38 -3.4e+38 -3.4e+38 -3.4e+38 -3.4e+38 -3.4e+38 -3.4e+38 -3.4e+38 -3.4e+38 -3.4e+38 -3.4e+38 -3.4e+38 -3.4e+38 -3.4e+38 -3.4e+38 -3.4e+38 48200 48582.4561403509 51446.875 51867.1875 54112.5 56414.0625 54703.125 53092.1875 52567.1875 51351.5625 51701.5625 52087.5 52693.75 51096.875 48325 46464.0625 43293.75 40062.5 40406.25 37714.0625 38025 27700 29879.6875 24382.8125 23653.125 23082.8125 22162.5 21853.125 21676.5625 21660.9375 21854.6875 22400 23389.0625 24373.4375 25182.8125 26187.5 27932.8125 30867.1875 35156.25 37793.75 40026.5625 43626.5625 46681.25
-3.4e+38 -3.4e+38 -3.4e+38 -3.4e+38 -3.4e+38 -3.4e+38 -3.4e+38 -3.4e+38 -3.4e+38 -3.4e+38 -3.4e+38 -3.4e+38 -3.4e+38 -3.4e+38 -3.4e+38 -3.4e+38 -3.4e+38 -3.4e+38 46133.3333333333 48889.7435897436 50443.75 53165.625 54039.0625 57006.25 55659.375 54679.6875 53207.8125 52468.75 52143.75 52487.5 52167.1875 51089.0625 49368.75 46957.8125 43209.375 39462.5 36864.0625 36940.625 33781.25 27471.875 25401.5625 24500 23945.3125 23134.375 22465.625 22048.4375 21854.6875 21921.875 22304.6875 23362.5 24190.625 24435.9375 24742.1875 26167.1875 28898.4375 35193.75 39515.625 40179.6875 42940.625 45376.5625
-3.4e+38 -3.4e+38 -3.4e+38 -3.4e+38 -3.4e+38 -3.4e+38 -3.4e+38 -3.4e+38 -3.4e+38 -3.4e+38 -3.4e+38 -3.4e+38 -3.4e+38 -3.4e+38 -3.4e+38 -3.4e+38 -3.4e+38 -3.4e+38 -3.4e+38 46400 50483.3333333333 52134.375 53621.875 55273.4375 57981.25 57315.625 56528.125 54040.625 52434.375 51120.3125 50587.5 52217.1875 51029.6875 49070.3125 44118.75 41001.5625 37215.625 34475 40587.5 36032.8125 27565.625 25737.5 24820.3125 23857.8125 23064.0625 22287.5 21895.3125 21706.25 21828.125 22448.4375 23246.875 23565.625 23904.6875 24807.8125 27810.9375 32557.8125 37200 39256.25 41429.6875 43070.3125
