Cases/SDM_Urocitellus_beldingi/westernUsClimate_hadley2080a2/BIO14.asc
NCOLS 315 
NROWS 297 
XLLCORNER -124.741664802 
YLLCORNER 29.2083311801598 
CELLSIZE 0.066666670143822 
NODATA_value -3.4e+38 
[rows 120 to 149 of 297, columns 0 to 68 of 315]
-3.4e+38 -3.4e+38 -3.4e+38 -3.4e+38 -3.4e+38 -3.4e+38 -3.4e+38 -3.4e+38 -3.4e+38 500 500 504.6875 581.25 489.0625 509.375 521.875 357.8125 432.8125 550 607.8125 498.4375 539.0625 653.125 553.125 646.875 896.875 753.125 775 703.125 548.4375 500 500 501.5625 501.5625 487.5 400 407.8125 426.5625 400 401.5625 400 334.375 300 354.6875 329.6875 303.125 231.25 206.25 254.6875 293.75 300 300 303.125 331.25 479.6875 506.25 501.5625 501.5625 542.1875 571.875 601.5625 575 514.0625 504.6875 626.5625 700 657.8125 596.875 673.4375
-3.4e+38 -3.4e+38 -3.4e+38 -3.4e+38 -3.4e+38 -3.4e+38 -3.4e+38 -3.4e+38 500 477.41935483871 462.5 475 489.0625 478.125 468.75 459.375 395.3125 379.6875 468.75 468.75 496.875 578.125 668.75 557.8125 520.3125 642.1875 620.3125 660.9375 579.6875 479.6875 500 500 500 500 487.5 400 400 400 400 393.75 350 318.75 300 439.0625 381.25 300 209.375 206.25 257.8125 300 325 339.0625 345.3125 342.1875 426.5625 410.9375 459.375 500 545.3125 512.5 510.9375 514.0625 500 510.9375 589.0625 589.0625 575 592.1875 603.125
-3.4e+38 -3.4e+38 -3.4e+38 -3.4e+38 -3.4e+38 -3.4e+38 -3.4e+38 -3.4e+38 405.405405405405 400 429.6875 414.0625 437.5 501.5625 415.625 576.5625 442.1875 350 389.0625 443.75 498.4375 509.375 554.6875 523.4375 476.5625 450 679.6875 471.875 401.5625 404.6875 460.9375 500 500 500 487.5 400 400 400 400 390.625 312.5 300 301.5625 392.1875 439.0625 326.5625 395.3125 321.875 246.875 312.5 373.4375 489.0625 485.9375 487.5 431.25 434.375 487.5 573.4375 584.375 507.8125 500 500 500 501.5625 507.8125 539.0625 592.1875 600 600
-3.4e+38 -3.4e+38 -3.4e+38 -3.4e+38 -3.4e+38 -3.4e+38 -3.4e+38 400 400 400 404.6875 456.25 401.5625 409.375 498.4375 507.8125 540.625 371.875 460.9375 423.4375 426.5625 409.375 442.1875 470.3125 428.125 418.75 467.1875 406.25 400 400 440.625 454.6875 478.125 489.0625 487.5 400 400 400 400 387.5 300 300 306.25 465.625 520.3125 437.5 518.75 459.375 348.4375 306.25 487.5 500 520.3125 601.5625 554.6875 543.75 579.6875 615.625 610.9375 589.0625 510.9375 617.1875 596.875 600 628.125 600 603.125 670.3125 706.25
-3.4e+38 -3.4e+38 -3.4e+38 -3.4e+38 -3.4e+38 -3.4e+38 400 400 400 400 400 451.5625 460.9375 407.8125 556.25 542.1875 435.9375 390.625 370.3125 509.375 479.6875 479.6875 428.125 467.1875 481.25 400 400 354.6875 373.4375 400 407.8125 431.25 426.5625 426.5625 468.75 400 400 400 400 387.5 300 300 304.6875 393.75 496.875 503.125 576.5625 635.9375 510.9375 364.0625 479.6875 500 500 503.125 571.875 554.6875 539.0625 510.9375 521.875 518.75 500 614.0625 631.25 518.75 609.375 596.875 601.5625 698.4375 706.25
-3.4e+38 -3.4e+38 -3.4e+38 -3.4e+38 -3.4e+38 -3.4e+38 400 400 385.9375 395.3125 403.125 390.625 446.875 400 426.5625 400 501.5625 573.4375 354.6875 353.125 384.375 406.25 492.1875 489.0625 478.125 400 400 340.625 351.5625 346.875 404.6875 420.3125 479.6875 464.0625 417.1875 398.4375 381.25 342.1875 332.8125 335.9375 306.25 300 300 304.6875 381.25 515.625 595.3125 539.0625 503.125 398.4375 471.875 500 500 521.875 509.375 606.25 523.4375 587.5 531.25 500 500 542.1875 604.6875 523.4375 570.3125 606.25 600 592.1875 659.375
-3.4e+38 -3.4e+38 -3.4e+38 -3.4e+38 -3.4e+38 400 400 370.3125 303.125 312.5 360.9375 364.0625 396.875 446.875 440.625 439.0625 389.0625 462.5 479.6875 326.5625 435.9375 434.375 381.25 387.5 389.0625 401.5625 407.8125 375 362.5 429.6875 404.6875 406.25 410.9375 448.4375 384.375 314.0625 300 300 300 300 300 300 300 300 326.5625 392.1875 490.625 537.5 528.125 551.5625 626.5625 596.875 642.1875 640.625 546.875 514.0625 534.375 640.625 517.1875 509.375 545.3125 506.25 529.6875 593.75 509.375 517.1875 504.6875 501.5625 554.6875
-3.4e+38 -3.4e+38 -3.4e+38 -3.4e+38 -3.4e+38 409.52380952381 435.9375 420.3125 332.8125 301.5625 303.125 315.625 350 393.75 318.75 314.0625 354.6875 375 512.5 371.875 432.8125 471.875 371.875 318.75 351.5625 360.9375 410.9375 367.1875 387.5 357.8125 304.6875 326.5625 382.8125 370.3125 309.375 296.875 273.4375 270.3125 285.9375 295.3125 300 300 300 300 300 309.375 453.125 606.25 717.1875 628.125 621.875 610.9375 704.6875 646.875 587.5 503.125 507.8125 526.5625 548.4375 584.375 615.625 560.9375 529.6875 539.0625 500 503.125 500 500 503.125
-3.4e+38 -3.4e+38 -3.4e+38 -3.4e+38 -3.4e+38 417.543859649123 415.625 421.875 414.0625 387.5 339.0625 303.125 306.25 342.1875 320.3125 325 346.875 437.5 337.5 395.3125 406.25 435.9375 381.25 335.9375 332.8125 393.75 435.9375 350 304.6875 300 300 300 300 300 290.625 268.75 200 200 200 215.625 218.75 214.0625 217.1875 217.1875 295.3125 317.1875 484.375 682.8125 684.375 643.75 554.6875 628.125 657.8125 617.1875 543.75 500 504.6875 501.5625 539.0625 550 517.1875 457.8125 492.1875 478.125 439.0625 595.3125 542.1875 509.375 540.625
-3.4e+38 -3.4e+38 -3.4e+38 -3.4e+38 -3.4e+38 411.538461538462 428.125 421.875 439.0625 437.5 381.25 326.5625 303.125 343.75 334.375 273.4375 357.8125 426.5625 376.5625 348.4375 396.875 328.125 362.5 465.625 418.75 360.9375 300 293.75 300 300 300 300 253.125 206.25 201.5625 200 200 200 200 200 200 200 200 200 242.1875 326.5625 453.125 496.875 465.625 501.5625 471.875 445.3125 462.5 498.4375 493.75 501.5625 503.125 501.5625 496.875 471.875 479.6875 404.6875 403.125 403.125 407.8125 434.375 423.4375 475 626.5625
-3.4e+38 -3.4e+38 -3.4e+38 -3.4e+38 -3.4e+38 392.307692307692 362.5 340.625 401.5625 410.9375 371.875 356.25 303.125 306.25 304.6875 298.4375 251.5625 445.3125 467.1875 325 339.0625 420.3125 339.0625 362.5 437.5 395.3125 298.4375 253.125 290.625 300 300 300 237.5 200 200 200 200 200 200 200 200 179.6875 156.25 198.4375 203.125 282.8125 454.6875 392.1875 415.625 379.6875 448.4375 420.3125 306.25 353.125 376.5625 409.375 418.75 475 604.6875 590.625 656.25 648.4375 506.25 429.6875 420.3125 400 476.5625 495.3125 534.375
-3.4e+38 -3.4e+38 -3.4e+38 -3.4e+38 -3.4e+38 400 422 387.5 343.75 335.9375 346.875 385.9375 328.125 290.625 304.6875 300 212.5 245.3125 396.875 353.125 307.8125 325 412.5 329.6875 331.25 420.3125 407.8125 359.375 270.3125 279.6875 300 300 276.5625 239.0625 200 200 200 200 200 200 200 112.5 103.125 110.9375 156.25 220.3125 282.8125 339.0625 326.5625 357.8125 423.4375 329.6875 300 304.6875 303.125 471.875 495.3125 443.75 531.25 501.5625 567.1875 612.5 665.625 620.3125 442.1875 462.5 495.3125 500 523.4375
-3.4e+38 -3.4e+38 -3.4e+38 -3.4e+38 -3.4e+38 -3.4e+38 300 400 423.809523809524 401.5625 326.5625 326.5625 335.9375 306.25 303.125 367.1875 212.5 212.5 256.25 296.875 218.75 265.625 279.6875 334.375 362.5 421.875 514.0625 435.9375 343.75 223.4375 245.3125 276.5625 257.8125 223.4375 200 200 200 156.25 153.125 184.375 200 145.3125 114.0625 100 103.125 121.875 139.0625 187.5 301.5625 471.875 471.875 335.9375 293.75 307.8125 318.75 323.4375 334.375 446.875 423.4375 482.8125 631.25 554.6875 582.8125 679.6875 660.9375 528.125 501.5625 523.4375 560.9375
-3.4e+38 -3.4e+38 -3.4e+38 -3.4e+38 -3.4e+38 -3.4e+38 -3.4e+38 -3.4e+38 363.636363636364 402.5 367.1875 314.0625 310.9375 298.4375 300 362.5 253.125 206.25 223.4375 243.75 209.375 232.8125 293.75 354.6875 457.8125 490.625 454.6875 359.375 320.3125 287.5 212.5 200 200 200 200 200 181.25 100 100 100 150 198.4375 137.5 100 100 100 101.5625 143.75 276.5625 385.9375 493.75 346.875 242.1875 268.75 287.5 409.375 395.3125 367.1875 400 446.875 584.375 520.3125 632.8125 617.1875 675 690.625 717.1875 664.0625 601.5625
-3.4e+38 -3.4e+38 -3.4e+38 -3.4e+38 -3.4e+38 -3.4e+38 -3.4e+38 -3.4e+38 -3.4e+38 300 372.727272727273 346.875 325 309.375 309.375 315.625 323.4375 239.0625 200 267.1875 237.5 206.25 254.6875 364.0625 376.5625 475 529.6875 464.0625 490.625 378.125 268.75 200 200 200 200 200 154.6875 100 100 100 100 125 128.125 100 100 100 100 154.6875 278.125 389.0625 426.5625 310.9375 154.6875 198.4375 273.4375 292.1875 306.25 460.9375 459.375 448.4375 432.8125 528.125 598.4375 618.75 668.75 745.3125 781.25 778.125 685.9375
-3.4e+38 -3.4e+38 -3.4e+38 -3.4e+38 -3.4e+38 -3.4e+38 -3.4e+38 -3.4e+38 -3.4e+38 -3.4e+38 366.666666666667 379.166666666667 346.875 328.125 306.25 331.25 359.375 273.4375 223.4375 209.375 201.5625 209.375 210.9375 335.9375 354.6875 321.875 451.5625 409.375 351.5625 389.0625 292.1875 200 200 200 200 200 145.3125 100 100 100 100 100 101.5625 100 100 100 98.4375 95.3125 176.5625 314.0625 310.9375 217.1875 267.1875 371.875 331.25 260.9375 295.3125 326.5625 440.625 610.9375 592.1875 728.125 651.5625 628.125 607.8125 700 846.875 787.5 834.375
-3.4e+38 -3.4e+38 -3.4e+38 -3.4e+38 -3.4e+38 -3.4e+38 -3.4e+38 -3.4e+38 -3.4e+38 -3.4e+38 -3.4e+38 340 369.811320754717 379.6875 364.0625 367.1875 393.75 321.875 210.9375 201.5625 229.6875 215.625 221.875 257.8125 360.9375 273.4375 328.125 367.1875 268.75 334.375 290.625 200 200 200 200 198.4375 114.0625 100 100 100 100 100 100 100 100 100 95.3125 45.3125 48.4375 120.3125 117.1875 146.875 284.375 379.6875 331.25 260.9375 373.4375 370.3125 387.5 414.0625 542.1875 639.0625 640.625 631.25 693.75 703.125 806.25 770.3125 756.25
-3.4e+38 -3.4e+38 -3.4e+38 -3.4e+38 -3.4e+38 -3.4e+38 -3.4e+38 -3.4e+38 -3.4e+38 -3.4e+38 -3.4e+38 -3.4e+38 354.545454545455 351.923076923077 389.0625 360.9375 339.0625 295.3125 300 201.5625 232.8125 200 156.25 135.9375 175 201.5625 392.1875 331.25 271.875 296.875 232.8125 157.8125 171.875 178.125 156.25 112.5 100 100 100 100 100 100 100 100 100 100 100 93.75 29.6875 50 114.0625 215.625 296.875 359.375 326.5625 325 339.0625 412.5 400 453.125 445.3125 564.0625 665.625 606.25 600 617.1875 678.125 676.5625 695.3125
-3.4e+38 -3.4e+38 -3.4e+38 -3.4e+38 -3.4e+38 -3.4e+38 -3.4e+38 -3.4e+38 -3.4e+38 -3.4e+38 -3.4e+38 -3.4e+38 -3.4e+38 333.333333333333 392.1875 384.375 337.5 306.25 279.6875 207.8125 201.5625 203.125 101.5625 101.5625 179.6875 198.4375 203.125 343.75 262.5 184.375 212.5 159.375 100 100 100 100 100 100 100 100 100 100 78.125 51.5625 78.125 98.4375 100 98.4375 90.625 57.8125 78.125 131.25 181.25 193.75 254.6875 317.1875 359.375 456.25 514.0625 568.75 543.75 500 506.25 542.1875 623.4375 600 600 662.5 703.125
-3.4e+38 -3.4e+38 -3.4e+38 -3.4e+38 -3.4e+38 -3.4e+38 -3.4e+38 -3.4e+38 -3.4e+38 -3.4e+38 -3.4e+38 -3.4e+38 -3.4e+38 312.5 350.847457627119 368.75 318.75 360.9375 262.5 210.9375 185.9375 168.75 120.3125 115.625 134.375 259.375 312.5 271.875 431.25 245.3125 115.625 114.0625 100 100 100 100 100 100 100 100 90.625 32.8125 0 0 1.5625 51.5625 84.375 95.3125 100 93.75 93.75 79.6875 103.125 167.1875 240.625 314.0625 353.125 395.3125 489.0625 575 642.1875 614.0625 587.5 560.9375 600 600 600 662.5 796.875
-3.4e+38 -3.4e+38 -3.4e+38 -3.4e+38 -3.4e+38 -3.4e+38 -3.4e+38 -3.4e+38 -3.4e+38 -3.4e+38 -3.4e+38 -3.4e+38 -3.4e+38 -3.4e+38 307.317073170732 303.125 304.6875 314.0625 262.5 200 176.5625 181.25 212.5 139.0625 112.5 193.75 373.4375 273.4375 356.25 292.1875 185.9375 100 100 100 100 100 100 100 87.5 50 6.25 0 0 0 0 0 0 32.8125 70.3125 89.0625 93.75 76.5625 100 120.3125 171.875 212.5 273.4375 364.0625 451.5625 473.4375 593.75 662.5 712.5 759.375 618.75 601.5625 703.125 715.625 809.375
-3.4e+38 -3.4e+38 -3.4e+38 -3.4e+38 -3.4e+38 -3.4e+38 -3.4e+38 -3.4e+38 -3.4e+38 -3.4e+38 -3.4e+38 -3.4e+38 -3.4e+38 -3.4e+38 306.25 300 300 300 285.9375 254.6875 184.375 146.875 196.875 195.3125 151.5625 123.4375 329.6875 309.375 228.125 243.75 214.0625 123.4375 100 100 100 95.3125 54.6875 14.0625 0 0 0 0 0 0 0 0 0 3.125 10.9375 6.25 21.875 57.8125 93.75 98.4375 106.25 171.875 221.875 317.1875 315.625 396.875 528.125 610.9375 656.25 829.6875 807.8125 656.25 746.875 878.125 903.125
-3.4e+38 -3.4e+38 -3.4e+38 -3.4e+38 -3.4e+38 -3.4e+38 -3.4e+38 -3.4e+38 -3.4e+38 -3.4e+38 -3.4e+38 -3.4e+38 -3.4e+38 -3.4e+38 300 300 300 300 300 287.5 176.5625 154.6875 103.125 118.75 260.9375 250 221.875 260.9375 145.3125 242.1875 267.1875 135.9375 100 95.3125 84.375 14.0625 0 0 0 0 0 0 0 0 0 0 0 0 0 0 7.8125 82.8125 95.3125 75 95.3125 143.75 200 251.5625 395.3125 451.5625 560.9375 629.6875 646.875 750 876.5625 845.3125 834.375 876.5625 896.875
-3.4e+38 -3.4e+38 -3.4e+38 -3.4e+38 -3.4e+38 -3.4e+38 -3.4e+38 -3.4e+38 -3.4e+38 -3.4e+38 -3.4e+38 -3.4e+38 -3.4e+38 333.333333333333 306.25 300 300 300 300 279.6875 145.3125 115.625 101.5625 112.5 157.8125 187.5 101.5625 107.8125 126.5625 262.5 232.8125 114.0625 31.25 3.125 3.125 0 0 0 0 0 0 0 0 0 0 0 0 0 0 0 0 40.625 78.125 84.375 81.25 164.0625 200 240.625 317.1875 387.5 532.8125 603.125 671.875 768.75 893.75 987.5 957.8125 898.4375 842.1875
-3.4e+38 -3.4e+38 -3.4e+38 -3.4e+38 -3.4e+38 -3.4e+38 -3.4e+38 -3.4e+38 -3.4e+38 -3.4e+38 -3.4e+38 -3.4e+38 -3.4e+38 400 357.8125 300 300 300 300 295.3125 248.4375 120.3125 107.8125 100 101.5625 117.1875 115.625 100 143.75 354.6875 235.9375 64.0625 10.9375 0 0 0 0 0 0 0 0 0 0 0 0 0 0 0 0 0 0 4.6875 1.5625 70.3125 53.125 140.625 214.0625 300 326.5625 356.25 446.875 582.8125 667.1875 756.25 832.8125 967.1875 914.0625 848.4375 842.1875
-3.4e+38 -3.4e+38 -3.4e+38 -3.4e+38 -3.4e+38 -3.4e+38 -3.4e+38 -3.4e+38 -3.4e+38 -3.4e+38 -3.4e+38 -3.4e+38 -3.4e+38 400 373.333333333333 300 300 300 300 254.6875 226.5625 121.875 109.375 100 100 103.125 139.0625 123.4375 100 164.0625 182.8125 101.5625 62.5 0 0 0 0 0 0 0 0 0 0 0 0 0 0 0 0 0 0 0 0 0 43.75 143.75 217.1875 290.625 334.375 396.875 412.5 484.375 623.4375 726.5625 792.1875 823.4375 867.1875 867.1875 892.1875
-3.4e+38 -3.4e+38 -3.4e+38 -3.4e+38 -3.4e+38 -3.4e+38 -3.4e+38 -3.4e+38 -3.4e+38 -3.4e+38 -3.4e+38 -3.4e+38 -3.4e+38 -3.4e+38 372.222222222222 300 300 300 300 242.1875 207.8125 173.4375 123.4375 100 98.4375 96.875 89.0625 89.0625 135.9375 109.375 171.875 103.125 89.0625 10.9375 0 0 0 0 0 0 0 0 0 0 0 0 0 0 0 0 0 0 0 0 85.9375 156.25 246.875 290.625 315.625 396.875 409.375 439.0625 579.6875 606.25 721.875 782.8125 926.5625 951.5625 926.5625
-3.4e+38 -3.4e+38 -3.4e+38 -3.4e+38 -3.4e+38 -3.4e+38 -3.4e+38 -3.4e+38 -3.4e+38 -3.4e+38 -3.4e+38 -3.4e+38 -3.4e+38 -3.4e+38 366.666666666667 308.196721311475 300 300 300 250 221.875 215.625 160.9375 123.4375 104.6875 103.125 34.375 15.625 92.1875 137.5 93.75 76.5625 59.375 18.75 0 0 0 0 0 0 0 0 0 0 0 0 0 0 0 0 0 0 0 0 79.6875 126.5625 190.625 254.6875 325 360.9375 379.6875 437.5 531.25 664.0625 739.0625 751.5625 951.5625 943.75 887.5
-3.4e+38 -3.4e+38 -3.4e+38 -3.4e+38 -3.4e+38 -3.4e+38 -3.4e+38 -3.4e+38 -3.4e+38 -3.4e+38 -3.4e+38 -3.4e+38 -3.4e+38 -3.4e+38 -3.4e+38 300 300 300 300 284.375 237.5 246.875 201.5625 167.1875 114.0625 100 43.75 1.5625 17.1875 87.5 57.8125 65.625 34.375 54.6875 15.625 0 0 0 0 0 0 0 0 0 0 0 0 0 0 0 0 0 0 0 31.25 95.3125 142.1875 221.875 339.0625 400 415.625 478.125 512.5 576.5625 657.8125 728.125 848.4375 967.1875 879.6875
-3.4e+38 -3.4e+38 -3.4e+38 -3.4e+38 -3.4e+38 -3.4e+38 -3.4e+38 -3.4e+38 -3.4e+38 -3.4e+38 -3.4e+38 -3.4e+38 -3.4e+38 -3.4e+38 -3.4e+38 300 300 300 300 271.875 203.125 214.0625 203.125 200 189.0625 109.375 62.5 3.125 0 15.625 40.625 20.3125 1.5625 35.9375 6.25 0 0 0 0 0 0 0 0 0 0 0 0 0 0 0 0 0 0 0 3.125 79.6875 148.4375 167.1875 326.5625 376.5625 348.4375 456.25 495.3125 521.875 603.125 754.6875 790.625 925 964.0625
