Cases/SDM_Urocitellus_beldingi/westernUsClimate_hadley2080a2/BIO18.asc
NCOLS 315 
NROWS 297 
XLLCORNER -124.741664802 
YLLCORNER 29.2083311801598 
CELLSIZE 0.066666670143822 
NODATA_value -3.4e+38 
[rows 0 to 27 of 297, columns 0 to 61 of 315]
-3.4e+38 -3.4e+38 -3.4e+38 -3.4e+38 -3.4e+38 -3.4e+38 -3.4e+38 -3.4e+38 -3.4e+38 -3.4e+38 -3.4e+38 -3.4e+38 -3.4e+38 -3.4e+38 -3.4e+38 -3.4e+38 -3.4e+38 -3.4e+38 -3.4e+38 -3.4e+38 -3.4e+38 -3.4e+38 -3.4e+38 -3.4e+38 7500 7566.66666666667 -3.4e+38 -3.4e+38 7975 8190.32258064516 8598.18181818182 9098.21428571429 9528.57142857143 10000 10451.7857142857 10917.8571428571 11339.2857142857 11864.2857142857 12507.1428571429 12785.7142857143 12294.6428571429 11837.5 11655.3571428571 11308.9285714286 11150 10948.2142857143 10566.0714285714 10533.9285714286 9957.14285714286 9719.64285714286 9676.78571428571 9130.35714285714 8964.28571428571 8355.35714285714 8287.5 7667.85714285714 7201.78571428571 7253.57142857143 7005.35714285714 6778.57142857143 6373.21428571429 5932.14285714286
-3.4e+38 -3.4e+38 -3.4e+38 -3.4e+38 -3.4e+38 -3.4e+38 -3.4e+38 -3.4e+38 -3.4e+38 -3.4e+38 -3.4e+38 -3.4e+38 -3.4e+38 -3.4e+38 -3.4e+38 -3.4e+38 -3.4e+38 -3.4e+38 -3.4e+38 -3.4e+38 -3.4e+38 -3.4e+38 -3.4e+38 -3.4e+38 -3.4e+38 -3.4e+38 -3.4e+38 -3.4e+38 -3.4e+38 7662.96296296296 8012.5 8384.375 8723.4375 9200 9723.4375 10248.4375 10771.875 11940.625 12240.625 12392.1875 12470.3125 12532.8125 12260.9375 11785.9375 11609.375 11346.875 11081.25 10423.4375 10145.3125 9968.75 9512.5 9153.125 8839.0625 8468.75 8084.375 7837.5 7220.3125 6962.5 6660.9375 6832.8125 6545.3125 5832.8125
-3.4e+38 -3.4e+38 -3.4e+38 -3.4e+38 -3.4e+38 -3.4e+38 -3.4e+38 -3.4e+38 -3.4e+38 -3.4e+38 -3.4e+38 -3.4e+38 -3.4e+38 -3.4e+38 -3.4e+38 -3.4e+38 -3.4e+38 -3.4e+38 -3.4e+38 -3.4e+38 -3.4e+38 -3.4e+38 -3.4e+38 -3.4e+38 -3.4e+38 -3.4e+38 -3.4e+38 -3.4e+38 -3.4e+38 7400 7597.61904761905 7739.0625 8006.25 8495.3125 9237.5 9793.75 10404.6875 11326.5625 11668.75 12084.375 12062.5 11981.25 11953.125 11373.4375 11317.1875 11035.9375 10946.875 10625 10289.0625 10201.5625 9600 9271.875 8885.9375 8601.5625 8140.625 7771.875 7356.25 7142.1875 6895.3125 6800 6432.8125 6256.25
-3.4e+38 -3.4e+38 -3.4e+38 -3.4e+38 -3.4e+38 -3.4e+38 -3.4e+38 -3.4e+38 -3.4e+38 -3.4e+38 -3.4e+38 -3.4e+38 -3.4e+38 -3.4e+38 -3.4e+38 -3.4e+38 -3.4e+38 -3.4e+38 -3.4e+38 -3.4e+38 -3.4e+38 -3.4e+38 -3.4e+38 -3.4e+38 -3.4e+38 -3.4e+38 5700 5900 6000 -3.4e+38 6885.71428571429 7172.34042553191 7522.58064516129 7987.23404255319 8676.5625 9729.6875 10898.4375 11365.625 11290.625 11875 12259.375 12179.6875 11812.5 11607.8125 11339.0625 11584.375 11670.3125 11346.875 10898.4375 10295.3125 9714.0625 9371.875 8990.625 8596.875 8168.75 7757.8125 7557.8125 7067.1875 6995.3125 6396.875 6603.125 6534.375
-3.4e+38 -3.4e+38 -3.4e+38 -3.4e+38 -3.4e+38 -3.4e+38 -3.4e+38 -3.4e+38 -3.4e+38 -3.4e+38 -3.4e+38 -3.4e+38 -3.4e+38 -3.4e+38 -3.4e+38 -3.4e+38 -3.4e+38 -3.4e+38 -3.4e+38 -3.4e+38 -3.4e+38 -3.4e+38 5460 5140 -3.4e+38 5266.66666666667 5412.5 5596.875 7040 6200 6517.64705882353 6856.66666666667 -3.4e+38 7834.48275862069 8887.5 9859.375 10001.5625 11220.3125 10784.375 11670.3125 12028.125 12020.3125 12104.6875 11775 11853.125 12300 12057.8125 11295.3125 10378.125 10362.5 9817.1875 9820.3125 9315.625 8806.25 8295.3125 7814.0625 7167.1875 6892.1875 6700 6639.0625 6567.1875 6318.75
-3.4e+38 -3.4e+38 -3.4e+38 -3.4e+38 -3.4e+38 -3.4e+38 -3.4e+38 -3.4e+38 -3.4e+38 -3.4e+38 -3.4e+38 -3.4e+38 -3.4e+38 -3.4e+38 -3.4e+38 -3.4e+38 -3.4e+38 -3.4e+38 -3.4e+38 -3.4e+38 -3.4e+38 -3.4e+38 5200 4983.33333333333 4928.57142857143 5060 5426.08695652174 5575 6478 6366.66666666667 5925 7047.05882352941 6400 7855.55555555556 9000 9143.75 9604.6875 10590.625 11154.6875 11317.1875 12028.125 12100 12123.4375 11956.25 12026.5625 12295.3125 11521.875 10917.1875 10626.5625 10818.75 10134.375 10076.5625 9360.9375 8745.3125 8250 7645.3125 7518.75 7348.4375 6657.8125 6878.125 6381.25 5992.1875
-3.4e+38 -3.4e+38 -3.4e+38 -3.4e+38 -3.4e+38 -3.4e+38 -3.4e+38 -3.4e+38 -3.4e+38 -3.4e+38 -3.4e+38 -3.4e+38 -3.4e+38 -3.4e+38 -3.4e+38 -3.4e+38 -3.4e+38 -3.4e+38 -3.4e+38 -3.4e+38 -3.4e+38 -3.4e+38 -3.4e+38 4740.74074074074 4891.66666666667 4725 4874.1935483871 5054.28571428571 5393.33333333333 5645 6158.53658536585 5843.47826086957 6120 6650 7287.17948717949 8223.4375 8828.125 9525 11168.75 11628.125 11346.875 11759.375 11954.6875 11942.1875 12090.625 11937.5 11481.25 11118.75 10807.8125 11021.875 10542.1875 9528.125 9139.0625 8784.375 8621.875 7679.6875 7739.0625 7418.75 7185.9375 6503.125 6782.8125 5998.4375
-3.4e+38 -3.4e+38 -3.4e+38 -3.4e+38 -3.4e+38 -3.4e+38 -3.4e+38 -3.4e+38 -3.4e+38 -3.4e+38 -3.4e+38 -3.4e+38 -3.4e+38 -3.4e+38 -3.4e+38 -3.4e+38 -3.4e+38 -3.4e+38 -3.4e+38 -3.4e+38 -3.4e+38 -3.4e+38 -3.4e+38 4766.66666666667 4655.31914893617 4508.77192982456 4600 4778.18181818182 4896.2962962963 5022.22222222222 5325 5640.90909090909 5859.09090909091 6633.33333333333 7012.69841269841 7632.8125 8325 9045.3125 9571.875 10031.25 10476.5625 11387.5 11504.6875 11554.6875 11703.125 11773.4375 11715.625 11328.125 11273.4375 11023.4375 10453.125 9778.125 9314.0625 8796.875 8395.3125 8304.6875 8050 7532.8125 7015.625 6881.25 6520.3125 6490.625
-3.4e+38 -3.4e+38 -3.4e+38 -3.4e+38 -3.4e+38 -3.4e+38 -3.4e+38 -3.4e+38 -3.4e+38 -3.4e+38 -3.4e+38 -3.4e+38 -3.4e+38 -3.4e+38 -3.4e+38 -3.4e+38 -3.4e+38 -3.4e+38 -3.4e+38 -3.4e+38 -3.4e+38 -3.4e+38 -3.4e+38 -3.4e+38 -3.4e+38 4450 4437.5 4554.16666666667 4682.35294117647 4700 5000 5586 5775.60975609756 6142.59259259259 6701.5873015873 7317.1875 8040.625 8715.625 10360.9375 11803.125 11818.75 12054.6875 12217.1875 12184.375 12131.25 11993.75 11790.625 11498.4375 11167.1875 10621.875 10046.875 9667.1875 9170.3125 8685.9375 8315.625 8168.75 7331.25 6746.875 6343.75 6367.1875 6392.1875 6371.875
15753.8461538462 15142.8571428571 14630.7692307692 14225 -3.4e+38 -3.4e+38 -3.4e+38 -3.4e+38 -3.4e+38 -3.4e+38 -3.4e+38 -3.4e+38 -3.4e+38 -3.4e+38 -3.4e+38 -3.4e+38 -3.4e+38 -3.4e+38 -3.4e+38 -3.4e+38 -3.4e+38 -3.4e+38 -3.4e+38 -3.4e+38 -3.4e+38 -3.4e+38 -3.4e+38 -3.4e+38 -3.4e+38 -3.4e+38 4800 5112.72727272727 5506.66666666667 6009.67741935484 6426.22950819672 6981.25 7929.6875 8931.25 9587.5 11293.75 11540.625 11682.8125 12035.9375 12206.25 12179.6875 11885.9375 11832.8125 11606.25 11193.75 10684.375 10098.4375 9706.25 9309.375 8859.375 8454.6875 8323.4375 7523.4375 7045.3125 5934.375 5754.6875 5479.6875 6120.3125
15550 15505.5555555556 15525 14753.2258064516 14215.7894736842 13546.6666666667 -3.4e+38 -3.4e+38 -3.4e+38 -3.4e+38 -3.4e+38 -3.4e+38 -3.4e+38 -3.4e+38 -3.4e+38 -3.4e+38 -3.4e+38 -3.4e+38 -3.4e+38 -3.4e+38 -3.4e+38 -3.4e+38 -3.4e+38 -3.4e+38 -3.4e+38 -3.4e+38 -3.4e+38 -3.4e+38 -3.4e+38 -3.4e+38 4735.89743589744 4943.63636363636 5593.6170212766 5809.52380952381 6475 6887.5 7685.9375 8718.75 9162.5 10420.3125 10829.6875 10992.1875 11478.125 11706.25 11801.5625 11734.375 11723.4375 11395.3125 11096.875 10734.375 10192.1875 9668.75 9307.8125 8764.0625 8359.375 8315.625 7589.0625 6734.375 7201.5625 6598.4375 5265.625 4481.25
16053.3333333333 15684.375 15446.875 15550 14854.6875 14164.0625 13783.0508474576 13058 12772.7272727273 11830 -3.4e+38 -3.4e+38 -3.4e+38 -3.4e+38 -3.4e+38 -3.4e+38 -3.4e+38 -3.4e+38 -3.4e+38 -3.4e+38 -3.4e+38 -3.4e+38 -3.4e+38 -3.4e+38 -3.4e+38 -3.4e+38 -3.4e+38 -3.4e+38 -3.4e+38 4520 4686 4888 -3.4e+38 5917.07317073171 6092.85714285714 6657.44680851064 7298.4375 8021.875 8559.375 9201.5625 9890.625 10507.8125 11368.75 11800 11981.25 11881.25 11507.8125 11375 11150 10664.0625 10192.1875 9659.375 9184.375 8510.9375 8398.4375 8187.5 8018.75 7593.75 7278.125 7092.1875 6893.75 4384.375
16445.9459459459 16243.75 15840.625 15665.625 15182.8125 15056.25 14842.1875 13945.3125 13160.9375 12552.5423728814 11867.5675675676 11226.9230769231 10252.1739130435 9205.88235294118 8400 7595.65217391304 7154.54545454545 5800 5600 -3.4e+38 -3.4e+38 -3.4e+38 -3.4e+38 4050 3985.71428571429 -3.4e+38 -3.4e+38 -3.4e+38 -3.4e+38 4400 4705.26315789474 4904.6511627907 5166.66666666667 5790 5700 6620 7198.4375 7589.0625 8168.75 8903.125 9506.25 11064.0625 11832.8125 12207.8125 12242.1875 12140.625 11843.75 11543.75 11143.75 10625 10240.625 9751.5625 9318.75 8989.0625 8607.8125 7721.875 7889.0625 7825 7412.5 6675 6073.4375 5203.125
16655 16267.1875 16079.6875 15860.9375 15971.875 15498.4375 15334.375 14814.0625 14431.25 13975 13329.6875 12615.625 11931.25 10804.6875 9770.3125 8784.375 7700 6693.75 6361.01694915254 5563.46153846154 5112.19512195122 4865.11627906977 4595.45454545455 4270.3125 4159.01639344262 4136.36363636364 4509.52380952381 4423.07692307692 4525.45454545455 4461.76470588235 4657.14285714286 -3.4e+38 5182.5 5545.45454545455 5871.42857142857 6284.21052631579 6900 7475 7756.25 8640.625 9170.3125 9967.1875 10718.75 11579.6875 12014.0625 12070.3125 11990.625 11642.1875 11260.9375 10760.9375 10189.0625 9757.8125 9521.875 9028.125 9195.3125 8290.625 8137.5 7514.0625 6831.25 7226.5625 6414.0625 6806.25
17087.5 16810.9375 16642.1875 16339.0625 16212.5 15967.1875 15715.625 15340.625 14903.125 14443.75 14098.4375 13320.3125 12875 12600 12214.0625 12587.5 11100 8521.875 9759.375 10032.8125 7609.375 6539.0625 6195.3125 5825 5876.5625 5272 4940.98360655738 5282.35294117647 4686.11111111111 4706.12244897959 4773.17073170732 4900 5205.88235294118 5463.04347826087 5689.58333333333 5922.72727272727 6344.44444444444 6977.14285714286 7257.14285714286 8203.125 8710.9375 9617.1875 10417.1875 11617.1875 12212.5 12126.5625 11884.375 11654.6875 11237.5 10804.6875 10421.875 9798.4375 9490.625 9215.625 8940.625 8273.4375 7750 7570.3125 5996.875 6506.25 6264.0625 5734.375
-3.4e+38 17500 17023.4375 16859.375 16681.25 16535.9375 16532.8125 16173.4375 15718.75 15240.625 14771.875 14362.5 13725 13515.625 14050 13862.5 11854.6875 10259.375 12603.125 13146.875 11150 10579.6875 10840.625 8675 7445.3125 7948.4375 6826.5625 5528.125 5208.19672131148 4965.625 4969.5652173913 -3.4e+38 4950 5264 5567.39130434783 5853.7037037037 6114.28571428571 6551.72413793103 6814.0625 7720.3125 8434.375 9379.6875 10221.875 11246.875 11807.8125 12096.875 11965.625 11685.9375 11307.8125 10878.125 10498.4375 9959.375 9518.75 9231.25 8701.5625 8195.3125 7189.0625 6831.25 6590.625 5296.875 5912.5 6054.6875
-3.4e+38 17564 17412.5 17267.1875 17332.8125 17145.3125 17145.3125 16800 16332.8125 15739.0625 15128.125 14629.6875 14407.8125 14340.625 14026.5625 13829.6875 14281.25 12598.4375 11606.25 12882.8125 14179.6875 13471.875 11826.5625 12318.75 10715.625 10726.5625 8801.5625 5620.3125 5326.5625 5384.375 5109.67741935484 5070 5035.48387096774 5135.71428571429 5590.90909090909 5575 6097.77777777778 6585.9375 6804.6875 7232.8125 8009.375 9100 9632.8125 10290.625 10801.5625 11381.25 12112.5 11834.375 11395.3125 10648.4375 10201.5625 9625 9428.125 9159.375 8212.5 7767.1875 7396.875 5684.375 5956.25 4993.75 4029.6875 5695.3125
-3.4e+38 -3.4e+38 17633.3333333333 17747.9166666667 17834.375 17856.25 17571.875 17304.6875 16865.625 16298.4375 15670.3125 15034.375 14404.6875 13878.125 14067.1875 14420.3125 14014.0625 14262.5 12865.625 11925 14390.625 14150 14259.375 13064.0625 13628.125 12139.0625 9662.5 5671.875 5385.71428571429 5437.28813559322 5259.57446808511 5115.38461538462 5153.1914893617 5200 -3.4e+38 5566.66666666667 5952.45901639344 6298.4375 6904.6875 7495.3125 7907.8125 8367.1875 9720.3125 9710.9375 10389.0625 10878.125 10814.0625 11346.875 10917.1875 10898.4375 10645.3125 9493.75 9265.625 8956.25 8493.75 7960.9375 6682.8125 5917.1875 4896.875 4426.5625 3443.75 3473.4375
-3.4e+38 -3.4e+38 -3.4e+38 17750 18137.2549019608 18150 17829.6875 17806.25 17448.4375 17073.4375 16059.375 15462.5 14893.75 14621.875 14800 15110.9375 14448.4375 14170.3125 13615.625 12393.75 13909.375 13840.625 12956.25 13375 13406.25 10756.25 9326.5625 7323.4375 5507.69230769231 5495.3488372093 5361.53846153846 5271.875 5203.1746031746 5162.74509803922 5000 5604.44444444444 5817.1875 5971.875 6454.6875 7403.125 8150 8237.5 9962.5 10532.8125 12596.875 12585.9375 12225 11612.5 10679.6875 10587.5 10520.3125 9085.9375 9450 9020.3125 8670.3125 7829.6875 7303.125 6482.8125 5793.75 4260.9375 3376.5625 2784.375
-3.4e+38 -3.4e+38 -3.4e+38 -3.4e+38 18216.6666666667 18396.8253968254 18509.375 18337.5 18034.375 17476.5625 16659.375 15914.0625 15412.5 14954.6875 14493.75 14014.0625 14379.6875 14015.625 13648.4375 13512.5 13915.625 13989.0625 12978.125 11456.25 10082.8125 9107.8125 7762.5 6726.92307692308 5500 5529.62962962963 5480.95238095238 5261.53846153846 5138.09523809524 5094.11764705882 -3.4e+38 5431.11111111111 5568.75 5737.5 6321.875 6915.625 7981.25 8060.9375 8976.5625 10082.8125 11454.6875 12346.875 12337.5 11962.5 11509.375 10468.75 9198.4375 8681.25 8645.3125 8337.5 8428.125 8210.9375 7728.125 7729.6875 6557.8125 4664.0625 3093.75 2595.3125
-3.4e+38 -3.4e+38 -3.4e+38 -3.4e+38 -3.4e+38 18769.0476190476 18675 18495.3125 18235.9375 17760.9375 17154.6875 16598.4375 15917.1875 15081.25 14712.5 14450 13362.5 13584.375 13585.9375 12912.5 13501.5625 13248.4375 13090.625 12492.1875 11820.3125 10003.125 6940 5953.57142857143 5805.26315789474 5737.7358490566 5533.33333333333 5311.29032258064 5208.88888888889 5084.61538461538 5150 5135.41666666667 5217.1875 5378.125 6323.4375 6650 7639.0625 8228.125 8165.625 9773.4375 11181.25 12028.125 12160.9375 11748.4375 11359.375 10876.5625 9989.0625 9325 9265.625 9048.4375 8792.1875 7857.8125 7003.125 7220.3125 6909.375 6267.1875 3278.125 2287.5
-3.4e+38 -3.4e+38 -3.4e+38 -3.4e+38 -3.4e+38 18647.619047619 18629.6875 18454.6875 18203.125 17875 17484.375 16684.375 15943.75 15310.9375 14850 14237.5 13415.625 13070.3125 13200 13089.0625 12390.625 13776.5625 12431.25 10193.75 8609.375 7352.63157894737 6289.65517241379 6275 6328.125 6514.0625 5647.54098360656 5267.34693877551 5211.36363636364 5077.27272727273 4800 5002.27272727273 5021.875 5342.1875 6129.6875 7139.0625 7468.75 8701.5625 8417.1875 9979.6875 10851.5625 11800 12110.9375 11540.625 10920.3125 10684.375 10328.125 10045.3125 9551.5625 9229.6875 8546.875 8139.0625 7693.75 6692.1875 6467.1875 5196.875 3615.625 2120.3125
-3.4e+38 -3.4e+38 -3.4e+38 -3.4e+38 -3.4e+38 18375 18337.5 18331.25 18193.75 17996.875 17539.0625 16843.75 16307.8125 16162.5 15490.625 14559.375 14017.1875 13993.75 13526.5625 13120.3125 12245.3125 11368.75 11173.4375 9489.0625 7842.85714285714 6740.54054054054 6503.125 6356.25 6196.875 6003.125 5776.5625 5441.26984126984 5340.625 5096.77419354839 5016.66666666667 5263.88888888889 5110.9375 5360.9375 6243.75 8025 8289.0625 11034.375 10689.0625 10779.6875 9768.75 11765.625 11293.75 10979.6875 10954.6875 10178.125 9923.4375 9956.25 9296.875 8501.5625 8229.6875 7720.3125 7659.375 7593.75 6778.125 6720.3125 4804.6875 2357.8125
-3.4e+38 -3.4e+38 -3.4e+38 -3.4e+38 -3.4e+38 -3.4e+38 18109.8360655738 18075 17934.375 17689.0625 17323.4375 17106.25 16775 16145.3125 15390.625 14667.1875 14135.9375 13300 13246.875 12079.6875 11448.4375 10921.875 9323.4375 8693.75 7250 6835.48387096774 6551.5625 6217.1875 5903.125 5937.5 5850 5573.4375 5412.5 5240 5100 5106.66666666667 5359.375 5267.1875 6432.8125 7257.8125 7937.5 9718.75 11868.75 12273.4375 11442.1875 11248.4375 11489.0625 11315.625 11000 10585.9375 10051.5625 9878.125 8637.5 8243.75 7084.375 7342.1875 7656.25 7179.6875 6773.4375 6239.0625 4431.25 3076.5625
-3.4e+38 -3.4e+38 -3.4e+38 -3.4e+38 -3.4e+38 -3.4e+38 17583.7209302326 17528.125 17285.9375 17010.9375 16593.75 16635.9375 16590.625 15982.8125 15610.9375 14834.375 14082.8125 13323.4375 12685.9375 12076.5625 11354.6875 9784.375 8623.4375 7822.03389830509 7010.34482758621 6680.70175438596 6395.3125 6129.6875 5853.125 5746.875 5596.875 5401.5625 5396.55172413793 5271.79487179487 5062.5 5100 5453.0612244898 5385.9375 6479.6875 7239.0625 8126.5625 9556.25 10937.5 11871.875 12010.9375 11656.25 11296.875 10740.625 10392.1875 10189.0625 9153.125 9442.1875 7787.5 8418.75 6340.625 7495.3125 6673.4375 5684.375 5187.5 5001.5625 4568.75 3400
-3.4e+38 -3.4e+38 -3.4e+38 -3.4e+38 -3.4e+38 -3.4e+38 17260 17057.1428571429 16929.6875 16650 16468.75 16268.75 16220.3125 16006.25 15603.125 14935.9375 14132.8125 13217.1875 12290.625 11531.25 11098.4375 9459.375 8278.125 7598.4375 7175 6809.375 6409.375 6079.6875 5682.8125 5637.5 5406.25 5354.6875 5200 5100 5075 5289.47368421053 5635.9375 5535.9375 6167.1875 6970.3125 7956.25 9667.1875 11071.875 11801.5625 11562.5 11471.875 11192.1875 10948.4375 10209.375 10075 9023.4375 7690.625 7126.5625 8075 5551.5625 5995.3125 5256.25 4181.25 3437.5 4735.9375 3560.9375 3551.5625
-3.4e+38 -3.4e+38 -3.4e+38 -3.4e+38 -3.4e+38 -3.4e+38 -3.4e+38 16312.5 15998.4375 15904.6875 15789.0625 15382.8125 15256.25 15231.25 14996.875 14670.3125 13700 12762.5 11603.125 10637.5 9821.875 8996.875 8220.3125 7539.0625 6965.625 6442.1875 6253.125 5937.5 5642.1875 5529.6875 5306.25 5145.3125 5020.33898305085 5207.8125 5127.41935483871 5073.4375 5382.8125 5714.0625 6660.9375 7117.1875 7982.8125 9071.875 10896.875 11618.75 11207.8125 10742.1875 10343.75 9712.5 9732.8125 8685.9375 8757.8125 8276.5625 6607.8125 5618.75 5120.3125 4217.1875 4009.375 3317.1875 2892.1875 3281.25 2898.4375 3396.875
-3.4e+38 -3.4e+38 -3.4e+38 -3.4e+38 -3.4e+38 -3.4e+38 -3.4e+38 -3.4e+38 15302 15017.1875 14634.375 14460.9375 14332.8125 14128.125 13907.8125 13709.375 12965.625 12085.9375 11131.25 10229.6875 9509.375 8851.5625 8378.125 7579.6875 6925 6379.6875 6075 5764.0625 5607.8125 5384.375 5281.25 4993.75 5090.625 5112.5 5285.9375 5517.1875 5446.875 5671.875 6657.8125 7281.25 7875 8867.1875 10271.875 10725 10850 10612.5 10207.8125 9996.875 9431.25 9017.1875 8229.6875 8640.625 7960.9375 6823.4375 5259.375 3829.6875 3190.625 2687.5 2325 2353.125 2228.125 2635.9375
